"","t1","t2","t3","t4","t5","t6","t7","t8","t9","t10","t11","t12","t13","t14","t15","t16","t17","t18","t19","t20","t21","t22","t23","t24","t25","t26","t27","t28","t29","t30","t31","t32","t33","t34","t35","t36","t37","t38","t39","t40","t41","t42","t43","t44","t45","t46","t47","t48","t49","t50","t51","t52","t53","t54","t55","t56","t57","t58","t59","t60","t61","t62","t63","t64","t65","t66","t67","t68","t69","t70","t71","t72","t73","t74","t75","t76","t77","t78","t79","t80","t81","t82","t83","t84","t85","t86","t87","t88","t89","t90","t91","t92","t93","t94","t95","t96","t97","t98","t99","t100","t101","t102","t103","t104","t105","t106","t107","t108","t109","t110","t111","t112","t113","t114","t115","t116","t117","t118","t119","t120","t121","t122","t123","t124","t125","t126","t127","t128","t129","t130","t131","t132","t133","t134","t135","t136","t137","t138","t139","t140","t141","t142","t143","t144","t145","t146","t147","t148","t149","t150","t151","t152","t153","t154","t155","t156","t157","t158","t159","t160","t161","t162","t163","t164","t165","t166","t167","t168","t169","t170","t171","t172","t173","t174","t175","t176"
"t1",0,0.691617610950781,2.9990738026026,2.88835009503779,2.70918614763711,3.9357360496993,3.61195920911414,4.43634364868923,6.54091127749861,3.13696578793149,4.43567937091398,4.18596078221174,5.48358597419419,4.65605188572962,4.7800232860431,4.21829355354116,6.81032354610129,7.0552950146019,4.95393339062376,7.19522313866522,5.05674111411737,5.12464225499468,6.52464579315694,5.31918341530949,5.61035147182327,6.75767599317592,5.54914537697556,6.05270289686507,7.86981369209765,5.71113672174843,6.24094322006164,6.35527440899563,7.36372595207976,6.68790771975323,7.3734681149276,7.57003878315664,7.14569923755658,8.29014638483711,7.05580264207588,8.81899915977665,9.27979130016413,9.27979130016413,7.79773749835396,8.73646428879087,7.02057878677223,8.00500308277901,8.34264631863485,9.27979130016413,8.37274070645098,7.11223817985199,8.98226596810682,7.4666073038077,9.27979130016413,9.27979130016413,8.78713583850809,9.27979130016413,8.31909872516257,7.90908807497271,9.20043152469643,9.13790226087199,7.59079508971438,7.72500944704721,9.27979130016414,7.74146231199517,8.53619789765884,9.27979130016414,9.27979130016414,9.27979130016414,9.27979130016414,9.27979130016414,9.27979130016414,9.27979130016414,9.27979130016414,8.92340032885504,9.27979130016414,9.27979130016414,8.00814863493868,9.27979130016414,9.27979130016414,8.70084080808319,9.27979130016414,9.27979130016414,8.41590511119491,8.11423701750345,9.27979130016414,9.27979130016414,9.27979130016414,9.27979130016414,9.27979130016414,8.6534221641007,9.27979130016414,9.27979130016414,9.27979130016414,8.36475402334734,8.77359378451871,9.27979130016414,9.27979130016413,8.65912113692001,9.27979130016413,8.4617832741518,9.27979130016413,9.27979130016413,9.27979130016413,8.71009449593168,9.27979130016414,9.27979130016414,9.27979130016414,9.27979130016414,9.27979130016414,9.27979130016414,9.27979130016413,9.27979130016413,9.27979130016413,9.27979130016414,9.27979130016414,9.27979130016414,9.02284944889661,9.27979130016414,9.27979130016413,9.27979130016413,9.27979130016414,9.27979130016414,9.27979130016413,9.09335385833939,9.27979130016414,9.08498904356741,9.04143693111477,9.27979130016413,9.27979130016413,9.27979130016413,9.27979130016413,9.27979130016414,9.27979130016414,9.27979130016414,9.15784585293695,9.27979130016414,9.27979130016414,9.27979130016414,9.27979130016414,9.27979130016413,9.27979130016413,9.27979130016414,9.12602765466966,9.27979130016414,9.27979130016413,9.27979130016413,9.27979130016414,9.27979130016414,9.27979130016414,9.2045439141427,9.27979130016414,9.27979130016413,9.27979130016414,9.27979130016414,9.27979130016414,9.27979130016414,9.27979130016413,9.27979130016414,9.27979130016413,9.27979130016413,9.27979130016414,9.27979130016414,9.27979130016414,9.27979130016414,9.27979130016413,9.27979130016413,9.27979130016413,9.27979130016413,9.27979130016414,9.27979130016414,9.27979130016414,9.27979130016414,9.27979130016414,9.27979130016414,9.27979130016413,9.27979130016413
"t2",0.691617610950781,0,2.42446226444649,3.0457535666022,2.86658961920152,4.09313952126372,3.76936268067856,3.86173211053312,5.9662997393425,2.56235424977538,3.86106783275787,3.61134924405563,4.90897443603808,4.08144034757351,4.20541174788699,3.64368201538505,6.9677270176657,7.21269848616631,4.37932185246765,6.62061160050911,5.21414458568178,5.2820457265591,5.95003425500083,4.74457187715338,5.76775494338768,6.91507946474033,4.97453383881945,5.47809135870896,7.29520215394154,5.13652518359232,6.39834669162606,6.51267788056004,6.78911441392365,6.11329618159712,6.79885657677149,6.99542724500053,7.30310270912099,8.44754985640153,7.21320611364029,8.97640263134107,9.43719477172855,8.70517976200802,7.22312596019785,8.89386776035529,6.44596724861613,7.43039154462291,7.76803478047874,8.70517976200803,7.79812916829487,7.2696416514164,8.40765442995071,6.89199576565159,8.70517976200803,8.70517976200803,8.94453931007251,9.43719477172855,8.47650219672698,8.06649154653712,9.35783499626084,9.2953057324364,7.74819856127879,7.1503979088911,8.70517976200803,7.16685077383906,8.69360136922325,9.43719477172855,9.43719477172855,9.43719477172855,9.43719477172855,9.43719477172855,9.43719477172855,9.43719477172855,9.43719477172855,8.34878879069893,9.43719477172855,9.43719477172855,8.16555210650309,9.43719477172855,9.43719477172855,8.12622926992708,8.70517976200803,8.70517976200803,7.8412935730388,7.53962547934734,9.43719477172855,9.43719477172855,9.43719477172855,9.43719477172855,9.43719477172855,8.81082563566511,9.43719477172855,8.70517976200803,8.70517976200803,8.52215749491175,8.93099725608312,9.43719477172855,8.70517976200803,8.81652460848442,9.43719477172855,8.61918674571622,9.43719477172855,9.43719477172855,8.70517976200803,8.13548295777557,9.43719477172855,9.43719477172855,9.43719477172855,9.43719477172855,9.43719477172855,9.43719477172855,9.43719477172855,9.43719477172855,9.43719477172855,8.70517976200803,8.70517976200803,9.43719477172855,9.18025292046102,9.43719477172855,9.43719477172855,9.43719477172855,9.43719477172855,9.43719477172855,8.70517976200803,8.51874232018328,9.43719477172855,8.5103775054113,8.46682539295866,9.43719477172855,9.43719477172855,9.43719477172855,9.43719477172855,9.43719477172855,9.43719477172855,9.43719477172855,9.31524932450136,9.43719477172855,9.43719477172855,8.70517976200803,9.43719477172855,8.70517976200803,8.70517976200803,9.43719477172855,8.55141611651355,8.70517976200803,9.43719477172855,9.43719477172855,9.43719477172855,8.70517976200803,8.70517976200803,9.36194738570711,9.43719477172855,9.43719477172855,8.70517976200803,8.70517976200803,9.43719477172855,9.43719477172855,8.70517976200803,9.43719477172855,8.70517976200803,8.70517976200803,9.43719477172855,9.43719477172855,9.43719477172855,9.43719477172855,9.43719477172855,9.43719477172855,8.70517976200803,8.70517976200803,9.43719477172855,9.43719477172855,9.43719477172855,9.43719477172855,9.43719477172855,9.43719477172855,9.43719477172855,9.43719477172855
"t3",2.9990738026026,2.42446226444649,0,5.35320975825402,5.17404581085334,6.40059571291554,6.07681887233037,6.01395614326074,8.11852377207012,4.714578282503,3.63677090784774,5.76357327678325,7.0611984687657,6.23366438030113,6.35763578061461,5.79590604811267,9.27518320931752,9.52015467781813,6.53154588519527,8.77283563323673,7.5216007773336,7.58950191821091,8.10225828772845,6.896795909881,8.0752111350395,9.22253565639215,4.75023691390932,5.25379443379884,9.44742618666916,7.28874921631994,8.70580288327787,8.82013407221186,6.56481748901352,5.88899925668699,6.57455965186136,9.14765127772815,9.6105589007728,10.7550060480533,9.52066230529211,11.2838588229929,11.7446509633804,10.8574037947356,6.99882903528773,11.2013239520071,8.59819128134374,9.58261557735052,9.92025881320636,10.8574037947356,9.95035320102249,9.57709784306822,8.18335750504059,6.66769884074147,8.4808828370979,8.4808828370979,11.2519955017243,11.7446509633804,10.7839583883788,10.3739477381889,11.6652911879127,11.6027619240882,10.0556547529306,9.30262194161872,8.4808828370979,6.94255384892894,11.0010575608751,11.7446509633804,11.7446509633804,11.7446509633804,11.7446509633804,11.7446509633804,11.7446509633804,11.7446509633804,11.7446509633804,10.5010128234265,11.7446509633804,11.7446509633804,10.4730082981549,11.7446509633804,11.7446509633804,7.90193234501696,8.4808828370979,8.4808828370979,9.99351760576642,9.69184951207496,11.7446509633804,11.7446509633804,11.7446509633804,11.7446509633804,11.7446509633804,11.1182818273169,11.7446509633804,10.8574037947356,10.8574037947356,10.8296136865636,11.2384534477349,11.7446509633804,10.8574037947356,11.1239808001362,11.7446509633804,10.926642937368,11.7446509633804,11.7446509633804,8.4808828370979,7.91118603286545,11.7446509633804,11.7446509633804,11.7446509633804,11.7446509633804,11.7446509633804,11.7446509633804,11.7446509633804,11.7446509633804,11.7446509633804,8.4808828370979,8.4808828370979,11.7446509633804,11.4877091121128,11.7446509633804,11.7446509633804,11.7446509633804,11.7446509633804,11.7446509633804,10.8574037947356,10.6709663529109,11.7446509633804,10.6626015381389,10.6190494256863,11.7446509633804,11.7446509633804,11.7446509633804,11.7446509633804,11.7446509633804,11.7446509633804,11.7446509633804,11.6227055161532,11.7446509633804,11.7446509633804,8.4808828370979,11.7446509633804,10.8574037947356,10.8574037947356,11.7446509633804,8.32711919160342,8.4808828370979,11.7446509633804,11.7446509633804,11.7446509633804,8.4808828370979,8.4808828370979,11.6694035773589,11.7446509633804,11.7446509633804,8.4808828370979,8.4808828370979,11.7446509633804,11.7446509633804,8.4808828370979,11.7446509633804,10.8574037947356,10.8574037947356,11.7446509633804,11.7446509633804,11.7446509633804,11.7446509633804,11.7446509633804,11.7446509633804,8.4808828370979,8.4808828370979,11.7446509633804,11.7446509633804,11.7446509633804,11.7446509633804,11.7446509633804,11.7446509633804,11.7446509633804,11.7446509633804
"t4",2.88835009503779,3.0457535666022,5.35320975825402,0,1.06076804264749,2.53022974011227,2.20645289952711,6.79047960434065,8.89504723315003,5.49110174358291,6.78981532656539,6.54009673786316,7.83772192984561,7.01018784138104,7.13415924169452,6.57242950919257,5.27404637473857,5.64978870501486,7.30806934627518,9.54935909431664,3.52046394275465,3.58836508363197,8.87878174880836,7.67331937096091,4.20484516223623,5.35216968358888,7.90328133262697,8.40683885251649,10.2239496477491,8.06527267739984,4.83543691047461,4.94976809940859,9.71786190773118,9.04204367540465,9.72760407057902,9.92417473880806,5.74019292796954,6.88464007525008,5.65029633248885,7.41349285018962,7.8742849905771,11.6339272558156,10.1518734540054,7.33095797920384,9.37471474242365,10.3591390384304,10.6967822742863,11.6339272558156,10.7268766621024,5.70673187026495,11.3364019237582,9.82074325945912,11.6339272558156,11.6339272558156,7.38162952892106,7.8742849905771,6.91359241557554,6.50358176538567,7.79492521510939,7.73239595128495,6.18528878012734,10.0791454026986,11.6339272558156,10.0955982676466,7.1306915880718,7.8742849905771,7.8742849905771,7.8742849905771,7.8742849905771,7.8742849905771,7.8742849905771,7.8742849905771,7.8742849905771,11.2775362845065,7.8742849905771,7.8742849905771,6.60264232535165,7.8742849905771,7.8742849905771,11.0549767637346,11.6339272558156,11.6339272558156,10.7700410668463,10.4683729731549,7.8742849905771,7.8742849905771,7.8742849905771,7.8742849905771,7.8742849905771,7.24791585451367,7.8742849905771,11.6339272558156,11.6339272558156,6.95924771376031,7.36808747493167,7.8742849905771,11.6339272558156,7.25361482733297,7.8742849905771,7.05627696456477,7.8742849905771,7.8742849905771,11.6339272558156,11.0642304515831,7.8742849905771,7.8742849905771,7.8742849905771,7.8742849905771,7.8742849905771,7.8742849905771,7.8742849905771,7.8742849905771,7.8742849905771,11.6339272558156,11.6339272558156,7.8742849905771,7.61734313930957,7.8742849905771,7.8742849905771,7.8742849905771,7.8742849905771,7.8742849905771,11.6339272558156,11.4474898139908,7.8742849905771,11.4391249992188,11.3955728867662,7.8742849905771,7.8742849905771,7.8742849905771,7.8742849905771,7.8742849905771,7.8742849905771,7.8742849905771,7.75233954334991,7.8742849905771,7.8742849905771,11.6339272558156,7.8742849905771,11.6339272558156,11.6339272558156,7.8742849905771,11.4801636103211,11.6339272558156,7.8742849905771,7.8742849905771,7.8742849905771,11.6339272558156,11.6339272558156,7.79903760455567,7.8742849905771,7.8742849905771,11.6339272558156,11.6339272558156,7.8742849905771,7.8742849905771,11.6339272558156,7.8742849905771,11.6339272558156,11.6339272558156,7.8742849905771,7.8742849905771,7.8742849905771,7.8742849905771,7.8742849905771,7.8742849905771,11.6339272558156,11.6339272558156,7.8742849905771,7.8742849905771,7.8742849905771,7.8742849905771,7.8742849905771,7.8742849905771,7.8742849905771,7.8742849905771
"t5",2.70918614763711,2.86658961920152,5.17404581085334,1.06076804264749,0,2.3510657927116,2.02728895212643,6.61131565693998,8.71588328574936,5.31193779618224,6.61065137916472,6.36093279046248,7.65855798244493,6.83102389398036,6.95499529429385,6.3932655617919,5.0948824273379,5.47062475761419,7.1289053988745,9.37019514691597,3.34129999535398,3.4092011362313,8.69961780140769,7.49415542356024,4.02568121483556,5.17300573618821,7.7241173852263,8.22767490511582,10.0447857003484,7.88610872999917,4.65627296307393,4.77060415200792,9.5386979603305,8.86287972800397,9.54844012317834,9.74501079140739,5.56102898056887,6.7054761278494,5.47113238508817,7.23432890278894,7.69512104317642,11.4547633084149,9.9727095066047,7.15179403180316,9.19555079502298,10.1799750910298,10.5176183268856,11.4547633084149,10.5477127147017,5.52756792286428,11.1572379763576,9.64157931205844,11.4547633084149,11.4547633084149,7.20246558152038,7.69512104317643,6.73442846817486,6.324417817985,7.61576126770872,7.55323200388428,6.00612483272667,9.89998145529796,11.4547633084149,9.91643432024592,6.95152764067112,7.69512104317643,7.69512104317643,7.69512104317643,7.69512104317643,7.69512104317643,7.69512104317643,7.69512104317643,7.69512104317643,11.0983723371058,7.69512104317643,7.69512104317643,6.42347837795097,7.69512104317643,7.69512104317643,10.8758128163339,11.4547633084149,11.4547633084149,10.5908771194457,10.2892090257542,7.69512104317643,7.69512104317643,7.69512104317643,7.69512104317643,7.69512104317643,7.06875190711299,7.69512104317643,11.4547633084149,11.4547633084149,6.78008376635963,7.188923527531,7.69512104317643,11.4547633084149,7.0744508799323,7.69512104317643,6.87711301716409,7.69512104317643,7.69512104317643,11.4547633084149,10.8850665041824,7.69512104317643,7.69512104317643,7.69512104317643,7.69512104317643,7.69512104317643,7.69512104317643,7.69512104317642,7.69512104317642,7.69512104317642,11.4547633084149,11.4547633084149,7.69512104317643,7.43817919190889,7.69512104317643,7.69512104317642,7.69512104317642,7.69512104317642,7.69512104317642,11.4547633084149,11.2683258665901,7.69512104317643,11.2599610518182,11.2164089393655,7.69512104317642,7.69512104317642,7.69512104317642,7.69512104317642,7.69512104317643,7.69512104317643,7.69512104317643,7.57317559594924,7.69512104317643,7.69512104317643,11.4547633084149,7.69512104317643,11.4547633084149,11.4547633084149,7.69512104317643,11.3009996629204,11.4547633084149,7.69512104317643,7.69512104317643,7.69512104317643,11.4547633084149,11.4547633084149,7.61987365715499,7.69512104317643,7.69512104317643,11.4547633084149,11.4547633084149,7.69512104317643,7.69512104317643,11.4547633084149,7.69512104317643,11.4547633084149,11.4547633084149,7.69512104317643,7.69512104317643,7.69512104317643,7.69512104317643,7.69512104317642,7.69512104317642,11.4547633084149,11.4547633084149,7.69512104317642,7.69512104317642,7.69512104317643,7.69512104317643,7.69512104317643,7.69512104317643,7.69512104317643,7.69512104317643
"t6",3.9357360496993,4.09313952126372,6.40059571291554,2.53022974011227,2.3510657927116,0,2.71503732048641,7.83786555900217,9.94243318781155,6.53848769824443,7.83720128122691,7.58748269252468,8.88510788450713,8.05757379604255,8.18154519635604,7.61981546385409,6.45220319117577,6.15837312597416,8.3554553009367,10.5967450489782,4.69862075919185,4.76652190006917,9.92616770346988,8.72070532562243,4.71342958319554,5.86075410454818,8.95066728728849,9.45422480717801,11.2713356024106,9.11265863206136,5.34402133143391,5.4583525203679,10.7652478623927,10.0894296300662,10.7749900252405,10.9715606934696,6.24877734892884,7.39322449620938,6.15888075344815,7.92207727114892,8.3828694115364,12.6813132104771,11.1992594086669,7.83954240016314,10.4221006970852,11.406524993092,11.7441682289478,12.6813132104771,11.7742626167639,6.21531629122426,12.3837878784198,10.8681292141206,12.6813132104771,12.6813132104771,7.89021394988036,8.3828694115364,7.42217683653484,7.01216618634497,8.30350963606869,8.24098037224425,6.69387320108665,11.1265313573602,12.6813132104771,11.1429842223081,7.6392760090311,8.3828694115364,8.3828694115364,8.3828694115364,8.3828694115364,8.3828694115364,8.3828694115364,8.3828694115364,8.3828694115364,12.324922239168,8.3828694115364,8.3828694115364,7.11122674631094,8.3828694115364,8.3828694115364,12.1023627183961,12.6813132104771,12.6813132104771,11.8174270215078,11.5157589278164,8.3828694115364,8.3828694115364,8.3828694115364,8.3828694115364,8.3828694115364,7.75650027547297,8.3828694115364,12.6813132104771,12.6813132104771,7.46783213471961,7.87667189589097,8.3828694115364,12.6813132104771,7.76219924829227,8.3828694115364,7.56486138552407,8.3828694115364,8.3828694115364,12.6813132104771,12.1116164062446,8.3828694115364,8.3828694115364,8.3828694115364,8.3828694115364,8.3828694115364,8.3828694115364,8.3828694115364,8.3828694115364,8.3828694115364,12.6813132104771,12.6813132104771,8.3828694115364,8.12592756026887,8.3828694115364,8.3828694115364,8.3828694115364,8.3828694115364,8.3828694115364,12.6813132104771,12.4948757686523,8.3828694115364,12.4865109538803,12.4429588414277,8.3828694115364,8.3828694115364,8.3828694115364,8.3828694115364,8.3828694115364,8.3828694115364,8.3828694115364,8.26092396430921,8.3828694115364,8.3828694115364,12.6813132104771,8.3828694115364,12.6813132104771,12.6813132104771,8.3828694115364,12.5275495649826,12.6813132104771,8.3828694115364,8.3828694115364,8.3828694115364,12.6813132104771,12.6813132104771,8.30762202551497,8.3828694115364,8.3828694115364,12.6813132104771,12.6813132104771,8.3828694115364,8.3828694115364,12.6813132104771,8.3828694115364,12.6813132104771,12.6813132104771,8.3828694115364,8.3828694115364,8.3828694115364,8.3828694115364,8.3828694115364,8.3828694115364,12.6813132104771,12.6813132104771,8.3828694115364,8.3828694115364,8.3828694115364,8.3828694115364,8.3828694115364,8.3828694115364,8.3828694115364,8.3828694115364
"t7",3.61195920911414,3.76936268067856,6.07681887233037,2.20645289952711,2.02728895212643,2.71503732048641,0,7.51408871841701,9.61865634722639,6.21471085765927,7.51342444064175,7.26370585193951,8.56133104392196,7.73379695545739,7.85776835577088,7.29603862326893,6.12842635059061,5.41166042928588,8.03167846035153,10.272968208393,4.37484391860669,4.442745059484,9.60239086288472,8.39692848503727,3.96671688650725,5.1140414078599,8.62689044670333,9.13044796659285,10.9475587618254,8.7888817914762,4.59730863474562,4.71163982367961,10.4414710218075,9.76565278948101,10.4512131846554,10.6477838528844,5.50206465224056,6.64651179952109,5.41216805675986,7.17536457446064,7.63615671484812,12.3575363698919,10.8754825680817,7.09282970347486,10.0983238565,11.0827481525068,11.4203913883626,12.3575363698919,11.4504857761788,5.46860359453597,12.0600110378346,10.5443523735355,12.3575363698919,12.3575363698919,7.14350125319208,7.63615671484812,6.67546413984656,6.26545348965669,7.55679693938041,7.49426767555597,5.94716050439836,10.802754516775,12.3575363698919,10.8192073817229,6.89256331234282,7.63615671484812,7.63615671484812,7.63615671484812,7.63615671484812,7.63615671484812,7.63615671484812,7.63615671484812,7.63615671484812,12.0011453985828,7.63615671484812,7.63615671484812,6.36451404962266,7.63615671484812,7.63615671484812,11.778585877811,12.3575363698919,12.3575363698919,11.4936501809227,11.1919820872312,7.63615671484812,7.63615671484812,7.63615671484812,7.63615671484812,7.63615671484812,7.00978757878468,7.63615671484812,12.3575363698919,12.3575363698919,6.72111943803132,7.12995919920269,7.63615671484812,12.3575363698919,7.01548655160399,7.63615671484812,6.81814868883579,7.63615671484812,7.63615671484812,12.3575363698919,11.7878395656595,7.63615671484812,7.63615671484812,7.63615671484812,7.63615671484812,7.63615671484812,7.63615671484812,7.63615671484812,7.63615671484812,7.63615671484812,12.3575363698919,12.3575363698919,7.63615671484812,7.37921486358059,7.63615671484812,7.63615671484812,7.63615671484812,7.63615671484812,7.63615671484812,12.3575363698919,12.1710989280672,7.63615671484812,12.1627341132952,12.1191820008425,7.63615671484812,7.63615671484812,7.63615671484812,7.63615671484812,7.63615671484812,7.63615671484812,7.63615671484812,7.51421126762093,7.63615671484812,7.63615671484812,12.3575363698919,7.63615671484812,12.3575363698919,12.3575363698919,7.63615671484812,12.2037727243974,12.3575363698919,7.63615671484812,7.63615671484812,7.63615671484812,12.3575363698919,12.3575363698919,7.56090932882668,7.63615671484812,7.63615671484812,12.3575363698919,12.3575363698919,7.63615671484812,7.63615671484812,12.3575363698919,7.63615671484812,12.3575363698919,12.3575363698919,7.63615671484812,7.63615671484812,7.63615671484812,7.63615671484812,7.63615671484812,7.63615671484812,12.3575363698919,12.3575363698919,7.63615671484812,7.63615671484812,7.63615671484812,7.63615671484812,7.63615671484812,7.63615671484812,7.63615671484812,7.63615671484812
"t8",4.43634364868923,3.86173211053312,6.01395614326074,6.79047960434065,6.61131565693998,7.83786555900217,7.51408871841701,0,5.47023687833145,2.91107596284951,7.45056171157212,3.11528638304458,5.25769614911221,4.43016206064764,4.55413346096112,3.99240372845918,10.7124530554042,10.9574245239048,3.8832589914566,6.12454873949806,8.95887062342023,9.02677176429755,5.45397139398978,4.24850901614233,9.51248098112614,10.6598055024788,8.5640277176337,9.06758523752322,7.64392386701567,5.48524689666645,10.1430727293645,10.2574039182985,10.3786082927379,9.70279006041137,10.3883504555857,7.34414895807466,11.0478287468594,12.19227589414,10.9579321513787,12.7211286690795,13.181920809467,9.05390147508215,10.8126198390121,12.6385937980937,6.79468896169026,7.77911325769703,8.11675649355287,9.05390147508215,8.146850881369,11.0143676891549,11.997148308765,10.4814896444658,12.2946736408223,12.2946736408223,12.689265347811,13.181920809467,12.2212282344654,11.8112175842756,13.1025610339993,13.0400317701749,11.4929245990172,7.49911962196523,12.2946736408223,10.7563446526533,12.4383274069617,13.181920809467,13.181920809467,13.181920809467,13.181920809467,13.181920809467,13.181920809467,13.181920809467,13.181920809467,8.69751050377306,13.181920809467,13.181920809467,11.9102781442415,13.181920809467,13.181920809467,11.7157231487413,12.2946736408223,12.2946736408223,8.19001528611293,7.88834719242147,13.181920809467,13.181920809467,13.181920809467,13.181920809467,13.181920809467,12.5555516734036,13.181920809467,9.05390147508216,9.05390147508216,12.2668835326502,12.6757232938216,13.181920809467,9.05390147508216,12.5612506462229,13.181920809467,12.3639127834547,13.181920809467,13.181920809467,12.2946736408223,11.7249768365898,13.181920809467,13.181920809467,13.181920809467,13.181920809467,13.181920809467,13.181920809467,13.181920809467,13.181920809467,13.181920809467,12.2946736408223,12.2946736408223,13.181920809467,12.9249789581995,13.181920809467,13.181920809467,13.181920809467,13.181920809467,13.181920809467,9.05390147508216,8.86746403325741,13.181920809467,8.85909921848543,8.81554710603279,13.181920809467,13.181920809467,13.181920809467,13.181920809467,13.181920809467,13.181920809467,13.181920809467,13.0599753622398,13.181920809467,13.181920809467,12.2946736408223,13.181920809467,9.05390147508216,9.05390147508216,13.181920809467,12.1409099953278,12.2946736408223,13.181920809467,13.181920809467,13.181920809467,12.2946736408223,12.2946736408223,13.1066734234456,13.181920809467,13.181920809467,12.2946736408223,12.2946736408223,13.181920809467,13.181920809467,12.2946736408223,13.181920809467,9.05390147508216,9.05390147508216,13.181920809467,13.181920809467,13.181920809467,13.181920809467,13.181920809467,13.181920809467,12.2946736408223,12.2946736408223,13.181920809467,13.181920809467,13.181920809467,13.181920809467,13.181920809467,13.181920809467,13.181920809467,13.181920809467
"t9",6.54091127749861,5.9662997393425,8.11852377207012,8.89504723315003,8.71588328574936,9.94243318781155,9.61865634722639,5.47023687833145,0,5.01564359165889,9.5551293403815,4.73825388176409,7.36226377792159,6.53472968945701,6.6587010897705,6.09697135726855,12.8170206842135,13.0619921527141,5.50622649017611,7.74751623821758,11.0634382522296,11.1313393931069,7.0769388927093,5.87147651486185,11.6170486099355,12.7643731312882,10.6685953464431,11.1721528663326,9.74849149582505,7.58981452547583,12.2476403581739,12.3619715471079,12.4831759215473,11.8073576892208,12.4929180843951,9.44871658688404,13.1523963756688,14.2968435229494,13.0624997801881,14.8256962978889,15.2864884382764,11.1584691038915,12.9171874678215,14.7431614269031,8.89925659049963,9.88368088650641,10.2213241223622,11.1584691038915,10.2514185101784,13.1189353179642,14.1017159375743,12.5860572732752,14.3992412696317,14.3992412696317,14.7938329766203,15.2864884382764,14.3257958632748,13.915785213085,15.2071286628087,15.1445993989842,13.5974922278266,9.60368725077461,14.3992412696317,12.8609122814627,14.5428950357711,15.2864884382764,15.2864884382764,15.2864884382764,15.2864884382764,15.2864884382764,15.2864884382764,15.2864884382764,15.2864884382764,10.8020781325824,15.2864884382764,15.2864884382764,14.0148457730509,15.2864884382764,15.2864884382764,13.8202907775507,14.3992412696317,14.3992412696317,10.2945829149223,9.99291482123085,15.2864884382764,15.2864884382764,15.2864884382764,15.2864884382764,15.2864884382764,14.6601193022129,15.2864884382764,11.1584691038915,11.1584691038915,14.3714511614596,14.780290922631,15.2864884382764,11.1584691038915,14.6658182750323,15.2864884382764,14.468480412264,15.2864884382764,15.2864884382764,14.3992412696317,13.8295444653992,15.2864884382764,15.2864884382764,15.2864884382764,15.2864884382764,15.2864884382764,15.2864884382764,15.2864884382764,15.2864884382764,15.2864884382764,14.3992412696317,14.3992412696317,15.2864884382764,15.0295465870089,15.2864884382764,15.2864884382764,15.2864884382764,15.2864884382764,15.2864884382764,11.1584691038915,10.9720316620668,15.2864884382764,10.9636668472948,10.9201147348422,15.2864884382764,15.2864884382764,15.2864884382764,15.2864884382764,15.2864884382764,15.2864884382764,15.2864884382764,15.1645429910492,15.2864884382764,15.2864884382764,14.3992412696317,15.2864884382764,11.1584691038915,11.1584691038915,15.2864884382764,14.2454776241372,14.3992412696317,15.2864884382764,15.2864884382764,15.2864884382764,14.3992412696317,14.3992412696317,15.2112410522549,15.2864884382764,15.2864884382764,14.3992412696317,14.3992412696317,15.2864884382764,15.2864884382764,14.3992412696317,15.2864884382764,11.1584691038915,11.1584691038915,15.2864884382764,15.2864884382764,15.2864884382764,15.2864884382764,15.2864884382764,15.2864884382764,14.3992412696317,14.3992412696317,15.2864884382764,15.2864884382764,15.2864884382764,15.2864884382764,15.2864884382764,15.2864884382764,15.2864884382764,15.2864884382764
"t10",3.13696578793149,2.56235424977538,4.714578282503,5.49110174358291,5.31193779618224,6.53848769824443,6.21471085765927,2.91107596284951,5.01564359165889,0,6.15118385081438,2.66069309637202,2.62663716337604,1.79910307491147,2.82027053389662,2.25854080139467,9.41307519464641,9.65804666314702,3.42866570478404,5.6699554528255,7.65949276266249,7.72739390353981,4.99937810731723,3.79391572946977,8.2131031203684,9.36042764172104,7.26464985687596,7.76820737676548,5.91006093995117,3.75138396960195,8.84369486860677,8.95802605754076,9.07923043198017,8.40341219965364,9.08897259482801,5.61028603101016,9.7484508861017,10.8928980333822,9.65855429062101,11.4217508083218,11.8825429487093,7.32003854801765,9.51324197825437,11.339215937336,5.06082603462575,6.04525033063253,6.38289356648836,7.32003854801765,6.4129879543045,9.71498982839712,10.6977704480072,9.18211178370811,10.9952957800645,10.9952957800645,11.3898874870532,11.8825429487093,10.9218503737077,10.5118397235178,11.8031831732416,11.7406539094171,10.1935467382595,5.76525669490073,10.9952957800645,9.45696679189558,11.138949546204,11.8825429487093,11.8825429487093,11.8825429487093,11.8825429487093,11.8825429487093,11.8825429487093,11.8825429487093,11.8825429487093,6.96364757670856,11.8825429487093,11.8825429487093,10.6109002834838,11.8825429487093,11.8825429487093,10.4163452879836,10.9952957800645,10.9952957800645,6.45615235904843,6.15448426535697,11.8825429487093,11.8825429487093,11.8825429487093,11.8825429487093,11.8825429487093,11.2561738126458,11.8825429487093,7.32003854801765,7.32003854801765,10.9675056718925,11.3763454330638,11.8825429487093,7.32003854801765,11.2618727854651,11.8825429487093,11.0645349226969,11.8825429487093,11.8825429487093,10.9952957800645,10.4255989758321,11.8825429487093,11.8825429487093,11.8825429487093,11.8825429487093,11.8825429487093,11.8825429487093,11.8825429487093,11.8825429487093,11.8825429487093,10.9952957800645,10.9952957800645,11.8825429487093,11.6256010974417,11.8825429487093,11.8825429487093,11.8825429487093,11.8825429487093,11.8825429487093,7.32003854801765,7.13360110619291,11.8825429487093,7.12523629142092,7.08168417896829,11.8825429487093,11.8825429487093,11.8825429487093,11.8825429487093,11.8825429487093,11.8825429487093,11.8825429487093,11.7605975014821,11.8825429487093,11.8825429487093,10.9952957800645,11.8825429487093,7.32003854801765,7.32003854801765,11.8825429487093,10.8415321345701,10.9952957800645,11.8825429487093,11.8825429487093,11.8825429487093,10.9952957800645,10.9952957800645,11.8072955626878,11.8825429487093,11.8825429487093,10.9952957800645,10.9952957800645,11.8825429487093,11.8825429487093,10.9952957800645,11.8825429487093,7.32003854801765,7.32003854801765,11.8825429487093,11.8825429487093,11.8825429487093,11.8825429487093,11.8825429487093,11.8825429487093,10.9952957800645,10.9952957800645,11.8825429487093,11.8825429487093,11.8825429487093,11.8825429487093,11.8825429487093,11.8825429487093,11.8825429487093,11.8825429487093
"t11",4.43567937091398,3.86106783275787,3.63677090784774,6.78981532656539,6.61065137916472,7.83720128122691,7.51342444064175,7.45056171157212,9.5551293403815,6.15118385081438,0,7.20017884509463,8.49780403707708,7.67026994861251,7.79424134892599,7.23251161642404,10.7117887776289,10.9567602461295,7.96815145350665,10.2094412015481,8.95820634564497,9.02610748652229,9.53886385603983,8.33340147819238,9.51181670335088,10.6591412247035,3.88091413771622,4.38447165760574,10.8840317549805,8.72535478463132,10.1424084515893,10.2567396405232,5.69549471282043,5.0196764804939,5.70523687566827,10.5842568460395,11.0471644690842,12.1916116163647,10.9572678736035,12.7204643913043,13.1812565316917,12.294009363047,6.12950625909463,12.6379295203185,10.0347968496551,11.0192211456619,11.3568643815177,12.294009363047,11.3869587693339,11.0137034113796,7.31403472884749,5.79837606454837,7.6115600609048,7.6115600609048,12.6886010700357,13.1812565316917,12.2205639566902,11.8105533065003,13.101896756224,13.0393674923996,11.492260321242,10.7392275099301,7.6115600609048,6.07323107273584,12.4376631291864,13.1812565316917,13.1812565316917,13.1812565316917,13.1812565316917,13.1812565316917,13.1812565316917,13.1812565316917,13.1812565316917,11.9376183917379,13.1812565316917,13.1812565316917,11.9096138664663,13.1812565316917,13.1812565316917,7.03260956882386,7.6115600609048,7.6115600609048,11.4301231740778,11.1284550803863,13.1812565316917,13.1812565316917,13.1812565316917,13.1812565316917,13.1812565316917,12.5548873956283,13.1812565316917,12.294009363047,12.294009363047,12.2662192548749,12.6750590160463,13.1812565316917,12.294009363047,12.5605863684476,13.1812565316917,12.3632485056794,13.1812565316917,13.1812565316917,7.6115600609048,7.04186325667235,13.1812565316917,13.1812565316917,13.1812565316917,13.1812565316917,13.1812565316917,13.1812565316917,13.1812565316917,13.1812565316917,13.1812565316917,7.6115600609048,7.6115600609048,13.1812565316917,12.9243146804242,13.1812565316917,13.1812565316917,13.1812565316917,13.1812565316917,13.1812565316917,12.294009363047,12.1075719212223,13.1812565316917,12.0992071064503,12.0556549939977,13.1812565316917,13.1812565316917,13.1812565316917,13.1812565316917,13.1812565316917,13.1812565316917,13.1812565316917,13.0593110844646,13.1812565316917,13.1812565316917,7.6115600609048,13.1812565316917,12.294009363047,12.294009363047,13.1812565316917,7.45779641541032,7.6115600609048,13.1812565316917,13.1812565316917,13.1812565316917,7.6115600609048,7.6115600609048,13.1060091456703,13.1812565316917,13.1812565316917,7.6115600609048,7.6115600609048,13.1812565316917,13.1812565316917,7.6115600609048,13.1812565316917,12.294009363047,12.294009363047,13.1812565316917,13.1812565316917,13.1812565316917,13.1812565316917,13.1812565316917,13.1812565316917,7.6115600609048,7.6115600609048,13.1812565316917,13.1812565316917,13.1812565316917,13.1812565316917,13.1812565316917,13.1812565316917,13.1812565316917,13.1812565316917
"t12",4.18596078221174,3.61134924405563,5.76357327678325,6.54009673786316,6.36093279046248,7.58748269252468,7.26370585193951,3.11528638304458,4.73825388176409,2.66069309637202,7.20017884509463,0,5.00731328263472,4.17977919417014,4.30375059448363,3.74202086198168,10.4620701889267,10.7070416574273,2.5108072222296,4.75209697027107,8.70848775694274,8.77638889782006,4.08151962476278,2.87605724691533,9.26209811464864,10.4094226360013,8.31364485115621,8.81720237104572,7.39354100053818,5.23486403018895,9.89268986288702,10.007021051821,10.1282254262604,9.45240719393388,10.1379675891083,7.09376609159717,10.7974458803819,11.9418930276625,10.7075492849013,12.470745802602,12.9315379429895,8.80351860860466,10.5622369725346,12.3882109316162,6.54430609521276,7.52873039121954,7.86637362707537,8.80351860860466,7.89646801489151,10.7639848226774,11.7467654422875,10.2311067779883,12.0442907743448,12.0442907743448,12.4388824813335,12.9315379429895,11.9708453679879,11.5608347177981,12.8521781675218,12.7896489036974,11.2425417325398,7.24873675548774,12.0442907743448,10.5059617861758,12.1879445404842,12.9315379429895,12.9315379429895,12.9315379429895,12.9315379429895,12.9315379429895,12.9315379429895,12.9315379429895,12.9315379429895,8.44712763729557,12.9315379429895,12.9315379429895,11.6598952777641,12.9315379429895,12.9315379429895,11.4653402822638,12.0442907743448,12.0442907743448,7.93963241963544,7.63796432594398,12.9315379429895,12.9315379429895,12.9315379429895,12.9315379429895,12.9315379429895,12.3051688069261,12.9315379429895,8.80351860860466,8.80351860860466,12.0165006661727,12.4253404273441,12.9315379429895,8.80351860860466,12.3108677797454,12.9315379429895,12.1135299169772,12.9315379429895,12.9315379429895,12.0442907743448,11.4745939701123,12.9315379429895,12.9315379429895,12.9315379429895,12.9315379429895,12.9315379429895,12.9315379429895,12.9315379429895,12.9315379429895,12.9315379429895,12.0442907743448,12.0442907743448,12.9315379429895,12.674596091722,12.9315379429895,12.9315379429895,12.9315379429895,12.9315379429895,12.9315379429895,8.80351860860466,8.61708116677991,12.9315379429895,8.60871635200793,8.5651642395553,12.9315379429895,12.9315379429895,12.9315379429895,12.9315379429895,12.9315379429895,12.9315379429895,12.9315379429895,12.8095924957623,12.9315379429895,12.9315379429895,12.0442907743448,12.9315379429895,8.80351860860466,8.80351860860466,12.9315379429895,11.8905271288503,12.0442907743448,12.9315379429895,12.9315379429895,12.9315379429895,12.0442907743448,12.0442907743448,12.8562905569681,12.9315379429895,12.9315379429895,12.0442907743448,12.0442907743448,12.9315379429895,12.9315379429895,12.0442907743448,12.9315379429895,8.80351860860466,8.80351860860466,12.9315379429895,12.9315379429895,12.9315379429895,12.9315379429895,12.9315379429895,12.9315379429895,12.0442907743448,12.0442907743448,12.9315379429895,12.9315379429895,12.9315379429895,12.9315379429895,12.9315379429895,12.9315379429895,12.9315379429895,12.9315379429895
"t13",5.48358597419419,4.90897443603808,7.0611984687657,7.83772192984561,7.65855798244493,8.88510788450713,8.56133104392196,5.25769614911221,7.36226377792159,2.62663716337604,8.49780403707708,5.00731328263472,0,3.43216325407268,5.16689072015932,4.60516098765737,11.7596953809091,12.0046668494097,5.77528589104673,8.0165756390882,10.0061129489252,10.0740140898025,7.34599829357992,6.14053591573247,10.5597233066311,11.7070478279837,9.61127004313866,10.1148275630282,8.25668112621387,6.09800415586464,11.1903150548695,11.3046462438035,11.4258506182429,10.7500323859163,11.4355927810907,7.95690621727286,12.0950710723644,13.2395182196449,12.0051744768837,13.7683709945845,14.229163134972,9.66665873428035,11.8598621645171,13.6858361235987,7.40744622088845,8.39187051689523,8.72951375275106,9.66665873428035,8.7596081405672,12.0616100146598,13.0443906342699,11.5287319699708,13.3419159663272,13.3419159663272,13.7365076733159,14.229163134972,13.2684705599704,12.8584599097805,14.1498033595042,14.0872740956798,12.5401669245222,8.11187688116342,13.3419159663272,11.8035869781583,13.4855697324667,14.229163134972,14.229163134972,14.229163134972,14.229163134972,14.229163134972,14.229163134972,14.229163134972,14.229163134972,9.31026776297125,14.229163134972,14.229163134972,12.9575204697465,14.229163134972,14.229163134972,12.7629654742463,13.3419159663272,13.3419159663272,8.80277254531112,8.50110445161966,14.229163134972,14.229163134972,14.229163134972,14.229163134972,14.229163134972,13.6027939989085,14.229163134972,9.66665873428035,9.66665873428035,13.3141258581552,13.7229656193265,14.229163134972,9.66665873428035,13.6084929717278,14.229163134972,13.4111551089596,14.229163134972,14.229163134972,13.3419159663272,12.7722191620948,14.229163134972,14.229163134972,14.229163134972,14.229163134972,14.229163134972,14.229163134972,14.229163134972,14.229163134972,14.229163134972,13.3419159663272,13.3419159663272,14.229163134972,13.9722212837044,14.229163134972,14.229163134972,14.229163134972,14.229163134972,14.229163134972,9.66665873428035,9.4802212924556,14.229163134972,9.47185647768362,9.42830436523099,14.229163134972,14.229163134972,14.229163134972,14.229163134972,14.229163134972,14.229163134972,14.229163134972,14.1072176877448,14.229163134972,14.229163134972,13.3419159663272,14.229163134972,9.66665873428035,9.66665873428035,14.229163134972,13.1881523208328,13.3419159663272,14.229163134972,14.229163134972,14.229163134972,13.3419159663272,13.3419159663272,14.1539157489505,14.229163134972,14.229163134972,13.3419159663272,13.3419159663272,14.229163134972,14.229163134972,13.3419159663272,14.229163134972,9.66665873428035,9.66665873428035,14.229163134972,14.229163134972,14.229163134972,14.229163134972,14.229163134972,14.229163134972,13.3419159663272,13.3419159663272,14.229163134972,14.229163134972,14.229163134972,14.229163134972,14.229163134972,14.229163134972,14.229163134972,14.229163134972
