"","t2","t29","t52","t53","t114","t115","t142","t143","t54","t55","t93","t94","t69","t70","t18","t27","t99","t100","t23","t68","t72","t136","t137","t22","t28","t56","t134","t135","t19","t15","t10","t6","t7","t48","t74","t86","t113","t148","t149","t130","t77","t78","t9","t25","t33","t34","t64","t65","t110","t111","t59","t20","t21","t39","t57","t58","t42","t97","t98","t87","t88","t60","t128","t129","t71","t156","t157","t125","t133","t152","t153","t75","t117","t118","t16","t119","t120","t116","t95","t85","t83","t76","t31","t112","t146","t147","t84","t35","t102","t103","t81","t73","t61","t108","t109","t154","t155","t144","t145","t101","t150","t151","t30","t45","t91","t92","t51","t36","t26","t8","t12","t13","t14","t4","t5","t40","t96","t140","t141","t123","t124","t82","t121","t122","t138","t139","t62","t63","t41","t44","t106","t107","t79","t80","t50","t66","t67","t49","t32","t37","t38","t104","t105","t126","t127","t89","t90","t131","t132","t43","t46","t47","t24","t17","t11","t3","t1"
"t2",0,4.91202805264,6.23523952624,6.23523952624,6.23523952634,6.23523952634,6.23523952633,6.23523952633,6.162079956196,5.763412579196,5.908120232346,6.235239526396,6.086262623996,6.235239526396,4.38350439404,4.50981237034,6.23523952684,6.23523952684,6.23523952644,6.23523952614,6.23523952611,6.23523952618,6.23523952618,5.79476661584,4.36495719899,6.23523952674,6.23523952666,6.23523952666,3.62359535654,3.62267023174,3.54046903524,3.39174817701,3.83127930701,6.23523952644,6.23523952644,6.23523952645,6.23523952645,6.23523952645,6.23523952645,6.23523952645,6.23523952654,6.23523952654,3.38088123806,4.19991731595,5.30312671356,5.98120552326,5.555903333747,5.772228179327,6.08479245736,6.01766411566,6.23523952666,4.25348608676,5.75238382046,6.23523952656,6.23523952696,5.85682688616,5.13720230418,6.23523952676,6.23523952676,6.23523952676,6.23523952676,6.23523952686,6.23523952686,6.23523952686,6.23523952706,6.2352395270121,6.2352395270121,6.23523952696,6.23523952699,6.235239526992,6.235239526992,6.23523952696,6.23523952716,6.23523952716,4.73460200106,6.23523952629,6.23523952629,6.23523952626,6.23523952626,6.00659205511,6.23523952631,5.71341737001,6.23523952611,6.23523952629,6.23523952625,6.23523952625,6.23523952629,5.04033836049,6.2352395264,6.2352395264,6.2352395264,6.02579745696,6.08982553646,6.23523952686,5.943036480935,6.235239526132,6.235239526132,6.23523952637,6.23523952637,6.23523952634,6.23523952638,6.23523952638,6.23523952636,6.23523952676,6.23523952676,6.23523952676,6.23523952676,5.23697512406,6.18608748166,3.26602670276,3.22102890276,4.25532447784,6.23523952684,2.02348006816,2.67703416968,6.23523952596,6.23523952586,6.23523952579,6.23523952579,6.23523952641,6.23523952641,6.23523952646,6.23523952646,6.23523952646,6.23523952643,6.23523952643,6.08594667854,5.59939257284,5.78713330498,6.23523952606,6.23523952636,6.23523952636,6.23523952638,6.23523952638,6.23523952632,5.89178865422,6.23523952632,6.09054001981,4.88760973924,4.92127542255,5.65858555476,6.23523952626,6.23523952626,6.23523952626,6.23523952626,6.23523952626,5.84472081487,6.23523952625,6.23523952625,5.43255517116,5.77342680346,6.23523952646,4.01068466664,6.17298901486,4.80037690006,2.42162200096,1.72938726127
"t29",4.91202805264,0,2.0999804378,2.0999804378,2.0999804379,2.0999804379,2.09998043789,2.09998043789,2.026820867756,1.628153490756,1.772861143906,2.099980437956,1.951003535556,2.099980437956,2.3398404376,8.3457770939,10.0712042504,10.0712042504,10.07120425,10.0712042497,10.07120424967,10.07120424974,10.07120424974,9.6307313394,8.20092192255,10.0712042503,10.07120425022,10.07120425022,7.4595600801,7.4586349553,7.3764337588,7.22771290057,7.66724403057,10.07120425,10.07120425,10.07120425001,10.07120425001,10.07120425001,10.07120425001,10.07120425001,10.0712042501,10.0712042501,7.21684596162,8.03588203951,9.13909143712,9.81717024682,9.391868057307,9.608192902887,9.92075718092,9.85362883922,10.07120425022,8.08945081032,9.58834854402,10.07120425012,10.07120425052,9.69279160972,8.97316702774,10.07120425032,10.07120425032,10.07120425032,10.07120425032,10.07120425042,10.07120425042,10.07120425042,10.07120425062,10.0712042505721,10.0712042505721,10.07120425052,10.07120425055,10.071204250552,10.071204250552,10.07120425052,10.07120425072,10.07120425072,8.57056672462,10.07120424985,10.07120424985,10.07120424982,10.07120424982,9.84255677867,10.07120424987,9.54938209357,10.07120424967,10.07120424985,10.07120424981,10.07120424981,10.07120424985,8.87630308405,10.07120424996,10.07120424996,10.07120424996,9.86176218052,9.92579026002,10.07120425042,9.779001204495,10.071204249692,10.071204249692,10.07120424993,10.07120424993,10.0712042499,10.07120424994,10.07120424994,10.07120424992,10.07120425032,10.07120425032,10.07120425032,10.07120425032,9.07293984762,10.02205220522,7.10199142632,7.05699362632,8.0912892014,10.0712042504,5.85944479172,6.51299889324,10.07120424952,10.07120424942,10.07120424935,10.07120424935,10.07120424997,10.07120424997,10.07120425002,10.07120425002,10.07120425002,10.07120424999,10.07120424999,9.9219114021,9.4353572964,9.62309802854,10.07120424962,10.07120424992,10.07120424992,10.07120424994,10.07120424994,10.07120424988,9.72775337778,10.07120424988,9.92650474337,8.7235744628,8.75724014611,9.49455027832,10.07120424982,10.07120424982,10.07120424982,10.07120424982,10.07120424982,9.68068553843,10.07120424981,10.07120424981,9.26851989472,9.60939152702,10.07120425002,7.8466493902,10.00895373842,8.63634162362,6.25758672452,5.65003462331
"t52",6.23523952624,2.0999804378,0,1.6709811506,2.0749966441,2.0749966441,3.11559404669,3.11559404669,3.042434476556,2.643767099556,2.788474752706,3.115594046756,2.966617144356,3.115594046756,3.6630519112,9.6689885675,11.394415724,11.394415724,11.3944157236,11.3944157233,11.39441572327,11.39441572334,11.39441572334,10.953942813,9.52413339615,11.3944157239,11.39441572382,11.39441572382,8.7827715537,8.7818464289,8.6996452324,8.55092437417,8.99045550417,11.3944157236,11.3944157236,11.39441572361,11.39441572361,11.39441572361,11.39441572361,11.39441572361,11.3944157237,11.3944157237,8.54005743522,9.35909351311,10.46230291072,11.14038172042,10.715079530907,10.931404376487,11.24396865452,11.17684031282,11.39441572382,9.41266228392,10.91156001762,11.39441572372,11.39441572412,11.01600308332,10.29637850134,11.39441572392,11.39441572392,11.39441572392,11.39441572392,11.39441572402,11.39441572402,11.39441572402,11.39441572422,11.3944157241721,11.3944157241721,11.39441572412,11.39441572415,11.394415724152,11.394415724152,11.39441572412,11.39441572432,11.39441572432,9.89377819822,11.39441572345,11.39441572345,11.39441572342,11.39441572342,11.16576825227,11.39441572347,10.87259356717,11.39441572327,11.39441572345,11.39441572341,11.39441572341,11.39441572345,10.19951455765,11.39441572356,11.39441572356,11.39441572356,11.18497365412,11.24900173362,11.39441572402,11.102212678095,11.394415723292,11.394415723292,11.39441572353,11.39441572353,11.3944157235,11.39441572354,11.39441572354,11.39441572352,11.39441572392,11.39441572392,11.39441572392,11.39441572392,10.39615132122,11.34526367882,8.42520289992,8.38020509992,9.414500675,11.394415724,7.18265626532,7.83621036684,11.39441572312,11.39441572302,11.39441572295,11.39441572295,11.39441572357,11.39441572357,11.39441572362,11.39441572362,11.39441572362,11.39441572359,11.39441572359,11.2451228757,10.75856877,10.94630950214,11.39441572322,11.39441572352,11.39441572352,11.39441572354,11.39441572354,11.39441572348,11.05096485138,11.39441572348,11.24971621697,10.0467859364,10.08045161971,10.81776175192,11.39441572342,11.39441572342,11.39441572342,11.39441572342,11.39441572342,11.00389701203,11.39441572341,11.39441572341,10.59173136832,10.93260300062,11.39441572362,9.1698608638,11.33216521202,9.95955309722,7.58079819812,6.97324609691
"t53",6.23523952624,2.0999804378,1.6709811506,0,2.0749966441,2.0749966441,3.11559404669,3.11559404669,3.042434476556,2.643767099556,2.788474752706,3.115594046756,2.966617144356,3.115594046756,3.6630519112,9.6689885675,11.394415724,11.394415724,11.3944157236,11.3944157233,11.39441572327,11.39441572334,11.39441572334,10.953942813,9.52413339615,11.3944157239,11.39441572382,11.39441572382,8.7827715537,8.7818464289,8.6996452324,8.55092437417,8.99045550417,11.3944157236,11.3944157236,11.39441572361,11.39441572361,11.39441572361,11.39441572361,11.39441572361,11.3944157237,11.3944157237,8.54005743522,9.35909351311,10.46230291072,11.14038172042,10.715079530907,10.931404376487,11.24396865452,11.17684031282,11.39441572382,9.41266228392,10.91156001762,11.39441572372,11.39441572412,11.01600308332,10.29637850134,11.39441572392,11.39441572392,11.39441572392,11.39441572392,11.39441572402,11.39441572402,11.39441572402,11.39441572422,11.3944157241721,11.3944157241721,11.39441572412,11.39441572415,11.394415724152,11.394415724152,11.39441572412,11.39441572432,11.39441572432,9.89377819822,11.39441572345,11.39441572345,11.39441572342,11.39441572342,11.16576825227,11.39441572347,10.87259356717,11.39441572327,11.39441572345,11.39441572341,11.39441572341,11.39441572345,10.19951455765,11.39441572356,11.39441572356,11.39441572356,11.18497365412,11.24900173362,11.39441572402,11.102212678095,11.394415723292,11.394415723292,11.39441572353,11.39441572353,11.3944157235,11.39441572354,11.39441572354,11.39441572352,11.39441572392,11.39441572392,11.39441572392,11.39441572392,10.39615132122,11.34526367882,8.42520289992,8.38020509992,9.414500675,11.394415724,7.18265626532,7.83621036684,11.39441572312,11.39441572302,11.39441572295,11.39441572295,11.39441572357,11.39441572357,11.39441572362,11.39441572362,11.39441572362,11.39441572359,11.39441572359,11.2451228757,10.75856877,10.94630950214,11.39441572322,11.39441572352,11.39441572352,11.39441572354,11.39441572354,11.39441572348,11.05096485138,11.39441572348,11.24971621697,10.0467859364,10.08045161971,10.81776175192,11.39441572342,11.39441572342,11.39441572342,11.39441572342,11.39441572342,11.00389701203,11.39441572341,11.39441572341,10.59173136832,10.93260300062,11.39441572362,9.1698608638,11.33216521202,9.95955309722,7.58079819812,6.97324609691
"t114",6.23523952634,2.0999804379,2.0749966441,2.0749966441,0,0.4329391144,3.11559404679,3.11559404679,3.042434476656,2.643767099656,2.788474752806,3.115594046856,2.966617144456,3.115594046856,3.6630519113,9.6689885676,11.3944157241,11.3944157241,11.3944157237,11.3944157234,11.39441572337,11.39441572344,11.39441572344,10.9539428131,9.52413339625,11.394415724,11.39441572392,11.39441572392,8.7827715538,8.781846429,8.6996452325,8.55092437427,8.99045550427,11.3944157237,11.3944157237,11.39441572371,11.39441572371,11.39441572371,11.39441572371,11.39441572371,11.3944157238,11.3944157238,8.54005743532,9.35909351321,10.46230291082,11.14038172052,10.715079531007,10.931404376587,11.24396865462,11.17684031292,11.39441572392,9.41266228402,10.91156001772,11.39441572382,11.39441572422,11.01600308342,10.29637850144,11.39441572402,11.39441572402,11.39441572402,11.39441572402,11.39441572412,11.39441572412,11.39441572412,11.39441572432,11.3944157242721,11.3944157242721,11.39441572422,11.39441572425,11.394415724252,11.394415724252,11.39441572422,11.39441572442,11.39441572442,9.89377819832,11.39441572355,11.39441572355,11.39441572352,11.39441572352,11.16576825237,11.39441572357,10.87259356727,11.39441572337,11.39441572355,11.39441572351,11.39441572351,11.39441572355,10.19951455775,11.39441572366,11.39441572366,11.39441572366,11.18497365422,11.24900173372,11.39441572412,11.102212678195,11.394415723392,11.394415723392,11.39441572363,11.39441572363,11.3944157236,11.39441572364,11.39441572364,11.39441572362,11.39441572402,11.39441572402,11.39441572402,11.39441572402,10.39615132132,11.34526367892,8.42520290002,8.38020510002,9.4145006751,11.3944157241,7.18265626542,7.83621036694,11.39441572322,11.39441572312,11.39441572305,11.39441572305,11.39441572367,11.39441572367,11.39441572372,11.39441572372,11.39441572372,11.39441572369,11.39441572369,11.2451228758,10.7585687701,10.94630950224,11.39441572332,11.39441572362,11.39441572362,11.39441572364,11.39441572364,11.39441572358,11.05096485148,11.39441572358,11.24971621707,10.0467859365,10.08045161981,10.81776175202,11.39441572352,11.39441572352,11.39441572352,11.39441572352,11.39441572352,11.00389701213,11.39441572351,11.39441572351,10.59173136842,10.93260300072,11.39441572372,9.1698608639,11.33216521212,9.95955309732,7.58079819822,6.97324609701
"t115",6.23523952634,2.0999804379,2.0749966441,2.0749966441,0.4329391144,0,3.11559404679,3.11559404679,3.042434476656,2.643767099656,2.788474752806,3.115594046856,2.966617144456,3.115594046856,3.6630519113,9.6689885676,11.3944157241,11.3944157241,11.3944157237,11.3944157234,11.39441572337,11.39441572344,11.39441572344,10.9539428131,9.52413339625,11.394415724,11.39441572392,11.39441572392,8.7827715538,8.781846429,8.6996452325,8.55092437427,8.99045550427,11.3944157237,11.3944157237,11.39441572371,11.39441572371,11.39441572371,11.39441572371,11.39441572371,11.3944157238,11.3944157238,8.54005743532,9.35909351321,10.46230291082,11.14038172052,10.715079531007,10.931404376587,11.24396865462,11.17684031292,11.39441572392,9.41266228402,10.91156001772,11.39441572382,11.39441572422,11.01600308342,10.29637850144,11.39441572402,11.39441572402,11.39441572402,11.39441572402,11.39441572412,11.39441572412,11.39441572412,11.39441572432,11.3944157242721,11.3944157242721,11.39441572422,11.39441572425,11.394415724252,11.394415724252,11.39441572422,11.39441572442,11.39441572442,9.89377819832,11.39441572355,11.39441572355,11.39441572352,11.39441572352,11.16576825237,11.39441572357,10.87259356727,11.39441572337,11.39441572355,11.39441572351,11.39441572351,11.39441572355,10.19951455775,11.39441572366,11.39441572366,11.39441572366,11.18497365422,11.24900173372,11.39441572412,11.102212678195,11.394415723392,11.394415723392,11.39441572363,11.39441572363,11.3944157236,11.39441572364,11.39441572364,11.39441572362,11.39441572402,11.39441572402,11.39441572402,11.39441572402,10.39615132132,11.34526367892,8.42520290002,8.38020510002,9.4145006751,11.3944157241,7.18265626542,7.83621036694,11.39441572322,11.39441572312,11.39441572305,11.39441572305,11.39441572367,11.39441572367,11.39441572372,11.39441572372,11.39441572372,11.39441572369,11.39441572369,11.2451228758,10.7585687701,10.94630950224,11.39441572332,11.39441572362,11.39441572362,11.39441572364,11.39441572364,11.39441572358,11.05096485148,11.39441572358,11.24971621707,10.0467859365,10.08045161981,10.81776175202,11.39441572352,11.39441572352,11.39441572352,11.39441572352,11.39441572352,11.00389701213,11.39441572351,11.39441572351,10.59173136842,10.93260300072,11.39441572372,9.1698608639,11.33216521212,9.95955309732,7.58079819822,6.97324609701
"t142",6.23523952633,2.09998043789,3.11559404669,3.11559404669,3.11559404679,3.11559404679,0,0.04484810158,1.892780255246,1.494112878246,1.638820531396,1.965939825446,1.816962923046,1.965939825446,3.66305191129,9.66898856759,11.39441572409,11.39441572409,11.39441572369,11.39441572339,11.39441572336,11.39441572343,11.39441572343,10.95394281309,9.52413339624,11.39441572399,11.39441572391,11.39441572391,8.78277155379,8.78184642899,8.69964523249,8.55092437426,8.99045550426,11.39441572369,11.39441572369,11.3944157237,11.3944157237,11.3944157237,11.3944157237,11.3944157237,11.39441572379,11.39441572379,8.54005743531,9.3590935132,10.46230291081,11.14038172051,10.715079530997,10.931404376577,11.24396865461,11.17684031291,11.39441572391,9.41266228401,10.91156001771,11.39441572381,11.39441572421,11.01600308341,10.29637850143,11.39441572401,11.39441572401,11.39441572401,11.39441572401,11.39441572411,11.39441572411,11.39441572411,11.39441572431,11.3944157242621,11.3944157242621,11.39441572421,11.39441572424,11.394415724242,11.394415724242,11.39441572421,11.39441572441,11.39441572441,9.89377819831,11.39441572354,11.39441572354,11.39441572351,11.39441572351,11.16576825236,11.39441572356,10.87259356726,11.39441572336,11.39441572354,11.3944157235,11.3944157235,11.39441572354,10.19951455774,11.39441572365,11.39441572365,11.39441572365,11.18497365421,11.24900173371,11.39441572411,11.102212678185,11.394415723382,11.394415723382,11.39441572362,11.39441572362,11.39441572359,11.39441572363,11.39441572363,11.39441572361,11.39441572401,11.39441572401,11.39441572401,11.39441572401,10.39615132131,11.34526367891,8.42520290001,8.38020510001,9.41450067509,11.39441572409,7.18265626541,7.83621036693,11.39441572321,11.39441572311,11.39441572304,11.39441572304,11.39441572366,11.39441572366,11.39441572371,11.39441572371,11.39441572371,11.39441572368,11.39441572368,11.24512287579,10.75856877009,10.94630950223,11.39441572331,11.39441572361,11.39441572361,11.39441572363,11.39441572363,11.39441572357,11.05096485147,11.39441572357,11.24971621706,10.04678593649,10.0804516198,10.81776175201,11.39441572351,11.39441572351,11.39441572351,11.39441572351,11.39441572351,11.00389701212,11.3944157235,11.3944157235,10.59173136841,10.93260300071,11.39441572371,9.16986086389,11.33216521211,9.95955309731,7.58079819821,6.973246097
"t143",6.23523952633,2.09998043789,3.11559404669,3.11559404669,3.11559404679,3.11559404679,0.04484810158,0,1.892780255246,1.494112878246,1.638820531396,1.965939825446,1.816962923046,1.965939825446,3.66305191129,9.66898856759,11.39441572409,11.39441572409,11.39441572369,11.39441572339,11.39441572336,11.39441572343,11.39441572343,10.95394281309,9.52413339624,11.39441572399,11.39441572391,11.39441572391,8.78277155379,8.78184642899,8.69964523249,8.55092437426,8.99045550426,11.39441572369,11.39441572369,11.3944157237,11.3944157237,11.3944157237,11.3944157237,11.3944157237,11.39441572379,11.39441572379,8.54005743531,9.3590935132,10.46230291081,11.14038172051,10.715079530997,10.931404376577,11.24396865461,11.17684031291,11.39441572391,9.41266228401,10.91156001771,11.39441572381,11.39441572421,11.01600308341,10.29637850143,11.39441572401,11.39441572401,11.39441572401,11.39441572401,11.39441572411,11.39441572411,11.39441572411,11.39441572431,11.3944157242621,11.3944157242621,11.39441572421,11.39441572424,11.394415724242,11.394415724242,11.39441572421,11.39441572441,11.39441572441,9.89377819831,11.39441572354,11.39441572354,11.39441572351,11.39441572351,11.16576825236,11.39441572356,10.87259356726,11.39441572336,11.39441572354,11.3944157235,11.3944157235,11.39441572354,10.19951455774,11.39441572365,11.39441572365,11.39441572365,11.18497365421,11.24900173371,11.39441572411,11.102212678185,11.394415723382,11.394415723382,11.39441572362,11.39441572362,11.39441572359,11.39441572363,11.39441572363,11.39441572361,11.39441572401,11.39441572401,11.39441572401,11.39441572401,10.39615132131,11.34526367891,8.42520290001,8.38020510001,9.41450067509,11.39441572409,7.18265626541,7.83621036693,11.39441572321,11.39441572311,11.39441572304,11.39441572304,11.39441572366,11.39441572366,11.39441572371,11.39441572371,11.39441572371,11.39441572368,11.39441572368,11.24512287579,10.75856877009,10.94630950223,11.39441572331,11.39441572361,11.39441572361,11.39441572363,11.39441572363,11.39441572357,11.05096485147,11.39441572357,11.24971621706,10.04678593649,10.0804516198,10.81776175201,11.39441572351,11.39441572351,11.39441572351,11.39441572351,11.39441572351,11.00389701212,11.3944157235,11.3944157235,10.59173136841,10.93260300071,11.39441572371,9.16986086389,11.33216521211,9.95955309731,7.58079819821,6.973246097
"t54",6.162079956196,2.026820867756,3.042434476556,3.042434476556,3.042434476656,3.042434476656,1.892780255246,1.892780255246,0,1.0888315486,1.56193572515,1.8890550192,1.7400781168,1.8890550192,3.589892341156,9.595828997456,11.321256153956,11.321256153956,11.321256153556,11.321256153256,11.321256153226,11.321256153296,11.321256153296,10.880783242956,9.450973826106,11.321256153856,11.321256153776,11.321256153776,8.709611983656,8.708686858856,8.626485662356,8.477764804126,8.917295934126,11.321256153556,11.321256153556,11.321256153566,11.321256153566,11.321256153566,11.321256153566,11.321256153566,11.321256153656,11.321256153656,8.466897865176,9.285933943066,10.389143340676,11.067222150376,10.641919960863,10.858244806443,11.170809084476,11.103680742776,11.321256153776,9.339502713876,10.838400447576,11.321256153676,11.321256154076,10.942843513276,10.223218931296,11.321256153876,11.321256153876,11.321256153876,11.321256153876,11.321256153976,11.321256153976,11.321256153976,11.321256154176,11.3212561541281,11.3212561541281,11.321256154076,11.321256154106,11.321256154108,11.321256154108,11.321256154076,11.321256154276,11.321256154276,9.820618628176,11.321256153406,11.321256153406,11.321256153376,11.321256153376,11.092608682226,11.321256153426,10.799433997126,11.321256153226,11.321256153406,11.321256153366,11.321256153366,11.321256153406,10.126354987606,11.321256153516,11.321256153516,11.321256153516,11.111814084076,11.175842163576,11.321256153976,11.029053108051,11.321256153248,11.321256153248,11.321256153486,11.321256153486,11.321256153456,11.321256153496,11.321256153496,11.321256153476,11.321256153876,11.321256153876,11.321256153876,11.321256153876,10.322991751176,11.272104108776,8.352043329876,8.307045529876,9.341341104956,11.321256153956,7.109496695276,7.763050796796,11.321256153076,11.321256152976,11.321256152906,11.321256152906,11.321256153526,11.321256153526,11.321256153576,11.321256153576,11.321256153576,11.321256153546,11.321256153546,11.171963305656,10.685409199956,10.873149932096,11.321256153176,11.321256153476,11.321256153476,11.321256153496,11.321256153496,11.321256153436,10.977805281336,11.321256153436,11.176556646926,9.973626366356,10.007292049666,10.744602181876,11.321256153376,11.321256153376,11.321256153376,11.321256153376,11.321256153376,10.930737441986,11.321256153366,11.321256153366,10.518571798276,10.859443430576,11.321256153576,9.096701293756,11.259005641976,9.886393527176,7.507638628076,6.900086526866
"t55",5.763412579196,1.628153490756,2.643767099556,2.643767099556,2.643767099656,2.643767099656,1.494112878246,1.494112878246,1.0888315486,0,1.16326834815,1.4903876422,1.3414107398,1.4903876422,3.191224964156,9.197161620456,10.922588776956,10.922588776956,10.922588776556,10.922588776256,10.922588776226,10.922588776296,10.922588776296,10.482115865956,9.052306449106,10.922588776856,10.922588776776,10.922588776776,8.310944606656,8.310019481856,8.227818285356,8.079097427126,8.518628557126,10.922588776556,10.922588776556,10.922588776566,10.922588776566,10.922588776566,10.922588776566,10.922588776566,10.922588776656,10.922588776656,8.068230488176,8.887266566066,9.990475963676,10.668554773376,10.243252583863,10.459577429443,10.772141707476,10.705013365776,10.922588776776,8.940835336876,10.439733070576,10.922588776676,10.922588777076,10.544176136276,9.824551554296,10.922588776876,10.922588776876,10.922588776876,10.922588776876,10.922588776976,10.922588776976,10.922588776976,10.922588777176,10.9225887771281,10.9225887771281,10.922588777076,10.922588777106,10.922588777108,10.922588777108,10.922588777076,10.922588777276,10.922588777276,9.421951251176,10.922588776406,10.922588776406,10.922588776376,10.922588776376,10.693941305226,10.922588776426,10.400766620126,10.922588776226,10.922588776406,10.922588776366,10.922588776366,10.922588776406,9.727687610606,10.922588776516,10.922588776516,10.922588776516,10.713146707076,10.777174786576,10.922588776976,10.630385731051,10.922588776248,10.922588776248,10.922588776486,10.922588776486,10.922588776456,10.922588776496,10.922588776496,10.922588776476,10.922588776876,10.922588776876,10.922588776876,10.922588776876,9.924324374176,10.873436731776,7.953375952876,7.908378152876,8.942673727956,10.922588776956,6.710829318276,7.364383419796,10.922588776076,10.922588775976,10.922588775906,10.922588775906,10.922588776526,10.922588776526,10.922588776576,10.922588776576,10.922588776576,10.922588776546,10.922588776546,10.773295928656,10.286741822956,10.474482555096,10.922588776176,10.922588776476,10.922588776476,10.922588776496,10.922588776496,10.922588776436,10.579137904336,10.922588776436,10.777889269926,9.574958989356,9.608624672666,10.345934804876,10.922588776376,10.922588776376,10.922588776376,10.922588776376,10.922588776376,10.532070064986,10.922588776366,10.922588776366,10.119904421276,10.460776053576,10.922588776576,8.698033916756,10.860338264976,9.487726150176,7.108971251076,6.501419149866
"t93",5.908120232346,1.772861143906,2.788474752706,2.788474752706,2.788474752806,2.788474752806,1.638820531396,1.638820531396,1.56193572515,1.16326834815,0,0.45872776915,1.05757548715,1.20655238955,3.335932617306,9.341869273606,11.067296430106,11.067296430106,11.067296429706,11.067296429406,11.067296429376,11.067296429446,11.067296429446,10.626823519106,9.197014102256,11.067296430006,11.067296429926,11.067296429926,8.455652259806,8.454727135006,8.372525938506,8.223805080276,8.663336210276,11.067296429706,11.067296429706,11.067296429716,11.067296429716,11.067296429716,11.067296429716,11.067296429716,11.067296429806,11.067296429806,8.212938141326,9.031974219216,10.135183616826,10.813262426526,10.387960237013,10.604285082593,10.916849360626,10.849721018926,11.067296429926,9.085542990026,10.584440723726,11.067296429826,11.067296430226,10.688883789426,9.969259207446,11.067296430026,11.067296430026,11.067296430026,11.067296430026,11.067296430126,11.067296430126,11.067296430126,11.067296430326,11.0672964302781,11.0672964302781,11.067296430226,11.067296430256,11.067296430258,11.067296430258,11.067296430226,11.067296430426,11.067296430426,9.566658904326,11.067296429556,11.067296429556,11.067296429526,11.067296429526,10.838648958376,11.067296429576,10.545474273276,11.067296429376,11.067296429556,11.067296429516,11.067296429516,11.067296429556,9.872395263756,11.067296429666,11.067296429666,11.067296429666,10.857854360226,10.921882439726,11.067296430126,10.775093384201,11.067296429398,11.067296429398,11.067296429636,11.067296429636,11.067296429606,11.067296429646,11.067296429646,11.067296429626,11.067296430026,11.067296430026,11.067296430026,11.067296430026,10.069032027326,11.018144384926,8.098083606026,8.053085806026,9.087381381106,11.067296430106,6.855536971426,7.509091072946,11.067296429226,11.067296429126,11.067296429056,11.067296429056,11.067296429676,11.067296429676,11.067296429726,11.067296429726,11.067296429726,11.067296429696,11.067296429696,10.918003581806,10.431449476106,10.619190208246,11.067296429326,11.067296429626,11.067296429626,11.067296429646,11.067296429646,11.067296429586,10.723845557486,11.067296429586,10.922596923076,9.719666642506,9.753332325816,10.490642458026,11.067296429526,11.067296429526,11.067296429526,11.067296429526,11.067296429526,10.676777718136,11.067296429516,11.067296429516,10.264612074426,10.605483706726,11.067296429726,8.842741569906,11.005045918126,9.632433803326,7.253678904226,6.646126803016
"t94",6.235239526396,2.099980437956,3.115594046756,3.115594046756,3.115594046856,3.115594046856,1.965939825446,1.965939825446,1.8890550192,1.4903876422,0.45872776915,0,1.3846947812,1.5336716836,3.663051911356,9.668988567656,11.394415724156,11.394415724156,11.394415723756,11.394415723456,11.394415723426,11.394415723496,11.394415723496,10.953942813156,9.524133396306,11.394415724056,11.394415723976,11.394415723976,8.782771553856,8.781846429056,8.699645232556,8.550924374326,8.990455504326,11.394415723756,11.394415723756,11.394415723766,11.394415723766,11.394415723766,11.394415723766,11.394415723766,11.394415723856,11.394415723856,8.540057435376,9.359093513266,10.462302910876,11.140381720576,10.715079531063,10.931404376643,11.243968654676,11.176840312976,11.394415723976,9.412662284076,10.911560017776,11.394415723876,11.394415724276,11.016003083476,10.296378501496,11.394415724076,11.394415724076,11.394415724076,11.394415724076,11.394415724176,11.394415724176,11.394415724176,11.394415724376,11.3944157243281,11.3944157243281,11.394415724276,11.394415724306,11.394415724308,11.394415724308,11.394415724276,11.394415724476,11.394415724476,9.893778198376,11.394415723606,11.394415723606,11.394415723576,11.394415723576,11.165768252426,11.394415723626,10.872593567326,11.394415723426,11.394415723606,11.394415723566,11.394415723566,11.394415723606,10.199514557806,11.394415723716,11.394415723716,11.394415723716,11.184973654276,11.249001733776,11.394415724176,11.102212678251,11.394415723448,11.394415723448,11.394415723686,11.394415723686,11.394415723656,11.394415723696,11.394415723696,11.394415723676,11.394415724076,11.394415724076,11.394415724076,11.394415724076,10.396151321376,11.345263678976,8.425202900076,8.380205100076,9.414500675156,11.394415724156,7.182656265476,7.836210366996,11.394415723276,11.394415723176,11.394415723106,11.394415723106,11.394415723726,11.394415723726,11.394415723776,11.394415723776,11.394415723776,11.394415723746,11.394415723746,11.245122875856,10.758568770156,10.946309502296,11.394415723376,11.394415723676,11.394415723676,11.394415723696,11.394415723696,11.394415723636,11.050964851536,11.394415723636,11.249716217126,10.046785936556,10.080451619866,10.817761752076,11.394415723576,11.394415723576,11.394415723576,11.394415723576,11.394415723576,11.003897012186,11.394415723566,11.394415723566,10.591731368476,10.932603000776,11.394415723776,9.169860863956,11.332165212176,9.959553097376,7.580798198276,6.973246097066
"t69",6.086262623996,1.951003535556,2.966617144356,2.966617144356,2.966617144456,2.966617144456,1.816962923046,1.816962923046,1.7400781168,1.3414107398,1.05757548715,1.3846947812,0,1.163830576,3.514075008956,9.520011665256,11.245438821756,11.245438821756,11.245438821356,11.245438821056,11.245438821026,11.245438821096,11.245438821096,10.804965910756,9.375156493906,11.245438821656,11.245438821576,11.245438821576,8.633794651456,8.632869526656,8.550668330156,8.401947471926,8.841478601926,11.245438821356,11.245438821356,11.245438821366,11.245438821366,11.245438821366,11.245438821366,11.245438821366,11.245438821456,11.245438821456,8.391080532976,9.210116610866,10.313326008476,10.991404818176,10.566102628663,10.782427474243,11.094991752276,11.027863410576,11.245438821576,9.263685381676,10.762583115376,11.245438821476,11.245438821876,10.867026181076,10.147401599096,11.245438821676,11.245438821676,11.245438821676,11.245438821676,11.245438821776,11.245438821776,11.245438821776,11.245438821976,11.2454388219281,11.2454388219281,11.245438821876,11.245438821906,11.245438821908,11.245438821908,11.245438821876,11.245438822076,11.245438822076,9.744801295976,11.245438821206,11.245438821206,11.245438821176,11.245438821176,11.016791350026,11.245438821226,10.723616664926,11.245438821026,11.245438821206,11.245438821166,11.245438821166,11.245438821206,10.050537655406,11.245438821316,11.245438821316,11.245438821316,11.035996751876,11.100024831376,11.245438821776,10.953235775851,11.245438821048,11.245438821048,11.245438821286,11.245438821286,11.245438821256,11.245438821296,11.245438821296,11.245438821276,11.245438821676,11.245438821676,11.245438821676,11.245438821676,10.247174418976,11.196286776576,8.276225997676,8.231228197676,9.265523772756,11.245438821756,7.033679363076,7.687233464596,11.245438820876,11.245438820776,11.245438820706,11.245438820706,11.245438821326,11.245438821326,11.245438821376,11.245438821376,11.245438821376,11.245438821346,11.245438821346,11.096145973456,10.609591867756,10.797332599896,11.245438820976,11.245438821276,11.245438821276,11.245438821296,11.245438821296,11.245438821236,10.901987949136,11.245438821236,11.100739314726,9.897809034156,9.931474717466,10.668784849676,11.245438821176,11.245438821176,11.245438821176,11.245438821176,11.245438821176,10.854920109786,11.245438821166,11.245438821166,10.442754466076,10.783626098376,11.245438821376,9.020883961556,11.183188309776,9.810576194976,7.431821295876,6.824269194666
"t70",6.235239526396,2.099980437956,3.115594046756,3.115594046756,3.115594046856,3.115594046856,1.965939825446,1.965939825446,1.8890550192,1.4903876422,1.20655238955,1.5336716836,1.163830576,0,3.663051911356,9.668988567656,11.394415724156,11.394415724156,11.394415723756,11.394415723456,11.394415723426,11.394415723496,11.394415723496,10.953942813156,9.524133396306,11.394415724056,11.394415723976,11.394415723976,8.782771553856,8.781846429056,8.699645232556,8.550924374326,8.990455504326,11.394415723756,11.394415723756,11.394415723766,11.394415723766,11.394415723766,11.394415723766,11.394415723766,11.394415723856,11.394415723856,8.540057435376,9.359093513266,10.462302910876,11.140381720576,10.715079531063,10.931404376643,11.243968654676,11.176840312976,11.394415723976,9.412662284076,10.911560017776,11.394415723876,11.394415724276,11.016003083476,10.296378501496,11.394415724076,11.394415724076,11.394415724076,11.394415724076,11.394415724176,11.394415724176,11.394415724176,11.394415724376,11.3944157243281,11.3944157243281,11.394415724276,11.394415724306,11.394415724308,11.394415724308,11.394415724276,11.394415724476,11.394415724476,9.893778198376,11.394415723606,11.394415723606,11.394415723576,11.394415723576,11.165768252426,11.394415723626,10.872593567326,11.394415723426,11.394415723606,11.394415723566,11.394415723566,11.394415723606,10.199514557806,11.394415723716,11.394415723716,11.394415723716,11.184973654276,11.249001733776,11.394415724176,11.102212678251,11.394415723448,11.394415723448,11.394415723686,11.394415723686,11.394415723656,11.394415723696,11.394415723696,11.394415723676,11.394415724076,11.394415724076,11.394415724076,11.394415724076,10.396151321376,11.345263678976,8.425202900076,8.380205100076,9.414500675156,11.394415724156,7.182656265476,7.836210366996,11.394415723276,11.394415723176,11.394415723106,11.394415723106,11.394415723726,11.394415723726,11.394415723776,11.394415723776,11.394415723776,11.394415723746,11.394415723746,11.245122875856,10.758568770156,10.946309502296,11.394415723376,11.394415723676,11.394415723676,11.394415723696,11.394415723696,11.394415723636,11.050964851536,11.394415723636,11.249716217126,10.046785936556,10.080451619866,10.817761752076,11.394415723576,11.394415723576,11.394415723576,11.394415723576,11.394415723576,11.003897012186,11.394415723566,11.394415723566,10.591731368476,10.932603000776,11.394415723776,9.169860863956,11.332165212176,9.959553097376,7.580798198276,6.973246097066
"t18",4.38350439404,2.3398404376,3.6630519112,3.6630519112,3.6630519113,3.6630519113,3.66305191129,3.66305191129,3.589892341156,3.191224964156,3.335932617306,3.663051911356,3.514075008956,3.663051911356,0,7.8172534353,9.5426805918,9.5426805918,9.5426805914,9.5426805911,9.54268059107,9.54268059114,9.54268059114,9.1022076808,7.67239826395,9.5426805917,9.54268059162,9.54268059162,6.9310364215,6.9301112967,6.8479101002,6.69918924197,7.13872037197,9.5426805914,9.5426805914,9.54268059141,9.54268059141,9.54268059141,9.54268059141,9.54268059141,9.5426805915,9.5426805915,6.68832230302,7.50735838091,8.61056777852,9.28864658822,8.863344398707,9.079669244287,9.39223352232,9.32510518062,9.54268059162,7.56092715172,9.05982488542,9.54268059152,9.54268059192,9.16426795112,8.44464336914,9.54268059172,9.54268059172,9.54268059172,9.54268059172,9.54268059182,9.54268059182,9.54268059182,9.54268059202,9.5426805919721,9.5426805919721,9.54268059192,9.54268059195,9.542680591952,9.542680591952,9.54268059192,9.54268059212,9.54268059212,8.04204306602,9.54268059125,9.54268059125,9.54268059122,9.54268059122,9.31403312007,9.54268059127,9.02085843497,9.54268059107,9.54268059125,9.54268059121,9.54268059121,9.54268059125,8.34777942545,9.54268059136,9.54268059136,9.54268059136,9.33323852192,9.39726660142,9.54268059182,9.250477545895,9.542680591092,9.542680591092,9.54268059133,9.54268059133,9.5426805913,9.54268059134,9.54268059134,9.54268059132,9.54268059172,9.54268059172,9.54268059172,9.54268059172,8.54441618902,9.49352854662,6.57346776772,6.52846996772,7.5627655428,9.5426805918,5.33092113312,5.98447523464,9.54268059092,9.54268059082,9.54268059075,9.54268059075,9.54268059137,9.54268059137,9.54268059142,9.54268059142,9.54268059142,9.54268059139,9.54268059139,9.3933877435,8.9068336378,9.09457436994,9.54268059102,9.54268059132,9.54268059132,9.54268059134,9.54268059134,9.54268059128,9.19922971918,9.54268059128,9.39798108477,8.1950508042,8.22871648751,8.96602661972,9.54268059122,9.54268059122,9.54268059122,9.54268059122,9.54268059122,9.15216187983,9.54268059121,9.54268059121,8.73999623612,9.08086786842,9.54268059142,7.3181257316,9.48043007982,8.10781796502,5.72906306592,5.12151096471
"t27",4.50981237034,8.3457770939,9.6689885675,9.6689885675,9.6689885676,9.6689885676,9.66898856759,9.66898856759,9.595828997456,9.197161620456,9.341869273606,9.668988567656,9.520011665256,9.668988567656,7.8172534353,0,2.2167699789,2.2167699789,2.9160128579,4.2953167376,4.29531673757,4.29531673764,4.29531673764,4.2721621531,2.84235273625,4.712635064,4.71263506392,4.71263506392,2.1009908938,2.100065769,2.2225748561,3.47974686607,3.91927799607,6.3232382155,6.3232382155,6.32323821551,6.32323821551,6.32323821551,6.32323821551,6.32323821551,6.3232382156,6.3232382156,3.64301621708,4.46205229497,5.56526169258,6.24334050228,5.818038312767,6.034363158347,6.34692743638,6.27979909468,6.49737450568,4.51562106578,6.01451879948,6.49737450558,6.49737450598,6.11896186518,5.3993372832,6.49737450578,6.49737450578,6.49737450578,6.49737450578,6.49737450588,6.49737450588,6.49737450588,6.49737450608,6.4973745060321,6.4973745060321,6.49737450598,6.49737450601,6.497374506012,6.497374506012,6.49737450598,6.49737450618,6.49737450618,8.01443661008,9.51507413531,9.51507413531,9.51507413528,9.51507413528,9.28642666413,9.51507413533,8.99325197903,9.51507413513,9.51507413531,9.51507413527,9.51507413527,9.51507413531,8.32017296951,9.51507413542,9.51507413542,9.51507413542,9.30563206598,9.36966014548,9.51507413588,9.222871089955,9.515074135152,9.515074135152,9.51507413539,9.51507413539,9.51507413536,9.5150741354,9.5150741354,9.51507413538,9.51507413578,9.51507413578,9.51507413578,9.51507413578,8.51680973308,9.46592209068,6.54586131178,6.50086351178,7.53515908686,9.51507413586,5.30331467718,5.9568687787,9.51507413498,9.51507413488,9.51507413481,9.51507413481,9.51507413543,9.51507413543,9.51507413548,9.51507413548,9.51507413548,9.51507413545,9.51507413545,9.36578128756,8.87922718186,9.066967914,9.51507413508,9.51507413538,9.51507413538,9.5150741354,9.5150741354,9.51507413534,9.17162326324,9.51507413534,9.37037462883,8.16744434826,8.20111003157,8.93842016378,9.51507413528,9.51507413528,9.51507413528,9.51507413528,9.51507413528,9.12455542389,9.51507413527,9.51507413527,8.71238978018,9.05326141248,9.51507413548,7.29051927566,9.45282362388,8.08021150908,5.70145660998,5.24781894101
