"","t1","t2","t3","t4","t5","t6","t7","t8","t9","t10","t11","t12","t13","t14","t15","t16","t17","t18","t19","t20","t21","t22","t23","t24","t25","t26","t27","t28","t29","t30","t31","t32","t33","t34","t35","t36","t37","t38","t39","t40","t41","t42","t43","t44","t45","t46","t47","t48","t49","t50","t51","t52","t53","t54","t55","t56","t57","t58","t59","t60","t61","t62","t63","t64","t65","t66","t67","t68","t69","t70","t71","t72","t73","t74","t75","t76","t77","t78","t79","t80","t81","t82","t83","t84","t85","t86","t87","t88","t89","t90","t91","t92","t93","t94","t95","t96","t97","t98","t99","t100","t101","t102","t103","t104","t105","t106","t107","t108","t109","t110","t111","t112","t113","t114","t115","t116","t117","t118","t119","t120","t121","t122","t123","t124","t125","t126","t127","t128","t129","t130","t131","t132","t133","t134","t135","t136","t137","t138","t139","t140","t141","t142","t143","t144","t145","t146","t147","t148","t149","t150","t151","t152","t153","t154","t155","t156","t157","t158","t159","t160","t161","t162","t163","t164","t165","t166","t167","t168","t169","t170","t171","t172","t173","t174","t175"
"t1",0,1.48173916836506,1.48416218282508,5.90820496076979,1.72668417177092,3.85699086017578,2.24780078662464,2.22066859309195,2.66904505631121,4.14483327341239,8.35814931921182,10.9903852430096,12.0702938872366,15.9912412903675,14.246325366168,10.3742245700767,10.8309686159879,14.9093099566446,9.622369634258,10.1183023492488,15.972466954337,15.9912412903675,15.9912412903675,13.69830699663,13.5054154389543,12.5425226211333,11.818931540104,11.2523072198305,11.5635530586621,15.9912412903675,11.9224760404305,12.0305618194266,12.1845640991809,11.9539786430266,14.1533980764131,13.0328462947578,15.9912412903675,15.9912412903675,15.9912412903675,13.6273442119383,14.2374122839887,13.5508664495084,12.5346291669379,15.9912412903675,13.2820526237141,13.2636382119006,15.9912412903675,15.9912412903675,13.7854855353068,15.4356203659365,15.1844355672374,14.5964033347638,15.9912412903675,15.3909707385698,14.0508767262928,13.516834211728,14.2705604724756,13.6148765005212,15.1080862763874,13.7045450602443,13.6346456464812,15.9912412903675,15.9912412903675,15.9912412903675,15.9912412903675,14.2703419789359,15.9912412903675,15.9912412903675,15.9912412903675,13.7270705082573,13.8311757605008,14.1196355090692,14.2759480546426,15.8133809184486,15.9912412903675,14.8874490829069,14.5177202213298,14.2743003694193,15.9912412903675,14.1983241063298,14.7099111553098,15.9912412903675,15.0388675994825,15.9912412903675,14.7928688481486,14.876616247731,15.9912412903675,15.9912412903675,15.9912412903675,15.9912412903675,15.9912412903675,15.8171382525687,15.9912412903675,15.9912412903675,15.9912412903675,15.9912412903675,15.9912412903675,15.9912412903675,15.8301071392077,15.9912412903675,15.9912412903675,15.9912412903675,15.9912412903675,15.9912412903675,15.2830784172669,15.9912412903675,15.9912412903675,15.9912412903675,15.9912412903675,15.9912412903675,15.9912412903675,15.1575364145068,15.9912412903675,15.9912412903675,15.9912412903675,15.3480757499305,15.9912412903675,15.2615852481933,15.9912412903675,15.9912412903675,15.712351061202,15.9912412903675,15.9912412903675,15.9912412903675,15.9912412903675,15.9912412903675,15.4523262574088,15.9912412903675,15.9912412903675,15.7080874103527,15.9912412903675,15.9912412903675,15.8603622431358,15.9912412903675,15.9912412903675,15.9912412903675,15.9912412903675,15.9912412903675,15.9912412903675,15.9912412903675,15.9912412903675,15.9912412903675,15.9912412903675,15.9912412903675,15.9912412903675,15.9912412903675,15.9912412903675,15.9912412903675,15.9912412903675,15.9912412903675,15.9912412903675,15.9912412903675,15.9912412903675,15.9912412903675,15.9912412903675,15.9912412903675,15.9912412903675,15.9912412903675,15.9912412903675,15.9912412903675,15.9912412903675,15.9682664220779,15.9912412903675,15.9912412903675,15.9912412903675,15.9912412903675,15.9912412903675,15.9912412903675,15.9912412903675,15.9912412903675,15.9912412903675,15.9912412903675,15.9912412903675,15.9912412903675,15.9912412903675
"t2",1.48173916836506,0,0.593477489907008,5.01752026785172,0.835999478852851,2.64091148713537,1.03172141358423,1.32998390017388,2.34312525436674,3.81891347146792,7.46746462629375,10.6644654410652,11.7443740852921,15.665321488423,13.9204055642236,10.0483047681322,10.5050488140434,14.5833901547001,9.29644983231354,9.79238254730436,15.6465471523925,15.665321488423,15.665321488423,13.3723871946855,13.1794956370099,12.2166028191889,11.4930117381595,10.9263874178861,11.2376332567176,15.665321488423,11.596556238486,11.7046420174821,11.8586442972364,11.6280588410822,13.8274782744686,12.7069264928134,15.665321488423,15.665321488423,15.665321488423,13.3014244099938,13.9114924820442,13.2249466475639,12.2087093649934,15.1005565974494,12.9561328217697,12.9377184099561,15.665321488423,15.665321488423,13.4595657333623,15.109700563992,14.8585157652929,14.2704835328193,15.665321488423,15.0650509366253,13.7249569243483,13.1909144097835,13.9446406705311,13.2889566985767,14.782166474443,13.3786252582998,13.3087258445367,15.665321488423,15.665321488423,15.665321488423,15.665321488423,13.3796572860178,15.1005565974494,15.665321488423,15.665321488423,13.4011507063129,13.5052559585564,13.7937157071248,13.9500282526981,15.4874611165041,15.665321488423,14.5615292809625,14.1918004193853,13.9483805674749,15.665321488423,13.8724043043854,14.3839913533653,15.665321488423,14.712947797538,15.665321488423,14.4669490462041,14.5506964457866,15.665321488423,15.665321488423,15.665321488423,15.665321488423,15.665321488423,15.4912184506242,15.665321488423,15.665321488423,15.665321488423,15.665321488423,15.665321488423,15.665321488423,15.5041873372633,15.665321488423,15.1005565974494,15.665321488423,15.665321488423,15.665321488423,14.9571586153225,15.665321488423,15.665321488423,15.665321488423,15.665321488423,15.1005565974494,15.665321488423,14.8316166125623,15.665321488423,15.665321488423,15.665321488423,15.022155947986,15.1005565974494,14.3709005552753,15.665321488423,15.665321488423,15.3864312592575,15.1005565974494,15.1005565974494,15.665321488423,15.665321488423,15.665321488423,15.1264064554643,15.665321488423,15.1005565974494,15.3821676084083,15.665321488423,15.665321488423,15.5344424411914,15.665321488423,15.665321488423,15.665321488423,15.665321488423,15.665321488423,15.665321488423,15.665321488423,15.665321488423,15.665321488423,15.665321488423,15.665321488423,15.1005565974494,15.665321488423,15.665321488423,15.665321488423,15.665321488423,15.665321488423,15.665321488423,15.665321488423,15.665321488423,15.665321488423,15.665321488423,15.665321488423,15.665321488423,15.665321488423,15.665321488423,15.665321488423,15.665321488423,15.0775817291598,15.1005565974494,15.665321488423,15.665321488423,15.665321488423,15.665321488423,15.665321488423,15.665321488423,15.665321488423,15.665321488423,15.665321488423,15.665321488423,15.665321488423,15.665321488423
"t3",1.48416218282508,0.593477489907008,0,4.68848962826636,0.506968839267495,2.96872918171773,1.35953910816659,1.00095326058853,2.34554826882676,3.82133648592794,7.13843398670839,10.6668884555252,11.7467970997521,15.667744502883,13.9228285786836,10.0507277825922,10.5074718285034,14.5858131691601,9.29887284677356,9.79480556176437,15.6489701668525,15.667744502883,15.667744502883,13.3748102091456,13.1819186514699,12.2190258336489,11.4954347526195,10.9288104323461,11.2400562711776,15.667744502883,11.598979252946,11.7070650319421,11.8610673116964,11.6304818555422,13.8299012889286,12.7093495072734,15.667744502883,15.667744502883,15.667744502883,13.3038474244538,13.9139154965042,13.2273696620239,12.2111323794535,14.771525957864,12.9585558362297,12.9401414244162,15.667744502883,15.667744502883,13.4619887478223,15.1121235784521,14.8609387797529,14.2729065472794,15.667744502883,15.0674739510853,13.7273799388083,13.1933374242435,13.9470636849912,13.2913797130368,14.784589488903,13.3810482727598,13.3111488589967,15.667744502883,15.667744502883,15.667744502883,15.667744502883,13.0506266464324,14.771525957864,15.667744502883,15.667744502883,13.4035737207729,13.5076789730164,13.7961387215848,13.9524512671581,15.4898841309641,15.667744502883,14.5639522954225,14.1942234338453,13.9508035819349,15.667744502883,13.8748273188454,14.3864143678253,15.667744502883,14.7153708119981,15.667744502883,14.4693720606641,14.5531194602466,15.667744502883,15.667744502883,15.667744502883,15.667744502883,15.667744502883,15.4936414650842,15.667744502883,15.667744502883,15.667744502883,15.667744502883,15.667744502883,15.667744502883,15.5066103517233,15.667744502883,14.771525957864,15.667744502883,15.667744502883,15.667744502883,14.9595816297825,15.667744502883,15.667744502883,15.667744502883,15.667744502883,14.771525957864,15.667744502883,14.8340396270224,15.667744502883,15.667744502883,15.667744502883,15.024578962446,14.771525957864,14.0418699156899,15.667744502883,15.667744502883,15.3888542737175,14.771525957864,14.771525957864,15.667744502883,15.667744502883,15.667744502883,15.1288294699243,15.667744502883,14.771525957864,15.3845906228683,15.667744502883,15.667744502883,15.5368654556514,15.667744502883,15.667744502883,15.667744502883,15.667744502883,15.667744502883,15.667744502883,15.667744502883,15.667744502883,15.667744502883,15.667744502883,15.667744502883,14.771525957864,15.667744502883,15.667744502883,15.667744502883,15.667744502883,15.667744502883,15.667744502883,15.667744502883,15.667744502883,15.667744502883,15.667744502883,15.667744502883,15.667744502883,15.667744502883,15.667744502883,15.667744502883,15.667744502883,14.7485510895745,14.771525957864,15.667744502883,15.667744502883,15.667744502883,15.667744502883,15.667744502883,15.667744502883,15.667744502883,15.667744502883,15.667744502883,15.667744502883,15.667744502883,15.667744502883
"t4",5.90820496076979,5.01752026785172,4.68848962826636,0,4.68055669979943,7.39277195966244,5.7835818861113,5.39255359494447,6.76959104677147,8.24537926387265,11.5300343210643,15.0909312334699,16.1708398776968,20.0917872808277,18.3468713566283,14.4747705605369,14.9315146064482,19.0098559471049,13.7229156247183,14.2188483397091,20.0730129447972,20.0917872808277,20.0917872808277,17.7988529870903,17.6059614294146,16.6430686115936,15.9194775305642,15.3528532102908,15.6640990491223,20.0917872808277,16.0230220308907,16.1311078098868,16.2851100896412,16.0545246334869,18.2539440668733,17.1333922852181,20.0917872808277,20.0917872808277,20.0917872808277,17.7278902023986,18.337958274449,17.6514124399687,16.6351751573982,19.16312629222,17.3825986141744,17.3641842023609,20.0917872808277,20.0917872808277,17.8860315257671,19.5361663563968,19.2849815576976,18.6969493252241,20.0917872808277,19.4915167290301,18.151422716753,17.6173802021882,18.3711064629359,17.7154224909815,19.2086322668477,17.8050910507045,17.7351916369415,20.0917872808277,20.0917872808277,20.0917872808277,20.0917872808277,17.4422269807884,19.16312629222,20.0917872808277,20.0917872808277,17.8276164987176,17.9317217509611,18.2201814995295,18.3764940451028,19.9139269089088,20.0917872808277,18.9879950733672,18.6182662117901,18.3748463598796,20.0917872808277,18.2988700967901,18.8104571457701,20.0917872808277,19.1394135899428,20.0917872808277,18.8934148386088,18.9771622381913,20.0917872808277,20.0917872808277,20.0917872808277,20.0917872808277,20.0917872808277,19.9176842430289,20.0917872808277,20.0917872808277,20.0917872808277,20.0917872808277,20.0917872808277,20.0917872808277,19.930653129668,20.0917872808277,19.16312629222,20.0917872808277,20.0917872808277,20.0917872808277,19.3836244077272,20.0917872808277,20.0917872808277,20.0917872808277,20.0917872808277,19.16312629222,20.0917872808277,19.2580824049671,20.0917872808277,20.0917872808277,20.0917872808277,19.4486217403907,19.16312629222,18.4334702500459,20.0917872808277,20.0917872808277,19.8128970516622,19.16312629222,19.16312629222,20.0917872808277,20.0917872808277,20.0917872808277,19.552872247869,20.0917872808277,19.16312629222,19.808633400813,20.0917872808277,20.0917872808277,19.9609082335961,20.0917872808277,20.0917872808277,20.0917872808277,20.0917872808277,20.0917872808277,20.0917872808277,20.0917872808277,20.0917872808277,20.0917872808277,20.0917872808277,20.0917872808277,19.16312629222,20.0917872808277,20.0917872808277,20.0917872808277,20.0917872808277,20.0917872808277,20.0917872808277,20.0917872808277,20.0917872808277,20.0917872808277,20.0917872808277,20.0917872808277,20.0917872808277,20.0917872808277,20.0917872808277,20.0917872808277,20.0917872808277,19.1401514239304,19.16312629222,20.0917872808277,20.0917872808277,20.0917872808277,20.0917872808277,20.0917872808277,20.0917872808277,20.0917872808277,20.0917872808277,20.0917872808277,20.0917872808277,20.0917872808277,20.0917872808277
"t5",1.72668417177092,0.835999478852851,0.506968839267495,4.68055669979943,0,3.21125117066357,1.60206109711243,1.2110328059456,2.5880702577726,4.06385847487378,7.34851353206547,10.909410444471,11.989319088698,15.9102664918289,14.1653505676294,10.2932497715381,10.7499938174493,14.828335158106,9.5413948357194,10.0373275507102,15.8914921557984,15.9102664918289,15.9102664918289,13.6173321980914,13.4244406404157,12.4615478225947,11.7379567415654,11.1713324212919,11.4825782601235,15.9102664918289,11.8415012418919,11.9495870208879,12.1035893006423,11.873003844488,14.0724232778744,12.9518714962192,15.9102664918289,15.9102664918289,15.9102664918289,13.5463694133997,14.1564374854501,13.4698916509698,12.4536543683993,14.9816055032211,13.2010778251755,13.182663413362,15.9102664918289,15.9102664918289,13.7045107367682,15.3546455673979,15.1034607686988,14.5154285362252,15.9102664918289,15.3099959400312,13.9699019277542,13.4358594131893,14.189585673937,13.5339017019826,15.0271114778488,13.6235702617057,13.5536708479426,15.9102664918289,15.9102664918289,15.9102664918289,15.9102664918289,13.2607061917895,14.9816055032211,15.9102664918289,15.9102664918289,13.6460957097187,13.7502009619622,14.0386607105306,14.194973256104,15.73240611991,15.9102664918289,14.8064742843683,14.4367454227912,14.1933255708807,15.9102664918289,14.1173493077912,14.6289363567712,15.9102664918289,14.9578928009439,15.9102664918289,14.71189404961,14.7956414491924,15.9102664918289,15.9102664918289,15.9102664918289,15.9102664918289,15.9102664918289,15.73616345403,15.9102664918289,15.9102664918289,15.9102664918289,15.9102664918289,15.9102664918289,15.9102664918289,15.7491323406691,15.9102664918289,14.9816055032211,15.9102664918289,15.9102664918289,15.9102664918289,15.2021036187283,15.9102664918289,15.9102664918289,15.9102664918289,15.9102664918289,14.9816055032211,15.9102664918289,15.0765616159682,15.9102664918289,15.9102664918289,15.9102664918289,15.2671009513918,14.9816055032211,14.251949461047,15.9102664918289,15.9102664918289,15.6313762626634,14.9816055032211,14.9816055032211,15.9102664918289,15.9102664918289,15.9102664918289,15.3713514588702,15.9102664918289,14.9816055032211,15.6271126118141,15.9102664918289,15.9102664918289,15.7793874445972,15.9102664918289,15.9102664918289,15.9102664918289,15.9102664918289,15.9102664918289,15.9102664918289,15.9102664918289,15.9102664918289,15.9102664918289,15.9102664918289,15.9102664918289,14.9816055032211,15.9102664918289,15.9102664918289,15.9102664918289,15.9102664918289,15.9102664918289,15.9102664918289,15.9102664918289,15.9102664918289,15.9102664918289,15.9102664918289,15.9102664918289,15.9102664918289,15.9102664918289,15.9102664918289,15.9102664918289,15.9102664918289,14.9586306349315,14.9816055032211,15.9102664918289,15.9102664918289,15.9102664918289,15.9102664918289,15.9102664918289,15.9102664918289,15.9102664918289,15.9102664918289,15.9102664918289,15.9102664918289,15.9102664918289,15.9102664918289
"t6",3.85699086017578,2.64091148713537,2.96872918171773,7.39277195966244,3.21125117066357,0,2.93552873041026,3.7052355919846,4.71837694617746,6.19416516327865,9.84271631810447,13.0397171328759,14.1196257771028,18.0405731802337,16.2956572560343,12.4235564599429,12.8803005058542,16.9586418465109,11.6717015241243,12.1676342391151,18.0217988442032,18.0405731802337,18.0405731802337,15.7476388864963,15.5547473288206,14.5918545109996,13.8682634299702,13.3016391096968,13.6128849485283,18.0405731802337,13.9718079302967,14.0798937092928,14.2338959890471,14.0033105328929,16.2027299662793,15.0821781846241,18.0405731802337,18.0405731802337,18.0405731802337,15.6766761018046,16.286744173855,15.6001983393746,14.5839610568042,17.4758082892601,15.3313845135804,15.3129701017669,18.0405731802337,18.0405731802337,15.834817425173,17.4849522558028,17.2337674571036,16.6457352246301,18.0405731802337,17.440302628436,16.100208616159,15.5661661015942,16.3198923623419,15.6642083903875,17.1574181662537,15.7538769501105,15.6839775363475,18.0405731802337,18.0405731802337,18.0405731802337,18.0405731802337,15.7549089778285,17.4758082892601,18.0405731802337,18.0405731802337,15.7764023981236,15.8805076503671,16.1689673989355,16.3252799445088,17.8627128083148,18.0405731802337,16.9367809727732,16.5670521111961,16.3236322592856,18.0405731802337,16.2476559961961,16.7592430451761,18.0405731802337,17.0881994893488,18.0405731802337,16.8422007380148,16.9259481375973,18.0405731802337,18.0405731802337,18.0405731802337,18.0405731802337,18.0405731802337,17.8664701424349,18.0405731802337,18.0405731802337,18.0405731802337,18.0405731802337,18.0405731802337,18.0405731802337,17.879439029074,18.0405731802337,17.4758082892601,18.0405731802337,18.0405731802337,18.0405731802337,17.3324103071332,18.0405731802337,18.0405731802337,18.0405731802337,18.0405731802337,17.4758082892601,18.0405731802337,17.2068683043731,18.0405731802337,18.0405731802337,18.0405731802337,17.3974076397967,17.4758082892601,16.746152247086,18.0405731802337,18.0405731802337,17.7616829510682,17.4758082892601,17.4758082892601,18.0405731802337,18.0405731802337,18.0405731802337,17.501658147275,18.0405731802337,17.4758082892601,17.757419300219,18.0405731802337,18.0405731802337,17.9096941330021,18.0405731802337,18.0405731802337,18.0405731802337,18.0405731802337,18.0405731802337,18.0405731802337,18.0405731802337,18.0405731802337,18.0405731802337,18.0405731802337,18.0405731802337,17.4758082892601,18.0405731802337,18.0405731802337,18.0405731802337,18.0405731802337,18.0405731802337,18.0405731802337,18.0405731802337,18.0405731802337,18.0405731802337,18.0405731802337,18.0405731802337,18.0405731802337,18.0405731802337,18.0405731802337,18.0405731802337,18.0405731802337,17.4528334209705,17.4758082892601,18.0405731802337,18.0405731802337,18.0405731802337,18.0405731802337,18.0405731802337,18.0405731802337,18.0405731802337,18.0405731802337,18.0405731802337,18.0405731802337,18.0405731802337,18.0405731802337
"t7",2.24780078662464,1.03172141358423,1.35953910816659,5.7835818861113,1.60206109711243,2.93552873041026,0,2.09604551843346,3.10918687262632,4.5849750897275,8.23352624455333,11.4305270593248,12.5104357035517,16.4313831066826,14.6864671824831,10.8143663863918,11.271110432303,15.3494517729597,10.0625114505731,10.5584441655639,16.4126087706521,16.4313831066826,16.4313831066826,14.1384488129451,13.9455572552694,12.9826644374485,12.2590733564191,11.6924490361457,12.0036948749772,16.4313831066826,12.3626178567456,12.4707036357417,12.624705915496,12.3941204593418,14.5935398927282,13.4729881110729,16.4313831066826,16.4313831066826,16.4313831066826,14.0674860282534,14.6775541003038,13.9910082658235,12.974770983253,15.866618215709,13.7221944400293,13.7037800282157,16.4313831066826,16.4313831066826,14.2256273516219,15.8757621822516,15.6245773835525,15.0365451510789,16.4313831066826,15.8311125548849,14.4910185426079,13.9569760280431,14.7107022887907,14.0550183168363,15.5482280927025,14.1446868765594,14.0747874627963,16.4313831066826,16.4313831066826,16.4313831066826,16.4313831066826,14.1457189042774,15.866618215709,16.4313831066826,16.4313831066826,14.1672123245724,14.2713175768159,14.5597773253844,14.7160898709577,16.2535227347637,16.4313831066826,15.327590899222,14.9578620376449,14.7144421857345,16.4313831066826,14.638465922645,15.1500529716249,16.4313831066826,15.4790094157976,16.4313831066826,15.2330106644637,15.3167580640462,16.4313831066826,16.4313831066826,16.4313831066826,16.4313831066826,16.4313831066826,16.2572800688838,16.4313831066826,16.4313831066826,16.4313831066826,16.4313831066826,16.4313831066826,16.4313831066826,16.2702489555229,16.4313831066826,15.866618215709,16.4313831066826,16.4313831066826,16.4313831066826,15.723220233582,16.4313831066826,16.4313831066826,16.4313831066826,16.4313831066826,15.866618215709,16.4313831066826,15.5976782308219,16.4313831066826,16.4313831066826,16.4313831066826,15.7882175662456,15.866618215709,15.1369621735349,16.4313831066826,16.4313831066826,16.1524928775171,15.866618215709,15.866618215709,16.4313831066826,16.4313831066826,16.4313831066826,15.8924680737239,16.4313831066826,15.866618215709,16.1482292266678,16.4313831066826,16.4313831066826,16.300504059451,16.4313831066826,16.4313831066826,16.4313831066826,16.4313831066826,16.4313831066826,16.4313831066826,16.4313831066826,16.4313831066826,16.4313831066826,16.4313831066826,16.4313831066826,15.866618215709,16.4313831066826,16.4313831066826,16.4313831066826,16.4313831066826,16.4313831066826,16.4313831066826,16.4313831066826,16.4313831066826,16.4313831066826,16.4313831066826,16.4313831066826,16.4313831066826,16.4313831066826,16.4313831066826,16.4313831066826,16.4313831066826,15.8436433474194,15.866618215709,16.4313831066826,16.4313831066826,16.4313831066826,16.4313831066826,16.4313831066826,16.4313831066826,16.4313831066826,16.4313831066826,16.4313831066826,16.4313831066826,16.4313831066826,16.4313831066826
"t8",2.22066859309195,1.32998390017388,1.00095326058853,5.39255359494447,1.2110328059456,3.7052355919846,2.09604551843346,0,3.08205467909363,4.55784289619481,6.51734629577039,11.4033948657921,12.483303510019,16.4042509131499,14.6593349889505,10.7872341928591,11.2439782387703,15.322319579427,10.0353792570404,10.5313119720313,16.3854765771194,16.4042509131499,16.4042509131499,14.1113166194124,13.9184250617367,12.9555322439158,12.2319411628864,11.665316842613,11.9765626814445,16.4042509131499,12.3354856632129,12.443571442209,12.5975737219633,12.3669882658091,14.5664076991955,13.4458559175403,16.4042509131499,16.4042509131499,16.4042509131499,14.0403538347207,14.6504219067711,13.9638760722908,12.9476387897203,14.150438266926,13.6950622464966,13.676647834683,16.4042509131499,16.4042509131499,14.1984951580892,15.8486299887189,15.5974451900198,15.0094129575462,16.4042509131499,15.8039803613522,14.4638863490752,13.9298438345104,14.683570095258,14.0278861233036,15.5210958991698,14.1175546830267,14.0476552692636,16.4042509131499,16.4042509131499,16.4042509131499,16.4042509131499,12.4295389554944,14.150438266926,16.4042509131499,16.4042509131499,14.1400801310398,14.2441853832833,14.5326451318517,14.688957677425,16.226390541231,16.4042509131499,15.3004587056894,14.9307298441122,14.6873099922018,16.4042509131499,14.6113337291123,15.1229207780922,16.4042509131499,15.4518772222649,16.4042509131499,15.205878470931,15.2896258705135,16.4042509131499,16.4042509131499,16.4042509131499,16.4042509131499,16.4042509131499,16.2301478753511,16.4042509131499,16.4042509131499,16.4042509131499,16.4042509131499,16.4042509131499,16.4042509131499,16.2431167619902,16.4042509131499,14.150438266926,16.4042509131499,16.4042509131499,16.4042509131499,15.6960880400493,16.4042509131499,16.4042509131499,16.4042509131499,16.4042509131499,14.150438266926,16.4042509131499,15.5705460372892,16.4042509131499,16.4042509131499,16.4042509131499,15.7610853727129,14.150438266926,13.4207822247519,16.4042509131499,16.4042509131499,16.1253606839844,14.150438266926,14.150438266926,16.4042509131499,16.4042509131499,16.4042509131499,15.8653358801912,16.4042509131499,14.150438266926,16.1210970331351,16.4042509131499,16.4042509131499,16.2733718659183,16.4042509131499,16.4042509131499,16.4042509131499,16.4042509131499,16.4042509131499,16.4042509131499,16.4042509131499,16.4042509131499,16.4042509131499,16.4042509131499,16.4042509131499,14.150438266926,16.4042509131499,16.4042509131499,16.4042509131499,16.4042509131499,16.4042509131499,16.4042509131499,16.4042509131499,16.4042509131499,16.4042509131499,16.4042509131499,16.4042509131499,16.4042509131499,16.4042509131499,16.4042509131499,16.4042509131499,16.4042509131499,14.1274633986365,14.150438266926,16.4042509131499,16.4042509131499,16.4042509131499,16.4042509131499,16.4042509131499,16.4042509131499,16.4042509131499,16.4042509131499,16.4042509131499,16.4042509131499,16.4042509131499,16.4042509131499
"t9",2.66904505631121,2.34312525436674,2.34554826882676,6.76959104677147,2.5880702577726,4.71837694617746,3.10918687262632,3.08205467909363,0,4.76530142782815,9.2195354052135,11.6108533974254,12.6907620416523,16.6117094447832,14.8667935205838,10.9946927244924,11.4514367704037,15.5297781110604,10.2428377886738,10.7387705036646,16.5929351087527,16.6117094447832,16.6117094447832,14.3187751510458,14.1258835933701,13.1629907755491,12.4393996945197,11.8727753742463,12.1840212130778,16.6117094447832,12.5429441948462,12.6510299738423,12.8050322535966,12.5744467974424,14.7738662308288,13.6533144491736,16.6117094447832,16.6117094447832,16.6117094447832,14.2478123663541,14.8578804384045,14.1713346039241,13.1550973213537,16.8526273763691,13.9025207781299,13.8841063663164,16.6117094447832,16.6117094447832,14.4059536897225,12.9174823890762,12.666297590377,15.2168714891796,16.6117094447832,16.0114388929855,14.6713448807085,14.1373023661437,14.8910286268914,14.235344654937,15.7285544308032,14.32501321466,14.255113800897,16.6117094447832,16.6117094447832,16.6117094447832,16.6117094447832,15.1317280649375,16.8526273763691,16.6117094447832,16.6117094447832,14.3475386626731,14.4516439149166,14.740103663485,14.8964162090583,16.4338490728643,16.6117094447832,15.5079172373227,15.1381883757456,14.8947685238351,16.6117094447832,14.8187922607456,15.3303793097256,16.6117094447832,15.6593357538983,16.6117094447832,15.4133370025643,15.4970844021468,16.6117094447832,16.6117094447832,16.6117094447832,16.6117094447832,16.6117094447832,16.4376064069844,16.6117094447832,16.6117094447832,16.6117094447832,16.6117094447832,16.6117094447832,16.6117094447832,16.4505752936235,16.6117094447832,16.8526273763691,16.6117094447832,16.6117094447832,16.6117094447832,15.9035465716827,13.4731033135071,13.4731033135071,16.6117094447832,16.6117094447832,16.8526273763691,16.6117094447832,15.7780045689226,16.6117094447832,16.6117094447832,16.6117094447832,15.9685439043462,16.8526273763691,16.122971334195,16.6117094447832,16.6117094447832,16.3328192156177,16.8526273763691,16.8526273763691,13.4731033135071,13.4731033135071,13.4731033135071,16.0727944118245,16.6117094447832,16.8526273763691,16.3285555647685,16.6117094447832,16.6117094447832,16.4808303975516,16.6117094447832,16.6117094447832,16.6117094447832,16.6117094447832,16.6117094447832,16.6117094447832,16.6117094447832,16.6117094447832,16.6117094447832,16.6117094447832,16.6117094447832,16.8526273763691,16.6117094447832,16.6117094447832,16.6117094447832,16.6117094447832,16.6117094447832,16.6117094447832,16.6117094447832,16.6117094447832,16.6117094447832,16.6117094447832,16.6117094447832,16.6117094447832,16.6117094447832,16.6117094447832,16.6117094447832,16.6117094447832,16.8296525080796,16.8526273763691,16.6117094447832,16.6117094447832,16.6117094447832,16.6117094447832,16.6117094447832,16.6117094447832,16.6117094447832,16.6117094447832,16.6117094447832,16.6117094447832,16.6117094447832,16.6117094447832
"t10",4.14483327341239,3.81891347146792,3.82133648592794,8.24537926387265,4.06385847487378,6.19416516327865,4.5849750897275,4.55784289619481,4.76530142782815,0,10.6953236223147,7.19479111986156,8.2746997640885,13.1694412446308,11.4245253204314,7.55242452434003,8.00916857025125,12.087509910908,5.82677551110992,6.32270822610074,12.1768728311889,12.1956471672194,12.1956471672194,9.90271287348192,9.70982131580624,8.74692849798526,8.02333741695589,7.45671309668245,7.76795893551399,12.1956471672194,8.12688191728239,9.20876177368991,8.3889699760328,8.15838451987857,10.357803953265,9.23725217160974,13.1694412446308,12.1956471672194,12.1956471672194,9.83175008879021,10.4418181608406,9.75527232636031,8.73903504378983,18.3284155934703,9.48645850056605,9.46804408875252,12.1956471672194,13.1694412446308,9.98989141215871,17.5318767374535,17.2806919387543,10.8008092116157,12.1956471672194,12.5691706928331,11.2290766805561,9.72124008857987,11.448760426739,10.7930764547846,11.3124921532393,10.8827450145076,10.8128456007446,13.1694412446308,13.1694412446308,12.1956471672194,12.1956471672194,16.6075162820387,18.3284155934703,13.1694412446308,13.1694412446308,9.93147638510925,10.0355816373527,10.3240413859212,10.4803539314945,12.9915808727119,13.1694412446308,11.0918549597588,11.6959201755932,11.4525003236827,13.1694412446308,11.3765240605932,11.8881111095732,12.1956471672194,11.2432734763344,13.1694412446308,11.9710688024119,11.081022124583,12.1956471672194,13.1694412446308,13.1694412446308,13.1694412446308,13.1694412446308,12.995338206832,13.1694412446308,13.1694412446308,12.1956471672194,13.1694412446308,13.1694412446308,12.1956471672194,13.0083070934711,13.1694412446308,18.3284155934703,12.1956471672194,13.1694412446308,13.1694412446308,12.4612783715303,18.0874976618844,18.0874976618844,12.1956471672194,12.1956471672194,18.3284155934703,12.1956471672194,11.3619422913587,12.1956471672194,13.1694412446308,12.1956471672194,11.5524816267824,18.3284155934703,17.5987595512962,13.1694412446308,12.1956471672194,11.9167569380539,18.3284155934703,18.3284155934703,18.0874976618844,18.0874976618844,18.0874976618844,11.6567321342607,12.1956471672194,18.3284155934703,12.8862873646161,13.1694412446308,13.1694412446308,13.0385621973992,12.1956471672194,12.1956471672194,12.1956471672194,12.1956471672194,12.1956471672194,12.1956471672194,12.1956471672194,12.1956471672194,12.1956471672194,13.1694412446308,13.1694412446308,18.3284155934703,12.1956471672194,12.1956471672194,13.1694412446308,13.1694412446308,12.1956471672194,12.1956471672194,12.1956471672194,12.1956471672194,12.1956471672194,12.1956471672194,13.1694412446308,13.1694412446308,13.1694412446308,13.1694412446308,13.1694412446308,13.1694412446308,18.3054407251808,18.3284155934703,13.1694412446308,13.1694412446308,12.1956471672194,12.1956471672194,12.1956471672194,12.1956471672194,12.1956471672194,12.1956471672194,13.1694412446308,13.1694412446308,12.1956471672194,12.1956471672194
"t11",8.35814931921182,7.46746462629375,7.13843398670839,11.5300343210643,7.34851353206547,9.84271631810447,8.23352624455333,6.51734629577039,9.2195354052135,10.6953236223147,0,17.5408755919119,18.6207842361389,22.5417316392698,20.7968157150703,16.924714918979,17.3814589648902,21.4598003055469,16.1728599831603,16.6687926981511,22.5229573032393,22.5417316392698,22.5417316392698,20.2487973455323,20.0559057878566,19.0930129700356,18.3694218890063,17.8027975687328,18.1140434075644,22.5417316392698,18.4729663893328,18.5810521683288,18.7350544480832,18.5044689919289,20.7038884253153,19.5833366436601,22.5417316392698,22.5417316392698,22.5417316392698,20.1778345608406,20.787902632891,20.1013567984107,19.0851195158402,9.37808227300797,19.8325429726164,19.8141285608029,22.5417316392698,22.5417316392698,20.3359758842091,21.9861107148388,21.7349259161397,21.1468936836661,22.5417316392698,21.9414610874721,20.6013670751951,20.0673245606303,20.8210508213779,20.1653668494235,21.6585766252897,20.2550354091466,20.1851359953835,22.5417316392698,22.5417316392698,22.5417316392698,22.5417316392698,7.65718296157635,9.37808227300797,22.5417316392698,22.5417316392698,20.2775608571596,20.3816661094031,20.6701258579715,20.8264384035449,22.3638712673509,22.5417316392698,21.4379394318092,21.0682105702321,20.8247907183216,22.5417316392698,20.7488144552321,21.2604015042121,22.5417316392698,21.5893579483848,22.5417316392698,21.3433591970508,21.4271065966333,22.5417316392698,22.5417316392698,22.5417316392698,22.5417316392698,22.5417316392698,22.367628601471,22.5417316392698,22.5417316392698,22.5417316392698,22.5417316392698,22.5417316392698,22.5417316392698,22.38059748811,22.5417316392698,9.37808227300796,22.5417316392698,22.5417316392698,22.5417316392698,21.8335687661692,22.5417316392698,22.5417316392698,22.5417316392698,22.5417316392698,9.37808227300797,22.5417316392698,21.7080267634091,22.5417316392698,22.5417316392698,22.5417316392698,21.8985660988328,9.37808227300796,8.64842623083385,22.5417316392698,22.5417316392698,22.2628414101043,9.37808227300796,9.37808227300796,22.5417316392698,22.5417316392698,22.5417316392698,22.0028166063111,22.5417316392698,9.37808227300796,22.258577759255,22.5417316392698,22.5417316392698,22.4108525920381,22.5417316392698,22.5417316392698,22.5417316392698,22.5417316392698,22.5417316392698,22.5417316392698,22.5417316392698,22.5417316392698,22.5417316392698,22.5417316392698,22.5417316392698,9.37808227300796,22.5417316392698,22.5417316392698,22.5417316392698,22.5417316392698,22.5417316392698,22.5417316392698,22.5417316392698,22.5417316392698,22.5417316392698,22.5417316392698,22.5417316392698,22.5417316392698,22.5417316392698,22.5417316392698,22.5417316392698,22.5417316392698,9.35510740471839,9.37808227300796,22.5417316392698,22.5417316392698,22.5417316392698,22.5417316392698,22.5417316392698,22.5417316392698,22.5417316392698,22.5417316392698,22.5417316392698,22.5417316392698,22.5417316392698,22.5417316392698
"t12",10.9903852430096,10.6644654410652,10.6668884555252,15.0909312334699,10.909410444471,13.0397171328759,11.4305270593248,11.4033948657921,11.6108533974254,7.19479111986156,17.5408755919119,0,7.71823177017736,20.0149932142281,18.2700772900286,14.3979764939373,14.8547205398485,18.9330618805052,5.27030751719879,5.7662402321896,11.6204048372778,11.6391791733082,11.6391791733082,9.34624487957078,9.1533533218951,8.19046050407412,7.46686942304475,6.90024510277131,7.21149094160285,11.6391791733083,7.57041392337125,16.0543137432872,7.83250198212166,7.60191652596743,9.80133595935383,8.6807841776986,20.0149932142281,11.6391791733082,11.6391791733082,9.27528209487907,9.88535016692948,9.19880433244917,8.18256704987869,25.1739675630676,8.92999050665491,8.91157609484138,11.6391791733082,20.0149932142281,9.43342341824757,24.3774287070507,24.1262439083516,10.2443412177046,11.6391791733082,19.4147226624304,18.0746286501534,9.16477209466873,18.2943123963362,17.6386284243818,10.7560241593282,17.7282969841049,17.6583975703418,20.0149932142281,20.0149932142281,11.6391791733082,11.6391791733082,23.453068251636,25.1739675630676,20.0149932142281,20.0149932142281,9.37500839119811,9.47911364344161,9.76757339201003,9.92388593758334,19.8371328423092,20.0149932142281,10.5353869658477,18.5414721451904,18.29805229328,20.0149932142281,18.2220760301905,18.7336630791704,11.6391791733082,10.6868054824233,20.0149932142281,18.8166207720092,10.5245541306718,11.6391791733082,20.0149932142281,20.0149932142281,20.0149932142281,20.0149932142281,19.8408901764293,20.0149932142281,20.0149932142281,11.6391791733082,20.0149932142281,20.0149932142281,11.6391791733082,19.8538590630684,20.0149932142281,25.1739675630676,11.6391791733082,20.0149932142281,20.0149932142281,19.3068303411275,24.9330496314817,24.9330496314817,11.6391791733082,11.6391791733082,25.1739675630676,11.6391791733082,10.8054742974476,11.6391791733082,20.0149932142281,11.6391791733082,10.9960136328712,25.1739675630676,24.4443115208935,20.0149932142281,11.6391791733082,11.3602889441427,25.1739675630676,25.1739675630676,24.9330496314817,24.9330496314817,24.9330496314817,11.1002641403495,11.6391791733082,25.1739675630676,19.7318393342133,20.0149932142281,20.0149932142281,19.8841141669965,11.6391791733082,11.6391791733082,11.6391791733082,11.6391791733082,11.6391791733082,11.6391791733082,11.6391791733082,11.6391791733082,11.6391791733082,20.0149932142281,20.0149932142281,25.1739675630676,11.6391791733082,11.6391791733082,20.0149932142281,20.0149932142281,11.6391791733082,11.6391791733082,11.6391791733082,11.6391791733082,11.6391791733082,11.6391791733082,20.0149932142281,20.0149932142281,20.0149932142281,20.0149932142281,20.0149932142281,20.0149932142281,25.150992694778,25.1739675630676,20.0149932142281,20.0149932142281,11.6391791733082,11.6391791733082,11.6391791733082,11.6391791733082,11.6391791733082,11.6391791733082,20.0149932142281,20.0149932142281,11.6391791733082,11.6391791733082
"t13",12.0702938872366,11.7443740852921,11.7467970997521,16.1708398776968,11.989319088698,14.1196257771028,12.5104357035517,12.483303510019,12.6907620416523,8.2746997640885,18.6207842361389,7.71823177017736,0,21.094901858455,19.3499859342556,15.4778851381642,15.9346291840754,20.0129705247321,6.01352950049725,6.50946221548807,12.3636268205762,12.3824011566067,12.3824011566067,10.0894668628692,9.89657530519356,8.93368248737258,8.21009140634321,7.64346708606978,7.95471292490132,12.3824011566067,8.31363590666971,17.1342223875141,8.57572396542013,8.34513850926589,10.5445579426523,9.42400616099706,21.094901858455,12.3824011566067,12.3824011566067,10.0185040781775,10.6285721502279,9.94202631574763,8.92578903317715,26.2538762072945,9.67321248995338,9.65479807813984,12.3824011566067,21.094901858455,10.176645401546,25.4573373512776,25.2061525525785,10.9875632010031,12.3824011566067,20.4946313066573,19.1545372943803,9.9079940779672,19.3742210405632,18.7185370686088,11.4992461426267,18.8082056283318,18.7383062145687,21.094901858455,21.094901858455,12.3824011566067,12.3824011566067,24.5329768958629,26.2538762072945,21.094901858455,21.094901858455,10.1182303744966,10.2223356267401,10.5107953753085,10.6671079208818,20.9170414865361,21.094901858455,11.2786089491462,19.6213807894173,19.3779609375069,21.094901858455,19.3019846744174,19.8135717233973,12.3824011566067,11.4300274657217,21.094901858455,19.8965294162361,11.2677761139703,12.3824011566067,21.094901858455,21.094901858455,21.094901858455,21.094901858455,20.9207988206562,21.094901858455,21.094901858455,12.3824011566067,21.094901858455,21.094901858455,12.3824011566067,20.9337677072953,21.094901858455,26.2538762072945,12.3824011566067,21.094901858455,21.094901858455,20.3867389853545,26.0129582757086,26.0129582757086,12.3824011566067,12.3824011566067,26.2538762072945,12.3824011566067,11.5486962807461,12.3824011566067,21.094901858455,12.3824011566067,11.7392356161697,26.2538762072945,25.5242201651204,21.094901858455,12.3824011566067,12.1035109274412,26.2538762072945,26.2538762072945,26.0129582757086,26.0129582757086,26.0129582757086,11.843486123648,12.3824011566067,26.2538762072945,20.8117479784403,21.094901858455,21.094901858455,20.9640228112234,12.3824011566067,12.3824011566067,12.3824011566067,12.3824011566067,12.3824011566067,12.3824011566067,12.3824011566067,12.3824011566067,12.3824011566067,21.094901858455,21.094901858455,26.2538762072945,12.3824011566067,12.3824011566067,21.094901858455,21.094901858455,12.3824011566067,12.3824011566067,12.3824011566067,12.3824011566067,12.3824011566067,12.3824011566067,21.094901858455,21.094901858455,21.094901858455,21.094901858455,21.094901858455,21.094901858455,26.2309013390049,26.2538762072945,21.094901858455,21.094901858455,12.3824011566067,12.3824011566067,12.3824011566067,12.3824011566067,12.3824011566067,12.3824011566067,21.094901858455,21.094901858455,12.3824011566067,12.3824011566067
