"","t1","t2","t3","t4","t5","t6","t7","t8","t9","t10","t11","t12","t13","t14","t15","t16","t17","t18","t19","t20","t21","t22","t23","t24","t25","t26","t27","t28","t29","t30","t31","t32","t33","t34","t35","t36","t37","t38","t39","t40","t41","t42","t43","t44","t45","t46","t47","t48","t49","t50","t51","t52","t53","t54","t55","t56","t57","t58","t59","t60","t61","t62","t63","t64","t65","t66","t67","t68","t69","t70","t71","t72","t73","t74","t75","t76","t77","t78","t79","t80","t81","t82","t83","t84","t85","t86","t87","t88","t89","t90","t91","t92","t93","t94","t95","t96","t97","t98","t99","t100","t101","t102","t103","t104","t105","t106","t107","t108","t109","t110","t111","t112","t113","t114","t115","t116","t117","t118","t119","t120","t121","t122","t123","t124","t125"
"t1",0,5.88780550307933,4.7420252465305,12.2502316867413,15.9996786673381,12.6445263079918,13.3050786294324,14.4444521644526,5.9810875696422,15.3217452898547,13.0242012437839,14.3990468935148,13.5342350844538,6.0507440447679,6.3964417217133,8.93977586396648,14.1788065812627,15.9996786673381,15.9996786673381,15.8973276465758,14.0265931967515,15.9996786673381,15.9996786673381,15.2280463110373,15.9996786673381,8.93977586396648,8.93977586396648,8.93977586396648,15.9996786673381,14.6794151943211,15.9996786673381,15.9996786673381,8.93977586396648,15.9996786673381,15.9996786673381,15.9996786673381,15.9996786673381,15.8358023499996,8.44550831593531,15.9996786673381,8.93977586396648,15.9996786673381,15.9996786673381,15.9996786673381,15.9996786673381,15.9996786673381,8.93977586396648,8.93977586396648,15.9996786673381,15.9996786673381,15.9996786673381,8.93977586396648,15.9996786673381,15.9996786673381,15.9996786673381,15.9996786673381,15.9996786673381,15.9996786673381,15.9996786673381,15.9996786673381,15.9996786673381,15.9996786673381,8.93977586396648,8.93977586396648,15.7742547625571,15.8271045447673,15.9996786673381,15.9996786673381,8.93977586396648,15.9996786673381,15.9996786673381,15.9996786673381,15.9996786673381,8.93977586396648,8.57199966906747,15.9996786673381,15.9996786673381,8.93977586396648,15.9996786673381,15.7489881651721,15.9996786673381,15.9996786673381,15.9996786673381,15.9996786673381,8.93977586396648,8.93977586396648,15.9996786673381,15.9996786673381,15.9996786673381,15.9996786673381,15.9996786673381,15.9996786673381,8.93977586396648,8.93977586396648,15.9996786673381,15.9996786673381,8.93977586396648,8.93977586396648,15.9996786673381,15.9996786673381,15.9996786673381,15.9996786673381,15.9996786673381,15.9996786673381,8.93977586396648,8.93977586396648,15.9996786673381,15.9996786673381,15.9996786673381,15.9996786673381,15.9996786673381,8.93977586396648,8.93977586396648,8.93977586396648,8.93977586396648,8.93977586396648,8.93977586396648,15.9996786673381,15.9996786673381,15.9996786673381,15.9996786673381,15.9996786673381,15.9996786673381,15.9996786673381,15.9996786673381
"t2",5.88780550307933,0,1.78513801936257,11.2102745375332,14.95972151813,11.6045691587837,12.2651214802243,13.4044950152445,3.35716557618725,14.2817881406466,11.9842440945758,13.3590897443066,12.4942779352457,3.42682205131295,3.77251972825835,6.31585387051153,13.1388494320546,14.95972151813,14.95972151813,14.8573704973676,12.9866360475433,14.95972151813,14.95972151813,14.1880891618292,14.95972151813,6.31585387051153,6.31585387051153,6.31585387051153,14.95972151813,13.639458045113,14.95972151813,14.95972151813,6.31585387051153,14.95972151813,14.95972151813,14.95972151813,14.95972151813,14.7958452007915,5.82158632248036,14.95972151813,6.31585387051153,14.95972151813,14.95972151813,14.95972151813,14.95972151813,14.95972151813,6.31585387051153,6.31585387051153,14.95972151813,14.95972151813,14.95972151813,6.31585387051153,14.95972151813,14.95972151813,14.95972151813,14.95972151813,14.95972151813,14.95972151813,14.95972151813,14.95972151813,14.95972151813,14.95972151813,6.31585387051153,6.31585387051153,14.734297613349,14.7871473955592,14.95972151813,14.95972151813,6.31585387051153,14.95972151813,14.95972151813,14.95972151813,14.95972151813,6.31585387051153,5.94807767561252,14.95972151813,14.95972151813,6.31585387051153,14.95972151813,14.709031015964,14.95972151813,14.95972151813,14.95972151813,14.95972151813,6.31585387051153,6.31585387051153,14.95972151813,14.95972151813,14.95972151813,14.95972151813,14.95972151813,14.95972151813,6.31585387051153,6.31585387051153,14.95972151813,14.95972151813,6.31585387051153,6.31585387051153,14.95972151813,14.95972151813,14.95972151813,14.95972151813,14.95972151813,14.95972151813,6.31585387051153,6.31585387051153,14.95972151813,14.95972151813,14.95972151813,14.95972151813,14.95972151813,6.31585387051153,6.31585387051153,6.31585387051153,6.31585387051153,6.31585387051153,6.31585387051153,14.95972151813,14.95972151813,14.95972151813,14.95972151813,14.95972151813,14.95972151813,14.95972151813,14.95972151813
"t3",4.7420252465305,1.78513801936257,0,10.0644942809843,13.8139412615811,10.4587889022349,11.1193412236754,12.2587147586957,2.21138531963841,13.1360078840978,10.838463838027,12.2133094877578,11.3484976786969,2.28104179476412,2.62673947170952,5.1700736139627,11.9930691755057,13.8139412615812,13.8139412615812,13.7115902408188,11.8408557909945,13.8139412615812,13.8139412615811,13.0423089052803,13.8139412615811,5.1700736139627,5.1700736139627,5.1700736139627,13.8139412615812,12.4936777885641,13.8139412615812,13.8139412615812,5.1700736139627,13.8139412615812,13.8139412615812,13.8139412615812,13.8139412615811,13.6500649442427,4.67580606593153,13.8139412615811,5.1700736139627,13.8139412615811,13.8139412615811,13.8139412615812,13.8139412615812,13.8139412615811,5.1700736139627,5.1700736139627,13.8139412615811,13.8139412615811,13.8139412615811,5.1700736139627,13.8139412615811,13.8139412615811,13.8139412615811,13.8139412615811,13.8139412615811,13.8139412615811,13.8139412615811,13.8139412615812,13.8139412615812,13.8139412615812,5.1700736139627,5.1700736139627,13.5885173568001,13.6413671390104,13.8139412615812,13.8139412615812,5.1700736139627,13.8139412615812,13.8139412615812,13.8139412615812,13.8139412615812,5.1700736139627,4.80229741906369,13.8139412615812,13.8139412615812,5.1700736139627,13.8139412615811,13.5632507594151,13.8139412615812,13.8139412615812,13.8139412615812,13.8139412615812,5.1700736139627,5.1700736139627,13.8139412615812,13.8139412615812,13.8139412615812,13.8139412615811,13.8139412615811,13.8139412615811,5.1700736139627,5.1700736139627,13.8139412615812,13.8139412615812,5.1700736139627,5.1700736139627,13.8139412615812,13.8139412615812,13.8139412615812,13.8139412615811,13.8139412615812,13.8139412615812,5.1700736139627,5.1700736139627,13.8139412615812,13.8139412615812,13.8139412615812,13.8139412615812,13.8139412615811,5.1700736139627,5.1700736139627,5.1700736139627,5.1700736139627,5.1700736139627,5.1700736139627,13.8139412615811,13.8139412615811,13.8139412615812,13.8139412615812,13.8139412615812,13.8139412615812,13.8139412615811,13.8139412615811
"t4",12.2502316867413,11.2102745375332,10.0644942809843,0,4.45986535383045,2.02897715199375,2.68952947343433,6.4533857619698,11.303556604096,5.44802378559555,3.15047973952478,4.5253253892556,3.66051358019469,11.3732130792217,11.7189107561671,14.2622448984203,6.47276576964524,8.29363785572066,6.12595716307894,8.19128683495831,6.32055238513402,4.45986535383045,11.8767084248787,4.61249715503921,11.8767084248787,14.2622448984203,14.2622448984203,14.2622448984203,8.29363785572066,4.80569369006191,6.12595716307894,8.00861226485527,14.2622448984203,5.38412951134003,5.38412951134003,8.29363785572066,8.00861226485527,7.84473594751678,13.7679773503891,4.45986535383045,14.2622448984203,11.8767084248787,11.8767084248787,8.29363785572066,8.29363785572066,8.00861226485527,14.2622448984203,14.2622448984203,4.45986535383045,8.00861226485527,8.29363785572066,14.2622448984203,4.45986535383045,4.45986535383045,8.29363785572066,8.29363785572066,11.8767084248787,11.8767084248787,8.29363785572066,4.45986535383045,6.12595716307894,6.12595716307894,14.2622448984203,14.2622448984203,4.23444144904944,7.83603814228451,5.38412951134003,8.29363785572066,14.2622448984203,5.38412951134003,5.38412951134003,8.00861226485527,8.00861226485527,14.2622448984203,13.8944687035213,8.29363785572066,8.29363785572066,14.2622448984203,11.8767084248787,11.6260179227127,8.00861226485527,8.00861226485527,8.29363785572066,8.29363785572066,14.2622448984203,14.2622448984203,8.29363785572066,8.29363785572066,5.38412951134003,8.00861226485527,8.00861226485527,11.8767084248787,14.2622448984203,14.2622448984203,8.29363785572066,8.29363785572066,14.2622448984203,14.2622448984203,8.00861226485527,4.45986535383045,4.45986535383045,5.38412951134003,5.38412951134003,5.38412951134003,14.2622448984203,14.2622448984203,4.45986535383045,4.45986535383045,5.38412951134003,5.38412951134003,11.8767084248787,14.2622448984203,14.2622448984203,14.2622448984203,14.2622448984203,14.2622448984203,14.2622448984203,11.8767084248787,11.8767084248787,5.38412951134003,5.38412951134003,8.00861226485527,8.00861226485527,8.00861226485527,8.00861226485527
"t5",15.9996786673381,14.95972151813,13.8139412615811,4.45986535383045,0,5.77842413259058,6.43897645403116,10.2028327425666,15.0530035846928,9.19747076619238,6.89992672012161,8.27477236985242,7.40996056079151,15.1226600598186,15.468357736764,18.0116918790171,10.2222127502421,12.0430848363175,9.87540414367577,11.9407338155551,10.0699993657308,7.42613602005452,15.6261554054755,8.36194413563604,15.6261554054755,18.0116918790171,18.0116918790171,18.0116918790171,12.0430848363175,8.55514067065874,9.87540414367577,11.7580592454521,18.0116918790171,9.13357649193686,9.13357649193686,12.0430848363175,11.7580592454521,11.5941829281136,17.517424330986,7.7656609866409,18.0116918790171,15.6261554054755,15.6261554054755,12.0430848363175,12.0430848363175,11.7580592454521,18.0116918790171,18.0116918790171,7.7656609866409,11.7580592454521,12.0430848363175,18.0116918790171,7.42613602005452,7.42613602005452,12.0430848363175,12.0430848363175,15.6261554054755,15.6261554054755,12.0430848363175,7.7656609866409,9.87540414367577,9.87540414367577,18.0116918790171,18.0116918790171,7.54023708185989,11.5854851228813,9.13357649193686,12.0430848363175,18.0116918790171,9.13357649193686,9.13357649193686,11.7580592454521,11.7580592454521,18.0116918790171,17.6439156841181,12.0430848363175,12.0430848363175,18.0116918790171,15.6261554054755,15.3754649033095,11.7580592454521,11.7580592454521,12.0430848363175,12.0430848363175,18.0116918790171,18.0116918790171,12.0430848363175,12.0430848363175,9.13357649193686,11.7580592454521,11.7580592454521,15.6261554054755,18.0116918790171,18.0116918790171,12.0430848363175,12.0430848363175,18.0116918790171,18.0116918790171,11.7580592454521,7.7656609866409,7.7656609866409,9.13357649193686,9.13357649193686,9.13357649193686,18.0116918790171,18.0116918790171,7.42613602005452,7.42613602005452,9.13357649193686,9.13357649193686,15.6261554054755,18.0116918790171,18.0116918790171,18.0116918790171,18.0116918790171,18.0116918790171,18.0116918790171,15.6261554054755,15.6261554054755,9.13357649193686,9.13357649193686,11.7580592454521,11.7580592454521,11.7580592454521,11.7580592454521
"t6",12.6445263079918,11.6045691587837,10.4587889022349,2.02897715199375,5.77842413259058,0,1.33665666873835,6.84768038322036,11.6978512253466,5.8423184068461,3.54477436077533,4.91962001050615,4.05480820144524,11.7675077004723,12.1132053774177,14.6565395196709,6.86706039089579,8.68793247697121,6.5202517843295,8.58558145620886,6.71484700638457,5.77842413259058,12.2710030461293,3.25962435034323,12.2710030461293,14.6565395196709,14.6565395196709,14.6565395196709,8.68793247697121,5.19998831131246,6.5202517843295,8.40290688610582,14.6565395196709,4.03125670664406,4.03125670664406,8.68793247697121,8.40290688610582,8.23903056876734,14.1622719716397,5.77842413259058,14.6565395196709,12.2710030461293,12.2710030461293,8.68793247697121,8.68793247697121,8.40290688610582,14.6565395196709,14.6565395196709,5.77842413259058,8.40290688610582,8.68793247697121,14.6565395196709,5.77842413259058,5.77842413259058,8.68793247697121,8.68793247697121,12.2710030461293,12.2710030461293,8.68793247697121,5.77842413259058,6.5202517843295,6.5202517843295,14.6565395196709,14.6565395196709,5.55300022780957,8.23033276353507,4.03125670664406,8.68793247697121,14.6565395196709,4.03125670664406,4.03125670664406,8.40290688610582,8.40290688610582,14.6565395196709,14.2887633247718,8.68793247697121,8.68793247697121,14.6565395196709,12.2710030461293,12.0203125439632,8.40290688610582,8.40290688610582,8.68793247697121,8.68793247697121,14.6565395196709,14.6565395196709,8.68793247697121,8.68793247697121,4.03125670664406,8.40290688610582,8.40290688610582,12.2710030461293,14.6565395196709,14.6565395196709,8.68793247697121,8.68793247697121,14.6565395196709,14.6565395196709,8.40290688610582,5.77842413259058,5.77842413259058,4.03125670664406,4.03125670664406,4.03125670664406,14.6565395196709,14.6565395196709,5.77842413259058,5.77842413259058,4.03125670664406,4.03125670664406,12.2710030461293,14.6565395196709,14.6565395196709,14.6565395196709,14.6565395196709,14.6565395196709,14.6565395196709,12.2710030461293,12.2710030461293,4.03125670664406,4.03125670664406,8.40290688610582,8.40290688610582,8.40290688610582,8.40290688610582
"t7",13.3050786294324,12.2651214802243,11.1193412236754,2.68952947343433,6.43897645403116,1.33665666873835,0,7.50823270466093,12.3584035467871,6.50287072828668,4.20532668221591,5.58017233194672,4.71536052288581,12.4280600219128,12.7737576988582,15.3170918411114,7.52761271233636,9.34848479841178,7.18080410577007,9.24613377764944,7.37539932782515,6.43897645403116,12.9315553675698,3.58900025812929,12.9315553675698,15.3170918411114,15.3170918411114,15.3170918411114,9.34848479841178,5.86054063275304,7.18080410577007,9.0634592075464,15.3170918411114,4.36063261443012,4.36063261443012,9.34848479841178,9.0634592075464,8.89958289020791,14.8228242930803,6.43897645403116,15.3170918411114,12.9315553675698,12.9315553675698,9.34848479841178,9.34848479841178,9.06345920754639,15.3170918411114,15.3170918411114,6.43897645403116,9.06345920754639,9.34848479841178,15.3170918411114,6.43897645403116,6.43897645403116,9.34848479841178,9.34848479841178,12.9315553675698,12.9315553675698,9.34848479841178,6.43897645403116,7.18080410577007,7.18080410577007,15.3170918411114,15.3170918411114,6.21355254925014,8.89088508497564,4.36063261443012,9.34848479841178,15.3170918411114,4.36063261443012,4.36063261443012,9.0634592075464,9.0634592075464,15.3170918411114,14.9493156462124,9.34848479841178,9.34848479841178,15.3170918411114,12.9315553675698,12.6808648654038,9.0634592075464,9.0634592075464,9.34848479841178,9.34848479841178,15.3170918411114,15.3170918411114,9.34848479841178,9.34848479841178,4.36063261443012,9.0634592075464,9.0634592075464,12.9315553675698,15.3170918411114,15.3170918411114,9.34848479841178,9.34848479841178,15.3170918411114,15.3170918411114,9.0634592075464,6.43897645403116,6.43897645403116,4.36063261443012,4.36063261443012,4.36063261443012,15.3170918411114,15.3170918411114,6.43897645403116,6.43897645403116,4.36063261443012,4.36063261443012,12.9315553675698,15.3170918411114,15.3170918411114,15.3170918411114,15.3170918411114,15.3170918411114,15.3170918411114,12.9315553675698,12.9315553675698,4.36063261443012,4.36063261443012,9.0634592075464,9.0634592075464,9.06345920754639,9.06345920754639
"t8",14.4444521644526,13.4044950152445,12.2587147586957,6.4533857619698,10.2028327425666,6.84768038322036,7.50823270466093,0,13.4977770818074,9.52489936508324,7.22735531901247,8.60220096874329,7.73738915968238,13.5674335569331,13.9131312338785,16.4564653761317,8.6669862473566,10.487858333432,10.2028327425666,10.3855073126697,8.51477286284538,10.2028327425666,14.0709289025901,9.43120038626581,14.0709289025901,16.4564653761317,16.4564653761317,16.4564653761317,10.487858333432,8.8825692695496,10.2028327425666,8.69666046525949,16.4564653761317,10.2028327425666,10.2028327425666,10.487858333432,5.2549926502181,5.09111633287961,15.9621978281005,10.2028327425666,16.4564653761317,14.0709289025901,14.0709289025901,10.487858333432,10.487858333432,5.2549926502181,16.4564653761317,16.4564653761317,10.2028327425666,5.2549926502181,10.487858333432,16.4564653761317,10.2028327425666,10.2028327425666,10.487858333432,10.487858333432,14.0709289025901,14.0709289025901,10.487858333432,10.2028327425666,10.2028327425666,10.2028327425666,16.4564653761317,16.4564653761317,9.97740883778562,8.52408634268873,10.2028327425666,10.487858333432,16.4564653761317,10.2028327425666,10.2028327425666,5.2549926502181,5.2549926502181,16.4564653761317,16.0886891812327,10.487858333432,10.487858333432,16.4564653761317,14.0709289025901,13.820238400424,8.69666046525949,8.69666046525949,10.487858333432,10.487858333432,16.4564653761317,16.4564653761317,10.487858333432,10.487858333432,10.2028327425666,5.2549926502181,5.2549926502181,14.0709289025901,16.4564653761317,16.4564653761317,10.487858333432,10.487858333432,16.4564653761317,16.4564653761317,8.69666046525949,10.2028327425666,10.2028327425666,10.2028327425666,10.2028327425666,10.2028327425666,16.4564653761317,16.4564653761317,10.2028327425666,10.2028327425666,10.2028327425666,10.2028327425666,14.0709289025901,16.4564653761317,16.4564653761317,16.4564653761317,16.4564653761317,16.4564653761317,16.4564653761317,14.0709289025901,14.0709289025901,10.2028327425666,10.2028327425666,8.69666046525949,8.69666046525949,5.2549926502181,5.2549926502181
"t9",5.9810875696422,3.35716557618725,2.21138531963841,11.303556604096,15.0530035846928,11.6978512253466,12.3584035467871,13.4977770818074,0,14.3750702072095,12.0775261611387,13.4523718108695,12.5875600018086,2.74780377617659,3.09350145312199,5.63683559537517,13.2321314986174,15.0530035846929,15.0530035846929,14.9506525639305,13.0799181141062,15.0530035846929,15.0530035846928,14.281371228392,15.0530035846928,3.52595512165122,3.52595512165122,3.52595512165122,15.0530035846929,13.7327401116758,15.0530035846929,15.0530035846929,3.52595512165122,15.0530035846929,15.0530035846929,15.0530035846929,15.0530035846928,14.8891272673544,3.02031267723471,15.0530035846928,3.52595512165122,15.0530035846928,15.0530035846928,15.0530035846929,15.0530035846929,15.0530035846928,5.63683559537517,3.52595512165122,15.0530035846928,15.0530035846928,15.0530035846928,5.63683559537517,15.0530035846928,15.0530035846928,15.0530035846928,15.0530035846928,15.0530035846928,15.0530035846928,15.0530035846928,15.0530035846929,15.0530035846929,15.0530035846929,3.51458022526587,3.51458022526587,14.8275796799118,14.8804294621221,15.0530035846929,15.0530035846929,3.52595512165122,15.0530035846929,15.0530035846929,15.0530035846929,15.0530035846929,5.63683559537517,5.26905940047616,15.0530035846929,15.0530035846929,5.63683559537517,15.0530035846928,14.8023130825268,15.0530035846929,15.0530035846929,15.0530035846929,15.0530035846929,3.52595512165122,3.52595512165122,15.0530035846929,15.0530035846929,15.0530035846929,15.0530035846928,15.0530035846928,15.0530035846928,3.52595512165122,3.52595512165122,15.0530035846929,15.0530035846929,5.63683559537517,5.63683559537517,15.0530035846929,15.0530035846929,15.0530035846929,15.0530035846928,15.0530035846929,15.0530035846929,3.52595512165122,3.52595512165122,15.0530035846929,15.0530035846929,15.0530035846929,15.0530035846929,15.0530035846928,3.52595512165122,3.52595512165122,3.52595512165122,3.52595512165122,5.63683559537517,5.63683559537517,15.0530035846928,15.0530035846928,15.0530035846929,15.0530035846929,15.0530035846929,15.0530035846929,15.0530035846928,15.0530035846928
"t10",15.3217452898547,14.2817881406466,13.1360078840978,5.44802378559555,9.19747076619238,5.8423184068461,6.50287072828668,9.52489936508324,14.3750702072095,0,2.74579019312101,4.12063584285183,3.25582403379092,14.4447266823352,14.7904243592806,17.3337585015337,9.54427937275867,11.3651514588341,6.27585601622702,11.2628004380717,9.39206598824745,9.19747076619238,14.9482220279921,8.42583840989155,14.9482220279921,17.3337585015337,17.3337585015337,17.3337585015337,11.3651514588341,4.95559254320998,6.27585601622702,11.0801258679687,17.3337585015337,9.19747076619238,9.19747076619238,11.3651514588341,11.0801258679687,10.9162495506302,16.8394909535026,9.19747076619238,17.3337585015337,14.9482220279921,14.9482220279921,11.3651514588341,11.3651514588341,11.0801258679687,17.3337585015337,17.3337585015337,9.19747076619238,11.0801258679687,11.3651514588341,17.3337585015337,9.19747076619238,9.19747076619238,11.3651514588341,11.3651514588341,14.9482220279921,14.9482220279921,11.3651514588341,9.19747076619238,6.27585601622701,6.27585601622701,17.3337585015337,17.3337585015337,8.97204686141136,10.9075517453979,9.19747076619238,11.3651514588341,17.3337585015337,9.19747076619238,9.19747076619238,11.0801258679687,11.0801258679687,17.3337585015337,16.9659823066347,11.3651514588341,11.3651514588341,17.3337585015337,14.9482220279921,14.6975315258261,11.0801258679687,11.0801258679687,11.3651514588341,11.3651514588341,17.3337585015337,17.3337585015337,11.3651514588341,11.3651514588341,9.19747076619238,11.0801258679687,11.0801258679687,14.9482220279921,17.3337585015337,17.3337585015337,11.3651514588341,11.3651514588341,17.3337585015337,17.3337585015337,11.0801258679687,9.19747076619238,9.19747076619238,9.19747076619238,9.19747076619238,9.19747076619238,17.3337585015337,17.3337585015337,9.19747076619238,9.19747076619238,9.19747076619238,9.19747076619238,14.9482220279921,17.3337585015337,17.3337585015337,17.3337585015337,17.3337585015337,17.3337585015337,17.3337585015337,14.9482220279921,14.9482220279921,9.19747076619238,9.19747076619238,11.0801258679687,11.0801258679687,11.0801258679687,11.0801258679687
"t11",13.0242012437839,11.9842440945758,10.838463838027,3.15047973952478,6.89992672012161,3.54477436077533,4.20532668221591,7.22735531901247,12.0775261611387,2.74579019312101,0,1.66667671862275,0.801864909561839,12.1471826362644,12.4928803132098,15.036214455463,7.24673532668791,9.06760741276332,3.97831197015625,8.96525639200098,7.09452194217669,6.89992672012161,12.6506779819214,6.12829436382079,12.6506779819214,15.036214455463,15.036214455463,15.036214455463,9.06760741276332,2.65804849713921,3.97831197015625,8.78258182189794,15.036214455463,6.89992672012161,6.89992672012161,9.06760741276332,8.78258182189794,8.61870550455945,14.5419469074318,6.89992672012161,15.036214455463,12.6506779819214,12.6506779819214,9.06760741276332,9.06760741276332,8.78258182189794,15.036214455463,15.036214455463,6.89992672012161,8.78258182189794,9.06760741276332,15.036214455463,6.89992672012161,6.89992672012161,9.06760741276332,9.06760741276332,12.6506779819214,12.6506779819214,9.06760741276332,6.89992672012161,3.97831197015625,3.97831197015625,15.036214455463,15.036214455463,6.6745028153406,8.61000769932718,6.89992672012161,9.06760741276332,15.036214455463,6.89992672012161,6.89992672012161,8.78258182189794,8.78258182189794,15.036214455463,14.668438260564,9.06760741276332,9.06760741276332,15.036214455463,12.6506779819214,12.3999874797553,8.78258182189794,8.78258182189794,9.06760741276332,9.06760741276332,15.036214455463,15.036214455463,9.06760741276332,9.06760741276332,6.89992672012161,8.78258182189794,8.78258182189794,12.6506779819214,15.036214455463,15.036214455463,9.06760741276332,9.06760741276332,15.036214455463,15.036214455463,8.78258182189794,6.89992672012161,6.89992672012161,6.89992672012161,6.89992672012161,6.89992672012161,15.036214455463,15.036214455463,6.89992672012161,6.89992672012161,6.89992672012161,6.89992672012161,12.6506779819214,15.036214455463,15.036214455463,15.036214455463,15.036214455463,15.036214455463,15.036214455463,12.6506779819214,12.6506779819214,6.89992672012161,6.89992672012161,8.78258182189794,8.78258182189794,8.78258182189794,8.78258182189794
"t12",14.3990468935148,13.3590897443066,12.2133094877578,4.5253253892556,8.27477236985242,4.91962001050615,5.58017233194672,8.60220096874329,13.4523718108695,4.12063584285183,1.66667671862275,0,2.09197672404066,13.5220282859952,13.8677259629406,16.4110601051938,8.62158097641872,10.4424530624941,5.35315761988706,10.3401020417318,8.4693675919075,8.27477236985243,14.0255236316522,7.5031400135516,14.0255236316522,16.4110601051938,16.4110601051938,16.4110601051938,10.4424530624941,4.03289414687003,5.35315761988706,10.1574274716288,16.4110601051938,8.27477236985243,8.27477236985243,10.4424530624941,10.1574274716288,9.99355115429027,15.9167925571626,8.27477236985242,16.4110601051938,14.0255236316522,14.0255236316522,10.4424530624941,10.4424530624941,10.1574274716288,16.4110601051938,16.4110601051938,8.27477236985242,10.1574274716288,10.4424530624941,16.4110601051938,8.27477236985243,8.27477236985243,10.4424530624941,10.4424530624941,14.0255236316522,14.0255236316522,10.4424530624941,8.27477236985243,5.35315761988706,5.35315761988706,16.4110601051938,16.4110601051938,8.04934846507141,9.98485334905799,8.27477236985243,10.4424530624941,16.4110601051938,8.27477236985243,8.27477236985243,10.1574274716288,10.1574274716288,16.4110601051938,16.0432839102948,10.4424530624941,10.4424530624941,16.4110601051938,14.0255236316522,13.7748331294861,10.1574274716288,10.1574274716288,10.4424530624941,10.4424530624941,16.4110601051938,16.4110601051938,10.4424530624941,10.4424530624941,8.27477236985243,10.1574274716288,10.1574274716288,14.0255236316522,16.4110601051938,16.4110601051938,10.4424530624941,10.4424530624941,16.4110601051938,16.4110601051938,10.1574274716288,8.27477236985243,8.27477236985243,8.27477236985243,8.27477236985243,8.27477236985243,16.4110601051938,16.4110601051938,8.27477236985243,8.27477236985243,8.27477236985243,8.27477236985243,14.0255236316522,16.4110601051938,16.4110601051938,16.4110601051938,16.4110601051938,16.4110601051938,16.4110601051938,14.0255236316522,14.0255236316522,8.27477236985243,8.27477236985243,10.1574274716288,10.1574274716288,10.1574274716288,10.1574274716288
"t13",13.5342350844538,12.4942779352457,11.3484976786969,3.66051358019469,7.40996056079151,4.05480820144524,4.71536052288581,7.73738915968238,12.5875600018086,3.25582403379092,0.801864909561839,2.09197672404066,0,12.6572164769343,13.0029141538797,15.5462482961329,7.75676916735781,9.57764125343323,4.48834581082615,9.47529023267088,7.60455578284659,7.40996056079152,13.1607118225913,6.63832820449069,13.1607118225913,15.5462482961329,15.5462482961329,15.5462482961329,9.57764125343323,3.16808233780912,4.48834581082615,9.29261566256785,15.5462482961329,7.40996056079152,7.40996056079152,9.57764125343323,9.29261566256784,9.12873934522936,15.0519807481017,7.40996056079151,15.5462482961329,13.1607118225913,13.1607118225913,9.57764125343323,9.57764125343323,9.29261566256784,15.5462482961329,15.5462482961329,7.40996056079151,9.29261566256784,9.57764125343323,15.5462482961329,7.40996056079152,7.40996056079152,9.57764125343323,9.57764125343323,13.1607118225913,13.1607118225913,9.57764125343323,7.40996056079152,4.48834581082615,4.48834581082615,15.5462482961329,15.5462482961329,7.1845366560105,9.12004153999709,7.40996056079152,9.57764125343323,15.5462482961329,7.40996056079152,7.40996056079152,9.29261566256784,9.29261566256784,15.5462482961329,15.1784721012339,9.57764125343323,9.57764125343323,15.5462482961329,13.1607118225913,12.9100213204252,9.29261566256785,9.29261566256785,9.57764125343323,9.57764125343323,15.5462482961329,15.5462482961329,9.57764125343323,9.57764125343323,7.40996056079152,9.29261566256784,9.29261566256784,13.1607118225913,15.5462482961329,15.5462482961329,9.57764125343323,9.57764125343323,15.5462482961329,15.5462482961329,9.29261566256785,7.40996056079152,7.40996056079152,7.40996056079152,7.40996056079152,7.40996056079152,15.5462482961329,15.5462482961329,7.40996056079152,7.40996056079152,7.40996056079152,7.40996056079152,13.1607118225913,15.5462482961329,15.5462482961329,15.5462482961329,15.5462482961329,15.5462482961329,15.5462482961329,13.1607118225913,13.1607118225913,7.40996056079152,7.40996056079152,9.29261566256785,9.29261566256785,9.29261566256784,9.29261566256784
"t14",6.0507440447679,3.42682205131295,2.28104179476412,11.3732130792217,15.1226600598186,11.7675077004723,12.4280600219128,13.5674335569331,2.74780377617659,14.4447266823352,12.1471826362644,13.5220282859952,12.6572164769343,0,0.615158067089019,3.1584922093422,13.3017879737431,15.1226600598186,15.1226600598186,15.0203090390562,13.1495745892319,15.1226600598186,15.1226600598185,14.3510277035177,15.1226600598185,5.70649207050087,5.70649207050087,5.70649207050087,15.1226600598186,13.8023965868015,15.1226600598186,15.1226600598186,5.70649207050087,15.1226600598186,15.1226600598186,15.1226600598186,15.1226600598186,14.9587837424801,5.2122245224697,15.1226600598186,5.70649207050087,15.1226600598185,15.1226600598185,15.1226600598186,15.1226600598186,15.1226600598186,3.1584922093422,5.70649207050087,15.1226600598186,15.1226600598186,15.1226600598186,3.1584922093422,15.1226600598186,15.1226600598186,15.1226600598186,15.1226600598186,15.1226600598185,15.1226600598185,15.1226600598186,15.1226600598186,15.1226600598186,15.1226600598186,5.70649207050087,5.70649207050087,14.8972361550375,14.9500859372478,15.1226600598186,15.1226600598186,5.70649207050087,15.1226600598186,15.1226600598186,15.1226600598186,15.1226600598186,3.1584922093422,2.79071601444319,15.1226600598186,15.1226600598186,3.1584922093422,15.1226600598185,14.8719695576525,15.1226600598186,15.1226600598186,15.1226600598186,15.1226600598186,5.70649207050087,5.70649207050087,15.1226600598186,15.1226600598186,15.1226600598186,15.1226600598186,15.1226600598186,15.1226600598185,5.70649207050087,5.70649207050087,15.1226600598186,15.1226600598186,3.1584922093422,3.1584922093422,15.1226600598186,15.1226600598186,15.1226600598186,15.1226600598186,15.1226600598186,15.1226600598186,5.70649207050087,5.70649207050087,15.1226600598186,15.1226600598186,15.1226600598186,15.1226600598186,15.1226600598186,5.70649207050087,5.70649207050087,5.70649207050087,5.70649207050087,3.1584922093422,3.1584922093422,15.1226600598185,15.1226600598185,15.1226600598186,15.1226600598186,15.1226600598186,15.1226600598186,15.1226600598185,15.1226600598185
"t15",6.3964417217133,3.77251972825835,2.62673947170952,11.7189107561671,15.468357736764,12.1132053774177,12.7737576988582,13.9131312338785,3.09350145312199,14.7904243592806,12.4928803132098,13.8677259629406,13.0029141538797,0.615158067089019,0,2.79680556670529,13.6474856506885,15.468357736764,15.468357736764,15.3660067160016,13.4952722661773,15.468357736764,15.468357736764,14.6967253804631,15.468357736764,6.05218974744627,6.05218974744627,6.05218974744627,15.468357736764,14.1480942637469,15.468357736764,15.468357736764,6.05218974744627,15.468357736764,15.468357736764,15.468357736764,15.468357736764,15.3044814194255,5.5579221994151,15.468357736764,6.05218974744627,15.468357736764,15.468357736764,15.468357736764,15.468357736764,15.468357736764,2.79680556670528,6.05218974744627,15.468357736764,15.468357736764,15.468357736764,2.79680556670528,15.468357736764,15.468357736764,15.468357736764,15.468357736764,15.468357736764,15.468357736764,15.468357736764,15.468357736764,15.468357736764,15.468357736764,6.05218974744627,6.05218974744627,15.2429338319829,15.2957836141932,15.468357736764,15.468357736764,6.05218974744627,15.468357736764,15.468357736764,15.468357736764,15.468357736764,2.79680556670528,2.42902937180628,15.468357736764,15.468357736764,2.79680556670528,15.468357736764,15.2176672345979,15.468357736764,15.468357736764,15.468357736764,15.468357736764,6.05218974744627,6.05218974744627,15.468357736764,15.468357736764,15.468357736764,15.468357736764,15.468357736764,15.468357736764,6.05218974744627,6.05218974744627,15.468357736764,15.468357736764,2.79680556670528,2.79680556670528,15.468357736764,15.468357736764,15.468357736764,15.468357736764,15.468357736764,15.468357736764,6.05218974744627,6.05218974744627,15.468357736764,15.468357736764,15.468357736764,15.468357736764,15.468357736764,6.05218974744627,6.05218974744627,6.05218974744627,6.05218974744627,2.79680556670528,2.79680556670528,15.468357736764,15.468357736764,15.468357736764,15.468357736764,15.468357736764,15.468357736764,15.468357736764,15.468357736764
"t16",8.93977586396648,6.31585387051153,5.1700736139627,14.2622448984203,18.0116918790171,14.6565395196709,15.3170918411114,16.4564653761317,5.63683559537517,17.3337585015337,15.036214455463,16.4110601051938,15.5462482961329,3.1584922093422,2.79680556670529,0,16.1908197929417,18.0116918790171,18.0116918790171,17.9093408582548,16.0386064084305,18.0116918790171,18.0116918790171,17.2400595227163,18.0116918790171,8.59552388969945,8.59552388969945,8.59552388969945,18.0116918790171,16.6914284060001,18.0116918790171,18.0116918790171,8.59552388969945,18.0116918790171,18.0116918790171,18.0116918790171,18.0116918790171,17.8478155616786,8.10125634166828,18.0116918790171,8.59552388969945,18.0116918790171,18.0116918790171,18.0116918790171,18.0116918790171,18.0116918790171,5.30467750832634,8.59552388969945,18.0116918790171,18.0116918790171,18.0116918790171,5.30467750832634,18.0116918790171,18.0116918790171,18.0116918790171,18.0116918790171,18.0116918790171,18.0116918790171,18.0116918790171,18.0116918790171,18.0116918790171,18.0116918790171,8.59552388969945,8.59552388969945,17.7862679742361,17.8391177564464,18.0116918790171,18.0116918790171,8.59552388969945,18.0116918790171,18.0116918790171,18.0116918790171,18.0116918790171,5.30467750832634,4.93690131342733,18.0116918790171,18.0116918790171,5.30467750832634,18.0116918790171,17.7610013768511,18.0116918790171,18.0116918790171,18.0116918790171,18.0116918790171,8.59552388969945,8.59552388969945,18.0116918790171,18.0116918790171,18.0116918790171,18.0116918790171,18.0116918790171,18.0116918790171,8.59552388969945,8.59552388969945,18.0116918790171,18.0116918790171,5.30467750832634,5.30467750832634,18.0116918790171,18.0116918790171,18.0116918790171,18.0116918790171,18.0116918790171,18.0116918790171,8.59552388969945,8.59552388969945,18.0116918790171,18.0116918790171,18.0116918790171,18.0116918790171,18.0116918790171,8.59552388969945,8.59552388969945,8.59552388969945,8.59552388969945,5.30467750832634,5.30467750832634,18.0116918790171,18.0116918790171,18.0116918790171,18.0116918790171,18.0116918790171,18.0116918790171,18.0116918790171,18.0116918790171
"t17",14.1788065812627,13.1388494320546,11.9930691755057,6.47276576964524,10.2222127502421,6.86706039089579,7.52761271233636,8.6669862473566,13.2321314986174,9.54427937275867,7.24673532668791,8.62158097641872,7.75676916735781,13.3017879737431,13.6474856506885,16.1908197929417,0,2.55650882291967,10.2222127502421,2.91950500320049,1.0487705533762,10.2222127502421,13.8052833194001,9.45058039394124,13.8052833194001,16.1908197929417,16.1908197929417,16.1908197929417,3.30353681778972,8.90194927722503,10.2222127502421,10.2222127502421,16.1908197929417,10.2222127502421,10.2222127502421,2.58574693866616,10.2222127502421,10.0583364329036,15.6965522449105,10.2222127502421,16.1908197929417,13.8052833194001,13.8052833194001,3.30353681778972,3.30353681778972,10.2222127502421,16.1908197929417,16.1908197929417,10.2222127502421,10.2222127502421,3.30353681778972,16.1908197929417,10.2222127502421,10.2222127502421,3.30353681778972,3.30353681778972,13.8052833194001,13.8052833194001,2.58574693866616,10.2222127502421,10.2222127502421,10.2222127502421,16.1908197929417,16.1908197929417,9.99678884546105,10.0496386276713,10.2222127502421,3.30353681778972,16.1908197929417,10.2222127502421,10.2222127502421,10.2222127502421,10.2222127502421,16.1908197929417,15.8230435980427,3.30353681778972,3.30353681778972,16.1908197929417,13.8052833194001,13.5545928172341,10.2222127502421,10.2222127502421,3.30353681778972,3.30353681778972,16.1908197929417,16.1908197929417,3.30353681778972,3.30353681778972,10.2222127502421,10.2222127502421,10.2222127502421,13.8052833194001,16.1908197929417,16.1908197929417,2.58574693866616,2.58574693866616,16.1908197929417,16.1908197929417,10.2222127502421,10.2222127502421,10.2222127502421,10.2222127502421,10.2222127502421,10.2222127502421,16.1908197929417,16.1908197929417,10.2222127502421,10.2222127502421,10.2222127502421,10.2222127502421,13.8052833194001,16.1908197929417,16.1908197929417,16.1908197929417,16.1908197929417,16.1908197929417,16.1908197929417,13.8052833194001,13.8052833194001,10.2222127502421,10.2222127502421,10.2222127502421,10.2222127502421,10.2222127502421,10.2222127502421
"t18",15.9996786673381,14.95972151813,13.8139412615812,8.29363785572066,12.0430848363175,8.68793247697121,9.34848479841178,10.487858333432,15.0530035846929,11.3651514588341,9.06760741276332,10.4424530624941,9.57764125343323,15.1226600598186,15.468357736764,18.0116918790171,2.55650882291967,0,12.0430848363175,4.74037708927591,2.86964263945162,12.0430848363175,15.6261554054755,11.2714524800167,15.6261554054755,18.0116918790171,18.0116918790171,18.0116918790171,5.12440890386514,10.7228213633005,12.0430848363175,12.0430848363175,18.0116918790171,12.0430848363175,12.0430848363175,4.40661902474158,12.0430848363175,11.879208518979,17.517424330986,12.0430848363175,18.0116918790171,15.6261554054755,15.6261554054755,5.12440890386514,5.12440890386514,12.0430848363175,18.0116918790171,18.0116918790171,12.0430848363175,12.0430848363175,5.12440890386514,18.0116918790171,12.0430848363175,12.0430848363175,5.12440890386514,5.12440890386514,15.6261554054755,15.6261554054755,4.40661902474158,12.0430848363175,12.0430848363175,12.0430848363175,18.0116918790171,18.0116918790171,11.8176609315365,11.8705107137467,12.0430848363175,5.12440890386514,18.0116918790171,12.0430848363175,12.0430848363175,12.0430848363175,12.0430848363175,18.0116918790171,17.6439156841181,5.12440890386514,5.12440890386514,18.0116918790171,15.6261554054755,15.3754649033095,12.0430848363175,12.0430848363175,5.12440890386514,5.12440890386514,18.0116918790171,18.0116918790171,5.12440890386514,5.12440890386514,12.0430848363175,12.0430848363175,12.0430848363175,15.6261554054755,18.0116918790171,18.0116918790171,4.40661902474158,4.40661902474158,18.0116918790171,18.0116918790171,12.0430848363175,12.0430848363175,12.0430848363175,12.0430848363175,12.0430848363175,12.0430848363175,18.0116918790171,18.0116918790171,12.0430848363175,12.0430848363175,12.0430848363175,12.0430848363175,15.6261554054755,18.0116918790171,18.0116918790171,18.0116918790171,18.0116918790171,18.0116918790171,18.0116918790171,15.6261554054755,15.6261554054755,12.0430848363175,12.0430848363175,12.0430848363175,12.0430848363175,12.0430848363175,12.0430848363175
