"","t92","t73","t74","t2","t15","t97","t98","t81","t82","t59","t46","t65","t66","t52","t26","t36","t37","t41","t56","t57","t68","t88","t89","t83","t33","t58","t72","t5","t13","t30","t43","t86","t87","t16","t53","t24","t64","t75","t76","t77","t78","t50","t51","t19","t35","t20","t99","t100","t28","t29","t23","t49","t31","t11","t79","t80","t38","t39","t34","t22","t9","t1","t62","t63","t27","t21","t44","t45","t8","t7","t25","t84","t85","t69","t70","t3","t4","t17","t47","t18","t60","t61","t71","t95","t96","t42","t48","t54","t55","t6","t12","t32","t67","t93","t94","t10","t14","t40","t90","t91"
"t92",0,11.4755322562814,11.4755322562814,11.4755322562814,11.4755322562448,11.4755322562358,11.4755322562358,11.4755322564048,11.4755322564048,11.4755322564048,11.4755322564448,11.4755322564448,11.4755322564448,11.4755322564848,11.4755322564848,11.4755322563848,11.4755322563848,11.4755322564448,11.4755322564448,11.4755322564448,11.4755322567448,11.4755322566788,11.4755322566788,11.4755322566788,11.4755322566688,11.4755322566448,11.4755322566448,11.4755322559448,11.4755322564448,11.4755322564448,11.4755322564448,11.4755322564248,11.4755322564248,11.4755322567448,11.4755322567648,11.4755322567648,11.4755322564848,11.4755322564548,11.4755322564548,11.4755322564848,11.4755322564848,11.4755322564348,11.4755322564348,11.4755322564348,11.4755322563348,11.4755322563348,11.4755322562518,11.4755322562518,11.4755322564348,11.4755322564348,11.4755322565348,11.4755322567814,11.4755322567814,11.4755322566814,11.4755322563114,11.4755322563114,11.4755322566514,11.4755322566514,11.4755322565814,11.4755322565814,11.4755322565814,11.4755322566814,11.47553225655,11.47553225655,11.47553225655,11.47553225655,11.47553225645,11.47553225645,11.47553225685,11.47553225695,11.47553225655,11.4755322566,11.4755322566,11.47553225625,11.47553225625,11.47553225685,11.47553225674,11.47553225634,11.47553225634,11.47553225644,11.47553225644,11.47553225644,11.47553225634,11.475532256285,11.475532256285,11.47553225634,11.47553225625,11.47553225629,11.47553225629,11.4755322566,11.4755322566,11.47553225633,11.47553225633,11.47553225637,11.47553225637,11.47553225643,11.4755322568,12.5583612309,12.55836123093,12.55836123093
"t73",11.4755322562814,0,0.217548626,3.523011096,7.5770773039634,7.5770773039544,7.5770773039544,7.5770773041234,7.5770773041234,7.5770773041234,7.5770773041634,7.5770773041634,7.5770773041634,7.5770773042034,7.5770773042034,7.5770773041034,7.5770773041034,7.5770773041634,7.5770773041634,7.5770773041634,7.5770773044634,7.5770773043974,7.5770773043974,7.5770773043974,7.5770773043874,7.5770773043634,7.5770773043634,7.5770773036634,7.5770773041634,7.5770773041634,7.5770773041634,7.5770773041434,7.5770773041434,7.5770773044634,7.5770773044834,7.5770773044834,7.5770773042034,7.5770773041734,7.5770773041734,7.5770773042034,7.5770773042034,7.5770773041534,7.5770773041534,7.5770773041534,7.5770773040534,7.5770773040534,7.5770773039704,7.5770773039704,7.5770773041534,7.5770773041534,7.5770773042534,7.5770773045,7.5770773045,7.5770773044,7.57707730403,7.57707730403,7.57707730437,7.57707730437,7.5770773043,7.5770773043,7.5770773043,7.5770773044,7.5790301771314,7.5790301771314,7.5790301771314,7.5790301771314,7.5790301770314,7.5790301770314,7.5790301774314,7.9416737183314,7.9416737179314,7.9416737179814,7.9416737179814,7.9416737176314,7.9416737176314,7.9416737182314,7.9416737181214,7.9416737177214,7.9416737177214,7.9416737178214,7.9416737178214,7.9416737178214,7.9416737177214,7.9416737176664,7.9416737176664,7.9416737177214,7.9416737176314,7.9416737176714,7.9416737176714,7.9818002668814,7.9818002668814,7.9818002666114,7.9818002666114,7.9818002666514,7.9818002666514,7.9818002667114,7.9818002670814,12.5583612311814,12.5583612312114,12.5583612312114
"t74",11.4755322562814,0.217548626,0,3.523011096,7.5770773039634,7.5770773039544,7.5770773039544,7.5770773041234,7.5770773041234,7.5770773041234,7.5770773041634,7.5770773041634,7.5770773041634,7.5770773042034,7.5770773042034,7.5770773041034,7.5770773041034,7.5770773041634,7.5770773041634,7.5770773041634,7.5770773044634,7.5770773043974,7.5770773043974,7.5770773043974,7.5770773043874,7.5770773043634,7.5770773043634,7.5770773036634,7.5770773041634,7.5770773041634,7.5770773041634,7.5770773041434,7.5770773041434,7.5770773044634,7.5770773044834,7.5770773044834,7.5770773042034,7.5770773041734,7.5770773041734,7.5770773042034,7.5770773042034,7.5770773041534,7.5770773041534,7.5770773041534,7.5770773040534,7.5770773040534,7.5770773039704,7.5770773039704,7.5770773041534,7.5770773041534,7.5770773042534,7.5770773045,7.5770773045,7.5770773044,7.57707730403,7.57707730403,7.57707730437,7.57707730437,7.5770773043,7.5770773043,7.5770773043,7.5770773044,7.5790301771314,7.5790301771314,7.5790301771314,7.5790301771314,7.5790301770314,7.5790301770314,7.5790301774314,7.9416737183314,7.9416737179314,7.9416737179814,7.9416737179814,7.9416737176314,7.9416737176314,7.9416737182314,7.9416737181214,7.9416737177214,7.9416737177214,7.9416737178214,7.9416737178214,7.9416737178214,7.9416737177214,7.9416737176664,7.9416737176664,7.9416737177214,7.9416737176314,7.9416737176714,7.9416737176714,7.9818002668814,7.9818002668814,7.9818002666114,7.9818002666114,7.9818002666514,7.9818002666514,7.9818002667114,7.9818002670814,12.5583612311814,12.5583612312114,12.5583612312114
"t2",11.4755322562814,3.523011096,3.523011096,0,7.5770773039634,7.5770773039544,7.5770773039544,7.5770773041234,7.5770773041234,7.5770773041234,7.5770773041634,7.5770773041634,7.5770773041634,7.5770773042034,7.5770773042034,7.5770773041034,7.5770773041034,7.5770773041634,7.5770773041634,7.5770773041634,7.5770773044634,7.5770773043974,7.5770773043974,7.5770773043974,7.5770773043874,7.5770773043634,7.5770773043634,7.5770773036634,7.5770773041634,7.5770773041634,7.5770773041634,7.5770773041434,7.5770773041434,7.5770773044634,7.5770773044834,7.5770773044834,7.5770773042034,7.5770773041734,7.5770773041734,7.5770773042034,7.5770773042034,7.5770773041534,7.5770773041534,7.5770773041534,7.5770773040534,7.5770773040534,7.5770773039704,7.5770773039704,7.5770773041534,7.5770773041534,7.5770773042534,7.5770773045,7.5770773045,7.5770773044,7.57707730403,7.57707730403,7.57707730437,7.57707730437,7.5770773043,7.5770773043,7.5770773043,7.5770773044,7.5790301771314,7.5790301771314,7.5790301771314,7.5790301771314,7.5790301770314,7.5790301770314,7.5790301774314,7.9416737183314,7.9416737179314,7.9416737179814,7.9416737179814,7.9416737176314,7.9416737176314,7.9416737182314,7.9416737181214,7.9416737177214,7.9416737177214,7.9416737178214,7.9416737178214,7.9416737178214,7.9416737177214,7.9416737176664,7.9416737176664,7.9416737177214,7.9416737176314,7.9416737176714,7.9416737176714,7.9818002668814,7.9818002668814,7.9818002666114,7.9818002666114,7.9818002666514,7.9818002666514,7.9818002667114,7.9818002670814,12.5583612311814,12.5583612312114,12.5583612312114
"t15",11.4755322562448,7.5770773039634,7.5770773039634,7.5770773039634,0,1.644656150391,1.644656150391,4.90108479856,4.90108479856,4.90108479856,4.9010847986,4.9010847986,4.9010847986,4.90108479864,4.90108479864,4.90108479854,4.90108479854,4.9010847986,4.9010847986,4.9010847986,4.9010847989,5.632309981834,5.632309981834,5.632309981834,5.632309981824,5.6323099818,5.6323099818,5.6323099811,5.6323099816,5.6323099816,5.6323099816,5.63230998158,5.63230998158,5.6323099819,5.63230998192,5.63230998192,5.63230998164,5.63230998161,5.63230998161,5.63230998164,5.63230998164,5.76976913481,5.76976913481,5.76976913481,5.76976913471,5.76976913471,5.769769134627,5.769769134627,5.76976913481,5.76976913481,5.76976913491,5.7709233326634,5.7709233326634,5.7709233325634,7.0779101691934,7.0779101691934,7.0779101695334,7.0779101695334,7.0779101694634,7.0779101694634,7.0779101694634,7.0779101695634,7.5790301770948,7.5790301770948,7.5790301770948,7.5790301770948,7.5790301769948,7.5790301769948,7.5790301773948,7.9416737182948,7.9416737178948,7.9416737179448,7.9416737179448,7.9416737175948,7.9416737175948,7.9416737181948,7.9416737180848,7.9416737176848,7.9416737176848,7.9416737177848,7.9416737177848,7.9416737177848,7.9416737176848,7.9416737176298,7.9416737176298,7.9416737176848,7.9416737175948,7.9416737176348,7.9416737176348,7.9818002668448,7.9818002668448,7.9818002665748,7.9818002665748,7.9818002666148,7.9818002666148,7.9818002666748,7.9818002670448,12.5583612311448,12.5583612311748,12.5583612311748
"t97",11.4755322562358,7.5770773039544,7.5770773039544,7.5770773039544,1.644656150391,0,0.007077587182,4.901084798551,4.901084798551,4.901084798551,4.901084798591,4.901084798591,4.901084798591,4.901084798631,4.901084798631,4.901084798531,4.901084798531,4.901084798591,4.901084798591,4.901084798591,4.901084798891,5.632309981825,5.632309981825,5.632309981825,5.632309981815,5.632309981791,5.632309981791,5.632309981091,5.632309981591,5.632309981591,5.632309981591,5.632309981571,5.632309981571,5.632309981891,5.632309981911,5.632309981911,5.632309981631,5.632309981601,5.632309981601,5.632309981631,5.632309981631,5.769769134801,5.769769134801,5.769769134801,5.769769134701,5.769769134701,5.769769134618,5.769769134618,5.769769134801,5.769769134801,5.769769134901,5.7709233326544,5.7709233326544,5.7709233325544,7.0779101691844,7.0779101691844,7.0779101695244,7.0779101695244,7.0779101694544,7.0779101694544,7.0779101694544,7.0779101695544,7.5790301770858,7.5790301770858,7.5790301770858,7.5790301770858,7.5790301769858,7.5790301769858,7.5790301773858,7.9416737182858,7.9416737178858,7.9416737179358,7.9416737179358,7.9416737175858,7.9416737175858,7.9416737181858,7.9416737180758,7.9416737176758,7.9416737176758,7.9416737177758,7.9416737177758,7.9416737177758,7.9416737176758,7.9416737176208,7.9416737176208,7.9416737176758,7.9416737175858,7.9416737176258,7.9416737176258,7.9818002668358,7.9818002668358,7.9818002665658,7.9818002665658,7.9818002666058,7.9818002666058,7.9818002666658,7.9818002670358,12.5583612311358,12.5583612311658,12.5583612311658
"t98",11.4755322562358,7.5770773039544,7.5770773039544,7.5770773039544,1.644656150391,0.007077587182,0,4.901084798551,4.901084798551,4.901084798551,4.901084798591,4.901084798591,4.901084798591,4.901084798631,4.901084798631,4.901084798531,4.901084798531,4.901084798591,4.901084798591,4.901084798591,4.901084798891,5.632309981825,5.632309981825,5.632309981825,5.632309981815,5.632309981791,5.632309981791,5.632309981091,5.632309981591,5.632309981591,5.632309981591,5.632309981571,5.632309981571,5.632309981891,5.632309981911,5.632309981911,5.632309981631,5.632309981601,5.632309981601,5.632309981631,5.632309981631,5.769769134801,5.769769134801,5.769769134801,5.769769134701,5.769769134701,5.769769134618,5.769769134618,5.769769134801,5.769769134801,5.769769134901,5.7709233326544,5.7709233326544,5.7709233325544,7.0779101691844,7.0779101691844,7.0779101695244,7.0779101695244,7.0779101694544,7.0779101694544,7.0779101694544,7.0779101695544,7.5790301770858,7.5790301770858,7.5790301770858,7.5790301770858,7.5790301769858,7.5790301769858,7.5790301773858,7.9416737182858,7.9416737178858,7.9416737179358,7.9416737179358,7.9416737175858,7.9416737175858,7.9416737181858,7.9416737180758,7.9416737176758,7.9416737176758,7.9416737177758,7.9416737177758,7.9416737177758,7.9416737176758,7.9416737176208,7.9416737176208,7.9416737176758,7.9416737175858,7.9416737176258,7.9416737176258,7.9818002668358,7.9818002668358,7.9818002665658,7.9818002665658,7.9818002666058,7.9818002666058,7.9818002666658,7.9818002670358,12.5583612311358,12.5583612311658,12.5583612311658
"t81",11.4755322564048,7.5770773041234,7.5770773041234,7.5770773041234,4.90108479856,4.901084798551,4.901084798551,0,0.1521492294,0.4384131326,0.59434704216,1.70515962656,1.70515962656,1.7051596266,1.7051596266,1.7051596265,1.7051596265,2.35111925116,2.35111925116,2.35111925116,3.14302633766,5.632309981994,5.632309981994,5.632309981994,5.632309981984,5.63230998196,5.63230998196,5.63230998126,5.63230998176,5.63230998176,5.63230998176,5.63230998174,5.63230998174,5.63230998206,5.63230998208,5.63230998208,5.6323099818,5.63230998177,5.63230998177,5.6323099818,5.6323099818,5.76976913497,5.76976913497,5.76976913497,5.76976913487,5.76976913487,5.769769134787,5.769769134787,5.76976913497,5.76976913497,5.76976913507,5.7709233328234,5.7709233328234,5.7709233327234,7.0779101693534,7.0779101693534,7.0779101696934,7.0779101696934,7.0779101696234,7.0779101696234,7.0779101696234,7.0779101697234,7.5790301772548,7.5790301772548,7.5790301772548,7.5790301772548,7.5790301771548,7.5790301771548,7.5790301775548,7.9416737184548,7.9416737180548,7.9416737181048,7.9416737181048,7.9416737177548,7.9416737177548,7.9416737183548,7.9416737182448,7.9416737178448,7.9416737178448,7.9416737179448,7.9416737179448,7.9416737179448,7.9416737178448,7.9416737177898,7.9416737177898,7.9416737178448,7.9416737177548,7.9416737177948,7.9416737177948,7.9818002670048,7.9818002670048,7.9818002667348,7.9818002667348,7.9818002667748,7.9818002667748,7.9818002668348,7.9818002672048,12.5583612313048,12.5583612313348,12.5583612313348
"t82",11.4755322564048,7.5770773041234,7.5770773041234,7.5770773041234,4.90108479856,4.901084798551,4.901084798551,0.1521492294,0,0.4384131326,0.59434704216,1.70515962656,1.70515962656,1.7051596266,1.7051596266,1.7051596265,1.7051596265,2.35111925116,2.35111925116,2.35111925116,3.14302633766,5.632309981994,5.632309981994,5.632309981994,5.632309981984,5.63230998196,5.63230998196,5.63230998126,5.63230998176,5.63230998176,5.63230998176,5.63230998174,5.63230998174,5.63230998206,5.63230998208,5.63230998208,5.6323099818,5.63230998177,5.63230998177,5.6323099818,5.6323099818,5.76976913497,5.76976913497,5.76976913497,5.76976913487,5.76976913487,5.769769134787,5.769769134787,5.76976913497,5.76976913497,5.76976913507,5.7709233328234,5.7709233328234,5.7709233327234,7.0779101693534,7.0779101693534,7.0779101696934,7.0779101696934,7.0779101696234,7.0779101696234,7.0779101696234,7.0779101697234,7.5790301772548,7.5790301772548,7.5790301772548,7.5790301772548,7.5790301771548,7.5790301771548,7.5790301775548,7.9416737184548,7.9416737180548,7.9416737181048,7.9416737181048,7.9416737177548,7.9416737177548,7.9416737183548,7.9416737182448,7.9416737178448,7.9416737178448,7.9416737179448,7.9416737179448,7.9416737179448,7.9416737178448,7.9416737177898,7.9416737177898,7.9416737178448,7.9416737177548,7.9416737177948,7.9416737177948,7.9818002670048,7.9818002670048,7.9818002667348,7.9818002667348,7.9818002667748,7.9818002667748,7.9818002668348,7.9818002672048,12.5583612313048,12.5583612313348,12.5583612313348
"t59",11.4755322564048,7.5770773041234,7.5770773041234,7.5770773041234,4.90108479856,4.901084798551,4.901084798551,0.4384131326,0.4384131326,0,0.59434704216,1.70515962656,1.70515962656,1.7051596266,1.7051596266,1.7051596265,1.7051596265,2.35111925116,2.35111925116,2.35111925116,3.14302633766,5.632309981994,5.632309981994,5.632309981994,5.632309981984,5.63230998196,5.63230998196,5.63230998126,5.63230998176,5.63230998176,5.63230998176,5.63230998174,5.63230998174,5.63230998206,5.63230998208,5.63230998208,5.6323099818,5.63230998177,5.63230998177,5.6323099818,5.6323099818,5.76976913497,5.76976913497,5.76976913497,5.76976913487,5.76976913487,5.769769134787,5.769769134787,5.76976913497,5.76976913497,5.76976913507,5.7709233328234,5.7709233328234,5.7709233327234,7.0779101693534,7.0779101693534,7.0779101696934,7.0779101696934,7.0779101696234,7.0779101696234,7.0779101696234,7.0779101697234,7.5790301772548,7.5790301772548,7.5790301772548,7.5790301772548,7.5790301771548,7.5790301771548,7.5790301775548,7.9416737184548,7.9416737180548,7.9416737181048,7.9416737181048,7.9416737177548,7.9416737177548,7.9416737183548,7.9416737182448,7.9416737178448,7.9416737178448,7.9416737179448,7.9416737179448,7.9416737179448,7.9416737178448,7.9416737177898,7.9416737177898,7.9416737178448,7.9416737177548,7.9416737177948,7.9416737177948,7.9818002670048,7.9818002670048,7.9818002667348,7.9818002667348,7.9818002667748,7.9818002667748,7.9818002668348,7.9818002672048,12.5583612313048,12.5583612313348,12.5583612313348
"t46",11.4755322564448,7.5770773041634,7.5770773041634,7.5770773041634,4.9010847986,4.901084798591,4.901084798591,0.59434704216,0.59434704216,0.59434704216,0,1.7051596266,1.7051596266,1.70515962664,1.70515962664,1.70515962654,1.70515962654,2.3511192512,2.3511192512,2.3511192512,3.1430263377,5.632309982034,5.632309982034,5.632309982034,5.632309982024,5.632309982,5.632309982,5.6323099813,5.6323099818,5.6323099818,5.6323099818,5.63230998178,5.63230998178,5.6323099821,5.63230998212,5.63230998212,5.63230998184,5.63230998181,5.63230998181,5.63230998184,5.63230998184,5.76976913501,5.76976913501,5.76976913501,5.76976913491,5.76976913491,5.769769134827,5.769769134827,5.76976913501,5.76976913501,5.76976913511,5.7709233328634,5.7709233328634,5.7709233327634,7.0779101693934,7.0779101693934,7.0779101697334,7.0779101697334,7.0779101696634,7.0779101696634,7.0779101696634,7.0779101697634,7.5790301772948,7.5790301772948,7.5790301772948,7.5790301772948,7.5790301771948,7.5790301771948,7.5790301775948,7.9416737184948,7.9416737180948,7.9416737181448,7.9416737181448,7.9416737177948,7.9416737177948,7.9416737183948,7.9416737182848,7.9416737178848,7.9416737178848,7.9416737179848,7.9416737179848,7.9416737179848,7.9416737178848,7.9416737178298,7.9416737178298,7.9416737178848,7.9416737177948,7.9416737178348,7.9416737178348,7.9818002670448,7.9818002670448,7.9818002667748,7.9818002667748,7.9818002668148,7.9818002668148,7.9818002668748,7.9818002672448,12.5583612313448,12.5583612313748,12.5583612313748
"t65",11.4755322564448,7.5770773041634,7.5770773041634,7.5770773041634,4.9010847986,4.901084798591,4.901084798591,1.70515962656,1.70515962656,1.70515962656,1.7051596266,0,0.3381260732,0.50306902156,0.93257059736,1.62912624786,1.62912624786,2.3511192512,2.3511192512,2.3511192512,3.1430263377,5.632309982034,5.632309982034,5.632309982034,5.632309982024,5.632309982,5.632309982,5.6323099813,5.6323099818,5.6323099818,5.6323099818,5.63230998178,5.63230998178,5.6323099821,5.63230998212,5.63230998212,5.63230998184,5.63230998181,5.63230998181,5.63230998184,5.63230998184,5.76976913501,5.76976913501,5.76976913501,5.76976913491,5.76976913491,5.769769134827,5.769769134827,5.76976913501,5.76976913501,5.76976913511,5.7709233328634,5.7709233328634,5.7709233327634,7.0779101693934,7.0779101693934,7.0779101697334,7.0779101697334,7.0779101696634,7.0779101696634,7.0779101696634,7.0779101697634,7.5790301772948,7.5790301772948,7.5790301772948,7.5790301772948,7.5790301771948,7.5790301771948,7.5790301775948,7.9416737184948,7.9416737180948,7.9416737181448,7.9416737181448,7.9416737177948,7.9416737177948,7.9416737183948,7.9416737182848,7.9416737178848,7.9416737178848,7.9416737179848,7.9416737179848,7.9416737179848,7.9416737178848,7.9416737178298,7.9416737178298,7.9416737178848,7.9416737177948,7.9416737178348,7.9416737178348,7.9818002670448,7.9818002670448,7.9818002667748,7.9818002667748,7.9818002668148,7.9818002668148,7.9818002668748,7.9818002672448,12.5583612313448,12.5583612313748,12.5583612313748
"t66",11.4755322564448,7.5770773041634,7.5770773041634,7.5770773041634,4.9010847986,4.901084798591,4.901084798591,1.70515962656,1.70515962656,1.70515962656,1.7051596266,0.3381260732,0,0.50306902156,0.93257059736,1.62912624786,1.62912624786,2.3511192512,2.3511192512,2.3511192512,3.1430263377,5.632309982034,5.632309982034,5.632309982034,5.632309982024,5.632309982,5.632309982,5.6323099813,5.6323099818,5.6323099818,5.6323099818,5.63230998178,5.63230998178,5.6323099821,5.63230998212,5.63230998212,5.63230998184,5.63230998181,5.63230998181,5.63230998184,5.63230998184,5.76976913501,5.76976913501,5.76976913501,5.76976913491,5.76976913491,5.769769134827,5.769769134827,5.76976913501,5.76976913501,5.76976913511,5.7709233328634,5.7709233328634,5.7709233327634,7.0779101693934,7.0779101693934,7.0779101697334,7.0779101697334,7.0779101696634,7.0779101696634,7.0779101696634,7.0779101697634,7.5790301772948,7.5790301772948,7.5790301772948,7.5790301772948,7.5790301771948,7.5790301771948,7.5790301775948,7.9416737184948,7.9416737180948,7.9416737181448,7.9416737181448,7.9416737177948,7.9416737177948,7.9416737183948,7.9416737182848,7.9416737178848,7.9416737178848,7.9416737179848,7.9416737179848,7.9416737179848,7.9416737178848,7.9416737178298,7.9416737178298,7.9416737178848,7.9416737177948,7.9416737178348,7.9416737178348,7.9818002670448,7.9818002670448,7.9818002667748,7.9818002667748,7.9818002668148,7.9818002668148,7.9818002668748,7.9818002672448,12.5583612313448,12.5583612313748,12.5583612313748
"t52",11.4755322564848,7.5770773042034,7.5770773042034,7.5770773042034,4.90108479864,4.901084798631,4.901084798631,1.7051596266,1.7051596266,1.7051596266,1.70515962664,0.50306902156,0.50306902156,0,0.9325705974,1.6291262479,1.6291262479,2.35111925124,2.35111925124,2.35111925124,3.14302633774,5.632309982074,5.632309982074,5.632309982074,5.632309982064,5.63230998204,5.63230998204,5.63230998134,5.63230998184,5.63230998184,5.63230998184,5.63230998182,5.63230998182,5.63230998214,5.63230998216,5.63230998216,5.63230998188,5.63230998185,5.63230998185,5.63230998188,5.63230998188,5.76976913505,5.76976913505,5.76976913505,5.76976913495,5.76976913495,5.769769134867,5.769769134867,5.76976913505,5.76976913505,5.76976913515,5.7709233329034,5.7709233329034,5.7709233328034,7.0779101694334,7.0779101694334,7.0779101697734,7.0779101697734,7.0779101697034,7.0779101697034,7.0779101697034,7.0779101698034,7.5790301773348,7.5790301773348,7.5790301773348,7.5790301773348,7.5790301772348,7.5790301772348,7.5790301776348,7.9416737185348,7.9416737181348,7.9416737181848,7.9416737181848,7.9416737178348,7.9416737178348,7.9416737184348,7.9416737183248,7.9416737179248,7.9416737179248,7.9416737180248,7.9416737180248,7.9416737180248,7.9416737179248,7.9416737178698,7.9416737178698,7.9416737179248,7.9416737178348,7.9416737178748,7.9416737178748,7.9818002670848,7.9818002670848,7.9818002668148,7.9818002668148,7.9818002668548,7.9818002668548,7.9818002669148,7.9818002672848,12.5583612313848,12.5583612314148,12.5583612314148
"t26",11.4755322564848,7.5770773042034,7.5770773042034,7.5770773042034,4.90108479864,4.901084798631,4.901084798631,1.7051596266,1.7051596266,1.7051596266,1.70515962664,0.93257059736,0.93257059736,0.9325705974,0,1.6291262479,1.6291262479,2.35111925124,2.35111925124,2.35111925124,3.14302633774,5.632309982074,5.632309982074,5.632309982074,5.632309982064,5.63230998204,5.63230998204,5.63230998134,5.63230998184,5.63230998184,5.63230998184,5.63230998182,5.63230998182,5.63230998214,5.63230998216,5.63230998216,5.63230998188,5.63230998185,5.63230998185,5.63230998188,5.63230998188,5.76976913505,5.76976913505,5.76976913505,5.76976913495,5.76976913495,5.769769134867,5.769769134867,5.76976913505,5.76976913505,5.76976913515,5.7709233329034,5.7709233329034,5.7709233328034,7.0779101694334,7.0779101694334,7.0779101697734,7.0779101697734,7.0779101697034,7.0779101697034,7.0779101697034,7.0779101698034,7.5790301773348,7.5790301773348,7.5790301773348,7.5790301773348,7.5790301772348,7.5790301772348,7.5790301776348,7.9416737185348,7.9416737181348,7.9416737181848,7.9416737181848,7.9416737178348,7.9416737178348,7.9416737184348,7.9416737183248,7.9416737179248,7.9416737179248,7.9416737180248,7.9416737180248,7.9416737180248,7.9416737179248,7.9416737178698,7.9416737178698,7.9416737179248,7.9416737178348,7.9416737178748,7.9416737178748,7.9818002670848,7.9818002670848,7.9818002668148,7.9818002668148,7.9818002668548,7.9818002668548,7.9818002669148,7.9818002672848,12.5583612313848,12.5583612314148,12.5583612314148
"t36",11.4755322563848,7.5770773041034,7.5770773041034,7.5770773041034,4.90108479854,4.901084798531,4.901084798531,1.7051596265,1.7051596265,1.7051596265,1.70515962654,1.62912624786,1.62912624786,1.6291262479,1.6291262479,0,0.6905074554,2.35111925114,2.35111925114,2.35111925114,3.14302633764,5.632309981974,5.632309981974,5.632309981974,5.632309981964,5.63230998194,5.63230998194,5.63230998124,5.63230998174,5.63230998174,5.63230998174,5.63230998172,5.63230998172,5.63230998204,5.63230998206,5.63230998206,5.63230998178,5.63230998175,5.63230998175,5.63230998178,5.63230998178,5.76976913495,5.76976913495,5.76976913495,5.76976913485,5.76976913485,5.769769134767,5.769769134767,5.76976913495,5.76976913495,5.76976913505,5.7709233328034,5.7709233328034,5.7709233327034,7.0779101693334,7.0779101693334,7.0779101696734,7.0779101696734,7.0779101696034,7.0779101696034,7.0779101696034,7.0779101697034,7.5790301772348,7.5790301772348,7.5790301772348,7.5790301772348,7.5790301771348,7.5790301771348,7.5790301775348,7.9416737184348,7.9416737180348,7.9416737180848,7.9416737180848,7.9416737177348,7.9416737177348,7.9416737183348,7.9416737182248,7.9416737178248,7.9416737178248,7.9416737179248,7.9416737179248,7.9416737179248,7.9416737178248,7.9416737177698,7.9416737177698,7.9416737178248,7.9416737177348,7.9416737177748,7.9416737177748,7.9818002669848,7.9818002669848,7.9818002667148,7.9818002667148,7.9818002667548,7.9818002667548,7.9818002668148,7.9818002671848,12.5583612312848,12.5583612313148,12.5583612313148
"t37",11.4755322563848,7.5770773041034,7.5770773041034,7.5770773041034,4.90108479854,4.901084798531,4.901084798531,1.7051596265,1.7051596265,1.7051596265,1.70515962654,1.62912624786,1.62912624786,1.6291262479,1.6291262479,0.6905074554,0,2.35111925114,2.35111925114,2.35111925114,3.14302633764,5.632309981974,5.632309981974,5.632309981974,5.632309981964,5.63230998194,5.63230998194,5.63230998124,5.63230998174,5.63230998174,5.63230998174,5.63230998172,5.63230998172,5.63230998204,5.63230998206,5.63230998206,5.63230998178,5.63230998175,5.63230998175,5.63230998178,5.63230998178,5.76976913495,5.76976913495,5.76976913495,5.76976913485,5.76976913485,5.769769134767,5.769769134767,5.76976913495,5.76976913495,5.76976913505,5.7709233328034,5.7709233328034,5.7709233327034,7.0779101693334,7.0779101693334,7.0779101696734,7.0779101696734,7.0779101696034,7.0779101696034,7.0779101696034,7.0779101697034,7.5790301772348,7.5790301772348,7.5790301772348,7.5790301772348,7.5790301771348,7.5790301771348,7.5790301775348,7.9416737184348,7.9416737180348,7.9416737180848,7.9416737180848,7.9416737177348,7.9416737177348,7.9416737183348,7.9416737182248,7.9416737178248,7.9416737178248,7.9416737179248,7.9416737179248,7.9416737179248,7.9416737178248,7.9416737177698,7.9416737177698,7.9416737178248,7.9416737177348,7.9416737177748,7.9416737177748,7.9818002669848,7.9818002669848,7.9818002667148,7.9818002667148,7.9818002667548,7.9818002667548,7.9818002668148,7.9818002671848,12.5583612312848,12.5583612313148,12.5583612313148
"t41",11.4755322564448,7.5770773041634,7.5770773041634,7.5770773041634,4.9010847986,4.901084798591,4.901084798591,2.35111925116,2.35111925116,2.35111925116,2.3511192512,2.3511192512,2.3511192512,2.35111925124,2.35111925124,2.35111925114,2.35111925114,0,0.6847700614,0.6847700614,3.1430263377,5.632309982034,5.632309982034,5.632309982034,5.632309982024,5.632309982,5.632309982,5.6323099813,5.6323099818,5.6323099818,5.6323099818,5.63230998178,5.63230998178,5.6323099821,5.63230998212,5.63230998212,5.63230998184,5.63230998181,5.63230998181,5.63230998184,5.63230998184,5.76976913501,5.76976913501,5.76976913501,5.76976913491,5.76976913491,5.769769134827,5.769769134827,5.76976913501,5.76976913501,5.76976913511,5.7709233328634,5.7709233328634,5.7709233327634,7.0779101693934,7.0779101693934,7.0779101697334,7.0779101697334,7.0779101696634,7.0779101696634,7.0779101696634,7.0779101697634,7.5790301772948,7.5790301772948,7.5790301772948,7.5790301772948,7.5790301771948,7.5790301771948,7.5790301775948,7.9416737184948,7.9416737180948,7.9416737181448,7.9416737181448,7.9416737177948,7.9416737177948,7.9416737183948,7.9416737182848,7.9416737178848,7.9416737178848,7.9416737179848,7.9416737179848,7.9416737179848,7.9416737178848,7.9416737178298,7.9416737178298,7.9416737178848,7.9416737177948,7.9416737178348,7.9416737178348,7.9818002670448,7.9818002670448,7.9818002667748,7.9818002667748,7.9818002668148,7.9818002668148,7.9818002668748,7.9818002672448,12.5583612313448,12.5583612313748,12.5583612313748
"t56",11.4755322564448,7.5770773041634,7.5770773041634,7.5770773041634,4.9010847986,4.901084798591,4.901084798591,2.35111925116,2.35111925116,2.35111925116,2.3511192512,2.3511192512,2.3511192512,2.35111925124,2.35111925124,2.35111925114,2.35111925114,0.6847700614,0,0.4485264178,3.1430263377,5.632309982034,5.632309982034,5.632309982034,5.632309982024,5.632309982,5.632309982,5.6323099813,5.6323099818,5.6323099818,5.6323099818,5.63230998178,5.63230998178,5.6323099821,5.63230998212,5.63230998212,5.63230998184,5.63230998181,5.63230998181,5.63230998184,5.63230998184,5.76976913501,5.76976913501,5.76976913501,5.76976913491,5.76976913491,5.769769134827,5.769769134827,5.76976913501,5.76976913501,5.76976913511,5.7709233328634,5.7709233328634,5.7709233327634,7.0779101693934,7.0779101693934,7.0779101697334,7.0779101697334,7.0779101696634,7.0779101696634,7.0779101696634,7.0779101697634,7.5790301772948,7.5790301772948,7.5790301772948,7.5790301772948,7.5790301771948,7.5790301771948,7.5790301775948,7.9416737184948,7.9416737180948,7.9416737181448,7.9416737181448,7.9416737177948,7.9416737177948,7.9416737183948,7.9416737182848,7.9416737178848,7.9416737178848,7.9416737179848,7.9416737179848,7.9416737179848,7.9416737178848,7.9416737178298,7.9416737178298,7.9416737178848,7.9416737177948,7.9416737178348,7.9416737178348,7.9818002670448,7.9818002670448,7.9818002667748,7.9818002667748,7.9818002668148,7.9818002668148,7.9818002668748,7.9818002672448,12.5583612313448,12.5583612313748,12.5583612313748
"t57",11.4755322564448,7.5770773041634,7.5770773041634,7.5770773041634,4.9010847986,4.901084798591,4.901084798591,2.35111925116,2.35111925116,2.35111925116,2.3511192512,2.3511192512,2.3511192512,2.35111925124,2.35111925124,2.35111925114,2.35111925114,0.6847700614,0.4485264178,0,3.1430263377,5.632309982034,5.632309982034,5.632309982034,5.632309982024,5.632309982,5.632309982,5.6323099813,5.6323099818,5.6323099818,5.6323099818,5.63230998178,5.63230998178,5.6323099821,5.63230998212,5.63230998212,5.63230998184,5.63230998181,5.63230998181,5.63230998184,5.63230998184,5.76976913501,5.76976913501,5.76976913501,5.76976913491,5.76976913491,5.769769134827,5.769769134827,5.76976913501,5.76976913501,5.76976913511,5.7709233328634,5.7709233328634,5.7709233327634,7.0779101693934,7.0779101693934,7.0779101697334,7.0779101697334,7.0779101696634,7.0779101696634,7.0779101696634,7.0779101697634,7.5790301772948,7.5790301772948,7.5790301772948,7.5790301772948,7.5790301771948,7.5790301771948,7.5790301775948,7.9416737184948,7.9416737180948,7.9416737181448,7.9416737181448,7.9416737177948,7.9416737177948,7.9416737183948,7.9416737182848,7.9416737178848,7.9416737178848,7.9416737179848,7.9416737179848,7.9416737179848,7.9416737178848,7.9416737178298,7.9416737178298,7.9416737178848,7.9416737177948,7.9416737178348,7.9416737178348,7.9818002670448,7.9818002670448,7.9818002667748,7.9818002667748,7.9818002668148,7.9818002668148,7.9818002668748,7.9818002672448,12.5583612313448,12.5583612313748,12.5583612313748
"t68",11.4755322567448,7.5770773044634,7.5770773044634,7.5770773044634,4.9010847989,4.901084798891,4.901084798891,3.14302633766,3.14302633766,3.14302633766,3.1430263377,3.1430263377,3.1430263377,3.14302633774,3.14302633774,3.14302633764,3.14302633764,3.1430263377,3.1430263377,3.1430263377,0,5.632309982334,5.632309982334,5.632309982334,5.632309982324,5.6323099823,5.6323099823,5.6323099816,5.6323099821,5.6323099821,5.6323099821,5.63230998208,5.63230998208,5.6323099824,5.63230998242,5.63230998242,5.63230998214,5.63230998211,5.63230998211,5.63230998214,5.63230998214,5.76976913531,5.76976913531,5.76976913531,5.76976913521,5.76976913521,5.769769135127,5.769769135127,5.76976913531,5.76976913531,5.76976913541,5.7709233331634,5.7709233331634,5.7709233330634,7.0779101696934,7.0779101696934,7.0779101700334,7.0779101700334,7.0779101699634,7.0779101699634,7.0779101699634,7.0779101700634,7.5790301775948,7.5790301775948,7.5790301775948,7.5790301775948,7.5790301774948,7.5790301774948,7.5790301778948,7.9416737187948,7.9416737183948,7.9416737184448,7.9416737184448,7.9416737180948,7.9416737180948,7.9416737186948,7.9416737185848,7.9416737181848,7.9416737181848,7.9416737182848,7.9416737182848,7.9416737182848,7.9416737181848,7.9416737181298,7.9416737181298,7.9416737181848,7.9416737180948,7.9416737181348,7.9416737181348,7.9818002673448,7.9818002673448,7.9818002670748,7.9818002670748,7.9818002671148,7.9818002671148,7.9818002671748,7.9818002675448,12.5583612316448,12.5583612316748,12.5583612316748
"t88",11.4755322566788,7.5770773043974,7.5770773043974,7.5770773043974,5.632309981834,5.632309981825,5.632309981825,5.632309981994,5.632309981994,5.632309981994,5.632309982034,5.632309982034,5.632309982034,5.632309982074,5.632309982074,5.632309981974,5.632309981974,5.632309982034,5.632309982034,5.632309982034,5.632309982334,0,0.07109498884,0.12788693302,0.77903687001,0.791619209434,0.791619209434,3.829063454734,4.280894340434,4.280894340434,4.280894340434,4.280894340414,4.280894340414,4.280894340734,4.280894340754,4.280894340754,4.280894340474,4.280894340444,4.280894340444,4.280894340474,4.280894340474,5.769769135244,5.769769135244,5.769769135244,5.769769135144,5.769769135144,5.769769135061,5.769769135061,5.769769135244,5.769769135244,5.769769135344,5.7709233330974,5.7709233330974,5.7709233329974,7.0779101696274,7.0779101696274,7.0779101699674,7.0779101699674,7.0779101698974,7.0779101698974,7.0779101698974,7.0779101699974,7.5790301775288,7.5790301775288,7.5790301775288,7.5790301775288,7.5790301774288,7.5790301774288,7.5790301778288,7.9416737187288,7.9416737183288,7.9416737183788,7.9416737183788,7.9416737180288,7.9416737180288,7.9416737186288,7.9416737185188,7.9416737181188,7.9416737181188,7.9416737182188,7.9416737182188,7.9416737182188,7.9416737181188,7.9416737180638,7.9416737180638,7.9416737181188,7.9416737180288,7.9416737180688,7.9416737180688,7.9818002672788,7.9818002672788,7.9818002670088,7.9818002670088,7.9818002670488,7.9818002670488,7.9818002671088,7.9818002674788,12.5583612315788,12.5583612316088,12.5583612316088
"t89",11.4755322566788,7.5770773043974,7.5770773043974,7.5770773043974,5.632309981834,5.632309981825,5.632309981825,5.632309981994,5.632309981994,5.632309981994,5.632309982034,5.632309982034,5.632309982034,5.632309982074,5.632309982074,5.632309981974,5.632309981974,5.632309982034,5.632309982034,5.632309982034,5.632309982334,0.07109498884,0,0.12788693302,0.77903687001,0.791619209434,0.791619209434,3.829063454734,4.280894340434,4.280894340434,4.280894340434,4.280894340414,4.280894340414,4.280894340734,4.280894340754,4.280894340754,4.280894340474,4.280894340444,4.280894340444,4.280894340474,4.280894340474,5.769769135244,5.769769135244,5.769769135244,5.769769135144,5.769769135144,5.769769135061,5.769769135061,5.769769135244,5.769769135244,5.769769135344,5.7709233330974,5.7709233330974,5.7709233329974,7.0779101696274,7.0779101696274,7.0779101699674,7.0779101699674,7.0779101698974,7.0779101698974,7.0779101698974,7.0779101699974,7.5790301775288,7.5790301775288,7.5790301775288,7.5790301775288,7.5790301774288,7.5790301774288,7.5790301778288,7.9416737187288,7.9416737183288,7.9416737183788,7.9416737183788,7.9416737180288,7.9416737180288,7.9416737186288,7.9416737185188,7.9416737181188,7.9416737181188,7.9416737182188,7.9416737182188,7.9416737182188,7.9416737181188,7.9416737180638,7.9416737180638,7.9416737181188,7.9416737180288,7.9416737180688,7.9416737180688,7.9818002672788,7.9818002672788,7.9818002670088,7.9818002670088,7.9818002670488,7.9818002670488,7.9818002671088,7.9818002674788,12.5583612315788,12.5583612316088,12.5583612316088
"t83",11.4755322566788,7.5770773043974,7.5770773043974,7.5770773043974,5.632309981834,5.632309981825,5.632309981825,5.632309981994,5.632309981994,5.632309981994,5.632309982034,5.632309982034,5.632309982034,5.632309982074,5.632309982074,5.632309981974,5.632309981974,5.632309982034,5.632309982034,5.632309982034,5.632309982334,0.12788693302,0.12788693302,0,0.77903687001,0.791619209434,0.791619209434,3.829063454734,4.280894340434,4.280894340434,4.280894340434,4.280894340414,4.280894340414,4.280894340734,4.280894340754,4.280894340754,4.280894340474,4.280894340444,4.280894340444,4.280894340474,4.280894340474,5.769769135244,5.769769135244,5.769769135244,5.769769135144,5.769769135144,5.769769135061,5.769769135061,5.769769135244,5.769769135244,5.769769135344,5.7709233330974,5.7709233330974,5.7709233329974,7.0779101696274,7.0779101696274,7.0779101699674,7.0779101699674,7.0779101698974,7.0779101698974,7.0779101698974,7.0779101699974,7.5790301775288,7.5790301775288,7.5790301775288,7.5790301775288,7.5790301774288,7.5790301774288,7.5790301778288,7.9416737187288,7.9416737183288,7.9416737183788,7.9416737183788,7.9416737180288,7.9416737180288,7.9416737186288,7.9416737185188,7.9416737181188,7.9416737181188,7.9416737182188,7.9416737182188,7.9416737182188,7.9416737181188,7.9416737180638,7.9416737180638,7.9416737181188,7.9416737180288,7.9416737180688,7.9416737180688,7.9818002672788,7.9818002672788,7.9818002670088,7.9818002670088,7.9818002670488,7.9818002670488,7.9818002671088,7.9818002674788,12.5583612315788,12.5583612316088,12.5583612316088
"t33",11.4755322566688,7.5770773043874,7.5770773043874,7.5770773043874,5.632309981824,5.632309981815,5.632309981815,5.632309981984,5.632309981984,5.632309981984,5.632309982024,5.632309982024,5.632309982024,5.632309982064,5.632309982064,5.632309981964,5.632309981964,5.632309982024,5.632309982024,5.632309982024,5.632309982324,0.77903687001,0.77903687001,0.77903687001,0,0.791619209424,0.791619209424,3.829063454724,4.280894340424,4.280894340424,4.280894340424,4.280894340404,4.280894340404,4.280894340724,4.280894340744,4.280894340744,4.280894340464,4.280894340434,4.280894340434,4.280894340464,4.280894340464,5.769769135234,5.769769135234,5.769769135234,5.769769135134,5.769769135134,5.769769135051,5.769769135051,5.769769135234,5.769769135234,5.769769135334,5.7709233330874,5.7709233330874,5.7709233329874,7.0779101696174,7.0779101696174,7.0779101699574,7.0779101699574,7.0779101698874,7.0779101698874,7.0779101698874,7.0779101699874,7.5790301775188,7.5790301775188,7.5790301775188,7.5790301775188,7.5790301774188,7.5790301774188,7.5790301778188,7.9416737187188,7.9416737183188,7.9416737183688,7.9416737183688,7.9416737180188,7.9416737180188,7.9416737186188,7.9416737185088,7.9416737181088,7.9416737181088,7.9416737182088,7.9416737182088,7.9416737182088,7.9416737181088,7.9416737180538,7.9416737180538,7.9416737181088,7.9416737180188,7.9416737180588,7.9416737180588,7.9818002672688,7.9818002672688,7.9818002669988,7.9818002669988,7.9818002670388,7.9818002670388,7.9818002670988,7.9818002674688,12.5583612315688,12.5583612315988,12.5583612315988
