"","t1","t2","t3","t4","t5","t6","t7","t8","t9","t10","t11","t12","t13","t14","t15","t16","t17","t18","t19","t20","t21","t22","t23","t24","t25","t26","t27","t28","t29","t30","t31","t32","t33","t34","t35","t36","t37","t38","t39","t40","t41","t42","t43","t44","t45","t46","t47","t48","t49","t50","t51","t52","t53","t54","t55","t56","t57","t58","t59","t60","t61","t62","t63","t64","t65","t66","t67","t68","t69","t70","t71","t72","t73","t74","t75","t76","t77","t78","t79","t80","t81","t82","t83","t84","t85","t86","t87","t88","t89","t90","t91","t92","t93","t94","t95","t96","t97","t98","t99","t100","t101","t102","t103","t104","t105","t106","t107","t108","t109","t110","t111","t112","t113","t114","t115","t116","t117","t118","t119","t120","t121","t122","t123","t124","t125","t126","t127","t128","t129","t130","t131","t132","t133","t134","t135","t136","t137","t138","t139","t140","t141","t142","t143","t144","t145","t146","t147","t148","t149","t150","t151","t152","t153","t154","t155","t156","t157","t158","t159","t160","t161","t162","t163","t164","t165","t166","t167","t168","t169","t170","t171","t172","t173"
"t1",0,2.35513173459277,2.14981955542383,3.07547462643665,7.16478316879103,3.88275215955874,5.80948464325729,10.8520360382777,10.6236688302684,11.3524528513774,10.3805154515904,10.6163761274602,12.7370603138498,12.6406245325477,12.615814601131,13.420229999978,12.7444577807464,13.6787110990277,15.2808801849217,13.5582105116461,13.4189546901757,14.205331629499,14.7969803749712,13.7717311285771,14.3017025071911,13.8656701108941,14.8534668947627,14.1589139643666,15.3891454130445,15.0693040417873,14.1839437378163,14.6869272375031,15.4389979604421,16.9731672687633,14.3915300242667,16.3300275885919,14.7607659248248,14.7526189914736,14.6786622351319,16.9731672687633,16.9731672687633,15.9560624854455,15.2810121509833,16.9731672687633,16.9731672687633,15.4720427376183,16.9731672687633,15.5981494305721,15.9951446609581,15.5908803163157,15.2807354851465,15.4070799103723,16.6962524302419,16.2979448835548,15.3090611658358,16.0556932040655,16.9731672687633,15.3365185474608,15.4863040058419,15.3459658601858,16.9731672687633,16.9731672687633,15.6556394851604,16.9731672687633,15.8895612065392,16.9731672687633,16.9731672687633,16.9731672687633,15.9587368157863,16.9731672687633,16.9731672687633,16.9731672687633,15.751498405616,16.9731672687633,15.6343061398945,16.9731672687633,16.9731672687633,15.7308552508787,16.3251639932571,16.0971915471663,16.9731672687633,16.835966837864,16.9731672687633,16.9731672687633,15.9629863501277,16.9731672687633,16.9731672687633,16.9731672687633,16.6104340715986,16.1677947601316,16.3644222231217,16.9731672687633,16.9731672687633,16.5083548272505,16.9731672687633,16.9731672687633,16.9731672687633,16.29712347879,16.9731672687633,16.9731672687633,16.7203500374696,16.9731672687633,16.9731672687633,16.9731672687633,16.9731672687633,16.9731672687633,16.9731672687633,16.9562360688448,16.9731672687633,16.9731672687633,16.9731672687633,16.9731672687633,16.9731672687633,16.9731672687633,16.9731672687633,16.5041209024943,16.9731672687633,16.9731672687633,16.9731672687633,16.9731672687633,16.9731672687633,16.9731672687633,16.9731672687633,16.9731672687633,16.610116986181,16.9731672687633,16.9731672687633,16.9731672687633,16.9731672687633,16.9731672687633,16.9731672687633,16.9731672687633,16.9731672687633,16.9731672687633,16.6461292639105,16.9731672687633,16.9731672687633,16.9731672687633,16.9731672687633,16.9731672687633,16.9731672687633,16.9731672687633,16.9731672687633,16.9731672687633,16.9731672687633,16.9731672687633,16.9731672687633,16.9731672687633,16.9731672687633,16.9731672687633,16.9731672687633,16.9731672687633,16.9731672687633,16.9731672687633,16.9731672687633,16.9731672687633,16.9731672687633,16.9731672687633,16.9731672687633,16.9731672687633,16.9731672687633,16.9731672687633,16.9731672687633,16.9731672687633,16.9731672687633,16.9731672687633,16.9731672687633,16.9731672687633,16.9731672687633,16.9731672687633,16.9731672687633,16.9731672687633,16.9731672687633
"t2",2.35513173459277,0,0.863280065013954,1.78893513602678,5.87824367838115,2.59621266914887,4.52294515284742,9.56549654786779,9.33712933985848,10.0659133609675,9.09397596118057,9.32983663705037,11.45052082344,11.3540850421378,11.3292751107212,12.1336905095682,11.4579182903366,12.3921716086178,13.9943406945118,12.2716710212362,12.1324151997659,12.9187921390891,13.5104408845613,12.4851916381672,13.0151630167812,12.5791306204842,13.5669274043528,12.8723744739567,14.1026059226346,13.7827645513774,12.8974042474064,13.4003877470933,14.1524584700323,15.6866277783534,13.1049905338568,15.043488098182,13.4742264344149,13.4660795010637,13.392122744722,15.6866277783534,15.6866277783534,14.6695229950356,13.9944726605734,15.6866277783534,15.6866277783534,14.1855032472085,15.6866277783534,14.3116099401622,14.7086051705482,14.3043408259058,13.9941959947366,14.1205404199624,15.4097129398321,15.0114053931449,14.0225216754259,14.7691537136557,15.6866277783534,14.049979057051,14.199764515432,14.0594263697759,15.6866277783534,15.6866277783534,14.3690999947505,15.6866277783534,14.6030217161293,15.6866277783534,15.6866277783534,15.6866277783534,14.6721973253764,15.6866277783534,15.6866277783534,15.6866277783534,14.4649589152062,15.6866277783534,14.3477666494846,15.6866277783534,15.6866277783534,14.4443157604688,15.0386245028472,14.8106520567564,15.6866277783534,15.5494273474541,15.6866277783534,15.6866277783534,14.6764468597178,15.6866277783534,15.6866277783534,15.6866277783534,15.3238945811887,14.8812552697218,15.0778827327118,15.6866277783534,15.6866277783534,15.2218153368407,15.6866277783534,15.6866277783534,15.6866277783534,15.0105839883802,15.6866277783534,15.6866277783534,15.4338105470597,15.6866277783534,15.6866277783534,15.6866277783534,15.6866277783534,15.6866277783534,15.6866277783534,15.6696965784349,15.6866277783534,15.6866277783534,15.6866277783534,15.6866277783534,15.6866277783534,15.6866277783534,15.6866277783534,15.2175814120845,15.6866277783534,15.6866277783534,15.6866277783534,15.6866277783534,15.6866277783534,15.6866277783534,15.6866277783534,15.6866277783534,15.3235774957711,15.6866277783534,15.6866277783534,15.6866277783534,15.6866277783534,15.6866277783534,15.6866277783534,15.6866277783534,15.6866277783534,15.6866277783534,15.3595897735007,15.6866277783534,15.6866277783534,15.6866277783534,15.6866277783534,15.6866277783534,15.6866277783534,15.6866277783534,15.6866277783534,15.6866277783534,15.6866277783534,15.6866277783534,15.6866277783534,15.6866277783534,15.6866277783534,15.6866277783534,15.6866277783534,15.6866277783534,15.6866277783534,15.6866277783534,15.6866277783534,15.6866277783534,15.6866277783534,15.6866277783534,15.6866277783534,15.6866277783534,15.6866277783534,15.6866277783534,15.6866277783534,15.6866277783534,15.6866277783534,15.6866277783534,15.6866277783534,15.6866277783534,15.6866277783534,15.6866277783534,15.6866277783534,15.6866277783534,15.6866277783534
"t3",2.14981955542383,0.863280065013954,0,1.30902288562911,5.39833142798348,2.11630041875119,4.04303290244975,9.08558429747012,8.85721708946081,9.58600111056987,8.6140637107829,8.8499243866527,10.9706085730423,10.8741727917401,10.8493628603235,11.6537782591705,10.9780060399389,11.9122593582201,13.5144284441141,11.7917587708386,11.6525029493682,12.4388798886915,13.0305286341636,12.0052793877695,12.5352507663835,12.0992183700866,13.0870151539551,12.3924622235591,13.622693672237,13.3028523009797,12.4174919970088,12.9204754966956,13.6725462196346,15.2067155279558,12.6250782834591,14.5635758477843,12.9943141840173,12.986167250666,12.9122104943243,15.2067155279558,15.2067155279558,14.189610744638,13.5145604101758,15.2067155279558,15.2067155279558,13.7055909968108,15.2067155279558,13.8316976897645,14.2286929201506,13.8244285755082,13.5142837443389,13.6406281695648,14.9298006894344,14.5314931427472,13.5426094250282,14.289241463258,15.2067155279558,13.5700668066533,13.7198522650344,13.5795141193783,15.2067155279558,15.2067155279558,13.8891877443528,15.2067155279558,14.1231094657316,15.2067155279558,15.2067155279558,15.2067155279558,14.1922850749788,15.2067155279558,15.2067155279558,15.2067155279558,13.9850466648085,15.2067155279558,13.867854399087,15.2067155279558,15.2067155279558,13.9644035100711,14.5587122524495,14.3307398063588,15.2067155279558,15.0695150970565,15.2067155279558,15.2067155279558,14.1965346093201,15.2067155279558,15.2067155279558,15.2067155279558,14.843982330791,14.4013430193241,14.5979704823141,15.2067155279558,15.2067155279558,14.741903086443,15.2067155279558,15.2067155279558,15.2067155279558,14.5306717379825,15.2067155279558,15.2067155279558,14.9538982966621,15.2067155279558,15.2067155279558,15.2067155279558,15.2067155279558,15.2067155279558,15.2067155279558,15.1897843280372,15.2067155279558,15.2067155279558,15.2067155279558,15.2067155279558,15.2067155279558,15.2067155279558,15.2067155279558,14.7376691616868,15.2067155279558,15.2067155279558,15.2067155279558,15.2067155279558,15.2067155279558,15.2067155279558,15.2067155279558,15.2067155279558,14.8436652453734,15.2067155279558,15.2067155279558,15.2067155279558,15.2067155279558,15.2067155279558,15.2067155279558,15.2067155279558,15.2067155279558,15.2067155279558,14.879677523103,15.2067155279558,15.2067155279558,15.2067155279558,15.2067155279558,15.2067155279558,15.2067155279558,15.2067155279558,15.2067155279558,15.2067155279558,15.2067155279558,15.2067155279558,15.2067155279558,15.2067155279558,15.2067155279558,15.2067155279558,15.2067155279558,15.2067155279558,15.2067155279558,15.2067155279558,15.2067155279558,15.2067155279558,15.2067155279558,15.2067155279558,15.2067155279558,15.2067155279558,15.2067155279558,15.2067155279558,15.2067155279558,15.2067155279558,15.2067155279558,15.2067155279558,15.2067155279558,15.2067155279558,15.2067155279558,15.2067155279558,15.2067155279558,15.2067155279558,15.2067155279558
"t4",3.07547462643665,1.78893513602678,1.30902288562911,0,4.48402260234076,1.20199159310847,3.12872407680702,8.17127547182739,7.94290826381808,8.67169228492715,7.69975488514017,7.93561556100997,10.0562997473996,9.95986396609741,9.93505403468077,10.7394694335278,10.0636972142962,10.9979505325774,12.6001196184714,10.8774499451958,10.7381941237255,11.5245710630487,12.1162198085209,11.0909705621268,11.6209419407408,11.1849095444438,12.1727063283124,11.4781533979163,12.7083848465942,12.388543475337,11.503183171366,12.0061666710529,12.7582373939919,14.292406702313,11.7107694578164,13.6492670221416,12.0800053583746,12.0718584250233,11.9979016686816,14.292406702313,14.292406702313,13.2753019189952,12.600251584533,14.292406702313,14.292406702313,12.7912821711681,14.292406702313,12.9173888641218,13.3143840945078,12.9101197498654,12.5999749186962,12.726319343922,14.0154918637917,13.6171843171045,12.6283005993855,13.3749326376153,14.292406702313,12.6557579810106,12.8055434393916,12.6652052937355,14.292406702313,14.292406702313,12.9748789187101,14.292406702313,13.2088006400889,14.2924067023131,14.292406702313,14.292406702313,13.277976249336,14.292406702313,14.2924067023131,14.2924067023131,13.0707378391658,14.292406702313,12.9535455734442,14.2924067023131,14.292406702313,13.0500946844284,13.6444034268068,13.4164309807161,14.2924067023131,14.1552062714137,14.2924067023131,14.2924067023131,13.2822257836774,14.292406702313,14.2924067023131,14.292406702313,13.9296735051483,13.4870341936814,13.6836616566714,14.2924067023131,14.2924067023131,13.8275942608003,14.292406702313,14.2924067023131,14.292406702313,13.6163629123398,14.292406702313,14.292406702313,14.0395894710193,14.292406702313,14.2924067023131,14.2924067023131,14.2924067023131,14.2924067023131,14.292406702313,14.2754755023945,14.2924067023131,14.2924067023131,14.292406702313,14.292406702313,14.292406702313,14.292406702313,14.292406702313,13.8233603360441,14.2924067023131,14.2924067023131,14.2924067023131,14.2924067023131,14.2924067023131,14.2924067023131,14.292406702313,14.2924067023131,13.9293564197307,14.2924067023131,14.2924067023131,14.2924067023131,14.292406702313,14.292406702313,14.292406702313,14.292406702313,14.292406702313,14.2924067023131,13.9653686974603,14.292406702313,14.292406702313,14.292406702313,14.292406702313,14.292406702313,14.292406702313,14.292406702313,14.292406702313,14.2924067023131,14.2924067023131,14.292406702313,14.2924067023131,14.2924067023131,14.292406702313,14.292406702313,14.292406702313,14.292406702313,14.292406702313,14.292406702313,14.292406702313,14.292406702313,14.292406702313,14.292406702313,14.292406702313,14.292406702313,14.292406702313,14.292406702313,14.292406702313,14.292406702313,14.292406702313,14.2924067023131,14.2924067023131,14.292406702313,14.292406702313,14.292406702313,14.292406702313,14.2924067023131,14.2924067023131
"t5",7.16478316879103,5.87824367838115,5.39833142798348,4.48402260234076,0,4.19432883832107,5.99028174620394,11.16361271704,10.9352455090307,11.6640295301397,10.6920921303528,10.9279528062226,13.0486369926122,12.95220121131,12.9273912798934,13.6010271029247,12.9252548836931,13.8595082019743,15.592456863684,13.8697871904084,13.7305313689381,14.3861287324457,14.9777774779178,14.0833078073394,14.6132791859534,14.1772467896564,15.165043573525,14.4704906431289,15.7007220918068,15.3808807205496,14.4955204165786,14.9985039162655,15.7505746392045,17.2847439475256,14.703106703029,16.6416042673542,15.0723426035872,15.0641956702359,14.9902389138942,17.2847439475256,17.2847439475256,16.2676391642078,15.5925888297456,17.2847439475256,17.2847439475256,15.7836194163807,17.2847439475256,15.9097261093344,16.3067213397204,15.902456995078,15.5923121639088,15.7186565891346,17.0078291090043,16.6095215623171,15.6206378445981,16.3672698828279,17.2847439475256,15.6480952262232,15.7978806846042,15.6575425389481,17.2847439475256,17.2847439475256,15.9672161639227,17.2847439475256,16.2011378853015,17.15396437171,17.2847439475256,17.2847439475256,16.2703134945486,17.2847439475256,17.2847439475256,17.2847439475256,15.9322955085627,17.2847439475256,15.9458828186568,17.2847439475257,17.2847439475256,16.042431929641,16.6367406720194,16.4087682259287,17.2847439475257,17.1475435166263,17.2847439475256,17.2847439475256,16.27456302889,17.2847439475256,17.2847439475257,17.2847439475256,16.9220107503609,16.3485918630783,16.675998901884,17.15396437171,17.15396437171,16.8199315060129,17.2847439475256,17.2847439475256,17.2847439475256,16.4779205817367,17.2847439475256,17.2847439475256,17.0319267162319,17.2847439475256,17.15396437171,17.15396437171,17.2847439475256,17.2847439475257,17.2847439475257,17.2678127476071,17.2847439475256,17.2847439475256,17.2847439475256,17.2847439475256,17.2847439475256,17.2847439475256,17.2847439475256,16.8156975812567,17.2847439475257,17.2847439475256,17.2847439475256,17.2847439475256,17.2847439475256,17.2847439475257,17.2847439475256,17.2847439475257,16.9216936649433,17.2847439475257,17.2847439475256,17.2847439475256,17.2847439475256,17.2847439475256,17.2847439475256,17.2847439475256,17.2847439475256,17.2847439475256,16.9577059426729,17.2847439475256,17.2847439475256,17.2847439475256,17.2847439475256,17.2847439475256,17.2847439475256,17.2847439475256,17.2847439475256,17.2847439475256,17.2847439475256,17.2847439475257,17.2847439475256,17.2847439475256,17.2847439475256,17.2847439475256,17.2847439475256,17.2847439475256,17.2847439475256,17.2847439475256,17.2847439475257,17.2847439475257,17.2847439475256,17.2847439475256,17.2847439475256,17.2847439475256,17.2847439475256,17.2847439475256,17.2847439475256,17.2847439475256,17.2847439475256,17.2847439475257,17.2847439475257,17.2847439475256,17.2847439475256,17.2847439475256,17.2847439475256,17.2847439475257,17.2847439475257
"t6",3.88275215955874,2.59621266914887,2.11630041875119,1.20199159310847,4.19432883832107,0,2.83903031278733,7.54868464263704,7.32031743462773,8.04910145573679,7.07716405594982,7.31302473181962,9.43370891820922,9.33727313690705,9.31246320549041,10.4497756695081,9.77400345027649,10.7082567685577,11.9775287892811,10.2548591160055,10.1156032945351,11.234877299029,11.8265260445012,10.4683797329364,10.9983511115505,10.5623187152535,11.5501154991221,10.855562568726,12.0857940174039,11.7659526461466,10.8805923421757,11.3835758418625,12.1356465648015,13.6698158731227,11.0881786286261,13.0266761929512,11.4574145291842,11.4492675958329,11.3753108394912,13.6698158731227,13.6698158731227,12.6527110898049,11.9776607553427,13.6698158731227,13.6698158731227,12.1686913419777,13.6698158731227,12.2947980349314,12.6917932653175,12.2875289206751,11.9773840895059,12.1037285147317,13.3929010346013,12.9945934879142,12.0057097701951,12.7523418084249,13.6698158731227,12.0331671518202,12.1829526102013,12.0426144645452,13.6698158731227,13.6698158731227,12.3522880895198,13.6698158731227,12.5862098108985,14.0027129382934,13.6698158731227,13.6698158731227,12.6553854201457,13.6698158731227,13.6698158731227,13.6698158731227,12.7810440751461,13.6698158731227,12.3309547442539,13.6698158731227,13.6698158731227,12.427503855238,13.0218125976164,12.7938401515257,13.6698158731227,13.5326154422234,13.6698158731227,13.6698158731227,12.659634954487,13.6698158731227,13.6698158731227,13.6698158731227,13.3070826759579,13.1973404296617,13.061070827481,14.0027129382934,14.0027129382934,13.2050034316099,13.6698158731227,13.6698158731227,13.6698158731227,13.3266691483201,13.6698158731227,13.6698158731227,13.416998641829,13.6698158731227,14.0027129382934,14.0027129382934,13.6698158731227,13.6698158731227,13.6698158731227,13.6528846732042,13.6698158731227,13.6698158731227,13.6698158731227,13.6698158731227,13.6698158731227,13.6698158731227,13.6698158731227,13.2007695068537,13.6698158731227,13.6698158731227,13.6698158731227,13.6698158731227,13.6698158731227,13.6698158731227,13.6698158731227,13.6698158731227,13.3067655905403,13.6698158731227,13.6698158731227,13.6698158731227,13.6698158731227,13.6698158731227,13.6698158731227,13.6698158731227,13.6698158731227,13.6698158731227,13.3427778682699,13.6698158731227,13.6698158731227,13.6698158731227,13.6698158731227,13.6698158731227,13.6698158731227,13.6698158731227,13.6698158731227,13.6698158731227,13.6698158731227,13.6698158731227,13.6698158731227,13.6698158731227,13.6698158731227,13.6698158731227,13.6698158731227,13.6698158731227,13.6698158731227,13.6698158731227,13.6698158731227,13.6698158731227,13.6698158731227,13.6698158731227,13.6698158731227,13.6698158731227,13.6698158731227,13.6698158731227,13.6698158731227,13.6698158731227,13.6698158731227,13.6698158731227,13.6698158731227,13.6698158731227,13.6698158731227,13.6698158731227,13.6698158731227,13.6698158731227,13.6698158731227
"t7",5.80948464325729,4.52294515284742,4.04303290244975,3.12872407680702,5.99028174620394,2.83903031278733,0,9.80831419150626,9.57994698349695,10.308731004606,9.33679360481904,9.57265428068884,11.6933384670784,11.5969026857763,11.5720927543596,8.64024434091461,7.96447212168303,8.89872543996425,14.2371583381503,12.5144886648747,12.3752328434043,9.42534597043559,10.0169947159077,12.7280092818056,13.2579806604197,12.8219482641227,13.8097450479913,13.1151921175952,14.3454235662731,14.0255821950159,13.1402218910449,13.6432053907317,14.3952761136707,15.9294454219919,13.3478081774953,15.2863057418204,13.7170440780534,13.7088971447021,13.6349403883605,15.9294454219919,15.9294454219919,14.9123406386741,14.2372903042119,15.9294454219919,15.9294454219919,14.4283208908469,15.9294454219919,14.5544275838007,14.9514228141867,14.5471584695443,14.2370136383751,14.3633580636009,15.6525305834705,15.2542230367834,14.2653393190644,15.0119713572941,15.9294454219919,14.2927967006894,14.4425821590705,14.3022440134144,15.9294454219919,15.9294454219919,14.611917638389,15.9294454219919,14.8458393597677,12.1931816096999,15.9294454219919,15.9294454219919,14.9150149690149,15.9294454219919,15.9294454219919,15.9294454219919,10.9715127465526,15.9294454219919,14.5905842931231,15.9294454219919,15.9294454219919,14.6871334041073,15.2814421464856,15.0534697003949,15.9294454219919,15.7922449910926,15.9294454219919,15.9294454219919,14.9192645033562,15.9294454219919,15.9294454219919,15.9294454219919,15.5667122248272,11.3878091010682,15.3207003763503,12.1931816096999,12.1931816096999,15.4646329804791,15.9294454219919,15.9294454219919,15.9294454219919,11.5171378197266,15.9294454219919,15.9294454219919,15.6766281906982,15.9294454219919,12.1931816096999,12.1931816096999,15.9294454219919,15.9294454219919,15.9294454219919,15.9125142220734,15.9294454219919,15.9294454219919,15.9294454219919,15.9294454219919,15.9294454219919,15.9294454219919,15.9294454219919,15.4603990557229,15.9294454219919,15.9294454219919,15.9294454219919,15.9294454219919,15.9294454219919,15.9294454219919,15.9294454219919,15.9294454219919,15.5663951394096,15.9294454219919,15.9294454219919,15.9294454219919,15.9294454219919,15.9294454219919,15.9294454219919,15.9294454219919,15.9294454219919,15.9294454219919,15.6024074171391,15.9294454219919,15.9294454219919,15.9294454219919,15.9294454219919,15.9294454219919,15.9294454219919,15.9294454219919,15.9294454219919,15.9294454219919,15.9294454219919,15.9294454219919,15.9294454219919,15.9294454219919,15.9294454219919,15.9294454219919,15.9294454219919,15.9294454219919,15.9294454219919,15.9294454219919,15.9294454219919,15.9294454219919,15.9294454219919,15.9294454219919,15.9294454219919,15.9294454219919,15.9294454219919,15.9294454219919,15.9294454219919,15.9294454219919,15.9294454219919,15.9294454219919,15.9294454219919,15.9294454219919,15.9294454219919,15.9294454219919,15.9294454219919,15.9294454219919,15.9294454219919
"t8",10.8520360382777,9.56549654786779,9.08558429747012,8.17127547182739,11.16361271704,7.54868464263704,9.80831419150626,0,5.17880213191469,5.90758615302375,5.88357300298996,5.17150942910658,7.29219361549617,8.14368208394719,8.11887215253055,17.419059548227,16.7432873289954,17.6775406472766,9.83601348656802,8.11334381329244,7.97408799182208,18.204161177748,18.7958099232201,9.27478867997656,8.85683580883743,8.42080341254045,10.3565244461622,8.71404726601294,10.892202964444,10.5723615931868,9.68700128921583,10.1899847889027,9.99413126208846,11.5283005704097,8.94666332591301,10.8851608902382,9.31589922647115,9.30775229311989,9.2337955367782,11.5283005704097,12.4762248201628,10.5111957870918,9.83614545262965,12.4762248201628,12.4762248201628,10.0271760392647,11.5283005704097,10.1532827322184,10.5502779626044,10.146013617962,10.783793036546,10.9101374617718,11.2513857318883,10.8530781852011,9.86419446748209,10.6108265057119,12.4762248201628,10.8395760988603,10.9893615572414,10.8490234115853,12.4762248201628,11.5283005704096,11.1586970365599,12.4762248201628,10.4446945081855,20.9719968170123,11.5283005704097,11.5283005704097,10.5138701174327,11.5283005704097,11.5283005704097,11.5283005704097,19.750327953865,11.5283005704097,10.1894394415408,11.5283005704097,11.5283005704096,10.285988552525,10.8802972949034,10.6523248488127,11.5283005704097,11.3911001395103,11.5283005704097,11.5283005704097,11.4660439015272,11.5283005704097,11.5283005704096,11.5283005704097,11.1655673732449,20.1666243083806,10.919555524768,20.9719968170123,20.9719968170123,12.0114123786501,12.4762248201628,12.4762248201628,11.5283005704097,20.295953027039,12.4762248201628,11.5283005704097,12.2234075888691,12.4762248201628,20.9719968170123,20.9719968170123,11.5283005704097,11.5283005704097,11.5283005704097,12.4592936202443,12.4762248201628,11.5283005704097,11.5283005704097,12.4762248201628,11.5283005704097,11.5283005704097,12.4762248201628,11.0592542041407,11.5283005704097,11.5283005704097,11.5283005704097,11.5283005704097,11.5283005704097,11.5283005704097,12.4762248201628,11.5283005704097,11.1652502878273,11.5283005704097,11.5283005704097,11.5283005704097,12.4762248201628,12.4762248201628,12.4762248201628,12.4762248201628,12.4762248201628,11.5283005704097,11.2012625655569,12.4762248201628,12.4762248201628,11.5283005704097,11.5283005704097,12.4762248201628,12.4762248201628,12.4762248201628,12.4762248201628,11.5283005704097,11.5283005704097,11.5283005704097,11.5283005704097,11.5283005704097,11.5283005704097,11.5283005704097,12.4762248201628,12.4762248201628,11.5283005704096,11.5283005704096,11.5283005704097,11.5283005704097,11.5283005704097,11.5283005704097,12.4762248201628,12.4762248201628,12.4762248201628,12.4762248201628,12.4762248201628,12.4762248201628,12.4762248201628,11.5283005704097,11.5283005704097,12.4762248201628,12.4762248201628,12.4762248201628,12.4762248201628,11.5283005704097,11.5283005704097
"t9",10.6236688302684,9.33712933985848,8.85721708946081,7.94290826381808,10.9352455090307,7.32031743462773,9.57994698349695,5.17880213191469,0,3.49029639631692,5.65520579498065,2.75421967239975,4.87490385878935,7.91531487593789,7.89050494452124,17.1906923402177,16.5149201209861,17.4491734392673,7.41872372986119,5.69605405658562,5.55679823511525,17.9757939697387,18.5674427152108,9.04642147196726,6.4395460521306,6.00351365583362,10.1281572381529,6.29675750930612,10.6638357564347,10.3439943851775,9.45863408120653,9.96161758089335,7.57684150538164,9.11101081370283,6.52937356920619,8.46787113353136,6.89860946976433,6.89046253641306,6.81650578007138,9.11101081370283,12.2478576121535,8.09390603038501,7.41885569592283,12.2478576121535,12.2478576121535,7.60988628255784,9.11101081370283,7.73599297551157,8.13298820589762,7.72872386125522,10.5554258285367,10.6817702537625,8.83409597518144,8.43578842849429,7.44690471077527,8.19353674900505,12.2478576121535,10.611208890851,10.7609943492321,10.620656203576,12.2478576121535,9.11101081370283,10.9303298285506,12.2478576121535,8.02740475147866,20.743629609003,9.11101081370283,9.11101081370283,8.09658036072583,9.11101081370283,9.11101081370283,9.11101081370283,19.5219607458557,9.11101081370283,7.77214968483402,9.11101081370283,9.11101081370283,7.86869879581817,8.46300753819656,8.23503509210583,9.11101081370283,8.97381038280352,9.11101081370283,9.11101081370283,11.2376766935179,9.11101081370283,9.11101081370283,9.11101081370283,8.74827761653807,19.9382571003713,8.50226576806117,20.743629609003,20.743629609003,11.7830451706408,12.2478576121535,12.2478576121535,9.11101081370283,20.0675858190297,12.2478576121535,9.11101081370283,11.9950403808598,12.2478576121535,20.743629609003,20.743629609003,9.11101081370283,9.11101081370283,9.11101081370283,12.230926412235,12.2478576121535,9.11101081370283,9.11101081370283,12.2478576121535,9.11101081370283,9.11101081370283,12.2478576121535,8.64196444743384,9.11101081370283,9.11101081370283,9.11101081370283,9.11101081370283,9.11101081370283,9.11101081370283,12.2478576121535,9.11101081370283,8.74796053112047,9.11101081370283,9.11101081370283,9.11101081370283,12.2478576121535,12.2478576121535,12.2478576121535,12.2478576121535,12.2478576121535,9.11101081370283,8.78397280885004,12.2478576121535,12.2478576121535,9.11101081370283,9.11101081370283,12.2478576121535,12.2478576121535,12.2478576121535,12.2478576121535,9.11101081370283,9.11101081370283,9.11101081370283,9.11101081370283,9.11101081370283,9.11101081370283,9.11101081370283,12.2478576121535,12.2478576121535,9.11101081370283,9.11101081370283,9.11101081370283,9.11101081370283,9.11101081370283,9.11101081370283,12.2478576121535,12.2478576121535,12.2478576121535,12.2478576121535,12.2478576121535,12.2478576121535,12.2478576121535,9.11101081370283,9.11101081370283,12.2478576121535,12.2478576121535,12.2478576121535,12.2478576121535,9.11101081370283,9.11101081370283
"t10",11.3524528513774,10.0659133609675,9.58600111056987,8.67169228492715,11.6640295301397,8.04910145573679,10.308731004606,5.90758615302375,3.49029639631692,0,6.38398981608971,1.90432867326683,4.02501285965642,8.64409889704694,8.6192889656303,17.9194763613267,17.2437041420952,18.1779574603764,6.56883273072827,4.84616305745269,4.70690723598233,18.7045779908477,19.2962267363199,9.77520549307632,5.58965505299768,5.1536226567007,10.8569412592619,5.44686651017319,11.3926197775438,11.0727784062865,10.1874181023156,10.6904016020024,6.72695050624871,8.2611198145699,5.67948257007326,7.61798013439844,6.04871847063141,6.04057153728014,5.96661478093845,8.2611198145699,12.9766416332626,7.24401503125209,6.5689646967899,12.9766416332626,12.9766416332626,6.75999528342492,8.2611198145699,6.88610197637864,7.2830972067647,6.87883286212229,11.2842098496457,11.4105542748716,7.98420497604851,7.58589742936137,6.59701371164234,7.34364574987212,12.9766416332626,11.3399929119601,11.4897783703412,11.3494402246851,12.9766416332626,8.2611198145699,11.6591138496596,12.9766416332626,7.17751375234574,21.472413630112,8.2611198145699,8.2611198145699,7.2466893615929,8.2611198145699,8.2611198145699,8.2611198145699,20.2507447669647,8.2611198145699,6.92225868570109,8.2611198145699,8.2611198145699,7.01880779668524,7.61311653906364,7.38514409297291,8.2611198145699,8.1239193836706,8.2611198145699,8.2611198145699,11.9664607146269,8.2611198145699,8.2611198145699,8.2611198145699,7.89838661740515,20.6670411214803,7.65237476892825,21.472413630112,21.472413630112,12.5118291917498,12.9766416332626,12.9766416332626,8.2611198145699,20.7963698401387,12.9766416332626,8.2611198145699,12.7238244019689,12.9766416332626,21.472413630112,21.472413630112,8.2611198145699,8.2611198145699,8.2611198145699,12.9597104333441,12.9766416332626,8.2611198145699,8.26111981456991,12.9766416332626,8.2611198145699,8.2611198145699,12.9766416332626,7.79207344830092,8.2611198145699,8.2611198145699,8.2611198145699,8.2611198145699,8.2611198145699,8.2611198145699,12.9766416332626,8.2611198145699,7.89806953198754,8.2611198145699,8.2611198145699,8.2611198145699,12.9766416332626,12.9766416332626,12.9766416332626,12.9766416332626,12.9766416332626,8.2611198145699,7.93408180971712,12.9766416332626,12.9766416332626,8.2611198145699,8.2611198145699,12.9766416332626,12.9766416332626,12.9766416332626,12.9766416332626,8.26111981456991,8.26111981456991,8.2611198145699,8.2611198145699,8.2611198145699,8.2611198145699,8.2611198145699,12.9766416332626,12.9766416332626,8.2611198145699,8.2611198145699,8.2611198145699,8.2611198145699,8.2611198145699,8.2611198145699,12.9766416332626,12.9766416332626,12.9766416332626,12.9766416332626,12.9766416332626,12.9766416332626,12.9766416332626,8.2611198145699,8.2611198145699,12.9766416332626,12.9766416332626,12.9766416332626,12.9766416332626,8.2611198145699,8.2611198145699
"t11",10.3805154515904,9.09397596118057,8.6140637107829,7.69975488514017,10.6920921303528,7.07716405594982,9.33679360481904,5.88357300298996,5.65520579498065,6.38398981608971,0,5.64791309217254,7.76859727856214,2.42361399337895,2.3988040619623,16.9475389615398,16.2717667423082,17.2060200605894,10.312417149634,8.58974747635841,8.45049165488804,17.7326405910608,18.3242893365329,3.55472058940832,9.33323947190339,8.89720707560641,4.63645635559394,9.1904509290789,5.17213487387579,4.85229350261853,3.96693319864759,4.46991669833441,10.4705349251544,12.0047042334756,9.42306698897897,11.3615645533042,9.79230288953712,9.78415595618585,9.71019919984417,12.0047042334756,6.75615672959459,10.9875994501578,10.3125491156956,6.75615672959459,6.75615672959459,10.5035797023306,12.0047042334756,10.6296863952844,11.0266816256704,10.622417281028,5.06372494597775,5.19006937120358,11.7277893949542,11.3294818482671,10.3405981305481,11.0872301687778,6.75615672959459,5.1195080082921,5.26929346667318,5.12895532101708,6.75615672959459,12.0047042334756,5.43862894599164,6.75615672959459,10.9210981712515,20.5004762303251,12.0047042334756,12.0047042334756,10.9902737804986,12.0047042334756,12.0047042334756,12.0047042334756,19.2788073671778,12.0047042334756,10.6658431046068,12.0047042334756,12.0047042334756,10.762392215591,11.3567009579694,11.1287285118786,12.0047042334756,11.8675038025763,12.0047042334756,12.0047042334756,5.74597581095892,12.0047042334756,12.0047042334756,12.0047042334756,11.6419710363109,19.6951037216934,11.395959187834,20.5004762303251,20.5004762303251,6.29134428808182,6.75615672959459,6.75615672959459,12.0047042334756,19.8244324403518,6.75615672959459,12.0047042334756,6.50333949830087,6.75615672959459,20.5004762303251,20.5004762303251,12.0047042334756,12.0047042334756,12.0047042334756,6.73922552967605,6.75615672959459,12.0047042334756,12.0047042334756,6.75615672959459,12.0047042334756,12.0047042334756,6.75615672959459,11.5356578672066,12.0047042334756,12.0047042334756,12.0047042334756,12.0047042334756,12.0047042334756,12.0047042334756,6.75615672959459,12.0047042334756,11.6416539508933,12.0047042334756,12.0047042334756,12.0047042334756,6.75615672959459,6.75615672959459,6.75615672959459,6.75615672959459,6.75615672959459,12.0047042334756,11.6776662286228,6.75615672959459,6.75615672959459,12.0047042334756,12.0047042334756,6.75615672959459,6.75615672959459,6.75615672959459,6.75615672959459,12.0047042334756,12.0047042334756,12.0047042334756,12.0047042334756,12.0047042334756,12.0047042334756,12.0047042334756,6.75615672959459,6.75615672959459,12.0047042334756,12.0047042334756,12.0047042334756,12.0047042334756,12.0047042334756,12.0047042334756,6.75615672959459,6.75615672959459,6.75615672959459,6.75615672959459,6.75615672959459,6.75615672959459,6.75615672959459,12.0047042334756,12.0047042334756,6.75615672959459,6.75615672959459,6.75615672959459,6.75615672959459,12.0047042334756,12.0047042334756
"t12",10.6163761274602,9.32983663705037,8.8499243866527,7.93561556100997,10.9279528062226,7.31302473181962,9.57265428068884,5.17150942910658,2.75421967239975,1.90432867326683,5.64791309217254,0,2.5516376136279,7.90802217312977,7.88321224171313,17.1833996374096,16.507627418178,17.4418807364592,5.09545748469974,3.37278781142417,3.78785082910015,17.9685012669305,18.5601500124027,9.03912876915915,4.11627980696915,3.68024741067217,10.1208645353448,3.97349126414467,10.6565430536266,10.3367016823694,9.45134137839841,9.95432487808524,5.80789409936653,7.34206340768773,4.20610732404474,6.14460488836992,5.12966206374923,4.56719629125161,5.04755837405628,7.34206340768773,12.2405649093454,5.77063978522356,5.09558945076138,12.2405649093454,12.2405649093454,5.28662003739639,6.78774456854138,5.41272673035012,5.80972196073617,5.40545761609377,10.5481331257286,10.6744775509544,6.51082973001999,6.11252218333284,5.12363846561382,5.8702705038436,12.2405649093454,10.6039161880429,10.753701646424,10.6133635007679,12.2405649093454,6.78774456854138,10.9230371257425,12.2405649093454,6.25845734546356,20.7363369061949,6.78774456854138,6.78774456854138,5.77331411556438,6.78774456854138,6.78774456854138,6.78774456854138,19.5146680430476,6.78774456854138,5.44888343967257,7.34206340768773,6.78774456854138,5.54543255065672,6.13974129303511,5.91176884694438,6.78774456854138,6.65054413764207,6.78774456854138,6.78774456854138,11.2303839907097,6.78774456854138,6.78774456854138,6.78774456854138,6.42501137137662,19.9309643975632,6.17899952289972,20.7363369061949,20.7363369061949,11.7757524678326,12.2405649093454,12.2405649093454,6.78774456854138,20.0602931162216,12.2405649093454,6.78774456854138,11.9877476780517,12.2405649093454,20.7363369061949,20.7363369061949,6.78774456854138,6.78774456854138,6.78774456854138,12.2236337094269,12.2405649093454,6.78774456854138,6.78774456854138,12.2405649093454,6.78774456854138,6.78774456854138,12.2405649093454,6.31869820227239,6.78774456854138,7.34206340768773,7.34206340768773,6.78774456854138,6.78774456854138,6.78774456854138,12.2405649093454,7.34206340768773,6.42469428595901,6.78774456854138,6.78774456854138,6.78774456854138,12.2405649093454,12.2405649093454,12.2405649093454,12.2405649093454,12.2405649093454,7.34206340768773,7.01502540283494,12.2405649093454,12.2405649093454,6.78774456854138,6.78774456854138,12.2405649093454,12.2405649093454,12.2405649093454,12.2405649093454,6.78774456854138,6.78774456854138,6.78774456854138,6.78774456854138,6.78774456854138,6.78774456854138,6.78774456854138,12.2405649093454,12.2405649093454,6.78774456854138,6.78774456854138,6.78774456854138,6.78774456854138,6.78774456854138,6.78774456854138,12.2405649093454,12.2405649093454,12.2405649093454,12.2405649093454,12.2405649093454,12.2405649093454,12.2405649093454,6.78774456854138,6.78774456854138,12.2405649093454,12.2405649093454,12.2405649093454,12.2405649093454,6.78774456854138,6.78774456854138
"t13",12.7370603138498,11.45052082344,10.9706085730423,10.0562997473996,13.0486369926122,9.43370891820922,11.6933384670784,7.29219361549617,4.87490385878935,4.02501285965642,7.76859727856214,2.5516376136279,0,10.0287063595194,10.0038964281027,19.3040838237992,18.6283116045676,19.5625649228488,6.53175149127422,3.14166142761601,5.90853501548975,20.0891854533201,20.6808341987923,11.1598129555487,3.88515342316099,3.44912102686402,12.2415487217344,3.74236488033651,12.7772272400162,12.457385868759,11.572025564788,12.0750090644748,7.92857828575613,9.46274759407732,3.97498094023658,5.91347850456176,7.25034625013883,4.33606990744346,7.16824256044587,9.46274759407732,14.361249095735,5.53951340141541,4.86446306695322,14.361249095735,14.361249095735,5.05549365358824,6.55661818473322,5.18160034654196,5.57859557692802,6.84175162266825,12.6688173121182,12.795161737344,6.27970334621183,5.88139579952469,6.5599324721883,5.63914412003544,14.361249095735,12.7246003744325,12.8743858328136,12.7340476871575,14.361249095735,6.55661818473322,13.0437213121321,14.361249095735,8.37914153185316,22.8570210925845,6.55661818473322,6.55661818473322,7.20960812213886,8.22403857511586,6.55661818473322,6.55661818473322,21.6353522294372,8.22403857511586,6.88517744624705,9.46274759407732,6.55661818473322,5.31430616684856,5.90861490922696,5.68064246313623,6.55661818473322,6.41941775383392,6.55661818473322,6.55661818473322,13.3510681770993,6.55661818473322,6.55661818473322,6.55661818473322,6.19388498756847,22.0516485839528,5.94787313909157,22.8570210925845,22.8570210925845,13.8964366542222,14.361249095735,14.361249095735,6.55661818473322,22.1809773026112,14.361249095735,6.55661818473322,14.1084318644413,14.361249095735,22.8570210925845,22.8570210925845,6.55661818473322,6.55661818473322,6.55661818473322,14.3443178958165,14.361249095735,6.55661818473322,6.55661818473322,14.361249095735,6.55661818473322,6.55661818473322,14.361249095735,6.08757181846423,6.55661818473322,9.46274759407732,9.46274759407732,6.55661818473322,6.55661818473322,6.55661818473322,14.361249095735,9.46274759407732,6.19356790215086,6.55661818473322,6.55661818473322,6.55661818473322,14.361249095735,14.361249095735,14.361249095735,14.361249095735,14.361249095735,9.46274759407732,9.13570958922454,14.361249095735,14.361249095735,6.55661818473322,6.55661818473322,14.361249095735,14.361249095735,14.361249095735,14.361249095735,6.55661818473322,6.55661818473322,6.55661818473322,6.55661818473322,6.55661818473322,6.55661818473322,6.55661818473322,14.361249095735,14.361249095735,6.55661818473322,6.55661818473322,6.55661818473322,6.55661818473322,6.55661818473322,6.55661818473322,14.361249095735,14.361249095735,14.361249095735,14.361249095735,14.361249095735,14.361249095735,14.361249095735,6.55661818473322,6.55661818473322,14.361249095735,14.361249095735,14.361249095735,14.361249095735,6.55661818473322,6.55661818473322
