"","t1","t2","t3","t4","t5","t6","t7","t8","t9","t10","t11","t12","t13","t14","t15","t16","t17","t18","t19","t20","t21","t22","t23","t24","t25","t26","t27","t28","t29","t30","t31","t32","t33","t34","t35","t36","t37","t38","t39","t40","t41","t42","t43","t44","t45","t46","t47","t48","t49","t50","t51","t52","t53","t54","t55","t56","t57","t58","t59","t60","t61","t62","t63","t64","t65","t66","t67","t68","t69","t70","t71","t72","t73","t74","t75","t76","t77","t78","t79","t80","t81","t82","t83","t84","t85","t86","t87","t88","t89","t90","t91","t92","t93","t94","t95","t96","t97","t98","t99","t100","t101","t102","t103","t104","t105","t106","t107","t108","t109","t110","t111","t112","t113","t114","t115","t116","t117","t118","t119","t120","t121","t122","t123","t124","t125","t126","t127","t128","t129","t130","t131","t132","t133","t134","t135","t136","t137","t138","t139","t140","t141","t142","t143","t144","t145","t146","t147","t148","t149","t150","t151","t152","t153","t154","t155","t156","t157","t158","t159","t160","t161","t162","t163","t164","t165","t166","t167","t168","t169","t170","t171","t172","t173","t174"
"t1",0,4.09419729803982,5.24165325791022,7.60642968101987,5.75165352550445,7.47581786639381,8.08248806964744,6.47948108266109,6.39075352177968,8.64724858258935,7.65441106092709,6.92381043699087,7.54879399598044,6.7865181397798,7.71650598478864,7.36118501345908,8.32922741733401,7.02246418164417,7.41514906569591,10.0518803289822,7.26312721972363,9.69443305743238,8.27060304258577,9.06341984315427,7.75716188696598,8.38057986345325,7.72847122018894,8.46006255556519,7.91704796702628,8.07251247048529,8.35499496393715,8.22747184463408,8.64970851612489,10.0518803289822,8.60606934790708,10.0518803289822,8.18239308677379,8.12686220311505,9.21259246550214,8.28032207523334,10.0518803289822,9.55733533155444,10.0518803289822,8.27633255304264,10.0518803289822,8.33247746260576,8.60911104608856,8.38336067649018,10.0518803289822,10.0518803289822,10.0518803289822,10.0518803289822,9.54951156970763,10.0518803289822,9.51053209563946,10.0518803289822,10.0518803289822,10.0518803289822,9.93545117626505,9.81907445567503,10.0518803289822,10.0518803289821,9.46984730386424,8.98511242988192,9.29708909174491,10.0518803289822,9.23235524861184,9.57930755141883,10.0518803289822,9.76940457261497,10.0518803289822,9.14156915845064,10.0518803289822,9.60048151824944,9.61518216958025,9.69420287772198,10.0518803289822,10.0518803289822,9.96766965376263,10.0518803289822,10.0518803289821,9.7625099919363,10.0518803289822,10.0518803289822,9.59462814886656,9.95578726285644,9.63657529568891,9.8309168862478,10.0518803289822,9.60659875717923,9.64258952805978,9.56690010930838,9.60372165984858,10.0518803289822,10.0518803289822,10.0518803289822,10.0518803289822,9.82676478230698,10.0518803289822,10.0518803289822,10.0518803289822,10.0518803289822,10.0518803289822,10.0518803289822,10.0518803289822,9.48954982302202,10.0518803289822,10.0518803289822,10.0518803289822,10.0518803289822,10.0518803289822,10.0518803289822,10.0518803289822,10.0518803289822,10.0040733513668,10.0518803289822,10.0518803289822,10.0518803289822,10.0518803289822,10.0518803289822,10.0518803289821,10.0518803289821,10.0518803289822,10.0518803289822,10.0518803289822,10.0518803289822,10.0518803289822,10.0518803289822,10.0518803289822,10.0518803289821,9.86354953888721,9.69323688445552,10.0518803289822,10.0518803289822,10.0262257262092,10.0518803289822,10.0518803289822,10.0518803289822,9.80318183446887,10.0518803289822,10.0518803289822,10.0518803289822,10.0518803289822,10.0518803289822,9.82364508311915,10.0518803289822,10.0518803289822,10.0518803289821,10.0518803289821,10.0518803289822,10.0518803289822,10.0518803289822,10.0518803289822,10.0518803289822,10.0518803289822,10.0518803289822,10.0518803289822,10.0518803289821,10.0518803289821,10.0518803289822,10.0518803289822,10.0518803289822,10.0518803289822,10.0518803289822,10.0518803289822,10.0518803289822,10.0518803289822,10.0518803289822,10.0518803289821,10.0518803289821,10.0518803289822,10.0518803289822,10.0518803289822,10.0518803289822
"t2",4.09419729803982,0,1.3134266228846,3.67820304599425,1.82342689047883,3.70973027406502,4.15426143462182,2.55125444763547,2.46252688675406,4.71902194756372,3.72618442590147,2.99558380196524,3.62056736095482,3.02043054745101,3.95041839245984,3.59509742113028,4.56313982500522,3.25637658931537,3.64906147336712,6.28579273665336,3.49703962739484,5.92834546510358,4.50451545025698,5.29733225082548,3.99107429463718,4.45235322842763,3.96238362786014,4.6939749632364,4.15096037469749,4.3064248781565,4.58890737160835,4.46138425230528,4.88362092379609,6.28579273665336,4.83998175557828,6.28579273665336,4.416305494445,4.36077461078626,5.44650487317335,4.51423448290454,6.28579273665336,5.79124773922565,6.28579273665336,4.51024496071385,6.28579273665336,4.56638987027697,4.84302345375977,4.45513404146456,6.12365369395653,6.12365369395653,6.28579273665336,6.28579273665336,5.62128493468201,6.28579273665336,5.74444450331066,6.28579273665336,6.12365369395653,6.12365369395653,6.16936358393626,6.05298686334624,6.28579273665336,6.12365369395653,5.70375971153544,5.0568857948563,5.53100149941612,6.28579273665336,5.46626765628305,5.81321995909004,6.28579273665336,6.00331698028618,6.12365369395653,5.21334252342501,6.28579273665336,5.83439392592065,5.68695553455463,5.76597624269636,6.28579273665336,6.28579273665336,6.20158206143384,6.28579273665336,6.28579273665336,5.99642239960751,6.12365369395653,6.12365369395653,5.82854055653777,6.18969967052765,5.87048770336012,6.064829293919,6.28579273665336,5.67837212215361,5.71436289303415,5.80081251697959,5.83763406751979,6.12365369395653,6.12365369395653,6.12365369395653,6.28579273665336,6.06067718997819,6.28579273665336,6.28579273665336,6.12365369395652,6.12365369395652,6.28579273665336,6.12365369395653,6.12365369395653,5.56132318799639,6.12365369395653,6.28579273665336,6.28579273665336,6.28579273665336,6.28579273665336,6.12365369395653,6.12365369395653,6.28579273665336,6.23798575903804,6.28579273665336,6.28579273665336,6.28579273665336,6.28579273665336,6.28579273665336,6.28579273665336,6.28579273665336,6.28579273665336,6.28579273665336,6.28579273665336,6.28579273665336,6.28579273665336,6.28579273665336,6.28579273665336,6.12365369395653,5.93532290386159,5.92714929212672,6.12365369395653,6.12365369395653,6.26013813388044,6.28579273665336,6.28579273665336,6.28579273665336,6.03709424214008,6.28579273665336,6.28579273665336,6.28579273665336,6.12365369395653,6.28579273665336,6.05755749079036,6.28579273665336,6.28579273665336,6.28579273665335,6.28579273665335,6.28579273665336,6.28579273665336,6.28579273665336,6.28579273665336,6.28579273665336,6.28579273665336,6.28579273665336,6.28579273665336,6.28579273665335,6.28579273665335,6.28579273665336,6.28579273665336,6.28579273665336,6.28579273665336,6.28579273665336,6.28579273665336,6.28579273665336,6.12365369395653,6.12365369395653,6.28579273665336,6.28579273665336,6.12365369395653,6.12365369395653,6.28579273665336,6.28579273665336
"t3",5.24165325791022,1.3134266228846,0,3.24021490517481,1.12075498955345,4.85718623393542,3.45158953369644,1.84858254671009,2.02453874593462,4.28103380674429,3.02351252497609,2.29291190103986,2.91789546002944,4.16788650732142,5.09787435233025,4.74255338100069,5.71059578487562,4.40383254918578,4.79651743323752,7.43324869652376,4.64449558726524,7.07580142497399,5.65197141012739,6.44478821069588,5.13853025450759,3.74968132750225,5.10983958773055,5.84143092310681,5.29841633456789,5.4538808380269,5.73636333147876,5.60884021217569,6.0310768836665,7.43324869652377,5.98743771544869,7.43324869652376,5.56376145431541,5.50823057065666,6.59396083304375,5.66169044277495,7.43324869652376,6.93870369909606,7.43324869652376,5.65770092058425,7.43324869652377,5.71384583014738,5.99047941363018,4.01714590064512,5.42098179303115,5.42098179303115,7.43324869652376,7.43324869652376,4.91861303375663,7.43324869652376,6.89190046318107,7.43324869652376,5.42098179303115,5.42098179303115,7.31681954380667,7.20044282321665,7.43324869652376,5.42098179303115,6.85121567140585,4.35421389393092,6.67845745928652,7.43324869652376,6.61372361615346,6.96067591896044,7.43324869652376,7.15077294015659,5.42098179303115,4.51067062249963,7.43324869652376,6.98184988579106,4.98428363362925,5.06330434177098,7.43324869652376,7.43324869652376,7.34903802130424,7.43324869652376,7.43324869652376,7.14387835947791,5.68566555313709,5.68566555313709,6.97599651640818,7.33715563039806,7.01794366323052,7.21228525378941,7.43324869652376,4.97570022122823,5.01169099210878,6.94826847684999,6.9850900273902,5.68566555313709,5.68566555313709,5.42098179303115,7.43324869652376,7.20813314984859,7.43324869652376,7.43324869652376,5.42098179303115,5.42098179303115,7.43324869652376,5.42098179303115,5.42098179303115,4.85865128707101,5.42098179303115,7.43324869652376,7.43324869652376,7.43324869652376,7.43324869652376,5.42098179303115,5.42098179303115,7.43324869652376,7.38544171890845,7.43324869652376,7.43324869652376,7.43324869652376,7.43324869652376,7.43324869652376,7.43324869652376,7.43324869652376,7.43324869652376,7.43324869652376,7.43324869652376,7.43324869652376,7.43324869652377,7.43324869652376,7.43324869652376,5.42098179303115,5.23265100293621,7.07460525199713,5.42098179303115,5.42098179303115,7.40759409375084,7.43324869652376,7.43324869652376,7.43324869652376,7.18455020201048,7.43324869652376,7.43324869652376,7.43324869652376,5.42098179303115,7.43324869652376,7.20501345066076,7.43324869652376,7.43324869652376,7.43324869652376,7.43324869652376,7.43324869652376,7.43324869652376,7.43324869652377,7.43324869652377,7.43324869652376,7.43324869652376,7.43324869652376,7.43324869652376,7.43324869652376,7.43324869652376,7.43324869652376,7.43324869652376,7.43324869652376,7.43324869652376,7.43324869652376,7.43324869652376,7.43324869652376,5.68566555313709,5.68566555313709,7.43324869652376,7.43324869652376,5.42098179303115,5.42098179303115,7.43324869652376,7.43324869652376
"t4",7.60642968101987,3.67820304599425,3.24021490517481,0,3.75021517276904,7.22196265704507,6.08104971691203,4.47804272992568,3.76012203047153,6.0166170912812,5.65297270819168,4.92237208425546,5.54735564324503,6.53266293043107,7.4626507754399,7.10732980411034,8.07537220798527,6.76860897229543,7.16129385634717,9.79802511963342,7.00927201037489,9.44057784808364,8.01674783323704,8.80956463380553,7.50330667761724,6.37914151071784,7.4746160108402,8.20620734621646,7.66319275767754,7.81865726113655,8.10113975458841,7.97361663528534,8.39585330677615,9.79802511963342,8.35221413855834,9.79802511963342,7.92853787742506,7.87300699376631,8.9587372561534,8.0264668658846,9.79802511963342,9.30348012220571,9.79802511963342,8.0224773436939,9.79802511963342,8.07862225325703,8.35525583673983,5.75272918518204,8.05044197624674,8.05044197624674,9.79802511963342,9.79802511963342,7.54807321697222,9.79802511963342,9.25667688629072,9.79802511963342,8.05044197624674,8.05044197624674,9.68159596691632,9.5652192463263,9.79802511963342,8.05044197624674,9.2159920945155,6.98367407714651,9.04323388239617,9.79802511963341,8.97850003926311,9.3254523420701,9.79802511963341,9.51554936326624,8.05044197624674,7.14013080571523,9.79802511963341,9.34662630890071,7.61374381684484,7.69276452498657,9.79802511963342,9.79802511963342,9.7138144444139,9.79802511963342,9.79802511963341,9.50865478258756,7.421248837674,7.421248837674,9.34077293951783,9.70193205350771,9.38272008634017,9.57706167689906,9.79802511963341,7.60516040444383,7.64115117532437,9.31304489995964,9.34986645049985,7.421248837674,7.421248837674,8.05044197624674,9.79802511963342,9.57290957295824,9.79802511963342,9.79802511963342,8.05044197624674,8.05044197624674,9.79802511963342,8.05044197624674,8.05044197624674,7.48811147028661,8.05044197624674,9.79802511963342,9.79802511963342,9.79802511963341,9.79802511963341,8.05044197624674,8.05044197624674,9.79802511963342,9.7502181420181,9.79802511963342,9.79802511963342,9.79802511963342,9.79802511963342,9.79802511963342,9.79802511963341,9.79802511963341,9.79802511963342,9.79802511963342,9.79802511963342,9.79802511963342,9.79802511963342,9.79802511963341,9.79802511963341,8.05044197624674,7.86211118615181,9.43938167510678,8.05044197624674,8.05044197624674,9.77237051686049,9.79802511963342,9.79802511963342,9.79802511963341,9.54932662512013,9.79802511963342,9.79802511963341,9.79802511963341,8.05044197624674,9.79802511963342,9.56978987377042,9.79802511963342,9.79802511963342,9.79802511963341,9.79802511963341,9.79802511963342,9.79802511963342,9.79802511963342,9.79802511963342,9.79802511963342,9.79802511963342,9.79802511963342,9.79802511963342,9.79802511963341,9.79802511963341,9.79802511963342,9.79802511963342,9.79802511963342,9.79802511963342,9.79802511963342,9.79802511963342,9.79802511963342,7.421248837674,7.421248837674,9.79802511963341,9.79802511963341,8.05044197624674,8.05044197624674,9.79802511963342,9.79802511963342
"t5",5.75165352550445,1.82342689047883,1.12075498955345,3.75021517276904,0,5.36718650152965,3.39351165193631,1.79050466494995,2.53453901352885,4.79103407433851,2.93053076020966,2.19993013627343,2.82491369526301,4.67788677491564,5.60787461992448,5.25255364859492,6.22059605246985,4.91383281678001,5.30651770083175,7.94324896411799,5.15449585485947,7.58580169256822,6.16197167772162,6.95478847829011,5.64853052210182,3.65669956273582,5.61983985532478,6.35143119070104,5.80841660216212,5.96388110562113,6.24636359907299,6.11884047976992,6.54107715126073,7.94324896411799,6.49743798304292,7.94324896411799,6.07376172190964,6.01823083825089,7.10396110063798,6.17169071036918,7.94324896411799,7.44870396669028,7.94324896411799,6.16770118817848,7.94324896411799,6.22384609774161,6.50047968122441,4.52714616823935,5.32800002826472,5.32800002826472,7.94324896411799,7.94324896411799,4.8256312689902,7.94324896411799,7.4019007307753,7.94324896411799,5.32800002826472,5.32800002826472,7.82681981140089,7.71044309081087,7.94324896411799,5.32800002826472,7.36121593900008,4.26123212916449,7.18845772688075,7.94324896411799,7.12372388374768,7.47067618655467,7.94324896411799,7.66077320775082,5.32800002826472,4.41768885773321,7.94324896411799,7.49185015338528,4.89130186886282,4.97032257700455,7.94324896411799,7.94324896411799,7.85903828889847,7.94324896411799,7.94324896411799,7.65387862707214,6.19566582073132,6.19566582073132,7.48599678400241,7.84715589799228,7.52794393082475,7.72228552138363,7.94324896411799,4.8827184564618,4.91870922734235,7.45826874444422,7.49509029498442,6.19566582073132,6.19566582073132,5.32800002826472,7.94324896411799,7.71813341744282,7.94324896411799,7.94324896411799,5.32800002826472,5.32800002826472,7.94324896411799,5.32800002826472,5.32800002826472,4.76566952230458,5.32800002826472,7.94324896411799,7.94324896411799,7.94324896411799,7.94324896411799,5.32800002826472,5.32800002826472,7.94324896411799,7.89544198650267,7.94324896411799,7.94324896411799,7.94324896411799,7.94324896411799,7.94324896411799,7.94324896411799,7.94324896411799,7.94324896411799,7.94324896411799,7.94324896411799,7.94324896411799,7.94324896411799,7.94324896411799,7.94324896411799,5.32800002826472,5.13966923816978,7.58460551959136,5.32800002826472,5.32800002826472,7.91759436134507,7.94324896411799,7.94324896411799,7.94324896411799,7.69455046960471,7.94324896411799,7.94324896411799,7.94324896411799,5.32800002826472,7.94324896411799,7.71501371825499,7.94324896411799,7.94324896411799,7.94324896411799,7.94324896411799,7.94324896411799,7.94324896411799,7.94324896411799,7.94324896411799,7.94324896411799,7.94324896411799,7.94324896411799,7.94324896411799,7.94324896411799,7.94324896411799,7.94324896411799,7.94324896411799,7.94324896411799,7.94324896411799,7.94324896411799,7.94324896411799,7.94324896411799,6.19566582073132,6.19566582073132,7.94324896411799,7.94324896411799,5.32800002826472,5.32800002826472,7.94324896411799,7.94324896411799
"t6",7.47581786639381,3.70973027406502,4.85718623393542,7.22196265704507,5.36718650152965,0,7.69802104567264,6.09501405868629,6.00628649780488,8.26278155861455,7.26994403695229,6.53934341301607,7.16432697200564,3.05457238328464,3.54479248999753,4.14134394090162,4.70159829857498,3.39483506288514,3.9269356639532,6.56366692723944,3.09141372493253,5.52271956264127,4.55594716987798,7.73936938883323,4.04250601425819,7.99611283947845,3.99652546369378,4.7454066828574,4.42883456528357,4.85267139792784,4.86678156219443,4.51281597192629,4.93505264341709,6.31993457248699,4.87412359141192,6.56366692723944,4.69417968503108,4.39491644661989,5.49793659279435,4.56566620252555,5.88016683419105,6.06912192981173,6.8320392564247,4.78811915129993,6.31993457248699,4.16076396781466,4.43739755129746,7.99889365251538,9.66741330500735,9.66741330500735,5.88016683419105,6.56366692723944,9.16504454573283,6.8320392564247,5.79587622293167,6.33722445627436,9.66741330500735,9.66741330500735,6.20350541976989,8.49502400135399,6.31993457248699,9.66741330500735,5.73790154736908,8.60064540590712,5.58243321903712,6.33722445627436,6.01251417605439,6.35946647886138,6.31993457248699,8.44535411829393,9.66741330500735,8.75710213447584,6.56366692723944,6.11226811650673,9.23071514560545,9.30973585374718,6.56366692723944,6.56366692723944,6.23572389726747,6.31993457248699,6.8320392564247,6.54266891937885,9.66741330500735,9.66741330500735,8.27057769454552,6.46757386111373,6.1483618939462,6.11626101354,6.33722445627436,9.22213173320444,9.25812250408498,5.39518661451728,5.43200816505748,9.66741330500735,9.66741330500735,9.66741330500735,6.56366692723944,6.09481902581182,6.31993457248699,6.31993457248699,9.66741330500735,9.66741330500735,5.88016683419105,9.66741330500735,9.66741330500735,9.10508279904722,9.66741330500735,6.56366692723944,6.56366692723944,6.33722445627436,6.33722445627436,9.66741330500735,9.66741330500735,6.31993457248699,6.27212759487167,5.88016683419105,6.31993457248699,6.31993457248699,6.31993457248699,6.31993457248699,6.8320392564247,6.8320392564247,5.88016683419105,5.88016683419105,6.56366692723944,6.56366692723944,6.31993457248699,6.33722445627436,6.33722445627436,9.66741330500735,9.47908251491241,5.96129112796035,9.66741330500735,9.66741330500735,6.29427996971407,5.88016683419105,5.88016683419105,6.31993457248699,6.07123607797371,6.31993457248699,6.33722445627436,6.33722445627436,9.66741330500735,6.31993457248699,6.09169932662399,5.88016683419105,5.88016683419105,8.7278298746611,8.7278298746611,6.31993457248699,6.31993457248699,6.31993457248699,6.31993457248699,6.31993457248699,6.31993457248699,6.31993457248699,6.31993457248699,8.7278298746611,8.7278298746611,5.88016683419105,5.88016683419105,6.33722445627436,6.33722445627436,6.33722445627436,6.31993457248699,6.31993457248699,9.66741330500735,9.66741330500735,8.7278298746611,8.7278298746611,9.66741330500735,9.66741330500735,6.56366692723944,6.56366692723944
"t7",8.08248806964744,4.15426143462182,3.45158953369644,6.08104971691203,3.39351165193631,7.69802104567264,0,2.71059148105893,4.86537355767184,7.12186861848151,5.29626918735895,4.56566856342272,5.1906521224123,7.00872131905864,7.93870916406747,7.58338819273791,8.55143059661285,7.244667360923,7.63735224497474,10.274083508261,7.48533039900246,9.91663623671121,8.49280622186461,9.28562302243311,7.97936506624481,6.02243798988511,7.95067439946777,8.68226573484403,8.13925114630511,8.29471564976413,8.57719814321598,8.44967502391291,8.87191169540372,10.274083508261,8.82827252718591,10.274083508261,8.40459626605263,8.34906538239388,9.43479564478097,8.50252525451217,10.274083508261,9.77953851083328,10.274083508261,8.49853573232147,10.274083508261,8.5546806418846,8.8313142253674,6.85798071238235,7.69373845541401,7.69373845541401,10.274083508261,10.274083508261,7.19136969613949,10.274083508261,9.73273527491829,10.274083508261,7.69373845541401,7.69373845541401,10.1576543555439,10.0412776349539,10.274083508261,7.69373845541401,9.69205048314307,6.62697055631378,9.51929227102375,10.274083508261,9.45455842789068,9.80151073069767,10.274083508261,9.99160775189381,7.693738455414,6.78342728488249,10.274083508261,9.82268469752828,7.25704029601211,7.33606100415384,10.274083508261,10.274083508261,10.1898728330415,10.274083508261,10.274083508261,9.98471317121513,8.52650036487431,8.52650036487431,9.8168313281454,10.1779904421353,9.85877847496774,10.0531200655266,10.274083508261,7.24845688361109,7.28444765449164,9.78910328858722,9.82592483912742,8.52650036487431,8.52650036487431,7.69373845541401,10.274083508261,10.0489679615858,10.274083508261,10.274083508261,7.69373845541401,7.69373845541401,10.274083508261,7.69373845541401,7.69373845541401,7.13140794945387,7.69373845541401,10.274083508261,10.274083508261,10.274083508261,10.274083508261,7.69373845541401,7.69373845541401,10.274083508261,10.2262765306457,10.274083508261,10.274083508261,10.274083508261,10.274083508261,10.274083508261,10.274083508261,10.274083508261,10.274083508261,10.274083508261,10.274083508261,10.274083508261,10.274083508261,10.274083508261,10.274083508261,7.69373845541401,7.50540766531907,9.91544006373435,7.69373845541401,7.69373845541401,10.2484289054881,10.274083508261,10.274083508261,10.274083508261,10.0253850137477,10.274083508261,10.274083508261,10.274083508261,7.69373845541401,10.274083508261,10.045848262398,10.274083508261,10.274083508261,10.274083508261,10.274083508261,10.274083508261,10.274083508261,10.274083508261,10.274083508261,10.274083508261,10.274083508261,10.274083508261,10.274083508261,10.274083508261,10.274083508261,10.274083508261,10.274083508261,10.274083508261,10.274083508261,10.274083508261,10.274083508261,10.274083508261,8.52650036487431,8.52650036487431,10.274083508261,10.274083508261,7.69373845541401,7.69373845541401,10.274083508261,10.274083508261
"t8",6.47948108266109,2.55125444763547,1.84858254671009,4.47804272992568,1.79050466494995,6.09501405868629,2.71059148105893,0,3.26236657068549,5.51886163149516,3.6932622003726,2.96266157643637,3.58764513542595,5.40571433207228,6.33570217708112,5.98038120575156,6.94842360962649,5.64166037393665,6.03434525798839,8.67107652127463,5.88232341201611,8.31362924972486,6.88979923487826,7.68261603544675,6.37635807925846,4.41943100289876,6.34766741248142,7.07925874785768,6.53624415931876,6.69170866277777,6.97419115622963,6.84666803692656,7.26890470841737,8.67107652127464,7.22526554019956,8.67107652127463,6.80158927906628,6.74605839540753,7.83178865779462,6.89951826752582,8.67107652127463,8.17653152384692,8.67107652127463,6.89552874533512,8.67107652127464,6.95167365489825,7.22830723838105,5.25497372539599,6.09073146842766,6.09073146842766,8.67107652127463,8.67107652127463,5.58836270915314,8.67107652127463,8.12972828793194,8.67107652127463,6.09073146842765,6.09073146842765,8.55464736855754,8.43827064796752,8.67107652127463,6.09073146842765,8.08904349615672,5.02396356932743,7.91628528403739,8.67107652127463,7.85155144090433,8.19850374371131,8.67107652127463,8.38860076490746,6.09073146842765,5.18042029789614,8.67107652127463,8.21967771054192,5.65403330902576,5.73305401716748,8.67107652127463,8.67107652127463,8.58686584605511,8.67107652127463,8.67107652127463,8.38170618422878,6.92349337788796,6.92349337788796,8.21382434115905,8.57498345514892,8.25577148798139,8.45011307854027,8.67107652127463,5.64544989662474,5.68144066750528,8.18609630160086,8.22291785214106,6.92349337788796,6.92349337788796,6.09073146842766,8.67107652127463,8.44596097459946,8.67107652127463,8.67107652127463,6.09073146842765,6.09073146842765,8.67107652127463,6.09073146842765,6.09073146842765,5.52840096246752,6.09073146842765,8.67107652127463,8.67107652127463,8.67107652127463,8.67107652127463,6.09073146842766,6.09073146842766,8.67107652127463,8.62326954365932,8.67107652127463,8.67107652127463,8.67107652127463,8.67107652127463,8.67107652127463,8.67107652127463,8.67107652127463,8.67107652127463,8.67107652127463,8.67107652127463,8.67107652127463,8.67107652127464,8.67107652127463,8.67107652127463,6.09073146842765,5.90240067833272,8.312433076748,6.09073146842765,6.09073146842765,8.64542191850171,8.67107652127463,8.67107652127463,8.67107652127463,8.42237802676135,8.67107652127463,8.67107652127463,8.67107652127463,6.09073146842765,8.67107652127463,8.44284127541163,8.67107652127463,8.67107652127463,8.67107652127463,8.67107652127463,8.67107652127463,8.67107652127463,8.67107652127464,8.67107652127464,8.67107652127463,8.67107652127463,8.67107652127463,8.67107652127463,8.67107652127463,8.67107652127463,8.67107652127463,8.67107652127463,8.67107652127463,8.67107652127463,8.67107652127463,8.67107652127463,8.67107652127463,6.92349337788796,6.92349337788796,8.67107652127463,8.67107652127463,6.09073146842765,6.09073146842765,8.67107652127463,8.67107652127463
"t9",6.39075352177968,2.46252688675406,2.02453874593462,3.76012203047153,2.53453901352885,6.00628649780488,4.86537355767184,3.26236657068549,0,3.57942224965814,4.43729654895149,3.70669592501527,4.33167948400484,5.31698677119088,6.24697461619971,5.89165364487015,6.85969604874508,5.55293281305524,5.94561769710698,8.58234896039322,5.7935958511347,8.22490168884345,6.80107167399685,7.59388847456534,6.28763051837705,5.16346535147765,6.25893985160001,6.99053118697627,6.44751659843735,6.60298110189636,6.88546359534822,6.75794047604515,7.18017714753596,8.58234896039323,7.13653797931815,8.58234896039323,6.71286171818487,6.65733083452612,7.74306109691321,6.81079070664441,8.58234896039323,8.08780396296552,8.58234896039323,6.80680118445371,8.58234896039323,6.86294609401684,7.13957967749964,2.58914504104386,6.83476581700655,6.83476581700655,8.58234896039323,8.58234896039323,6.33239705773203,8.58234896039322,8.04100072705053,8.58234896039322,6.83476581700655,6.83476581700655,8.46591980767613,8.34954308708611,8.58234896039322,6.83476581700655,8.00031593527531,5.76799791790632,7.82755772315598,8.58234896039322,7.76282388002292,8.1097761828299,8.58234896039322,8.29987320402605,6.83476581700655,5.92445464647504,8.58234896039322,8.13095014966052,6.39806765760465,6.47708836574638,8.58234896039322,8.58234896039322,8.4981382851737,8.58234896039322,8.58234896039322,8.29297862334737,4.98405399605094,4.98405399605094,8.12509678027764,8.48625589426752,8.16704392709998,8.36138551765887,8.58234896039322,6.38948424520363,6.42547501608418,8.09736874071946,8.13419029125966,4.25766469353583,4.25766469353583,6.83476581700655,8.58234896039323,8.35723341371805,8.58234896039322,8.58234896039323,6.83476581700655,6.83476581700655,8.58234896039322,6.83476581700655,6.83476581700655,6.27243531104642,6.83476581700655,8.58234896039323,8.58234896039323,8.58234896039322,8.58234896039322,6.83476581700655,6.83476581700655,8.58234896039323,8.53454198277791,8.58234896039322,8.58234896039323,8.58234896039323,8.58234896039323,8.58234896039323,8.58234896039322,8.58234896039322,8.58234896039322,8.58234896039322,8.58234896039323,8.58234896039323,8.58234896039323,8.58234896039322,8.58234896039322,6.83476581700655,6.64643502691162,8.22370551586659,6.83476581700655,6.83476581700655,8.55669435762031,8.58234896039322,8.58234896039322,8.58234896039322,8.33365046587994,8.58234896039322,8.58234896039322,8.58234896039322,6.83476581700655,8.58234896039323,8.35411371453023,8.58234896039322,8.58234896039322,8.58234896039322,8.58234896039322,8.58234896039323,8.58234896039323,8.58234896039323,8.58234896039323,8.58234896039322,8.58234896039322,8.58234896039322,8.58234896039322,8.58234896039322,8.58234896039322,8.58234896039322,8.58234896039322,8.58234896039322,8.58234896039322,8.58234896039322,8.58234896039322,8.58234896039322,4.25766469353583,4.25766469353583,8.58234896039322,8.58234896039322,6.83476581700655,6.83476581700655,8.58234896039322,8.58234896039322
"t10",8.64724858258935,4.71902194756372,4.28103380674429,6.0166170912812,4.79103407433851,8.26278155861455,7.12186861848151,5.51886163149516,3.57942224965814,0,6.69379160976116,5.96319098582493,6.58817454481451,7.57348183200054,8.50346967700937,8.14814870567981,9.11619110955475,7.8094278738649,8.20211275791665,10.8388440212029,8.05009091194437,10.4813967496531,9.05756673480651,9.85038353537501,8.54412557918671,7.41996041228731,8.51543491240967,9.24702624778593,8.70401165924702,8.85947616270603,9.14195865615788,9.01443553685481,9.43667220834562,10.8388440212029,9.39303304012781,10.8388440212029,8.96935677899453,8.91382589533579,9.99955615772288,9.06728576745407,10.8388440212029,10.3442990237752,10.8388440212029,9.06329624526338,10.8388440212029,9.1194411548265,9.3960747383093,5.57202940436864,9.09126087781622,9.09126087781622,10.8388440212029,10.8388440212029,8.5888921185417,10.8388440212029,10.2974957878602,10.8388440212029,9.09126087781622,9.09126087781622,10.7224148684858,10.6060381478958,10.8388440212029,9.09126087781621,10.256810996085,8.02449297871599,10.0840527839656,10.8388440212029,10.0193189408326,10.3662712436396,10.8388440212029,10.5563682648357,9.09126087781621,8.1809497072847,10.8388440212029,10.3874452104702,8.65456271841432,8.73358342655604,10.8388440212029,10.8388440212029,10.7546333459834,10.8388440212029,10.8388440212029,10.549473684157,6.11919077855004,6.11919077855004,10.3815918410873,10.7427509550772,10.4235389879096,10.6178805784685,10.8388440212029,8.6459793060133,8.68197007689384,10.3538638015291,10.3906853520693,7.2405490568606,7.2405490568606,9.09126087781621,10.8388440212029,10.6137284745277,10.8388440212029,10.8388440212029,9.09126087781621,9.09126087781621,10.8388440212029,9.09126087781621,9.09126087781621,8.52893037185608,9.09126087781621,10.8388440212029,10.8388440212029,10.8388440212029,10.8388440212029,9.09126087781622,9.09126087781622,10.8388440212029,10.7910370435876,10.8388440212029,10.8388440212029,10.8388440212029,10.8388440212029,10.8388440212029,10.8388440212029,10.8388440212029,10.8388440212029,10.8388440212029,10.8388440212029,10.8388440212029,10.8388440212029,10.8388440212029,10.8388440212029,9.09126087781621,8.90293008772128,10.4802005766763,9.09126087781621,9.09126087781621,10.81318941843,10.8388440212029,10.8388440212029,10.8388440212029,10.5901455266896,10.8388440212029,10.8388440212029,10.8388440212029,9.09126087781621,10.8388440212029,10.6106087753399,10.8388440212029,10.8388440212029,10.8388440212029,10.8388440212029,10.8388440212029,10.8388440212029,10.8388440212029,10.8388440212029,10.8388440212029,10.8388440212029,10.8388440212029,10.8388440212029,10.8388440212029,10.8388440212029,10.8388440212029,10.8388440212029,10.8388440212029,10.8388440212029,10.8388440212029,10.8388440212029,10.8388440212029,7.2405490568606,7.2405490568606,10.8388440212029,10.8388440212029,9.09126087781621,9.09126087781621,10.8388440212029,10.8388440212029
"t11",7.65441106092709,3.72618442590147,3.02351252497609,5.65297270819168,2.93053076020966,7.26994403695229,5.29626918735895,3.6932622003726,4.43729654895149,6.69379160976116,0,2.70006307632118,3.32504663531076,6.58064431033829,7.51063215534712,7.15531118401756,8.12335358789249,6.81659035220265,7.20927523625439,9.84600649954063,7.05725339028211,9.48855922799086,8.06472921314426,8.85754601371275,7.55128805752446,4.15683250278357,7.52259739074742,8.25418872612368,7.71117413758476,7.86663864104377,8.14912113449563,8.02159801519256,8.44383468668337,9.84600649954064,8.40019551846556,9.84600649954063,7.97651925733228,7.92098837367353,9.00671863606062,8.07444824579182,9.84600649954063,9.35146150211292,9.84600649954063,8.07045872360112,9.84600649954063,8.12660363316425,8.40323721664705,6.42990370366199,5.82813296831247,4.95310266862403,9.84600649954063,9.84600649954063,5.32576420903795,9.84600649954063,9.30465826619794,9.84600649954063,4.95310266862402,4.95310266862402,9.72957734682353,9.61320062623352,9.84600649954063,5.82813296831247,9.26397347442272,4.76136506921224,9.0912152623034,9.84600649954063,9.02648141917033,9.37343372197731,9.84600649954063,9.56353074317346,5.82813296831246,4.91782179778095,9.84600649954063,9.39460768880792,5.39143480891057,5.4704555170523,9.84600649954063,9.84600649954063,9.76179582432111,9.84600649954063,9.84600649954063,9.55663616249478,8.09842335615396,8.09842335615396,9.38875431942505,9.74991343341492,9.43070146624739,9.62504305680628,9.84600649954063,5.38285139650955,4.54381186770165,9.36102627986686,9.39784783040706,8.09842335615396,8.09842335615396,4.95310266862403,9.84600649954063,9.62089095286546,9.84600649954063,9.84600649954063,5.82813296831247,5.82813296831247,9.84600649954063,5.82813296831247,5.82813296831247,5.26580246235233,5.82813296831246,9.84600649954063,9.84600649954063,9.84600649954063,9.84600649954063,4.95310266862403,4.95310266862403,9.84600649954063,9.79819952192531,9.84600649954063,9.84600649954063,9.84600649954063,9.84600649954063,9.84600649954063,9.84600649954063,9.84600649954063,9.84600649954063,9.84600649954063,9.84600649954063,9.84600649954063,9.84600649954063,9.84600649954063,9.84600649954063,5.82813296831247,5.63980217821753,9.487363055014,5.82813296831247,5.82813296831247,9.82035189676771,9.84600649954063,9.84600649954063,9.84600649954063,9.59730800502735,9.84600649954063,9.84600649954063,9.84600649954063,5.82813296831247,9.84600649954063,9.61777125367763,9.84600649954063,9.84600649954063,9.84600649954063,9.84600649954063,9.84600649954063,9.84600649954063,9.84600649954063,9.84600649954063,9.84600649954063,9.84600649954063,9.84600649954063,9.84600649954063,9.84600649954063,9.84600649954063,9.84600649954063,9.84600649954063,9.84600649954063,9.84600649954063,9.84600649954063,9.84600649954063,9.84600649954063,8.09842335615396,8.09842335615396,9.84600649954063,9.84600649954063,5.82813296831246,5.82813296831246,9.84600649954063,9.84600649954063
"t12",6.92381043699087,2.99558380196524,2.29291190103986,4.92237208425546,2.19993013627343,6.53934341301607,4.56566856342272,2.96266157643637,3.70669592501527,5.96319098582493,2.70006307632118,0,2.06230653851348,5.85004368640206,6.78003153141089,6.42471056008133,7.39275296395627,6.08598972826643,6.47867461231817,9.11540587560441,6.32665276634589,8.75795860405463,7.33412858920803,8.12694538977653,6.82068743358823,2.36221775735607,6.7919967668112,7.52358810218745,6.98057351364854,7.13603801710755,7.4185205105594,7.29099739125633,7.71323406274714,9.11540587560441,7.66959489452934,9.11540587560441,7.24591863339605,7.19038774973731,8.2761180121244,7.34384762185559,9.11540587560441,8.6208608781767,9.11540587560441,7.3398580996649,9.11540587560441,7.39600300922802,7.67263659271082,5.69930307972577,4.56539287151519,5.09753234437624,9.11540587560441,9.11540587560441,4.06302411224067,9.11540587560441,8.57405764226172,9.11540587560441,5.09753234437624,5.09753234437624,8.99897672288731,8.88260000229729,9.11540587560441,4.56539287151519,8.5333728504865,3.49862497241496,8.36061463836717,9.11540587560441,8.2958807952341,8.64283309804109,9.11540587560441,8.83293011923723,4.56539287151518,3.65508170098367,9.11540587560441,8.6640070648717,3.59682006348307,3.6758407716248,9.11540587560441,9.11540587560441,9.03119520038489,9.11540587560441,9.11540587560441,8.82603553855856,7.36782273221774,7.36782273221774,8.65815369548882,9.0193128094787,8.70010084231117,8.89444243287005,9.11540587560441,4.12011129971227,4.68824154345387,8.63042565593064,8.66724720647084,7.36782273221774,7.36782273221774,5.09753234437624,9.11540587560441,8.89029032892924,9.11540587560441,9.11540587560441,4.56539287151519,4.56539287151519,9.11540587560441,4.03351822288497,4.03351822288497,4.00306236555505,4.56539287151519,9.11540587560441,9.11540587560441,9.11540587560441,9.11540587560441,5.09753234437624,5.09753234437624,9.11540587560441,9.06759889798909,9.11540587560441,9.11540587560441,9.11540587560441,9.11540587560441,9.11540587560441,9.11540587560441,9.11540587560441,9.11540587560441,9.11540587560441,9.11540587560441,9.11540587560441,9.11540587560441,9.11540587560441,9.11540587560441,4.56539287151519,4.37706208142025,8.75676243107777,4.03351822288497,4.03351822288497,9.08975127283149,9.11540587560441,9.11540587560441,9.11540587560441,8.86670738109113,9.11540587560441,9.11540587560441,9.11540587560441,4.56539287151519,9.11540587560441,8.88717062974141,9.11540587560441,9.11540587560441,9.11540587560441,9.11540587560441,9.11540587560441,9.11540587560441,9.11540587560441,9.11540587560441,9.11540587560441,9.11540587560441,9.11540587560441,9.11540587560441,9.11540587560441,9.11540587560441,9.11540587560441,9.11540587560441,9.11540587560441,9.11540587560441,9.11540587560441,9.11540587560441,9.11540587560441,7.36782273221774,7.36782273221774,9.11540587560441,9.11540587560441,4.56539287151519,4.56539287151519,9.11540587560441,9.11540587560441
"t13",7.54879399598044,3.62056736095482,2.91789546002944,5.54735564324503,2.82491369526301,7.16432697200564,5.1906521224123,3.58764513542595,4.33167948400484,6.58817454481451,3.32504663531076,2.06230653851348,0,6.47502724539163,7.40501509040047,7.04969411907091,8.01773652294584,6.710973287256,7.10365817130774,9.74038943459398,6.95163632533546,9.38294216304421,7.95911214819761,8.7519289487661,7.44567099257781,3.51907596497586,7.41698032580077,8.14857166117703,7.60555707263811,7.76102157609712,8.04350406954898,7.91598095024591,8.33821762173672,9.74038943459399,8.29457845351891,9.74038943459398,7.87090219238563,7.81537130872688,8.90110157111397,7.96883118084517,9.74038943459398,9.24584443716628,9.74038943459398,7.96484165865447,9.74038943459398,8.0209865682176,8.2976201517004,6.32428663871534,4.47566701036979,5.72251590336582,9.74038943459398,9.74038943459398,3.97329825109527,9.74038943459398,9.19904120125129,9.74038943459398,5.72251590336582,5.72251590336582,9.62396028187688,9.50758356128687,9.74038943459398,4.47566701036979,9.15835640947607,3.40889911126956,8.98559819735674,9.74038943459398,8.92086435422367,9.26781665703066,9.74038943459398,9.45791367822681,4.47566701036979,3.56535583983827,9.74038943459398,9.28899062386128,4.75367827110286,4.83269897924459,9.74038943459398,9.74038943459398,9.65617875937446,9.74038943459398,9.74038943459398,9.45101909754813,7.99280629120731,7.99280629120731,9.2831372544784,9.64429636846828,9.32508440130074,9.51942599185963,9.74038943459398,4.03038543856687,5.31322510244344,9.25540921492022,9.29223076546042,7.99280629120731,7.99280629120731,5.72251590336582,9.74038943459398,9.51527388791881,9.74038943459398,9.74038943459398,4.47566701036979,4.47566701036979,9.74038943459398,5.19037643050476,5.19037643050476,3.91333650440965,4.47566701036979,9.74038943459398,9.74038943459398,9.74038943459398,9.74038943459398,5.72251590336582,5.72251590336582,9.74038943459398,9.69258245697866,9.74038943459398,9.74038943459398,9.74038943459398,9.74038943459398,9.74038943459398,9.74038943459398,9.74038943459398,9.74038943459398,9.74038943459398,9.74038943459398,9.74038943459398,9.74038943459398,9.74038943459398,9.74038943459398,4.47566701036979,4.28733622027485,9.38174599006735,5.19037643050476,5.19037643050476,9.71473483182106,9.74038943459398,9.74038943459398,9.74038943459398,9.4916909400807,9.74038943459398,9.74038943459398,9.74038943459398,4.47566701036979,9.74038943459398,9.51215418873098,9.74038943459398,9.74038943459398,9.74038943459398,9.74038943459398,9.74038943459398,9.74038943459398,9.74038943459398,9.74038943459398,9.74038943459398,9.74038943459398,9.74038943459398,9.74038943459398,9.74038943459398,9.74038943459398,9.74038943459398,9.74038943459398,9.74038943459398,9.74038943459398,9.74038943459398,9.74038943459398,9.74038943459398,7.99280629120731,7.99280629120731,9.74038943459398,9.74038943459398,4.47566701036979,4.47566701036979,9.74038943459398,9.74038943459398
