"","t1","t2","t3","t4","t5","t6","t7","t8","t9","t10","t11","t12","t13","t14","t15","t16","t17","t18","t19","t20","t21","t22","t23","t24","t25","t26","t27","t28","t29","t30","t31","t32","t33","t34","t35","t36","t37","t38","t39","t40","t41","t42","t43","t44","t45","t46","t47","t48","t49","t50","t51","t52","t53","t54","t55","t56","t57","t58","t59","t60","t61","t62","t63","t64","t65","t66","t67","t68","t69","t70","t71","t72","t73","t74","t75","t76","t77","t78","t79","t80","t81","t82","t83","t84","t85","t86","t87","t88","t89","t90","t91","t92","t93","t94","t95","t96","t97","t98","t99","t100","t101","t102","t103","t104","t105","t106","t107","t108","t109","t110","t111","t112","t113","t114","t115","t116","t117","t118","t119","t120","t121","t122","t123","t124","t125","t126","t127","t128","t129","t130","t131"
"t1",0,8.10479689231605,7.33563819029059,7.72849963480861,8.22945580429503,14.4168409789706,9.4140358168354,9.07599642161146,9.99145773878819,10.1132592128961,12.1412070090377,9.91813842583928,10.0934281803383,12.0743919738871,9.76034832859831,10.1684148858522,10.5034013567997,10.8877144333665,10.8773048759295,11.0089751029361,14.4168409789706,12.2427062434106,11.2259924554284,14.4168409789706,14.4168409789706,14.4168409789706,14.4168409789706,14.4168409789706,12.7906116962122,14.4168409789706,12.9314245040832,12.5089523332935,12.7165490154805,14.4168409789706,14.4168409789706,14.4168409789706,14.1749661894797,9.38042272419444,14.4168409789706,14.4168409789706,14.4168409789706,14.4168409789706,14.4168409789706,14.4168409789706,14.4168409789706,14.4168409789706,14.4168409789706,14.4168409789706,14.4168409789706,14.4168409789706,13.706215841325,14.4168409789706,14.4168409789706,14.4168409789706,14.4168409789706,14.4168409789706,14.4168409789706,14.4168409789706,14.4168409789706,9.38042272419445,9.38042272419445,14.4168409789706,14.4168409789706,14.4168409789706,14.4168409789706,14.4168409789706,14.4168409789706,14.4168409789706,14.4168409789706,14.4168409789706,9.38042272419445,9.38042272419445,14.4168409789706,13.7564482606424,14.4168409789706,14.4168409789706,14.4168409789706,14.4168409789706,14.4168409789706,14.4168409789706,14.4168409789706,14.4168409789706,14.4168409789706,14.4168409789706,14.4168409789706,14.4168409789706,14.4168409789706,14.4168409789706,14.4168409789706,14.4168409789706,13.9703368491394,14.4168409789706,14.4168409789706,14.4168409789706,9.38042272419444,9.3394505736615,14.4168409789706,14.4168409789706,14.275517444529,14.4168409789706,14.4168409789706,14.4168409789706,14.4168409789706,14.4168409789706,14.4168409789706,14.4168409789706,14.4168409789706,14.4168409789706,14.4168409789706,14.4168409789706,14.4168409789706,14.4168409789706,14.4168409789706,14.4168409789706,14.4168409789706,14.4168409789706,14.4168409789706,14.4168409789706,14.4168409789706,14.4168409789706,14.4168409789706,14.4168409789706,14.4168409789706,14.4168409789706,14.4168409789706,14.4168409789706,14.4168409789706,14.4168409789706,14.4168409789706,14.4168409789706,14.4168409789706
"t2",8.10479689231605,0,12.2576705730365,12.6505320175546,13.151488187041,19.3388733617166,14.3360681995813,13.9980288043574,14.9134901215341,15.035291595642,17.0632393917836,14.8401708085852,15.0154605630843,16.996424356633,14.6823807113443,15.0904472685982,15.4254337395457,15.8097468161124,15.7993372586754,15.9310074856821,19.3388733617166,17.1647386261566,16.1480248381744,19.3388733617166,19.3388733617166,19.3388733617166,19.3388733617166,19.3388733617166,17.7126440789582,19.3388733617166,17.8534568868292,17.4309847160395,17.6385813982265,19.3388733617166,19.3388733617166,19.3388733617166,19.0969985722257,13.313133902075,19.3388733617166,19.3388733617166,19.3388733617166,19.3388733617166,19.3388733617166,19.3388733617166,19.3388733617166,19.3388733617166,19.3388733617166,19.3388733617166,19.3388733617166,19.3388733617166,18.628248224071,19.3388733617166,19.3388733617166,19.3388733617166,19.3388733617166,19.3388733617166,19.3388733617166,19.3388733617166,19.3388733617166,13.313133902075,13.313133902075,19.3388733617166,19.3388733617166,19.3388733617166,19.3388733617166,19.3388733617166,19.3388733617166,19.3388733617166,19.3388733617166,19.3388733617166,13.313133902075,13.313133902075,19.3388733617166,18.6784806433884,19.3388733617166,19.3388733617166,19.3388733617166,19.3388733617166,19.3388733617166,19.3388733617166,19.3388733617166,19.3388733617166,19.3388733617166,19.3388733617166,19.3388733617166,19.3388733617166,19.3388733617166,19.3388733617166,19.3388733617166,19.3388733617166,18.8923692318854,19.3388733617166,19.3388733617166,19.3388733617166,13.313133902075,13.272161751542,19.3388733617166,19.3388733617166,19.197549827275,19.3388733617166,19.3388733617166,19.3388733617166,19.3388733617166,19.3388733617166,19.3388733617166,19.3388733617166,19.3388733617166,19.3388733617166,19.3388733617166,19.3388733617166,19.3388733617166,19.3388733617166,19.3388733617166,19.3388733617166,19.3388733617166,19.3388733617166,19.3388733617166,19.3388733617166,19.3388733617166,19.3388733617166,19.3388733617166,19.3388733617166,19.3388733617166,19.3388733617166,19.3388733617166,19.3388733617166,19.3388733617166,19.3388733617166,19.3388733617166,19.3388733617166,19.3388733617166
"t3",7.33563819029059,12.2576705730365,0,0.533458259738705,1.69446174434107,10.3117449426335,2.87904175688144,4.97090038527434,5.88636170245108,6.00816317655897,8.03611097270059,5.14473385963786,3.55843412038436,7.96929593754995,4.98694376239689,3.63342082589825,3.96840729684578,6.78261839702936,6.10390030972805,6.23557053673472,10.3117449426335,8.13761020707353,6.452587889227,9.64343641276919,9.64343641276919,10.3117449426335,10.3117449426335,10.3117449426335,8.68551565987514,10.3117449426335,8.82632846774611,7.73554776709213,7.9431444492791,9.64343641276919,10.3117449426335,10.3117449426335,10.0698701531426,13.5332964049149,10.3117449426335,10.3117449426335,9.64343641276919,10.3117449426335,10.3117449426335,10.3117449426335,10.3117449426335,10.3117449426335,10.3117449426335,10.3117449426335,10.3117449426335,10.3117449426335,9.60111980498791,10.3117449426335,9.64343641276919,9.64343641276919,9.64343641276919,9.64343641276919,10.3117449426335,10.3117449426335,10.3117449426335,13.5332964049149,13.5332964049149,10.3117449426335,10.3117449426335,10.3117449426335,10.3117449426335,10.3117449426335,10.3117449426335,10.3117449426335,10.3117449426335,10.3117449426335,13.5332964049149,13.5332964049149,10.3117449426335,9.6513522243053,9.64343641276919,9.64343641276919,10.3117449426335,10.3117449426335,10.3117449426335,9.64343641276919,10.3117449426335,10.3117449426335,9.64343641276919,9.64343641276919,9.64343641276919,10.3117449426335,10.3117449426335,9.64343641276919,9.64343641276919,10.3117449426335,9.86524081280232,10.3117449426335,10.3117449426335,9.64343641276919,13.5332964049149,13.492324254382,10.3117449426335,10.3117449426335,9.50211287832758,9.64343641276919,9.64343641276919,10.3117449426335,10.3117449426335,9.64343641276919,9.64343641276919,10.3117449426335,10.3117449426335,9.64343641276919,9.64343641276919,9.64343641276919,10.3117449426335,10.3117449426335,9.64343641276919,9.64343641276919,9.64343641276919,9.64343641276919,9.64343641276919,9.64343641276919,9.64343641276919,9.64343641276918,9.64343641276918,10.3117449426335,10.3117449426335,9.64343641276919,9.64343641276919,10.3117449426335,10.3117449426335,10.3117449426335,10.3117449426335,9.64343641276918,9.64343641276918
"t4",7.72849963480861,12.6505320175546,0.533458259738705,0,2.08732318885909,10.7046063871515,3.27190320139946,5.36376182979237,6.27922314696911,6.40102462107699,8.42897241721861,5.53759530415588,3.95129556490239,8.36215738206797,5.37980520691491,4.02628227041627,4.3612687413638,7.17547984154738,6.49676175424608,6.62843198125274,10.7046063871515,8.53047165159155,6.84544933374502,10.0362978572872,10.0362978572872,10.7046063871515,10.7046063871515,10.7046063871515,9.07837710439316,10.7046063871515,9.21918991226413,8.12840921161015,8.33600589379712,10.0362978572872,10.7046063871515,10.7046063871515,10.4627315976606,13.926157849433,10.7046063871515,10.7046063871515,10.0362978572872,10.7046063871515,10.7046063871515,10.7046063871515,10.7046063871515,10.7046063871515,10.7046063871515,10.7046063871515,10.7046063871515,10.7046063871515,9.99398124950593,10.7046063871515,10.0362978572872,10.0362978572872,10.0362978572872,10.0362978572872,10.7046063871515,10.7046063871515,10.7046063871515,13.926157849433,13.926157849433,10.7046063871515,10.7046063871515,10.7046063871515,10.7046063871515,10.7046063871515,10.7046063871515,10.7046063871515,10.7046063871515,10.7046063871515,13.926157849433,13.926157849433,10.7046063871515,10.0442136688233,10.0362978572872,10.0362978572872,10.7046063871515,10.7046063871515,10.7046063871515,10.0362978572872,10.7046063871515,10.7046063871515,10.0362978572872,10.0362978572872,10.0362978572872,10.7046063871515,10.7046063871515,10.0362978572872,10.0362978572872,10.7046063871515,10.2581022573203,10.7046063871515,10.7046063871515,10.0362978572872,13.9261578494329,13.8851856989,10.7046063871515,10.7046063871515,9.8949743228456,10.0362978572872,10.0362978572872,10.7046063871515,10.7046063871515,10.0362978572872,10.0362978572872,10.7046063871515,10.7046063871515,10.0362978572872,10.0362978572872,10.0362978572872,10.7046063871515,10.7046063871515,10.0362978572872,10.0362978572872,10.0362978572872,10.0362978572872,10.0362978572872,10.0362978572872,10.0362978572872,10.0362978572872,10.0362978572872,10.7046063871515,10.7046063871515,10.0362978572872,10.0362978572872,10.7046063871515,10.7046063871515,10.7046063871515,10.7046063871515,10.0362978572872,10.0362978572872
"t5",8.22945580429503,13.151488187041,1.69446174434107,2.08732318885909,0,11.2055625566379,1.50761678611876,5.86471799927878,6.78017931645552,6.90198079056341,8.92992858670503,6.0385514736423,2.18700914962169,8.86311355155439,5.88076137640133,2.26199585513557,2.5969823260831,7.6764360110338,6.99771792373249,7.12938815073916,11.2055625566379,9.03142782107797,7.34640550323144,10.5372540267736,10.5372540267736,11.2055625566379,11.2055625566379,11.2055625566379,9.57933327387958,11.2055625566379,9.72014608175055,8.62936538109657,8.83696206328354,10.5372540267736,11.2055625566379,11.2055625566379,10.963687767147,14.4271140189194,11.2055625566379,11.2055625566379,10.5372540267736,11.2055625566379,11.2055625566379,11.2055625566379,11.2055625566379,11.2055625566379,11.2055625566379,11.2055625566379,11.2055625566379,11.2055625566379,10.4949374189924,11.2055625566379,10.5372540267736,10.5372540267736,10.5372540267736,10.5372540267736,11.2055625566379,11.2055625566379,11.2055625566379,14.4271140189194,14.4271140189194,11.2055625566379,11.2055625566379,11.2055625566379,11.2055625566379,11.2055625566379,11.2055625566379,11.2055625566379,11.2055625566379,11.2055625566379,14.4271140189194,14.4271140189194,11.2055625566379,10.5451698383097,10.5372540267736,10.5372540267736,11.2055625566379,11.2055625566379,11.2055625566379,10.5372540267736,11.2055625566379,11.2055625566379,10.5372540267736,10.5372540267736,10.5372540267736,11.2055625566379,11.2055625566379,10.5372540267736,10.5372540267736,11.2055625566379,10.7590584268068,11.2055625566379,11.2055625566379,10.5372540267736,14.4271140189194,14.3861418683864,11.2055625566379,11.2055625566379,10.395930492332,10.5372540267736,10.5372540267736,11.2055625566379,11.2055625566379,10.5372540267736,10.5372540267736,11.2055625566379,11.2055625566379,10.5372540267736,10.5372540267736,10.5372540267736,11.2055625566379,11.2055625566379,10.5372540267736,10.5372540267736,10.5372540267736,10.5372540267736,10.5372540267736,10.5372540267736,10.5372540267736,10.5372540267736,10.5372540267736,11.2055625566379,11.2055625566379,10.5372540267736,10.5372540267736,11.2055625566379,11.2055625566379,11.2055625566379,11.2055625566379,10.5372540267736,10.5372540267736
"t6",14.4168409789706,19.3388733617166,10.3117449426335,10.7046063871515,11.2055625566379,0,12.3901425691783,7.07043766289695,12.8714198439586,12.9932213180665,9.36496206703245,12.8942451781822,13.0695349326812,9.29814703188181,12.7364550809412,13.1445216381951,13.4795081091426,13.7676765385369,13.8534116282724,13.9850818552791,11.6405960369654,15.1226683485811,14.2020992077713,17.3929477313135,17.3929477313135,11.6405960369654,12.4192451974243,11.6405960369654,10.014366754207,17.296803084141,10.9338287225369,15.4850590856365,15.6926557678234,17.3929477313135,11.6405960369654,11.6405960369654,11.3987212474745,20.614499193595,11.6405960369654,17.296803084141,17.3929477313135,11.6405960369654,11.6405960369654,11.6405960369654,11.6405960369654,17.296803084141,11.6405960369654,11.6405960369654,12.4192451974243,12.4192451974243,10.9299708993198,11.6405960369654,17.3929477313135,17.3929477313135,17.3929477313135,17.3929477313135,11.6405960369654,12.4112822202561,12.4112822202561,20.614499193595,20.614499193595,17.296803084141,17.296803084141,11.6405960369654,11.6405960369654,17.296803084141,17.296803084141,11.6405960369654,11.6405960369654,12.4112822202561,20.614499193595,20.614499193595,11.6405960369654,10.9802033186372,17.3929477313135,17.3929477313135,12.4112822202561,12.4112822202561,12.4112822202561,17.3929477313135,11.6405960369654,11.6405960369654,17.3929477313135,17.3929477313135,17.3929477313135,11.6405960369654,11.6405960369654,17.3929477313135,17.3929477313135,17.296803084141,16.8502989543098,11.6405960369654,11.6405960369654,17.3929477313135,20.614499193595,20.573527043062,12.4112822202561,12.4112822202561,17.2516241968719,17.3929477313135,17.3929477313135,17.296803084141,17.296803084141,17.3929477313135,17.3929477313135,11.6405960369654,11.6405960369654,17.3929477313135,17.3929477313135,17.3929477313135,11.6405960369654,11.6405960369654,17.3929477313135,17.3929477313135,17.3929477313135,17.3929477313135,17.3929477313135,17.3929477313135,17.3929477313135,17.3929477313135,17.3929477313135,17.296803084141,17.296803084141,17.3929477313135,17.3929477313135,11.6405960369654,11.6405960369654,11.6405960369654,11.6405960369654,17.3929477313135,17.3929477313135
"t7",9.4140358168354,14.3360681995813,2.87904175688144,3.27190320139946,1.50761678611876,12.3901425691783,0,7.04929801181916,7.9647593289959,8.08656080310378,10.1145085992454,7.22313148618267,1.93852477204086,10.0476935640948,7.0653413889417,2.01351147755474,2.34849794850227,8.86101602357417,8.18229793627287,8.31396816327953,12.3901425691783,10.2160078336183,8.53098551577181,11.721834039314,11.721834039314,12.3901425691783,12.3901425691783,12.3901425691783,10.7639132864199,12.3901425691783,10.9047260942909,9.81394539363694,10.0215420758239,11.721834039314,12.3901425691783,12.3901425691783,12.1482677796874,15.6116940314597,12.3901425691783,12.3901425691783,11.721834039314,12.3901425691783,12.3901425691783,12.3901425691783,12.3901425691783,12.3901425691783,12.3901425691783,12.3901425691783,12.3901425691783,12.3901425691783,11.6795174315327,12.3901425691783,11.721834039314,11.721834039314,11.721834039314,11.721834039314,12.3901425691783,12.3901425691783,12.3901425691783,15.6116940314597,15.6116940314597,12.3901425691783,12.3901425691783,12.3901425691783,12.3901425691783,12.3901425691783,12.3901425691783,12.3901425691783,12.3901425691783,12.3901425691783,15.6116940314597,15.6116940314597,12.3901425691783,11.7297498508501,11.721834039314,11.721834039314,12.3901425691783,12.3901425691783,12.3901425691783,11.721834039314,12.3901425691783,12.3901425691783,11.721834039314,11.721834039314,11.721834039314,12.3901425691783,12.3901425691783,11.721834039314,11.721834039314,12.3901425691783,11.9436384393471,12.3901425691783,12.3901425691783,11.721834039314,15.6116940314597,15.5707218809268,12.3901425691783,12.3901425691783,11.5805105048724,11.721834039314,11.721834039314,12.3901425691783,12.3901425691783,11.721834039314,11.721834039314,12.3901425691783,12.3901425691783,11.721834039314,11.721834039314,11.721834039314,12.3901425691783,12.3901425691783,11.721834039314,11.721834039314,11.721834039314,11.721834039314,11.721834039314,11.721834039314,11.721834039314,11.721834039314,11.721834039314,12.3901425691783,12.3901425691783,11.721834039314,11.721834039314,12.3901425691783,12.3901425691783,12.3901425691783,12.3901425691783,11.721834039314,11.721834039314
"t8",9.07599642161146,13.9980288043574,4.97090038527434,5.36376182979237,5.86471799927878,7.07043766289695,7.04929801181916,0,7.53057528659945,7.65237676070733,4.79480369296404,7.55340062082304,7.72869037532208,4.7279886578134,7.39561052358207,7.80367708083597,8.13866355178349,8.42683198117772,8.51256707091324,8.6442372979199,7.07043766289696,9.7818237912219,8.86125465041218,12.0521031739544,12.0521031739544,7.07043766289695,7.07840064006517,7.07043766289695,5.44420838013859,11.9559585267819,5.59298416517779,10.1442145282773,10.3518112104643,12.0521031739544,7.07043766289695,7.07043766289695,6.82856287340605,15.2736546362358,7.07043766289695,11.9559585267819,12.0521031739544,7.07043766289695,7.07043766289695,7.07043766289695,7.07043766289695,11.9559585267819,7.07043766289695,7.07043766289695,7.07840064006517,7.07840064006517,6.35981252525136,7.07043766289695,12.0521031739544,12.0521031739544,12.0521031739544,12.0521031739544,7.07043766289695,5.76045778151265,5.76045778151265,15.2736546362358,15.2736546362358,11.9559585267819,11.9559585267819,7.07043766289695,7.07043766289695,11.9559585267819,11.9559585267819,7.07043766289695,7.07043766289695,5.76045778151265,15.2736546362358,15.2736546362358,7.07043766289695,6.41004494456876,12.0521031739544,12.0521031739544,5.76045778151265,5.76045778151265,5.76045778151265,12.0521031739544,7.07043766289695,7.07043766289695,12.0521031739544,12.0521031739544,12.0521031739544,7.07043766289695,7.07043766289695,12.0521031739544,12.0521031739544,11.9559585267819,11.5094543969507,7.07043766289695,7.07043766289695,12.0521031739544,15.2736546362358,15.2326824857029,5.76045778151265,5.76045778151265,11.9107796395128,12.0521031739544,12.0521031739544,11.9559585267819,11.9559585267819,12.0521031739544,12.0521031739544,7.07043766289695,7.07043766289695,12.0521031739544,12.0521031739544,12.0521031739544,7.07043766289695,7.07043766289695,12.0521031739544,12.0521031739544,12.0521031739544,12.0521031739544,12.0521031739544,12.0521031739544,12.0521031739544,12.0521031739544,12.0521031739544,11.9559585267819,11.9559585267819,12.0521031739544,12.0521031739544,7.07043766289695,7.07043766289695,7.07043766289695,7.07043766289695,12.0521031739544,12.0521031739544
"t9",9.99145773878819,14.9134901215341,5.88636170245108,6.27922314696911,6.78017931645552,12.8714198439586,7.9647593289959,7.53057528659945,0,2.12134955926054,10.5957858740257,8.46886193799978,8.64415169249882,10.5289708388751,8.31107184075881,8.7191383980127,9.05412486896023,5.75383325872391,9.42802838808997,9.55969861509664,12.8714198439586,7.10882506876808,9.77671596758892,12.9675644911311,12.9675644911311,12.8714198439586,12.8714198439586,12.8714198439586,11.2451905612002,9.28295980432805,11.3860033690712,11.059675845454,11.267272527641,12.9675644911311,12.8714198439586,12.8714198439586,12.6295450544677,16.1891159534125,12.8714198439586,9.28295980432805,12.9675644911311,12.8714198439586,12.8714198439586,12.8714198439586,12.8714198439586,9.28295980432805,12.8714198439586,12.8714198439586,12.8714198439586,12.8714198439586,12.160794706313,12.8714198439586,12.9675644911311,12.9675644911311,12.9675644911311,12.9675644911311,12.8714198439586,12.8714198439586,12.8714198439586,16.1891159534125,16.1891159534125,9.28295980432805,9.28295980432805,12.8714198439586,12.8714198439586,9.28295980432805,9.28295980432805,12.8714198439586,12.8714198439586,12.8714198439586,16.1891159534125,16.1891159534125,12.8714198439586,12.2110271256304,12.9675644911311,12.9675644911311,12.8714198439586,12.8714198439586,12.8714198439586,12.9675644911311,12.8714198439586,12.8714198439586,12.9675644911311,12.9675644911311,12.9675644911311,12.8714198439586,12.8714198439586,12.9675644911311,12.9675644911311,9.28295980432805,8.83645567449687,12.8714198439586,12.8714198439586,12.9675644911311,16.1891159534125,16.1481438028796,12.8714198439586,12.8714198439586,12.8262409566895,12.9675644911311,12.9675644911311,9.28295980432805,9.28295980432805,12.9675644911311,12.9675644911311,12.8714198439586,12.8714198439586,12.9675644911311,12.9675644911311,12.9675644911311,12.8714198439586,12.8714198439586,12.9675644911311,12.9675644911311,12.9675644911311,12.9675644911311,12.9675644911311,12.9675644911311,12.9675644911311,12.9675644911311,12.9675644911311,9.28295980432805,9.28295980432805,12.9675644911311,12.9675644911311,12.8714198439586,12.8714198439586,12.8714198439586,12.8714198439586,12.9675644911311,12.9675644911311
"t10",10.1132592128961,15.035291595642,6.00816317655897,6.40102462107699,6.90198079056341,12.9932213180665,8.08656080310378,7.65237676070733,2.12134955926054,0,10.7175873481336,8.59066341210767,8.76595316660671,10.6507723129829,8.43287331486669,8.84093987212059,9.17592634306812,5.8756347328318,9.54982986219786,9.68150008920453,12.9932213180665,7.23062654287597,9.8985174416968,13.089365965239,13.089365965239,12.9932213180665,12.9932213180665,12.9932213180665,11.3669920353081,9.40476127843593,11.5078048431791,11.1814773195619,11.3890740017489,13.089365965239,12.9932213180665,12.9932213180665,12.7513465285756,16.3109174275204,12.9932213180665,9.40476127843593,13.089365965239,12.9932213180665,12.9932213180665,12.9932213180665,12.9932213180665,9.40476127843593,12.9932213180665,12.9932213180665,12.9932213180665,12.9932213180665,12.2825961804209,12.9932213180665,13.089365965239,13.089365965239,13.089365965239,13.089365965239,12.9932213180665,12.9932213180665,12.9932213180665,16.3109174275204,16.3109174275204,9.40476127843593,9.40476127843593,12.9932213180665,12.9932213180665,9.40476127843593,9.40476127843593,12.9932213180665,12.9932213180665,12.9932213180665,16.3109174275204,16.3109174275204,12.9932213180665,12.3328285997383,13.089365965239,13.089365965239,12.9932213180665,12.9932213180665,12.9932213180665,13.089365965239,12.9932213180665,12.9932213180665,13.089365965239,13.089365965239,13.089365965239,12.9932213180665,12.9932213180665,13.089365965239,13.089365965239,9.40476127843593,8.95825714860476,12.9932213180665,12.9932213180665,13.089365965239,16.3109174275204,16.2699452769875,12.9932213180665,12.9932213180665,12.9480424307974,13.089365965239,13.089365965239,9.40476127843593,9.40476127843593,13.089365965239,13.089365965239,12.9932213180665,12.9932213180665,13.089365965239,13.089365965239,13.089365965239,12.9932213180665,12.9932213180665,13.089365965239,13.089365965239,13.089365965239,13.089365965239,13.089365965239,13.089365965239,13.089365965239,13.089365965239,13.089365965239,9.40476127843593,9.40476127843593,13.089365965239,13.089365965239,12.9932213180665,12.9932213180665,12.9932213180665,12.9932213180665,13.089365965239,13.089365965239
"t11",12.1412070090377,17.0632393917836,8.03611097270059,8.42897241721861,8.92992858670503,9.36496206703245,10.1145085992454,4.79480369296404,10.5957858740257,10.7175873481336,0,10.6186112082493,10.7939009627483,6.20629835440452,10.4608211110083,10.8688876682622,11.2038741392097,11.492042568604,11.5777776583395,11.7094478853461,9.16601441433187,12.8470343786481,11.9264652378384,15.1173137613806,15.1173137613806,9.16601441433187,10.1436112274914,8.54874735948807,6.92251807672971,15.0211691142081,8.65819475260403,13.2094251157036,13.4170217978905,15.1173137613806,8.54874735948807,9.16601441433187,8.92413962484097,18.338865223662,9.16601441433187,15.0211691142081,15.1173137613806,9.16601441433187,9.16601441433187,9.16601441433187,9.16601441433187,15.0211691142081,9.16601441433187,9.16601441433187,10.1436112274914,10.1436112274914,8.45538927668628,9.16601441433187,15.1173137613806,15.1173137613806,15.1173137613806,15.1173137613806,9.16601441433187,10.1356482503232,10.1356482503232,18.338865223662,18.338865223662,15.0211691142081,15.0211691142081,9.16601441433187,9.16601441433187,15.0211691142081,15.0211691142081,9.16601441433187,9.16601441433187,10.1356482503232,18.338865223662,18.338865223662,9.16601441433187,8.50562169600367,15.1173137613806,15.1173137613806,10.1356482503232,10.1356482503232,10.1356482503232,15.1173137613806,9.16601441433187,9.16601441433187,15.1173137613806,15.1173137613806,15.1173137613806,9.16601441433187,9.16601441433187,15.1173137613806,15.1173137613806,15.0211691142081,14.5746649843769,9.16601441433187,9.16601441433187,15.1173137613806,18.338865223662,18.2978930731291,10.1356482503232,10.1356482503232,14.975990226939,15.1173137613806,15.1173137613806,15.0211691142081,15.0211691142081,15.1173137613806,15.1173137613806,9.16601441433187,9.16601441433187,15.1173137613806,15.1173137613806,15.1173137613806,8.54874735948807,8.54874735948807,15.1173137613806,15.1173137613806,15.1173137613806,15.1173137613806,15.1173137613806,15.1173137613806,15.1173137613806,15.1173137613806,15.1173137613806,15.0211691142081,15.0211691142081,15.1173137613806,15.1173137613806,9.16601441433187,9.16601441433187,9.16601441433187,9.16601441433187,15.1173137613806,15.1173137613806
"t12",9.91813842583928,14.8401708085852,5.14473385963786,5.53759530415588,6.0385514736423,12.8942451781822,7.22313148618267,7.55340062082304,8.46886193799978,8.59066341210767,10.6186112082493,0,7.9025238496856,10.5517961730986,5.57637238265185,7.97751055519948,8.31249702614701,9.36511863257806,6.69332892998301,2.76369593646062,12.8942451781822,10.7201104426222,7.04201650948195,10.2328650330241,6.17156181249509,12.8942451781822,12.8942451781822,12.8942451781822,11.2680158954238,12.8942451781822,11.4088287032948,8.32497638734709,8.53257306953405,10.2328650330241,12.8942451781822,12.8942451781822,12.6523703886913,16.1157966404636,12.8942451781822,12.8942451781822,10.2328650330241,12.8942451781822,12.8942451781822,12.8942451781822,12.8942451781822,12.8942451781822,12.8942451781822,12.8942451781822,12.8942451781822,12.8942451781822,12.1836200405366,12.8942451781822,10.2328650330241,10.2328650330241,10.2328650330241,10.2328650330241,12.8942451781822,12.8942451781822,12.8942451781822,16.1157966404636,16.1157966404636,12.8942451781822,12.8942451781822,12.8942451781822,12.8942451781822,12.8942451781822,12.8942451781822,12.8942451781822,12.8942451781822,12.8942451781822,16.1157966404636,16.1157966404636,12.8942451781822,12.233852459854,10.2328650330241,10.2328650330241,12.8942451781822,12.8942451781822,12.8942451781822,10.2328650330241,12.8942451781822,12.8942451781822,10.2328650330241,10.2328650330241,10.2328650330241,12.8942451781822,12.8942451781822,10.2328650330241,10.2328650330241,12.8942451781822,12.447741048351,12.8942451781822,12.8942451781822,10.2328650330241,16.1157966404636,16.0748244899307,12.8942451781822,12.8942451781822,10.0915414985825,10.2328650330241,10.2328650330241,12.8942451781822,12.8942451781822,6.17156181249509,6.17156181249509,12.8942451781822,12.8942451781822,10.2328650330241,10.2328650330241,10.2328650330241,12.8942451781822,12.8942451781822,10.2328650330241,10.2328650330241,10.2328650330241,10.2328650330241,10.2328650330241,10.2328650330241,10.2328650330241,10.2328650330241,10.2328650330241,12.8942451781822,12.8942451781822,10.2328650330241,10.2328650330241,12.8942451781822,12.8942451781822,12.8942451781822,12.8942451781822,10.2328650330241,10.2328650330241
"t13",10.0934281803383,15.0154605630843,3.55843412038436,3.95129556490239,2.18700914962169,13.0695349326812,1.93852477204086,7.72869037532208,8.64415169249882,8.76595316660671,10.7939009627483,7.9025238496856,0,10.7270859275977,7.74473375244462,1.57174446163057,1.9067309325781,9.5404083870771,8.86169029977579,8.99336052678246,13.0695349326812,10.8954001971213,9.21037787927473,12.4012264028169,12.4012264028169,13.0695349326812,13.0695349326812,13.0695349326812,11.4433056499229,13.0695349326812,11.5841184577938,10.4933377571399,10.7009344393268,12.4012264028169,13.0695349326812,13.0695349326812,12.8276601431903,16.2910863949627,13.0695349326812,13.0695349326812,12.4012264028169,13.0695349326812,13.0695349326812,13.0695349326812,13.0695349326812,13.0695349326812,13.0695349326812,13.0695349326812,13.0695349326812,13.0695349326812,12.3589097950356,13.0695349326812,12.4012264028169,12.4012264028169,12.4012264028169,12.4012264028169,13.0695349326812,13.0695349326812,13.0695349326812,16.2910863949627,16.2910863949627,13.0695349326812,13.0695349326812,13.0695349326812,13.0695349326812,13.0695349326812,13.0695349326812,13.0695349326812,13.0695349326812,13.0695349326812,16.2910863949627,16.2910863949627,13.0695349326812,12.409142214353,12.4012264028169,12.4012264028169,13.0695349326812,13.0695349326812,13.0695349326812,12.4012264028169,13.0695349326812,13.0695349326812,12.4012264028169,12.4012264028169,12.4012264028169,13.0695349326812,13.0695349326812,12.4012264028169,12.4012264028169,13.0695349326812,12.6230308028501,13.0695349326812,13.0695349326812,12.4012264028169,16.2910863949627,16.2501142444297,13.0695349326812,13.0695349326812,12.2599028683753,12.4012264028169,12.4012264028169,13.0695349326812,13.0695349326812,12.4012264028169,12.4012264028169,13.0695349326812,13.0695349326812,12.4012264028169,12.4012264028169,12.4012264028169,13.0695349326812,13.0695349326812,12.4012264028169,12.4012264028169,12.4012264028169,12.4012264028169,12.4012264028169,12.4012264028169,12.4012264028169,12.4012264028169,12.4012264028169,13.0695349326812,13.0695349326812,12.4012264028169,12.4012264028169,13.0695349326812,13.0695349326812,13.0695349326812,13.0695349326812,12.4012264028169,12.4012264028169
"t14",12.0743919738871,16.996424356633,7.96929593754995,8.36215738206797,8.86311355155439,9.29814703188181,10.0476935640948,4.7279886578134,10.5289708388751,10.6507723129829,6.20629835440452,10.5517961730986,10.7270859275977,0,10.3940060758577,10.8020726331116,11.1370591040591,11.4252275334533,11.5109626231888,11.6426328501955,9.09919937918123,12.7802193434975,11.8596502026878,15.05049872623,15.05049872623,9.09919937918123,10.0767961923408,7.54924051256418,5.92301122980581,14.9543540790575,8.59137971745339,13.1426100805529,13.3502067627399,15.05049872623,7.54924051256418,9.09919937918123,8.85732458969033,18.2720501885114,9.09919937918123,14.9543540790575,15.05049872623,9.09919937918123,9.09919937918123,9.09919937918123,9.09919937918123,14.9543540790575,9.09919937918123,9.09919937918123,10.0767961923408,10.0767961923408,8.38857424153564,9.09919937918123,15.05049872623,15.05049872623,15.05049872623,15.05049872623,9.09919937918123,10.0688332151726,10.0688332151726,18.2720501885114,18.2720501885114,14.9543540790575,14.9543540790575,9.09919937918123,9.09919937918123,14.9543540790575,14.9543540790575,9.09919937918123,9.09919937918123,10.0688332151726,18.2720501885114,18.2720501885114,9.09919937918123,8.43880666085303,15.05049872623,15.05049872623,10.0688332151726,10.0688332151726,10.0688332151726,15.05049872623,9.09919937918123,9.09919937918123,15.05049872623,15.05049872623,15.05049872623,9.09919937918123,9.09919937918123,15.05049872623,15.05049872623,14.9543540790575,14.5078499492263,9.09919937918123,9.09919937918123,15.05049872623,18.2720501885114,18.2310780379785,10.0688332151726,10.0688332151726,14.9091751917884,15.05049872623,15.05049872623,14.9543540790575,14.9543540790575,15.05049872623,15.05049872623,9.09919937918123,9.09919937918123,15.05049872623,15.05049872623,15.05049872623,7.54924051256418,7.54924051256418,15.05049872623,15.05049872623,15.05049872623,15.05049872623,15.05049872623,15.05049872623,15.05049872623,15.05049872623,15.05049872623,14.9543540790575,14.9543540790575,15.05049872623,15.05049872623,9.09919937918123,9.09919937918123,9.09919937918123,9.09919937918123,15.05049872623,15.05049872623
"t15",9.76034832859831,14.6823807113443,4.98694376239689,5.37980520691491,5.88076137640133,12.7364550809412,7.0653413889417,7.39561052358207,8.31107184075881,8.43287331486669,10.4608211110083,5.57637238265185,7.74473375244462,10.3940060758577,0,7.81972045795851,8.15470692890604,9.20732853533708,2.26327582839434,6.66720905974871,12.7364550809412,10.5623203453813,2.61196340789328,4.98062689244667,10.0750749357832,12.7364550809412,12.7364550809412,12.7364550809412,11.1102257981829,12.7364550809412,11.2510386060538,3.89492328575841,4.10251996794538,4.98062689244667,12.7364550809412,12.7364550809412,12.4945802914503,15.9580065432227,12.7364550809412,12.7364550809412,4.98062689244667,12.7364550809412,12.7364550809412,12.7364550809412,12.7364550809412,12.7364550809412,12.7364550809412,12.7364550809412,12.7364550809412,12.7364550809412,12.0258299432956,12.7364550809412,4.98062689244667,4.98062689244667,4.98062689244667,6.77718573774453,12.7364550809412,12.7364550809412,12.7364550809412,15.9580065432227,15.9580065432227,12.7364550809412,12.7364550809412,12.7364550809412,12.7364550809412,12.7364550809412,12.7364550809412,12.7364550809412,12.7364550809412,12.7364550809412,15.9580065432227,15.9580065432227,12.7364550809412,12.076062362613,6.77718573774453,6.77718573774453,12.7364550809412,12.7364550809412,12.7364550809412,6.77718573774453,12.7364550809412,12.7364550809412,4.98062689244667,4.98062689244667,5.80281193143547,12.7364550809412,12.7364550809412,6.77718573774453,6.77718573774453,12.7364550809412,12.28995095111,12.7364550809412,12.7364550809412,6.77718573774453,15.9580065432227,15.9170343926897,12.7364550809412,12.7364550809412,6.63586220330292,6.77718573774453,4.98062689244667,12.7364550809412,12.7364550809412,10.0750749357832,10.0750749357832,12.7364550809412,12.7364550809412,4.98062689244667,4.98062689244667,4.98062689244667,12.7364550809412,12.7364550809412,5.80281193143547,4.98062689244667,4.98062689244667,4.98062689244667,4.98062689244667,5.80281193143547,5.80281193143547,6.77718573774453,6.77718573774453,12.7364550809412,12.7364550809412,4.98062689244667,4.98062689244667,12.7364550809412,12.7364550809412,12.7364550809412,12.7364550809412,6.77718573774453,6.77718573774453
"t16",10.1684148858522,15.0904472685982,3.63342082589825,4.02628227041627,2.26199585513557,13.1445216381951,2.01351147755474,7.80367708083597,8.7191383980127,8.84093987212059,10.8688876682622,7.97751055519948,1.57174446163057,10.8020726331116,7.81972045795851,0,1.11954591474134,9.61539509259098,8.93667700528968,9.06834723229634,13.1445216381951,10.9703869026352,9.28536458478862,12.4762131083308,12.4762131083308,13.1445216381951,13.1445216381951,13.1445216381951,11.5182923554368,13.1445216381951,11.6591051633077,10.5683244626538,10.7759211448407,12.4762131083308,13.1445216381951,13.1445216381951,12.9026468487042,16.3660731004766,13.1445216381951,13.1445216381951,12.4762131083308,13.1445216381951,13.1445216381951,13.1445216381951,13.1445216381951,13.1445216381951,13.1445216381951,13.1445216381951,13.1445216381951,13.1445216381951,12.4338965005495,13.1445216381951,12.4762131083308,12.4762131083308,12.4762131083308,12.4762131083308,13.1445216381951,13.1445216381951,13.1445216381951,16.3660731004766,16.3660731004766,13.1445216381951,13.1445216381951,13.1445216381951,13.1445216381951,13.1445216381951,13.1445216381951,13.1445216381951,13.1445216381951,13.1445216381951,16.3660731004766,16.3660731004766,13.1445216381951,12.4841289198669,12.4762131083308,12.4762131083308,13.1445216381951,13.1445216381951,13.1445216381951,12.4762131083308,13.1445216381951,13.1445216381951,12.4762131083308,12.4762131083308,12.4762131083308,13.1445216381951,13.1445216381951,12.4762131083308,12.4762131083308,13.1445216381951,12.6980175083639,13.1445216381951,13.1445216381951,12.4762131083308,16.3660731004765,16.3251009499436,13.1445216381951,13.1445216381951,12.3348895738892,12.4762131083308,12.4762131083308,13.1445216381951,13.1445216381951,12.4762131083308,12.4762131083308,13.1445216381951,13.1445216381951,12.4762131083308,12.4762131083308,12.4762131083308,13.1445216381951,13.1445216381951,12.4762131083308,12.4762131083308,12.4762131083308,12.4762131083308,12.4762131083308,12.4762131083308,12.4762131083308,12.4762131083308,12.4762131083308,13.1445216381951,13.1445216381951,12.4762131083308,12.4762131083308,13.1445216381951,13.1445216381951,13.1445216381951,13.1445216381951,12.4762131083308,12.4762131083308
"t17",10.5034013567997,15.4254337395457,3.96840729684578,4.3612687413638,2.5969823260831,13.4795081091426,2.34849794850227,8.13866355178349,9.05412486896023,9.17592634306812,11.2038741392097,8.31249702614701,1.9067309325781,11.1370591040591,8.15470692890604,1.11954591474134,0,9.95038156353851,9.2716634762372,9.40333370324387,13.4795081091426,11.3053733735827,9.62035105573614,12.8111995792783,12.8111995792783,13.4795081091426,13.4795081091426,13.4795081091426,11.8532788263843,13.4795081091426,11.9940916342553,10.9033109336013,11.1109076157882,12.8111995792783,13.4795081091426,13.4795081091426,13.2376333196517,16.7010595714241,13.4795081091426,13.4795081091426,12.8111995792783,13.4795081091426,13.4795081091426,13.4795081091426,13.4795081091426,13.4795081091426,13.4795081091426,13.4795081091426,13.4795081091426,13.4795081091426,12.7688829714971,13.4795081091426,12.8111995792783,12.8111995792783,12.8111995792783,12.8111995792783,13.4795081091426,13.4795081091426,13.4795081091426,16.7010595714241,16.7010595714241,13.4795081091426,13.4795081091426,13.4795081091426,13.4795081091426,13.4795081091426,13.4795081091426,13.4795081091426,13.4795081091426,13.4795081091426,16.7010595714241,16.7010595714241,13.4795081091426,12.8191153908145,12.8111995792783,12.8111995792783,13.4795081091426,13.4795081091426,13.4795081091426,12.8111995792783,13.4795081091426,13.4795081091426,12.8111995792783,12.8111995792783,12.8111995792783,13.4795081091426,13.4795081091426,12.8111995792783,12.8111995792783,13.4795081091426,13.0330039793115,13.4795081091426,13.4795081091426,12.8111995792783,16.7010595714241,16.6600874208911,13.4795081091426,13.4795081091426,12.6698760448367,12.8111995792783,12.8111995792783,13.4795081091426,13.4795081091426,12.8111995792783,12.8111995792783,13.4795081091426,13.4795081091426,12.8111995792783,12.8111995792783,12.8111995792783,13.4795081091426,13.4795081091426,12.8111995792783,12.8111995792783,12.8111995792783,12.8111995792783,12.8111995792783,12.8111995792783,12.8111995792783,12.8111995792783,12.8111995792783,13.4795081091426,13.4795081091426,12.8111995792783,12.8111995792783,13.4795081091426,13.4795081091426,13.4795081091427,13.4795081091427,12.8111995792783,12.8111995792783
