"","V_1","V_2","V_3","V_4","V_5","V_6","V_7","V_8","V_9","V_10","V_11","V_12","V_13","V_14","V_15","V_16","V_17","V_18","V_19","V_20","V_21","V_22","V_23","V_24","V_25","V_26","V_27","V_28","V_29","V_30","V_31","V_32","V_33","V_34","V_35","V_36","V_37","V_38","V_39","V_40","V_41","V_42","V_43","V_44","V_45","V_46","V_47","V_48","V_49","V_50","V_51","V_52","V_53","V_54","V_55","V_56","V_57","V_58","V_59","V_60","V_61","V_62","V_63","V_64","V_65","V_66","V_67","V_68","V_69","V_70","V_71","V_72","V_73","V_74","V_75","V_76","V_77","V_78","V_79","V_80","V_81","V_82","V_83","V_84","V_85","V_86","V_87","V_88","V_89"
"Galium_labradoricum",-0.112897828016544,0.0816486141289115,0.0151044003120775,-0.0815076626946309,0.00036090656766756,-0.000196705591093256,0.0292780998070243,-0.0232597510084242,0.0979267497542778,-0.00110496352144321,9.8809534185759e-05,-4.79361981808326e-05,-2.07485459639806e-05,-4.82222180886356e-07,0.000153161797837746,-0.205535243015186,0.0187501734232171,-0.00580860188680102,0.000253640366995165,-0.0123614404564169,0.00288765888539467,-0.0190813081767368,0.00339452028919461,-0.0226278051805621,0.00158380282326688,-0.0540389270182446,0.0183783890420554,-4.37928181126146e-06,0.000440763532878065,8.18548461504874e-08,2.54575174417688e-06,3.31139309511925e-05,-2.89388001508907e-05,-5.96478464630764e-07,0.0192813304317772,-0.378340644410192,5.29886070199868e-06,1.19597573060615e-06,2.72186458415137e-08,1.56169005260898e-06,-0.000157844707647329,6.4553311671678e-19,-8.5028254738349e-17,-1.13918719015209e-16,0.000717284465902919,5.32065287543463e-06,-6.60815984514925e-30,1.3989396229789e-16,-1.21503892289579e-20,-0.102360436552904,-6.05803624223455e-16,2.57139466220471e-20,0.340626894499434,-1.06637576471506e-20,0.796224414812603,2.01525066794398e-14,3.66038287622626e-16,2.86165895704918e-07,3.75871346919388e-08,4.29583356482578e-17,7.31187836444061e-17,1.9103914043944e-17,-0.0229027789335039,0.00056208790243713,1.1908549673663e-17,1.5397508194832e-16,-1.79505018552192e-61,5.57970997207271e-34,2.51946188624034e-19,-0.000588095561476783,6.97866935288612e-06,1.24449038240536e-16,3.11333117144878e-18,1.81500766649307e-19,1.63799838801341e-16,1.39704139447984e-17,-0.000561286464070629,0.0124475704369583,-0.00197473251128479,2.42156845998762e-18,-7.35714974586347e-18,3.86114059661188e-05,1.42141832436748e-17,9.47056085217855e-19,5.54476977858331e-19,6.38612169159093e-16,9.70143293768473e-18,2.81713312007103e-18,4.14236439338622e-18
"Galium_tenuissimum",-0.112897828016544,0.0816486141289118,0.0151044003120775,-0.0815076626946307,0.000360906567667412,-0.000196705591093256,0.0292780998070241,-0.0232597510084241,0.0979267497542777,-0.00110496352144321,9.88095341856875e-05,-4.79361981806963e-05,-2.07485459639766e-05,-4.82222181186532e-07,0.000153161797837872,-0.205535243015186,0.018750173423217,-0.00580860188680067,0.000253640366994931,-0.0123614404564167,0.00288765888539487,-0.0190813081767374,0.00339452028919416,-0.0226278051805616,0.00158380282326718,-0.054038927018245,0.0183783890420555,-4.37928181170611e-06,0.000440763532877382,8.18548461756545e-08,2.54575174397937e-06,3.31139309514081e-05,-2.89388001505095e-05,-5.9647846473987e-07,0.0192813304317773,-0.378340644410191,5.29886070205381e-06,1.19597573059374e-06,2.72186463065733e-08,1.56169005271309e-06,-0.000157844707648839,4.70882786115724e-17,-5.70516460604722e-15,-4.45031911727621e-15,0.000717284465902019,5.32065287462997e-06,2.16840434497101e-14,2.99524339423195e-16,-4.19109463281747e-15,-0.102360436552909,6.44684271059755e-15,-5.50700103149757e-15,-0.532552531436139,-0.677469711619219,-0.0861544607059558,5.74033919951939e-15,-1.29208638020111e-14,2.86165894328154e-07,3.75871326039422e-08,2.23316430501081e-15,-3.46779337475266e-16,3.80624381695641e-16,-0.022902778933504,0.000562087902436799,9.75777576893356e-17,2.88666929628666e-16,6.08227978163509e-17,9.65868736090598e-16,-1.14617245000518e-15,-0.000588095561477514,6.97866935232649e-06,-1.24462627251262e-15,-4.56333311312857e-16,-5.55087456832877e-16,-3.57853976047465e-16,-2.30435107318784e-16,-0.000561286464071418,0.0124475704369588,-0.0019747325112843,3.00486721418594e-17,2.79150797160264e-16,3.86114059662564e-05,-1.41828715626192e-16,1.7830610386938e-16,-1.11923757808462e-16,-1.22388507848977e-15,1.09570939133071e-16,-2.20807960355717e-16,-4.91559128331119e-17
"Galium_eriocarpum",-0.112897828016544,0.0816486141289117,0.0151044003120775,-0.0815076626946304,0.000360906567667377,-0.000196705591092944,0.029278099807024,-0.0232597510084245,0.0979267497542772,-0.0011049635214431,9.8809534185783e-05,-4.79361981809749e-05,-2.07485459643358e-05,-4.82222180956635e-07,0.000153161797837717,-0.205535243015185,0.0187501734232172,-0.00580860188680112,0.000253640366994999,-0.0123614404564165,0.00288765888539449,-0.0190813081767373,0.00339452028919454,-0.0226278051805613,0.00158380282326711,-0.0540389270182452,0.0183783890420553,-4.37928181085259e-06,0.000440763532877377,8.18548458872183e-08,2.54575174408728e-06,3.3113930952137e-05,-2.89388001501057e-05,-5.96478465084849e-07,0.0192813304317766,-0.378340644410192,5.29886070179548e-06,1.1959757307082e-06,2.7218645071203e-08,1.56169005280809e-06,-0.000157844707650469,-2.14809296176834e-16,1.06241401658791e-14,8.05045951381801e-15,0.000717284465895868,5.3206528723951e-06,1.23212086819936e-15,-1.89119596150558e-16,5.86058022251653e-16,-0.102360436552913,-1.12138170339742e-14,3.90477175059803e-16,0.635380743155627,-0.0559499454925586,-0.585799381039603,-4.49772416199545e-14,9.7784867722679e-15,2.86165893856157e-07,3.75871332991482e-08,1.84057199635953e-15,-5.8826275746329e-17,-8.34067400445083e-16,-0.0229027789335061,0.00056208790243677,-2.48784716773313e-16,4.93325296114358e-16,-3.67597401056336e-16,-6.46212254730058e-16,7.53394860400202e-16,-0.000588095561477417,6.97866935257083e-06,6.57168755467169e-16,4.77204145701209e-16,3.03021041145258e-16,1.11769400578817e-16,2.43227051409253e-16,-0.000561286464071775,0.0124475704369568,-0.00197473251128324,9.73963211912918e-18,-3.62245818353704e-16,3.86114059656382e-05,8.32829506859345e-17,-1.46107151585976e-16,1.30152075527578e-16,-1.10155363395399e-15,-3.51389073427039e-16,3.77470641125449e-16,-2.1199761794684e-17
"Galium_nuttallii",-0.112897828016544,0.0816486141289118,0.0151044003120775,-0.0815076626946304,0.000360906567667576,-0.000196705591093231,0.0292780998070239,-0.0232597510084242,0.0979267497542776,-0.00110496352144311,9.88095341857053e-05,-4.79361981808287e-05,-2.07485459638718e-05,-4.82222180791263e-07,0.000153161797838065,-0.205535243015186,0.0187501734232171,-0.00580860188680098,0.00025364036699538,-0.0123614404564165,0.00288765888539503,-0.0190813081767374,0.00339452028919491,-0.022627805180562,0.00158380282326673,-0.054038927018245,0.0183783890420553,-4.37928181116519e-06,0.000440763532877005,8.18548459659167e-08,2.54575174408077e-06,3.31139309517135e-05,-2.89388001494044e-05,-5.96478465019954e-07,0.0192813304317768,-0.378340644410193,5.29886070230445e-06,1.19597573045065e-06,2.72186452653192e-08,1.56169005205199e-06,-0.000157844707649037,-8.16811594877627e-17,-4.63333516944336e-15,-3.35352331839026e-15,0.00071728446590133,5.32065287674125e-06,-2.26268550980944e-14,2.21412418481478e-16,3.65474394112803e-15,-0.102360436552915,4.47572351764906e-15,5.02938166671255e-15,-0.443455106218922,0.733419657111774,-0.124270573067042,1.9178118422431e-14,3.35470053811754e-15,2.8616589772285e-07,3.75871355804868e-08,-4.14814188728912e-15,3.70357722311981e-16,4.16806023258947e-16,-0.0229027789335056,0.000562087902433947,1.57990577790351e-16,-9.63269005435859e-16,2.12535237232323e-16,-3.72136853458697e-16,3.3095905606648e-16,-0.000588095561476145,6.97866935223505e-06,1.54716368807219e-16,-1.20685040725531e-16,-4.81011708646038e-17,1.70710035231383e-16,2.86921344075341e-17,-0.000561286464071781,0.0124475704369586,-0.00197473251128367,7.89360017875029e-17,1.09353380162681e-16,3.86114059654747e-05,5.05880539970047e-19,-3.74647044258489e-17,-1.39270021899273e-18,1.23795690472975e-16,6.06938777561241e-17,-1.63716156142241e-16,-8.72850699471192e-17
"Galium_circaezans",-0.117185562696667,0.0876939890545085,0.0173644381404667,-0.0962738928640844,0.000456259595152886,-0.000253462150898051,0.0445273500557989,-0.0617942309588677,0.311218117760118,-0.00378580722352502,0.0010954957770353,-0.000589265216895094,0.00548492931029016,4.92319017364521e-06,-0.00124802752435913,0.291019211598496,-0.0253967001766953,0.0076397081174487,-0.000325929646514843,0.0155026129455363,-0.00435308474194484,0.0307208816731512,-0.00646497610355471,0.0487702149479578,0.0146991972265359,-0.0758707790377007,0.000459903802869852,1.45450782565897e-07,-2.17129409503014e-05,-4.41397359101984e-09,-1.39212847490055e-07,-2.89403327493231e-06,2.52667797201062e-06,5.18570308250013e-08,-0.00163621842657067,0.0315499442541241,-4.04071014182849e-07,-9.02419814461665e-08,-1.4463869034687e-09,-6.45034673703069e-08,6.10828811563012e-06,-6.16610087430052e-17,5.10023204746034e-17,4.07011859033297e-17,-1.37497746459154e-05,-9.99381393977831e-08,-1.0007321156647e-16,-7.57891062813419e-17,6.7487003747581e-17,0.00107643550481518,5.10285747322098e-17,1.76928908161632e-17,-2.22044604925031e-16,2.49816499761162e-16,-8.04911692853238e-16,-2.13473400947114e-17,1.59406232962899e-16,3.14144521971692e-09,4.26398378279977e-10,7.80524216912073e-17,8.33379434656734e-17,-3.36215140665311e-17,-0.00037213538351313,9.53347605197241e-06,8.12475545162472e-17,9.82147713123049e-17,-1.17066126869076e-17,5.76165523406626e-18,3.23159025237354e-17,-9.26984622438853e-06,7.16429080639227e-08,-5.32525251322152e-17,1.00625158956475e-16,1.76215282932955e-16,-1.41732867902718e-15,-2.74577695509089e-16,0.000363484946527972,-0.339607362583972,-0.80241257463447,-9.72906791761977e-17,2.065495422116e-15,2.46547372503e-06,3.57110493070858e-16,2.15388561069348e-16,6.16455809535799e-17,-4.80664559385751e-16,-1.56090594376796e-15,-1.25715524274466e-16,4.70365989139239e-17
"Galium_bolanderi",-0.11743532257773,0.0880457919737107,0.0174957307014868,-0.0971311736221857,0.000461787647728164,-0.000256751398146517,0.0454088269422079,-0.0640135599918543,0.323499108534499,-0.00394016030439999,0.00115295163404042,-0.000620475082034181,0.00580285612928017,5.23614562608493e-06,-0.00132922182382176,0.32182393715706,-0.0281665874933473,0.00849159107963628,-0.000362988131522412,0.0176314253486512,-0.00498971086105328,0.0352682784649605,-0.00744325074343028,0.0562346933924794,0.0171001257636889,-0.08872669343926,0.000551375332055733,1.76011717679744e-07,-2.638987771019e-05,-5.37318851830713e-09,-1.69512125575894e-07,-3.66951556885569e-06,3.20682512628003e-06,6.60193204494962e-08,-0.00210429336270025,0.0407922640538375,-5.33594004716929e-07,-1.19429542243698e-07,-2.037382106801e-09,-9.45359304145541e-08,9.0404695961623e-06,4.23019126506247e-17,9.09325729954383e-18,-7.59065932179019e-17,-2.23380274370337e-05,-1.62739001409474e-07,-9.50369638246987e-17,3.52612929143061e-17,-3.42583161894859e-17,0.0018555375832787,-4.96402581154513e-17,2.93234005675426e-17,3.33066907387547e-16,-3.46919057579249e-16,-1.0547118733939e-15,-1.01734514975452e-16,3.20153526556671e-17,7.31259173534654e-09,1.00312906627047e-09,-6.76848481356736e-17,-1.13583955390484e-16,-4.76074230709915e-17,-0.00111914230645758,3.21120724382032e-05,-6.84372461134935e-17,1.03245386321344e-17,-1.65949668435333e-16,2.23835037333165e-16,2.75601844558459e-16,-4.78031590411404e-05,7.38482231174687e-07,-5.46421408122022e-16,-8.23903119649929e-16,-1.34533605792807e-16,1.71761497440213e-15,2.46278707177944e-18,-0.0005995152377192,0.460803636581267,0.123808905264539,-9.91649004470176e-17,-8.29765071579094e-16,1.07855352782951e-07,2.53959924569598e-15,-6.98813638744925e-16,1.25942245248248e-14,0.707106781186548,3.49916743775865e-15,-1.3437988170583e-15,5.21177624554385e-16
"Galium_angustifolium",-0.11743532257773,0.0880457919737107,0.017495730701487,-0.0971311736221856,0.000461787647728066,-0.000256751398146526,0.0454088269422081,-0.0640135599918544,0.323499108534499,-0.00394016030440003,0.00115295163404046,-0.000620475082034238,0.0058028561292802,5.23614562588871e-06,-0.00132922182382175,0.321823937157062,-0.0281665874933475,0.00849159107963618,-0.000362988131522413,0.0176314253486511,-0.00498971086105327,0.0352682784649606,-0.00744325074343049,0.0562346933924797,0.017100125763689,-0.08872669343926,0.000551375332055716,1.76011717836817e-07,-2.63898777102224e-05,-5.37318841747686e-09,-1.69512125577343e-07,-3.66951556892267e-06,3.20682512604066e-06,6.6019321076846e-08,-0.00210429336270051,0.0407922640538383,-5.33594004744538e-07,-1.19429542258691e-07,-2.0373822982724e-09,-9.45359302045832e-08,9.04046959622742e-06,-7.32082093201217e-17,9.52914410432576e-17,1.07860289235047e-16,-2.23380274369285e-05,-1.62739001604298e-07,1.64419041188544e-16,1.42350029742241e-16,-7.81175126406881e-17,0.00185553758327844,2.5366225565883e-17,-4.71513951079762e-17,5.96744875736022e-16,9.43712423907957e-16,7.49400541621981e-16,-2.05722296160705e-16,-1.80550786357786e-16,7.31259166493156e-09,1.00312940397669e-09,4.29567144089514e-17,7.1788788098791e-17,-1.9519679831773e-18,-0.00111914230645633,3.21120724385354e-05,7.95070228215426e-17,-8.09468839153402e-17,9.67259141216351e-17,-1.93251132158157e-16,-2.97534600852089e-16,-4.78031590415308e-05,7.3848223155157e-07,-8.93110835277451e-16,7.80114046064254e-16,-2.66828965748561e-16,8.3430393579509e-16,6.34540691715335e-16,-0.000599515237718745,0.460803636581268,0.12380890526454,2.59681915923075e-16,4.65753121965174e-17,1.07855338681052e-07,-2.78370557333167e-15,5.96705327404774e-16,-1.25901698333487e-14,-0.707106781186547,-3.0339871716911e-15,1.27856045147549e-15,-9.05086464251679e-16
"Galium_boreale",-0.116962858308419,0.0873804659889003,0.0172475510237121,-0.0955109669298884,0.000451344484827667,-0.000250538327121089,0.0437453114422314,-0.0598340501883852,0.30038166490906,-0.00364965830779972,0.00104497526801727,-0.000561826394869664,0.00520578793016932,4.64881880774738e-06,-0.00117687139435228,0.264300531919189,-0.0229961105674229,0.00690184283905004,-0.000293848248069908,0.0136700531614281,-0.00380619057241507,0.0268160375909222,-0.0056255692661214,0.0423678772731734,0.0126447062116082,-0.064884949484874,0.000382239972793305,1.19564814300734e-07,-1.77558397216446e-05,-3.60271779326404e-09,-1.13589021665886e-07,-2.2448281200475e-06,1.95741973389179e-06,4.00127041492057e-08,-0.00124572537515519,0.0238495179644914,-2.96705353397106e-07,-6.6060166248133e-08,-9.63840004164111e-10,-4.02001275065791e-08,3.74060192547528e-06,8.73069751806208e-18,9.96183895987436e-18,4.7236396806234e-17,-6.951114212652e-06,-5.02472653385508e-08,1.04703638151137e-16,-4.67585352533799e-18,8.18476297255561e-17,0.000466974429926817,-8.51584922304313e-17,-1.07662586750294e-17,-1.09634523681734e-15,1.3913864110216e-17,1.22124532708767e-15,6.26280672553864e-17,1.61445924094064e-16,4.52881934274882e-11,-1.00105821819057e-12,-1.37594364485779e-17,-2.79564332290585e-17,8.03933798493763e-17,0.000162972969111351,-6.42464963019506e-06,-7.12899522492235e-17,1.04318125228814e-17,1.88462957712959e-17,3.65023833204886e-17,2.72824620593782e-17,1.68972566392859e-05,-3.63719085026467e-07,7.03937096059919e-16,-1.55530159123872e-16,7.90272341253637e-17,-1.25961854583703e-15,-3.96057876807028e-16,0.000805318220846464,-0.677362855032176,0.570479439254698,-7.29376670402027e-17,-1.27921879902812e-15,1.32669131819102e-05,-3.33088853057114e-17,-1.44110580273544e-16,-5.98828630688531e-17,1.92396481941472e-16,7.98288192223006e-16,2.08335886381321e-16,2.07374486463221e-16
"Galium_tinctorium",-0.115397272206948,0.0851485583741563,0.0163952911339014,-0.0898971568905146,0.000414372374448788,-0.00022841368136518,0.0375379455169194,-0.0423226742907105,0.200912240875824,-0.0023871992651747,0.000530796909746453,-0.000281376168789646,0.00223125146856436,1.58110123269413e-06,-0.000370836225162412,-0.192602277852236,0.0196600666829896,-0.00660747154696689,0.000309876229180245,-0.0348466011218215,0.0131672196981226,-0.0986106134776892,0.0231936039013062,-0.18565083762638,-0.0809000941897308,0.53186624110938,-0.0374141822996592,6.83173359489722e-06,-0.000618729811679547,-1.10861876078896e-07,-3.42682544085568e-06,-2.26246551128105e-05,1.95228204069489e-05,3.86736352628878e-07,-0.0110444631661368,0.20377582227405,-2.27844798823857e-06,-5.03115495524997e-07,-6.5620514587155e-09,-2.73862893350705e-07,2.56202365132804e-05,1.56319477215153e-17,1.77493848425385e-16,9.89100853388823e-17,-5.39529369668694e-05,-3.91809310912935e-07,4.25343352080184e-16,-2.90032914209892e-16,-3.2343123337696e-16,0.00416379214445987,-6.92630578664998e-17,-6.57126614587882e-17,-8.04911692853238e-16,-7.49337940703241e-16,-5.41233724504764e-16,7.91054893187287e-17,3.50769883074667e-17,1.28659626361283e-08,1.75361925200432e-09,9.26672491178638e-17,-2.00101332373414e-16,-2.3328779895194e-16,-0.00172278077020345,4.71243607907336e-05,-1.14115583424667e-15,-4.17587972943529e-16,9.69788146381596e-16,-6.37288970340219e-16,-1.8384070567462e-15,-6.10683883438531e-05,8.24046234498659e-07,0.707106781186548,-5.40652300611648e-16,1.38758061466629e-15,1.29942021235007e-15,-4.03372357017515e-16,-0.000107917614658831,0.015885592163874,-0.00256292572744687,-3.21706378559836e-17,9.68557634880187e-19,8.2207330736606e-06,-3.76443220621886e-17,3.46883305934163e-16,-1.34929727942924e-16,-2.1854297061333e-16,-3.83715200854809e-16,-2.34691449993616e-16,1.5291535113662e-16
"Galium_trifidum",-0.115397272206948,0.0851485583741563,0.0163952911339014,-0.0898971568905146,0.000414372374448635,-0.000228413681365114,0.0375379455169194,-0.0423226742907106,0.200912240875824,-0.0023871992651747,0.000530796909746566,-0.000281376168789674,0.00223125146856416,1.58110123287038e-06,-0.000370836225162554,-0.192602277852237,0.0196600666829895,-0.00660747154696702,0.000309876229180338,-0.0348466011218215,0.0131672196981224,-0.0986106134776895,0.0231936039013061,-0.185650837626381,-0.0809000941897311,0.531866241109381,-0.0374141822996598,6.83173359509533e-06,-0.000618729811679165,-1.10861875789396e-07,-3.42682544091892e-06,-2.26246551127067e-05,1.95228204070291e-05,3.86736352507108e-07,-0.011044463166137,0.203775822274051,-2.27844798818957e-06,-5.03115495765772e-07,-6.5620513982525e-09,-2.73862893961114e-07,2.56202365134045e-05,9.73452683380069e-17,-1.20435684988081e-16,5.9173273496244e-17,-5.39529369669323e-05,-3.91809310587846e-07,-3.23604539605813e-16,1.86169484100981e-16,1.36001611098041e-16,0.00416379214445959,1.82358974977974e-16,7.99294178497778e-17,5.55111512312578e-16,6.66091458735924e-16,-5.27355936696949e-16,-2.40803320846492e-16,-2.77992924601976e-16,1.28659643851406e-08,1.75361880311931e-09,-1.7902378897526e-16,1.61061471329945e-16,2.4666655573672e-16,-0.00172278077020193,4.71243607885499e-05,1.07427650506146e-15,4.73437229637069e-16,-9.2760925143246e-16,5.65566567137675e-16,1.82681880900254e-15,-6.1068388342283e-05,8.24046237231097e-07,-0.707106781186547,7.04912675176276e-16,-1.34108780230774e-15,-1.19050206361806e-15,3.90764125392541e-16,-0.00010791761465786,0.0158855921638725,-0.00256292572744617,2.30790669668252e-17,-2.09084231772261e-17,8.22073307498338e-06,1.53161916055411e-17,-3.32692163396555e-16,1.48236628945957e-16,2.39902635401096e-16,9.70499313111006e-17,2.84546958039379e-16,1.44067199251587e-16
"Galium_album",-0.123373924285966,0.0970770410981743,0.0214645869635831,-0.124918633201898,0.000678505243012828,-0.0003933971208403,0.115190884650168,0.083944693654574,-0.255078479431463,0.00261585309337033,-0.000133354185262036,6.35771271181368e-05,2.37104370521166e-05,4.82429895439433e-07,-0.000148618223778704,0.143931850987729,-0.0133027472085885,0.0041829703744937,-0.000185882732311217,0.0185193394532238,-0.0334206002715404,-0.310752163974846,0.00915045519093572,-0.0408038138079673,0.000778171502154488,-0.0159701425769578,0.000432076060066504,3.24532018494809e-08,-7.80901964384634e-06,-1.71609335454383e-09,-5.47546030353675e-08,-2.02764535532243e-06,1.78407104106177e-06,3.75162318724792e-08,-0.00127733592825047,0.0255913306954412,-3.79043775896546e-07,-8.590774761863e-08,-2.10977343296674e-09,-1.27825467452484e-07,1.31605476426086e-05,-7.38796810135123e-17,-4.33168056851904e-18,8.93372199735877e-17,-9.52198050089228e-05,-7.25589545179772e-07,1.17720739782484e-16,-3.71791088911097e-17,1.08982285892751e-16,-0.137962559706395,-3.75803214610856e-16,-4.11835966095936e-17,4.57966997657877e-16,-3.88541471021403e-16,8.60422844084496e-16,1.05573325391173e-16,2.39937525363116e-16,-1.04902591152055e-08,-1.43770111543053e-09,9.42272431297001e-17,1.18142496275963e-16,-1.91315161345493e-16,0.0903603199329543,3.59381617390642e-05,-1.41337944043107e-16,-1.61743791446302e-18,-1.77050714076878e-17,-2.31755571338276e-16,4.14334734368034e-16,-0.0352485264894085,6.35924221327762e-09,1.07225414377694e-15,2.26076180172595e-16,-5.08080022320739e-17,1.34749826746285e-15,1.84055840063027e-15,-0.247200406623784,-0.000341455258761411,1.01789158688339e-07,7.41836484253621e-16,1.35384230196421e-17,0.389412636862078,-4.81572278308941e-15,7.74616861483754e-16,7.97484140664275e-15,-6.90522340928014e-15,0.707106781186555,-4.04091147409752e-16,-1.49389376525054e-16
"Galium_lucidum",-0.123373924285966,0.0970770410981743,0.0214645869635831,-0.124918633201898,0.000678505243012634,-0.000393397120840466,0.115190884650168,0.0839446936545741,-0.255078479431463,0.00261585309337031,-0.000133354185262043,6.35771271181383e-05,2.37104370520999e-05,4.82429895503393e-07,-0.000148618223778751,0.143931850987729,-0.0133027472085886,0.00418297037449356,-0.000185882732311195,0.0185193394532238,-0.0334206002715404,-0.310752163974846,0.00915045519093591,-0.0408038138079677,0.000778171502154643,-0.0159701425769581,0.000432076060066392,3.24532019441869e-08,-7.80901964377097e-06,-1.71609320379337e-09,-5.47546030476847e-08,-2.02764535535237e-06,1.78407104110025e-06,3.75162319656262e-08,-0.00127733592825057,0.0255913306954412,-3.79043775719462e-07,-8.59077475661238e-08,-2.10977334236865e-09,-1.27825467322716e-07,1.31605476426038e-05,-4.80312757107288e-17,1.39399453016657e-16,3.3611960279402e-17,-9.52198050084044e-05,-7.25589545050457e-07,4.48186916888077e-17,3.10816626714477e-16,1.28743292467581e-16,-0.137962559706395,-1.38942569984936e-16,-3.71771527475895e-17,2.70616862252382e-16,-8.3253278473975e-17,9.99200722162641e-16,-2.53644146394141e-16,1.94597540769096e-17,-1.04902587858272e-08,-1.43770075349245e-09,-3.38748858456415e-16,-4.43723674344112e-17,1.54308783708026e-16,0.090360319932954,3.59381617391952e-05,2.21621766348759e-16,-1.25176717894641e-16,2.98578182905374e-16,5.52806980293484e-16,-7.7965498819965e-17,-0.0352485264894087,6.35924190200063e-09,-3.63332861851119e-16,-3.64183745757192e-16,4.40212925269826e-16,2.98427161966512e-16,9.40140942528309e-16,-0.247200406623787,-0.000341455258761203,1.01789161702746e-07,-4.51161106645717e-16,4.16990236500848e-16,0.389412636862103,2.37372930694858e-16,1.15891134941761e-14,-6.7062982459282e-15,-3.78648151323351e-16,-0.70710678118654,3.18019605481613e-16,-2.46648439350177e-16
"Galium_mexicanum",-0.123319295693996,0.0969963010279618,0.0214310717756228,-0.124689262218965,0.000676816058966079,-0.000392349104730738,0.114726239812016,0.083340974571193,-0.25307046686286,0.00259460654704687,-0.000131977967417047,6.29149057415096e-05,2.34415669597943e-05,4.76465290841838e-07,-0.000146740579860707,0.14109329256429,-0.0130332930046007,0.00409655400254784,-0.000181975498713716,0.0180599149843411,-0.0325451464860753,-0.302527126198334,0.0089036431430755,-0.0396924436733625,0.000755771371225619,-0.0154959686187145,0.000417421452249343,3.13021666476224e-08,-7.52643077010058e-06,-1.65354743267344e-09,-5.27565175690383e-08,-1.94047579894369e-06,1.7071025135829e-06,3.58796420672569e-08,-0.00121960665170839,0.0244137742528513,-3.60390967270854e-07,-8.16521660108601e-08,-1.98634126129825e-09,-1.19659766294852e-07,1.23028324431935e-05,-1.2553434380559e-16,1.90598412541076e-17,1.06789312667772e-16,-8.7911079434571e-05,-6.69697171749281e-07,-4.61959517041399e-16,7.5755339335807e-18,1.03660448895424e-16,-0.126441540135292,-1.76840663083352e-16,-1.43651605475188e-16,1.80411241501588e-16,-8.32670295372954e-16,1.31145094783847e-15,-2.39405381067854e-17,9.87324218005197e-17,-9.31905196307702e-09,-1.27598939649401e-09,-1.64329356916739e-16,-2.55882536472152e-17,6.12831791825867e-18,0.0786744309198003,3.10604261139757e-05,-2.98637247566597e-16,-1.54620129860627e-16,6.16997275752634e-17,5.02823910995773e-17,8.80508327549873e-17,-0.0298218550008293,5.27332986126977e-09,-7.70380331797607e-16,-5.88510616937936e-17,1.58458678979579e-16,2.27585691025521e-17,6.71426302312217e-16,-0.177126128990141,-0.000238070477315309,1.55335645657048e-08,-4.63810015429989e-16,1.59998144319813e-17,-0.833169257399855,4.76172667854981e-15,-1.33351508316995e-14,-1.20133480652554e-15,8.31553009816919e-15,-1.40458431776383e-14,7.4762450777196e-16,4.98672055306085e-16
"Galium_mollugo",-0.122712019430806,0.0960984408341288,0.02105812307108,-0.122136241280487,0.000658003365504409,-0.000380675340491021,0.109544136714377,0.0765883347718848,-0.230596697886692,0.00235675967015083,-0.000116540596379031,5.54859506788959e-05,2.04227517575238e-05,4.09432711379493e-07,-0.000125633612870348,0.108973886925457,-0.00998279263827365,0.00311786243681583,-0.000137709973158682,0.0128365252376228,-0.0225787441223796,-0.208866977934763,0.00609180819019631,-0.027027873978038,0.000500138039428388,-0.0100799921217652,0.000249364635978883,1.8082729851885e-08,-4.2787141605132e-06,-9.34549163415876e-10,-2.97863890173123e-08,-9.32090264763075e-07,8.16593107174017e-07,1.69358371852415e-08,-0.000550363430933893,0.0107517718986073,-1.43307522438301e-07,-3.21094705937069e-08,-5.36655104731845e-10,-2.32421375821241e-08,2.16218397454881e-06,9.82672057148227e-17,6.74443080421676e-17,-2.15297246306634e-17,-4.8652655305491e-07,-9.44854302819929e-10,-1.45201867610647e-16,-3.08177449390008e-16,-4.39595712272329e-16,0.0123234253228656,-3.07721768946266e-17,1.9693439372457e-16,-2.32452945780892e-16,2.77551792834779e-16,-8.11850586757146e-16,-1.78366047809589e-16,4.03390763653399e-16,5.21085758984089e-09,7.31988478179777e-10,3.46283859136166e-16,-2.51967941708126e-16,-6.29075738469208e-18,-0.0691209523809004,-3.10705354120565e-05,5.11443290474534e-17,4.7813258032245e-17,-9.22065264592139e-17,-4.52055552709214e-17,-2.39261327274688e-16,0.0407463960242812,-9.12811604367934e-09,7.12198421549677e-16,2.44519529796027e-16,-9.51820304731988e-16,-2.36522440244948e-15,-4.70979899839481e-15,0.900992680996157,0.0013991347884833,-8.61911431540123e-05,2.74712299747066e-16,-7.24980414057384e-16,0.0503844027800921,-1.77050865897921e-16,9.21339453442561e-16,-5.6021818284078e-17,-9.68023881092241e-17,-5.11943908734213e-16,-9.37362869832487e-16,-2.4852335670958e-16
"Galium_aparine",-0.121110750372564,0.0937293610542811,0.0200728145580528,-0.11538806752372,0.000608220351504576,-0.000349774191977661,0.0957934453876532,0.0585677053114955,-0.170546483231417,0.00172093666378614,-7.510352576795e-05,3.55415123630548e-05,1.230402563299e-05,2.2880528449047e-07,-6.87288929101665e-05,0.0211584523854728,-0.00163353394234261,0.000436953928080866,-1.63643585659665e-05,-0.00159651257179685,0.00504200727615814,0.0508546698575087,-0.00171400398845078,0.00814990159286613,-0.000212338585104527,0.00504524955390871,-0.000224494711054637,-1.93263892053029e-08,4.92747496531843e-06,1.10482218669231e-09,3.53731718520202e-08,1.97427617484428e-06,-1.7510142402275e-06,-3.77515762807836e-08,0.00138941436755478,-0.0289311649275011,4.92587945542546e-07,1.13141863611105e-07,3.82255753009527e-09,2.71468572349146e-07,-2.89603131029038e-05,1.50918957488105e-16,-1.88866557716266e-16,-1.56352484394575e-16,0.000278579618434338,2.13588896738947e-06,-4.66763541469468e-17,-5.37594763643847e-16,-1.88891491837476e-16,0.466701071325328,6.64084827178177e-16,1.37993564039072e-16,-1.21690851839773e-15,2.7755375326908e-16,-2.07125983031631e-15,-1.05248657685333e-16,-9.02652436111232e-16,5.9598294334131e-08,8.28446295497873e-09,2.5345147573901e-16,3.75415385976784e-16,4.56777008964893e-16,-0.69140106975638,-0.000306701394796344,4.04385180536228e-16,6.42049066524379e-16,-8.39015537319765e-16,-1.13288720797008e-15,-8.15328854239277e-16,0.420012412609901,-1.10779539187864e-07,-5.19597691137985e-16,-4.02211370252649e-16,1.20368780807163e-16,6.87460029006279e-16,1.0314370438953e-15,-0.183745043394472,0.000630298676052687,-0.000194595580856521,-8.79479749636904e-17,1.90065199096747e-16,0.00229455126665403,-9.19386896215786e-17,-6.92731935251211e-17,-1.42405615614826e-17,-1.03895938082672e-15,3.95284751418586e-16,3.23906904248342e-16,5.55082076771849e-16
"Galium_saxatile",-0.1212523330657,0.0939290741021426,0.0201480061759275,-0.115882131313514,0.000611487890575254,-0.000351738281015047,0.0964322247393316,0.0585783215124707,-0.169904652361268,0.00171141351997517,-7.27659483952259e-05,3.43769221957391e-05,1.16687197709089e-05,2.10352133043048e-07,-6.2535430812749e-05,-0.0111748492156365,0.00168805274293665,-0.000693555379114336,3.75354287843214e-05,-0.0128013153716364,0.0318147220324698,0.314384920784808,-0.0103515793193963,0.0489365967361221,-0.00132341485165105,0.0337988950380012,-0.00537325836883247,1.06271910489452e-06,-9.88384323956878e-05,-1.78575037266244e-08,-5.52755484634559e-07,-3.93108970147365e-06,3.39047845554745e-06,6.70210449847165e-08,-0.00188936098769575,0.0344964230022095,-3.60323677442797e-07,-7.87945155934682e-08,-5.04285675857006e-10,7.9189407259634e-09,-1.69748606539313e-06,2.01330028473642e-16,3.5214761816855e-17,-4.09426667834393e-17,6.52419491313972e-05,5.06283370079897e-07,1.0780957679682e-16,9.15285798208402e-17,1.36962592874167e-16,0.136884923072457,7.41830492329763e-16,-5.69721095843948e-17,-5.60315682740509e-16,1.27675717062825e-15,-4.30211422042248e-16,-2.04166204982785e-17,5.8367343043747e-16,2.36983760790662e-08,3.30056405079744e-09,9.58944534437901e-16,-2.76051271929374e-16,-4.96172276062704e-16,-0.263195741035544,-0.000105632366010862,7.7370579864543e-16,2.33024745421593e-16,8.99963120127699e-17,4.02167924104255e-16,2.34935595360206e-17,-0.846409410698067,-9.14299831835221e-08,-1.36694489400126e-15,1.40183322439151e-16,-6.89309498081235e-16,-5.45117377713065e-16,1.11814023322373e-16,-0.0223190424855866,0.000559990968619417,-0.000138850534504603,5.08123294716624e-17,-2.06147538233952e-16,0.000586391728833237,1.55957462283795e-16,2.67362232274665e-16,-2.38268415988708e-17,7.18315121387091e-17,3.52748076307508e-16,-3.34422567549995e-16,6.20690144072228e-16
"Galium_parisiense",-0.121898606623139,0.09487536171486,0.0205336204814309,-0.118502034202838,0.000630435544467575,-0.000363434891389454,0.101400996207219,0.0642659062235062,-0.188185694054782,0.00190227484495031,-8.35093531143163e-05,3.95090686594929e-05,1.35993310278314e-05,2.49069528614491e-07,-7.43608617813918e-05,-0.0150172413214206,0.00229169051408473,-0.000948935229877546,5.17197223841599e-05,-0.0190810618793986,0.0489202606243373,0.486466828695469,-0.0162071197913553,0.0770978068320679,-0.00216503143304854,0.0565773565158623,-0.010116800753139,2.0996272608147e-06,-0.000199904279610706,-3.64295235969838e-08,-1.12932869890193e-06,-1.03534166856867e-05,8.99215515498532e-06,1.81810860966059e-07,-0.00554264146886918,0.10573677059315,-1.34447593685017e-06,-3.00800396565761e-07,-5.75640151589856e-09,-3.17342925416491e-07,3.20488664662959e-05,-1.63048729435456e-16,6.51308504188207e-17,8.9010853412804e-17,-0.000202111933230908,-1.53596667668707e-06,1.32939608718522e-16,4.72097238136304e-16,1.63299827079046e-16,-0.275220235772183,-4.96089921352754e-16,7.26723666808848e-18,4.18068357710411e-16,-1.02695579463508e-15,1.40165656858926e-15,1.29028876623965e-16,6.65057637304537e-17,-1.68346374297928e-08,-2.29159543192877e-09,-2.03870527739201e-16,3.90293133539042e-16,5.1821562130762e-17,0.11985407513286,4.15672343848683e-05,-6.08342897009428e-16,-5.08270022431416e-17,5.71998468177488e-17,-2.66542512830785e-17,-1.08819324672735e-17,0.224180656264976,1.68880960735841e-08,4.04555049095947e-16,-2.89468316635362e-16,2.23187810793367e-16,7.4965444319919e-16,-6.21142054778949e-17,-0.000835664774981896,3.05573767452327e-05,-2.64493558358586e-05,5.72662858387583e-16,6.00430445596703e-16,0.000137872906109982,-6.6487093866463e-18,-5.77993316320763e-18,2.18330862629325e-16,1.21641444639355e-15,-1.28015659307922e-16,9.86384659274172e-15,-0.707106781186548
"Galium_murale",-0.121898606623139,0.0948753617148599,0.0205336204814309,-0.118502034202838,0.000630435544467573,-0.00036343489138947,0.101400996207219,0.0642659062235062,-0.188185694054782,0.00190227484495037,-8.35093531141862e-05,3.95090686594046e-05,1.35993310279442e-05,2.49069528425461e-07,-7.43608617816971e-05,-0.0150172413214206,0.00229169051408473,-0.000948935229877539,5.17197223842331e-05,-0.0190810618793985,0.0489202606243372,0.486466828695469,-0.0162071197913554,0.077097806832068,-0.00216503143304869,0.0565773565158623,-0.0101168007531387,2.09962726096244e-06,-0.000199904279610692,-3.6429522986612e-08,-1.12932869905177e-06,-1.03534166855881e-05,8.99215515478027e-06,1.81810861756741e-07,-0.00554264146886923,0.10573677059315,-1.3444759368653e-06,-3.00800397056568e-07,-5.75640073964101e-09,-3.17342925541629e-07,3.20488664661898e-05,-2.96232283982533e-16,4.20769536227086e-16,3.52337496106468e-16,-0.000202111933230817,-1.53596667671634e-06,4.27253257065185e-17,1.64173986432233e-16,-1.01161601887698e-16,-0.275220235772184,-6.48944374450903e-16,-1.34223634063488e-16,6.48786580015326e-16,-1.13797889998962e-15,1.20736753927986e-15,-5.24910487396787e-17,3.04513885603933e-16,-1.68346375815361e-08,-2.29159507944935e-09,-5.3790991817637e-16,-1.23102981601781e-16,1.12977494199154e-16,0.119854075132861,4.15672343853082e-05,2.98435591324465e-18,-1.85888062946713e-17,-4.0948313584192e-18,-7.02564195428429e-17,1.44356304918125e-16,0.224180656264976,1.68880962348206e-08,4.48799529862299e-16,3.12128208566235e-16,-1.23466807363289e-17,-3.81926521841289e-16,9.39883708544946e-17,-0.000835664774981355,3.05573767458989e-05,-2.64493558361223e-05,-4.8006458401353e-16,-4.15693571844637e-16,0.000137872906110724,1.25644624300337e-17,-1.07058867879779e-16,-2.31104121454134e-16,-8.22257513497351e-16,-4.12091280231665e-16,-9.57057333882649e-15,0.707106781186547
"Galium_triflorum",-0.11868919209457,0.0901653408818894,0.0186053737253534,-0.105376809386603,0.000535058972590992,-0.000304478437568456,0.076056813339938,0.0340887420542834,-0.0900549327255023,0.0008729710230444,-2.24532423648283e-05,1.02581741255048e-05,2.24652645843676e-06,1.1158108318603e-08,-6.90066789210686e-07,-0.0554823995823056,0.00537187059146194,-0.00174055476611176,7.91568654838759e-05,-0.00789804695520391,0.0117650050844098,0.102457651081479,-0.0025629834998774,0.0101677270842592,1.93869749373554e-05,-0.00472790197037562,0.00393839618189561,-1.03065798912916e-06,0.000107306236438496,2.01506101503415e-08,6.27880647136436e-07,9.77796811066069e-06,-8.57033350417016e-06,-1.78272699192383e-07,0.00592594148658989,-0.11787002207321,1.73318785619443e-06,3.93028467452108e-07,1.01460624873648e-08,6.37576990084322e-07,-6.61682658395582e-05,5.27681898893417e-16,-3.87608880953872e-16,-4.58251682304687e-16,0.000500047717602267,3.81133839597092e-06,-2.29937796675791e-17,-7.47978724068509e-16,1.19261790933827e-17,0.718136786878338,1.14677521003744e-15,1.30142572831338e-16,-9.19403442267708e-16,3.40005824133843e-15,-5.94663207564849e-15,-2.69870970529133e-17,-1.19924745007456e-15,1.8959745745567e-08,2.25598206321799e-09,-4.05466087956475e-16,-1.61756587861122e-16,-8.92425122369415e-17,0.628128979048317,0.000472655655819525,-4.08897755219514e-16,-7.0772169466246e-16,5.22859930030044e-16,5.77277431928362e-16,6.41944849452189e-16,0.040383284417797,2.9029428085036e-06,5.84856050734232e-16,2.4276261092993e-16,5.32325785781336e-16,-6.75958421792879e-17,9.05839729864891e-17,-0.0189168930873105,0.00474049755230732,-0.000760387342148644,-6.76112760265465e-17,1.58365084639111e-16,0.000586179776267794,-5.92281592065307e-17,-2.41493133831234e-17,7.59333100637141e-17,2.33849690195659e-16,4.86042703866665e-17,3.71026127923393e-17,-1.15367867893407e-16
"Sherardia_arvensis",-0.108545596958805,0.0753642543347679,0.0126203606862485,-0.0648525070721815,0.000244748354519963,-0.000125788675985189,0.00245766082717005,-0.0332927574129774,0.0973232616615663,-0.000932069440011715,-0.000220456026623184,0.000128423943938638,-0.00204148333693893,-2.61928463479765e-06,0.000714507417232113,-0.373214409158334,0.0327095002469202,-0.00980937088352794,0.000415166468735328,-0.00759243047876852,-0.00891288695796676,-0.0870146482916588,-0.000349703001060228,0.0228580340275377,0.0426319758551037,-0.389067128746322,0.0647995776895108,-1.480315428982e-05,0.0014802399171293,2.74757624975135e-07,8.54526689051594e-06,0.000235317290235839,-0.000225959948579975,-7.49866952833058e-06,-0.0686551665399393,0.381603938036915,5.02580453125939e-06,1.21233727294407e-06,4.33631014820423e-08,2.60940816821093e-06,-0.000265711018473886,-4.02318453106093e-16,-2.12855849576933e-16,8.3745112943796e-17,0.00128633372861285,9.56897647710182e-06,1.01063041620777e-15,-3.88500906640603e-15,3.19168451224199e-17,0.00626159598041801,1.84258465584821e-15,3.6802239060394e-16,8.3544282603043e-15,7.96585011989647e-15,-3.15893144975377e-15,1.64459861742216e-14,-0.707106781186547,4.78772929336091e-07,6.28871575907994e-08,-1.21253428092525e-15,8.87463416613306e-16,-3.70323802599346e-16,-0.00244813846865777,0.000967531552865183,-7.29718084606879e-17,-4.58053766160913e-16,1.15542588531951e-16,-1.90062313459363e-16,-1.97526359339553e-16,-8.53290606143385e-05,1.182245349435e-05,-2.53231946364677e-16,-8.09693654229134e-17,-2.30556969159547e-16,-3.70756963255026e-16,3.34587109588585e-16,-0.000125189463672683,0.00284152707585188,-0.000540893464872738,7.7609248650758e-17,-9.85264356244076e-17,1.12228450008045e-05,1.48391286358661e-16,-1.04494951522474e-17,1.299058695983e-16,-5.01548994773743e-17,1.87887724248342e-16,-1.51523018980781e-16,-7.78648187792472e-18
"Crucianella_gilanica",-0.108545596958805,0.0753642543347679,0.0126203606862485,-0.0648525070721815,0.000244748354519989,-0.000125788675985141,0.00245766082717004,-0.0332927574129774,0.0973232616615663,-0.000932069440011715,-0.000220456026623267,0.000128423943938458,-0.00204148333693883,-2.61928463475688e-06,0.000714507417232613,-0.373214409158334,0.0327095002469202,-0.00980937088352798,0.000415166468735342,-0.00759243047876887,-0.00891288695796641,-0.087014648291659,-0.000349703001060579,0.0228580340275374,0.0426319758551036,-0.389067128746322,0.0647995776895108,-1.48031542893483e-05,0.00148023991712951,2.74757625199986e-07,8.5452668905442e-06,0.000235317290235929,-0.000225959948580319,-7.49866952855269e-06,-0.0686551665399393,0.381603938036915,5.02580453040629e-06,1.2123372728387e-06,4.33631016058767e-08,2.60940816793614e-06,-0.000265711018473244,4.24556155555921e-16,3.20184625001785e-16,-3.01023335395294e-17,0.00128633372861414,9.56897647857954e-06,-1.19743670364822e-15,3.71721462825832e-15,-1.53362084271383e-17,0.00626159598041996,-1.69030502458784e-15,-3.72978069736264e-16,-8.35269353682833e-15,-6.80011607412484e-15,3.55618312575245e-15,-1.61638277130842e-14,0.707106781186547,4.78772929312913e-07,6.28871595996633e-08,1.22981759468149e-15,-8.5943951653043e-16,3.77258275949815e-16,-0.00244813846865755,0.00096753155286197,1.14676337842753e-16,5.23230900612616e-16,-9.92500020595753e-17,1.50059061068485e-16,7.26558539571776e-17,-8.53290606133081e-05,1.18224534957681e-05,-3.82579732244204e-16,1.93796416830849e-17,1.96861355561069e-16,4.41356640117456e-16,-3.17633088606752e-16,-0.00012518946367318,0.00284152707585221,-0.000540893464872683,-7.8971637945681e-17,6.46997200098307e-17,1.12228450006302e-05,-9.61960946344164e-17,6.41169523302995e-19,-1.14729278461432e-16,-5.95585118835293e-17,1.01296185041747e-16,1.27104723602361e-16,-1.7217003277981e-16
"Coprosma_propinqua",-0.0897448052348603,0.0457764913546464,-0.00135799171983747,0.0360795127919867,-0.000611842784829953,0.000428535499936266,-0.379350143149441,0.215327468079664,-0.00213279954115884,-0.00197777335192241,0.00175232087121058,-0.000942557163657744,0.00848661387586483,7.02105369863133e-06,-0.00173241273331154,0.0382256843604489,-0.000738974814981141,-0.000368126057464196,3.81886723482099e-05,-0.0126027803840099,0.00736087748308765,0.0105726948889639,0.00428437956455062,-0.0352012245726094,-0.00812107888372434,0.00750381177959369,0.0245040260537831,-7.23559690403918e-06,0.000800981637668738,1.53969774388589e-07,4.81754609874715e-06,0.000321795340573475,-0.000316969657196302,-1.14235288241975e-05,-0.126042177989562,-0.0107777348095995,-1.9668000642868e-05,-3.95354998740038e-06,-1.66471818194487e-08,-4.40046477603398e-07,3.64032687392509e-05,1.58042429758348e-16,-2.09290261811187e-17,-1.5828733112449e-16,7.18270164814291e-06,6.76154207689226e-08,7.00197677863984e-16,5.96171566035549e-16,-5.03631166649952e-16,4.70945644315268e-06,-2.49363526698696e-16,-4.78752425381029e-16,1.1067535776732e-15,-8.88178461133217e-16,2.42861286636753e-16,-5.75441009225826e-16,-7.86036624482089e-16,-1.24567816593105e-07,-1.79572326261047e-08,9.73268216815399e-16,4.58460298939598e-16,2.62156710066244e-15,0.000221056633846695,-0.517015162178692,-3.88538132432225e-15,-5.90234765442442e-16,-1.24547102382285e-15,1.01966520194106e-15,5.81561814335872e-16,-5.63584001388867e-06,1.35849647667411e-05,1.9991692418136e-15,1.55420870551026e-15,-0.707106781186546,6.67624032310006e-15,1.75949816118462e-15,-4.6424137567537e-06,0.000105054797253618,-2.05200199490108e-05,-8.71254470247075e-17,-2.47497930203909e-17,4.36487417609238e-07,-1.12829817759205e-16,-2.0000344443816e-16,-8.62896383910524e-16,-7.54388840446466e-17,-5.94436504567784e-16,-2.53937269350554e-16,1.01882735530145e-16
"Coprosma_robusta",-0.0899951550267284,0.046017349906204,-0.00137151155800768,0.036503172723951,-0.00062165332699614,0.000435902320107208,-0.389374322731636,0.225840664647088,-0.00224767996422098,-0.00208800724936834,0.00187966922023164,-0.00101177319010459,0.00917265457213923,7.64761544322107e-06,-0.0018909181043328,0.0442047977025293,-0.000858549626598676,-0.000429213456465675,4.46682281185855e-05,-0.0152642697807628,0.00903578526744435,0.0130133142920947,0.00529980989916785,-0.0436591792675314,-0.0102321548799821,0.00954405836823954,0.0326483465951437,-9.81685519328929e-06,0.00109614717675374,2.11370967001045e-07,6.61719417379741e-06,0.000481394085292289,-0.000475197616092779,-1.72445827400596e-05,-0.194717738813024,-0.016858143286528,-3.23782065250039e-05,-6.54424222289552e-06,-3.27696385018045e-08,-9.87969274065745e-07,8.47063035984915e-05,-1.35738038367309e-16,-2.86551002866595e-16,4.06205062807798e-16,2.58696566020645e-05,2.46975670404007e-07,-4.11034680502318e-16,-1.78799847984696e-16,-9.1924611722932e-17,2.64744910331016e-05,-4.68876105658793e-16,2.89819436773033e-16,-4.11129463806503e-16,1.17961198023835e-15,-2.02962646689286e-16,3.52576161974161e-16,1.48039992481122e-15,3.45601366103667e-07,4.722072422769e-08,-1.34049015851854e-15,3.78399864253117e-16,-1.56532231621837e-15,-0.000259288503272039,0.480399160350879,2.62467488416221e-15,2.19685103979566e-16,6.54000347939333e-16,-1.71312515199375e-15,-6.29243092264043e-16,2.93602391691385e-06,-4.30326657227745e-06,6.03239114101777e-16,-3.83236267084129e-16,-7.02318074706221e-15,-0.707106781186547,9.41740393395268e-16,-5.36895959930145e-07,1.50062307084364e-05,-6.88698895101592e-06,-1.75356891164637e-16,3.80250072332891e-16,1.70753368507193e-07,8.19310435260749e-17,-2.3913766557195e-16,-4.51436661785657e-16,7.36247655714569e-16,3.2522558834917e-16,1.53324705578895e-17,-7.76313503190514e-16
"Coprosma_quadrifida",-0.0899951550267284,0.046017349906204,-0.00137151155800771,0.036503172723951,-0.000621653326996153,0.000435902320107183,-0.389374322731636,0.225840664647088,-0.0022476799642209,-0.00208800724936833,0.00187966922023158,-0.00101177319010465,0.00917265457213912,7.6476154434969e-06,-0.00189091810433276,0.0442047977025292,-0.00085854962659887,-0.000429213456465849,4.46682281186653e-05,-0.0152642697807632,0.00903578526744448,0.0130133142920947,0.00529980989916773,-0.0436591792675312,-0.010232154879982,0.00954405836823963,0.0326483465951434,-9.81685519331455e-06,0.00109614717675395,2.11370966932299e-07,6.61719417369129e-06,0.000481394085292256,-0.000475197616093183,-1.72445827399292e-05,-0.194717738813025,-0.016858143286528,-3.23782065248958e-05,-6.54424222302354e-06,-3.27696383858085e-08,-9.87969274192879e-07,8.47063035982138e-05,1.33203489487082e-16,3.64096834796338e-16,-1.64989149330308e-16,2.58696566024321e-05,2.46975670659445e-07,-1.12683710662864e-16,-9.1817968044872e-17,7.97299044255475e-16,2.6474491033174e-05,6.29146655726944e-16,-1.54228078455536e-16,-8.12934788929631e-16,8.18789492156528e-16,-3.40873163029443e-16,-5.82225100335633e-16,4.79908657442745e-16,3.45601366245659e-07,4.72207237947197e-08,-9.43599512756916e-16,4.35903331689237e-16,-1.70137520929387e-16,-0.000259288503271754,0.48039916035088,3.81482844920718e-15,-3.70052762389491e-16,1.19225570319827e-15,1.66263938873768e-16,-6.90055076821402e-16,2.93602391597688e-06,-4.3032665719016e-06,-2.32754958137206e-15,4.83736368811413e-16,6.03866899303323e-15,0.707106781186548,-1.21356105045657e-15,-5.36895956370492e-07,1.50062307050225e-05,-6.88698895146e-06,1.12275928358467e-16,-2.37847303390351e-16,1.70753367657178e-07,-1.20118626862343e-16,3.3167941969401e-16,5.58883563515192e-16,-5.46722002282476e-16,-8.21381317533936e-16,-4.66289556601099e-18,3.85638056870278e-16
"Coprosma_foetidissima",-0.0897448052348603,0.0457764913546464,-0.00135799171983745,0.0360795127919867,-0.000611842784829934,0.000428535499936272,-0.379350143149441,0.215327468079664,-0.00213279954115888,-0.00197777335192245,0.00175232087121058,-0.000942557163657876,0.00848661387586481,7.02105369863567e-06,-0.00173241273331142,0.0382256843604489,-0.000738974814981253,-0.000368126057464196,3.81886723483695e-05,-0.01260278038401,0.00736087748308759,0.0105726948889641,0.00428437956455073,-0.0352012245726095,-0.00812107888372428,0.00750381177959387,0.024504026053783,-7.23559690419899e-06,0.000800981637668794,1.53969774360667e-07,4.8175460986144e-06,0.000321795340572801,-0.000316969657196259,-1.14235288240844e-05,-0.126042177989562,-0.0107777348095996,-1.96680006417615e-05,-3.95354998697379e-06,-1.66471816579785e-08,-4.40046477580637e-07,3.64032687393493e-05,1.1250948611724e-16,-3.35898825457104e-17,1.02792952999998e-17,7.18270164779596e-06,6.76154210402306e-08,-1.2521250989988e-16,-3.63843453494723e-16,-4.06314655802935e-17,4.70945644309717e-06,6.27796299107337e-17,3.75267018112245e-16,4.87457296749483e-16,-1.19348974150749e-15,4.23272528138341e-16,5.65996883560735e-16,-1.55485959577211e-15,-1.24567816041934e-07,-1.7957232820232e-08,1.3881690679631e-15,-1.33025092493805e-15,-8.51467714371289e-16,0.000221056633846084,-0.517015162178691,-3.07313367048458e-15,7.90252515582687e-16,-7.38617567606208e-16,5.91595034818269e-16,8.58307417821272e-16,-5.6358400147595e-06,1.35849647691436e-05,-6.05316144073799e-16,-1.65819549913255e-15,0.707106781186547,-6.39406067457862e-15,-1.47928837241892e-15,-4.64241375506061e-06,0.000105054797254228,-2.05200199487887e-05,1.53095735336553e-16,-7.68701396641393e-17,4.36487417824344e-07,1.3878043004151e-16,1.00341488220715e-16,7.56339537562767e-16,-1.23214295345578e-16,6.85257843284817e-17,2.91664116888736e-16,2.2259855747248e-16
"Opercularia_varia",-0.087470274156937,0.0435828442328809,-0.00123428652743155,0.0321962291597245,-0.000521537688042086,0.000360647324230839,-0.286129681643355,0.115384548358088,-0.00103528923428876,-0.000922719633518985,0.000513095156016274,-0.000268515994383822,0.00175730566016263,8.24570165460815e-07,-0.000161399567792313,-0.0248938987048984,0.000529948724830721,0.000282726879054312,-3.10970419698216e-05,0.0170203022339969,-0.0115774937593441,-0.017111503419972,-0.00730233124555408,0.0616134168308432,0.0165052618178007,-0.0165711424561527,-0.0773450182377592,2.58084692994908e-05,-0.00302047577780797,-5.92269157716408e-07,-1.85955261957551e-05,-0.0020138393509434,0.00200581865302188,7.48893697341886e-05,0.927589677202367,0.0842694651357236,0.000195548297647757,4.03038728701627e-05,3.61352212733912e-07,1.70089361606233e-05,-0.00166039746278951,-3.4042128310543e-16,1.69580954293997e-16,2.60650159283671e-18,0.00630771746999873,4.67397624734758e-05,2.02013617799078e-17,-1.45721469668188e-16,-5.15194683311289e-17,0.000812638786456751,3.20366896260502e-17,-6.06565062415615e-17,6.33174068731535e-17,3.46944691977322e-16,-2.68882138776405e-16,-4.05015653393493e-17,1.96995515113308e-16,1.84953049647995e-06,2.42386604979335e-07,-4.16271095461863e-17,5.5192220814657e-17,2.41960687896612e-17,-0.000367038704038924,0.0617297078853709,4.27745581247197e-16,-4.24767571651452e-17,1.18382531393191e-16,-5.9711972430275e-17,-1.04896745126829e-16,-1.143011055409e-05,3.87501529473806e-05,-1.26708736148008e-16,-2.72907706900706e-17,-7.41588673481417e-17,5.74007427804555e-17,-4.11082708201441e-18,-1.79898983430167e-05,0.000409712738255935,-8.03230936023136e-05,2.26137979818511e-17,-8.29574709216023e-18,1.6852960828314e-06,4.18175379891486e-17,3.90999468280016e-18,-7.44342948806909e-18,-2.15757219496165e-16,-3.45945535963179e-19,5.01015241205397e-18,5.63130900179534e-17
"Richardia_stellaris",-0.0764198797084535,0.028266994940745,-0.00646898074385101,0.0640875071926457,-0.000662310653325455,0.000427408193310008,-0.174254895669288,-0.446880463847057,-0.151687305203228,0.0124850163445887,0.0257436733906483,-0.0126048824889699,0.0651804490105165,3.95194057172857e-05,-0.00919179473249517,0.0517370131987007,0.00333129019092648,-0.00272152198873052,0.000179752465802485,-0.0352369368791858,0.0188460991550264,0.0204210786073621,0.0112962824781822,-0.0909019508055927,-0.0181002863604226,-0.00693945779004868,0.08114294700384,-3.20427589435713e-05,0.00484875683653806,1.11773675534405e-06,3.63266402849106e-05,-3.07629318484679e-05,2.60816014718405e-05,5.53240312911073e-07,0.000171041790724746,-1.04311638438777e-05,1.47175269731999e-06,3.34667400493812e-07,-7.26477481900318e-09,-2.28970351090141e-06,0.000308389947852964,3.57826066717902e-16,1.20114783579398e-15,1.99304794457836e-15,-0.836437047881558,0.00153375734488999,-1.13617280419171e-14,-3.15697533395835e-15,5.15236411174008e-15,0.000401187739917347,-4.53882080706309e-16,9.35039651604011e-17,-2.79897632848858e-15,-3.19189120894248e-16,3.75047215506186e-15,1.25421055195635e-15,7.92106608890586e-16,1.49355078208986e-06,1.94835683761578e-07,8.11011786026619e-16,1.44248698462239e-16,-9.17058431338192e-17,-8.97489488318887e-05,0.000910486122240946,3.26511087864525e-16,-1.20163909720068e-17,-7.82996142991824e-17,1.08704779696991e-16,1.21451029466384e-16,-3.16569926918364e-06,3.06212417489651e-05,2.29419338327199e-16,1.51456540918488e-16,-2.39819224253442e-16,1.58604172552571e-16,-1.5611953964406e-16,-5.0877467417474e-06,0.000116392346800491,-2.39039454562467e-05,2.89495190769716e-17,6.11028325865235e-17,5.11562632969642e-07,-7.63609225021218e-17,-2.87977026581341e-17,-4.96540074514026e-17,-1.18265476727584e-18,3.16252231256316e-16,3.21838343089679e-16,4.32217128602436e-17
"Spermacoce_leptoloba",-0.0766571368286419,0.0284329946141718,-0.00654125261962852,0.0649337352123242,-0.000674312209241089,0.000435722842888509,-0.179522380358371,-0.472516937179766,-0.161346365554983,0.0133095518034168,0.0280073155754868,-0.0137258865139809,0.0716211570144226,4.3876469067991e-05,-0.0102337825168337,0.0626698136401482,0.0040650360367091,-0.00333984179532454,0.000221730656650786,-0.0461199191921109,0.0252761687095989,0.027525782874412,0.0153703625976028,-0.12430938667591,-0.0255273946482869,-0.00997678433494924,0.129397966547036,-5.34585580360025e-05,0.00827402746944417,1.92340115099641e-06,6.26031787051179e-05,-6.98536642183365e-05,5.97258744391804e-05,1.30243860323593e-06,0.000445210285845876,-2.88199990494606e-05,5.51128333004707e-06,1.30447859376538e-06,6.5556185884695e-08,5.17916053241788e-06,-0.000569808674476056,3.75052026325236e-15,-1.36680989222706e-15,4.21494019677724e-16,0.386386271901618,-0.000686886703086015,4.39958757194884e-15,5.00538909236687e-16,-3.86785977598262e-15,-7.90190268999021e-05,3.98769895523963e-16,5.67410349814436e-16,2.47432282995952e-14,-9.02056207527405e-15,-2.94989727089856e-14,0.707106781186547,1.59084283714184e-14,3.16881853643577e-07,4.24810818115195e-08,-2.20679140599269e-15,-1.8979749356336e-15,2.27330870434393e-15,-2.7652291846491e-05,0.000302574503836597,5.64975539492586e-17,-1.71598625031417e-15,-1.66308809581535e-16,7.31916562128654e-16,8.21357610622006e-16,-1.21533733361823e-06,1.27666548304908e-05,-6.61867805124774e-17,4.08201345424819e-16,-2.47935509638079e-16,4.951484453541e-16,1.68535729440391e-16,-2.60562279119636e-06,6.04906499063976e-05,-1.38906930795928e-05,-1.04033979645351e-16,6.65894836257896e-17,3.07840843594143e-07,-3.81691956279567e-17,-4.02709477921973e-16,-4.50661179438507e-16,-5.45057722411587e-17,4.68720084819417e-16,-1.58706952342229e-16,-1.45350270358241e-17
"Spermacoce_breviflora",-0.076657136828642,0.0284329946141717,-0.00654125261962851,0.0649337352123242,-0.000674312209241084,0.000435722842888514,-0.179522380358371,-0.472516937179766,-0.161346365554983,0.0133095518034168,0.0280073155754868,-0.0137258865139809,0.0716211570144226,4.38764690681159e-05,-0.0102337825168337,0.0626698136401482,0.00406503603670905,-0.00333984179532465,0.000221730656650924,-0.0461199191921108,0.0252761687095989,0.0275257828744118,0.0153703625976025,-0.12430938667591,-0.0255273946482869,-0.00997678433494924,0.129397966547036,-5.34585580358126e-05,0.00827402746944437,1.92340115110535e-06,6.26031787048806e-05,-6.98536642181366e-05,5.97258744390225e-05,1.30243860339084e-06,0.00044521028584632,-2.88199990493808e-05,5.51128333035867e-06,1.30447859341979e-06,6.55561861491421e-08,5.17916053247058e-06,-0.000569808674475474,-4.03486599791e-15,3.65803325664994e-16,-2.15777217799365e-15,0.386386271901616,-0.000686886703083093,6.06392491766835e-15,2.40429405884806e-15,-8.87448462705572e-16,-7.90190269000686e-05,1.39435316517325e-17,-6.55616502367209e-16,-2.20489859009687e-14,9.32587340692485e-15,2.63302834396795e-14,-0.707106781186548,-1.66151991547037e-14,3.16881853108577e-07,4.24810813108479e-08,1.33933693180612e-15,1.77972231101392e-15,-2.20596048296735e-15,-2.76522918463101e-05,0.000302574503836486,-4.16081722578136e-16,1.75875039490658e-15,2.16306861742731e-16,-8.33551196327745e-16,-9.19452663335579e-16,-1.21533733379864e-06,1.27666548304251e-05,-6.37501666929439e-18,-5.21438606932515e-16,4.64645398779573e-16,-4.44682841650214e-16,-2.16900614390627e-17,-2.60562279123799e-06,6.04906499061669e-05,-1.38906930795941e-05,8.84583836645896e-17,-6.82128752448757e-17,3.07840843760676e-07,1.05485059409251e-16,4.27924248219536e-16,5.08313981728359e-16,1.53022061409656e-16,6.01125035883665e-16,-7.8124439210178e-17,-9.58824480496856e-17
"Knoxia_sumatrensis",-0.0744272117944537,0.0268674148010257,-0.00585512803666527,0.0568795836027541,-0.000559383685226071,0.000355968427253502,-0.12831441370751,-0.214733322238934,-0.0634558397417074,0.00492861549644425,0.00436351283935961,-0.00200233106258471,0.00343039276823127,-2.91535639618257e-06,0.000999855003315382,-0.0705432531973819,-0.0049764479303182,0.00434606786893736,-0.000304249063493689,0.103889221402095,-0.067097964553372,-0.0754253497095245,-0.0446422456815491,0.372166187909632,0.091162000217287,0.0394873558318391,-0.842809017127072,0.000425784595632859,-0.0727859241577193,-1.75562416778733e-05,-0.000575145923061508,0.00273767903833295,-0.00249770678819555,-6.89353775575158e-05,-0.137586288706034,-0.00635497353831738,0.000167366533388642,3.65458046136748e-05,5.96882311382674e-07,3.1299410809645e-05,-0.00311170990723308,-8.21956326970845e-17,3.82439243670706e-17,-1.08755328561062e-16,0.0411685982137736,4.4056116417888e-05,5.42948327885139e-16,2.89543181279297e-16,-1.87801758080683e-16,0.000516446599845863,-3.36297402718594e-17,-7.61062810242424e-18,-9.10187723801581e-17,-2.15105711078331e-16,-9.95297594341693e-17,4.96352162986234e-17,9.70027568461082e-17,3.99391277065975e-06,5.23399214310707e-07,1.11886753355982e-16,1.01612099299672e-17,-6.26297166839436e-18,-0.000255028266286383,0.00261511870628664,1.17386935561071e-16,-5.1110762318209e-18,1.24200237874711e-17,-7.82215247052901e-18,-4.70752369762103e-17,-9.246133437113e-06,9.00016455058338e-05,2.99846930302957e-16,-1.04832450925148e-17,-1.91041765352053e-16,-3.14686730166577e-16,4.57518700131299e-17,-1.49218272150198e-05,0.000340838120280905,-6.85536380055259e-05,4.13977478013041e-17,-5.04490892273991e-17,1.45162557929623e-06,-2.3478682431403e-17,3.51728075347699e-17,7.84384177015639e-18,1.4643948579339e-16,1.43294607147629e-16,-7.17315031908294e-17,-2.14331313762107e-17
"Psychotria_marginata",-0.0694050398969133,0.00902597205036946,-0.0273148342829712,0.274786729414633,-0.00818044648463439,0.0250888622643529,0.111586581541799,0.0575671444533514,0.0133033349080433,0.000427030195124849,0.0131720138937558,-0.00698663940984039,0.16148905046677,-2.41707047473616e-05,0.00379855219903564,0.00316618090971763,0.000884070803171141,-0.00052935368710566,3.24666202900364e-05,-0.00480027363649855,0.00199230843541173,0.0016115972549426,0.00099187165739361,-0.00716643320249602,-0.000306823773530107,0.000798980489426167,0.0244496667768042,0.000983483302796029,-0.247700665397107,0.00115916678827748,0.00735663978915428,0.000329520046721632,-0.076897618884336,3.89090607327912e-06,0.000164577268451427,1.35020521601845e-07,5.38345351012602e-06,1.26687095484708e-06,7.05773018918497e-08,1.6193694291049e-05,-0.216252152039717,-1.87340090993772e-14,-4.12932951734432e-16,-1.78310851619409e-15,-7.44614385868314e-06,-1.47007234764637e-07,-0.673088225607732,0.378829982965584,-0.391714289443888,2.63931018373853e-06,2.43047572993387e-15,-3.46127830750159e-14,-1.59377719355369e-17,-1.87749121804624e-14,4.06033713595821e-16,-1.20449122692423e-15,-2.5657333352991e-15,2.48134346920719e-07,3.28288676887582e-08,5.21338526729504e-16,1.39172720695662e-16,2.84314007005436e-16,-4.35969328495267e-06,4.68003436348008e-05,1.26297738803985e-16,4.10407690625837e-16,3.22412503469651e-17,-2.13865291376739e-16,3.76088614339428e-16,-1.82660671366186e-07,7.73049937771719e-06,3.78147873145057e-17,-6.75942346010249e-17,-1.58366932173332e-16,3.14808945161873e-16,3.8948260133336e-16,-3.83192104269625e-07,8.89986816798036e-06,-2.06389588987624e-06,5.6267588162317e-17,8.84155844566547e-17,4.60075566532936e-08,-1.3349083808884e-16,-8.73848768288561e-17,-5.51398828377452e-17,-3.74479393547696e-17,5.2677675710409e-17,-9.38436330329683e-17,-1.70977132631154e-16
"Psychotria_limonensis",-0.0694050398969133,0.00902597205036946,-0.0273148342829712,0.274786729414633,-0.00818044648463439,0.0250888622643529,0.111586581541799,0.0575671444533514,0.0133033349080433,0.000427030195124837,0.0131720138937558,-0.0069866394098404,0.16148905046677,-2.41707047475004e-05,0.00379855219903566,0.00316618090971762,0.000884070803171107,-0.000529353687105688,3.24666202900781e-05,-0.0048002736364986,0.00199230843541165,0.00161159725494275,0.00099187165739361,-0.00716643320249621,-0.000306823773529821,0.000798980489426254,0.0244496667768043,0.000983483302796085,-0.247700665397106,0.00115916678827744,0.00735663978915412,0.000329520046721743,-0.0768976188843359,3.89090607325988e-06,0.000164577268451316,1.35020521584497e-07,5.38345351020657e-06,1.26687095478519e-06,7.05773018142269e-08,1.61936942907701e-05,-0.216252152039716,1.8529261084649e-14,1.67308758707706e-16,-2.42770049697357e-15,-7.44614387113152e-06,-1.47007230670093e-07,0.519419937692262,0.607562735714133,0.333272336834794,2.63931018405555e-06,-6.9615561443466e-16,2.54235396470159e-14,2.17321549211141e-16,1.40876893484232e-14,2.83329132724774e-16,2.22095053815305e-15,-2.44991378032093e-15,2.48134346600124e-07,3.28288683224299e-08,-2.42515322261924e-16,-3.05821565620819e-16,-1.00785340281543e-15,-4.35969328492838e-06,4.6800343634662e-05,-8.63768510680567e-17,5.52483592822744e-16,1.79324629373454e-16,-3.22167232232753e-17,-3.98050619918337e-16,-1.82660671255164e-07,7.73049937765041e-06,8.61610393032524e-17,2.07784027949078e-16,2.13978384587409e-16,-4.35635111101592e-16,2.3966498353111e-16,-3.83192104443097e-07,8.89986816804324e-06,-2.06389588985889e-06,9.93564885979811e-19,3.20376460906115e-16,4.60075567088047e-08,1.01739283599777e-16,1.77766812507588e-16,-8.0002134707399e-17,2.15728090144143e-16,7.5367133452968e-17,-1.41358423091039e-16,2.97280241545517e-16
"Psychotria_chagrensis",-0.0694050398969133,0.00902597205036946,-0.0273148342829712,0.274786729414633,-0.0081804464846344,0.0250888622643529,0.111586581541799,0.0575671444533514,0.0133033349080433,0.000427030195124826,0.0131720138937558,-0.00698663940984037,0.16148905046677,-2.41707047474865e-05,0.00379855219903561,0.00316618090971759,0.000884070803171065,-0.000529353687105764,3.24666202900573e-05,-0.00480027363649856,0.00199230843541211,0.00161159725494253,0.000991871657393544,-0.0071664332024961,-0.000306823773530446,0.000798980489426122,0.0244496667768043,0.000983483302796042,-0.247700665397107,0.00115916678827738,0.00735663978915436,0.000329520046721419,-0.0768976188843365,3.89090607360868e-06,0.00016457726845126,1.35020521615722e-07,5.38345351059667e-06,1.26687095530588e-06,7.05773015701052e-08,1.61936942910037e-05,-0.216252152039716,3.44669379669465e-14,-1.52190687564458e-15,6.58686215738025e-16,-7.4461438543949e-06,-1.47007236463203e-07,-0.287410415041137,-0.51405383336802,0.634936146179697,2.63931018284255e-06,3.75226923651093e-16,-9.19617069971443e-15,-9.02489888376934e-16,-1.23772520010828e-14,8.52941849094346e-16,2.27796906161097e-16,2.1562936332508e-15,2.48134346534834e-07,3.2828867050366e-08,8.986124563281e-16,-1.02174103005753e-16,8.30703228570671e-16,-4.35969328495614e-06,4.68003436343567e-05,4.65429363575095e-16,-5.74190078290918e-16,-1.76986872084909e-17,4.22702005869386e-17,3.02363266971246e-17,-1.82660671366186e-07,7.73049937775189e-06,-1.27294233056285e-16,-2.51968326907045e-16,7.83357060795418e-17,-9.09711994770339e-17,-5.90986712847942e-16,-3.83192104297381e-07,8.89986816804758e-06,-2.06389588978256e-06,-8.98917203016258e-17,6.48258076154398e-17,4.60075562647155e-08,2.32102635619262e-16,6.61675608886655e-17,-8.20369542852776e-17,-1.35206622502186e-16,2.1512735402959e-17,1.25504082474837e-17,-1.55697571036853e-16
"Psychotria_brachypoda",-0.0694050398969133,0.00902597205036946,-0.0273148342829712,0.274786729414633,-0.0081804464846344,0.0250888622643529,0.111586581541799,0.0575671444533514,0.0133033349080433,0.000427030195124829,0.0131720138937558,-0.00698663940984037,0.16148905046677,-2.41707047475131e-05,0.0037985521990356,0.0031661809097176,0.000884070803171116,-0.000529353687105767,3.24666202902157e-05,-0.00480027363649862,0.00199230843541187,0.00161159725494248,0.000991871657393641,-0.00716643320249599,-0.000306823773530336,0.000798980489426089,0.0244496667768042,0.000983483302795824,-0.247700665397107,0.0011591667882776,0.00735663978915429,0.000329520046721321,-0.0768976188843359,3.89090607296792e-06,0.000164577268451209,1.35020521609488e-07,5.38345351037319e-06,1.26687095472237e-06,7.05773019653614e-08,1.61936942916099e-05,-0.216252152039716,-3.30867917674284e-14,-4.1734855085441e-17,2.53733567985757e-15,-7.44614387230159e-06,-1.47007252712771e-07,0.441078702956607,-0.472338885311697,-0.576494193570603,2.63931018289106e-06,-1.85208771594385e-15,1.82006236909087e-14,5.51642065360625e-16,1.71846044338952e-14,2.00902662561564e-16,-1.72485723620719e-15,3.25054653332879e-15,2.48134346908973e-07,3.28288678644326e-08,-6.70727423360473e-19,5.76615029557677e-16,-2.78631010855795e-16,-4.35969328495191e-06,4.68003436352952e-05,-5.46750069564969e-16,-4.65087005352066e-16,-2.32379775554935e-16,2.12520128232851e-16,1.05721001746459e-16,-1.82660671492821e-07,7.73049937768282e-06,-4.06358974247567e-16,-1.20159375281538e-17,3.47378376064356e-16,1.69569219776733e-16,5.26732058106252e-17,-3.83192104186792e-07,8.89986816810981e-06,-2.06389588977861e-06,1.88934548633471e-16,-4.6863640439547e-16,4.60075562612461e-08,-2.48848161471295e-16,-9.06623735685122e-17,2.92864675245191e-16,-2.5804011705155e-17,-1.38018936557405e-16,3.03286880062398e-16,-2.17897531615274e-16
"Psychotria_flava",-0.0700765813752222,0.00919226361843654,-0.0282845582438333,0.286373966111122,-0.00865960447608436,0.0266717274696582,0.122826874300314,0.0693913747339179,0.0163897913997777,0.000530465503208322,0.017698352208698,-0.00942221631152188,0.225951163500278,-3.53308616298014e-05,0.00562006596620386,0.00731272507300928,0.00214440887725352,-0.0013355069257144,8.49987132997593e-05,-0.0219146127098934,0.0129821055569304,0.0114997943982407,0.00861316108963249,-0.0703460463245959,-0.0144841490931083,-0.0281503629044119,-0.0853981228166414,-0.0024980762554888,0.555090128098878,-0.00248972192799661,-0.0156867221453412,-0.000314386550195743,0.0722594081058203,-3.48612627502554e-06,-0.000126980709472879,-9.66663336845119e-08,-2.91967113249745e-06,-6.68500171458859e-07,-1.78227822502537e-08,-2.5222650907925e-06,0.0295867033606688,-3.08330498612267e-17,9.88345173609061e-17,6.34745803626656e-17,9.6189139112135e-08,1.57502323843198e-09,1.31838984174237e-16,2.91433543964104e-16,0,9.21940456997136e-08,7.59829151435131e-18,-1.47049642989102e-17,-4.19803081186387e-16,-1.57859836313889e-16,-4.50160742015981e-16,2.21610924056037e-16,-1.69460799559484e-16,3.7214580913139e-08,4.99644441780659e-09,-4.37392288827992e-16,6.99864132399961e-17,5.71226464990967e-17,-8.2480747889838e-07,9.36837725600687e-06,8.84196460910226e-16,4.71567407105487e-17,5.72656343973824e-17,-4.05783118745531e-17,1.0825314038272e-16,-4.11526654003902e-08,1.87637559984685e-06,5.01335084557297e-16,2.49240327180091e-16,-2.77555756156289e-16,-3.12250225675825e-16,1.73263845644696e-18,-1.14985593454783e-07,2.71585032718424e-06,-7.21794628135829e-07,-3.23131223247468e-16,-8.68422981918215e-16,1.68490811233712e-08,-2.99528534308753e-16,-6.72272364580224e-17,-4.82742588092722e-17,1.13754491937179e-15,3.53883589099269e-16,0.707106781186548,9.74204441075988e-15
"Psychotria_tenuifolia",-0.0700765813752222,0.00919226361843654,-0.0282845582438333,0.286373966111122,-0.00865960447608435,0.0266717274696582,0.122826874300314,0.0693913747339179,0.0163897913997777,0.000530465503208339,0.017698352208698,-0.00942221631152186,0.225951163500278,-3.5330861629791e-05,0.00562006596620388,0.00731272507300929,0.00214440887725352,-0.00133550692571441,8.4998713299382e-05,-0.0219146127098934,0.0129821055569305,0.0114997943982409,0.00861316108963264,-0.0703460463245959,-0.0144841490931084,-0.0281503629044119,-0.0853981228166414,-0.00249807625548891,0.555090128098879,-0.00248972192799655,-0.0156867221453413,-0.000314386550195614,0.0722594081058204,-3.48612627519724e-06,-0.000126980709472911,-9.66663336643457e-08,-2.91967113238192e-06,-6.68500171478055e-07,-1.78227822206079e-08,-2.52226509064833e-06,0.0295867033606688,-5.16047350983112e-17,1.40213658809679e-16,1.87209553777326e-16,9.6189138754782e-08,1.57502333964226e-09,-3.46944695195361e-18,1.59594559789866e-16,1.38777878078145e-16,9.21940456153627e-08,-5.86628185074073e-17,-2.77106484147955e-17,-4.85722573273506e-17,1.43982048506075e-16,-5.53376788836601e-16,1.73472347597681e-17,1.88325917360732e-16,3.72145810192011e-08,4.99644436341416e-09,-2.40263615619298e-17,-1.66194803371232e-16,4.27836151887297e-17,-8.24807478848073e-07,9.36837725623932e-06,-8.81838640488096e-16,-4.65911883174311e-17,-1.61604945813257e-17,6.88779457026709e-18,-1.34385442925348e-16,-4.11526650673233e-08,1.87637559969744e-06,-1.96023752785379e-16,-1.4599063614022e-16,3.48679418671338e-16,5.89805981832114e-17,1.50995183415673e-18,-1.14985594044589e-07,2.71585032703484e-06,-7.21794627855238e-07,3.35411112351928e-16,8.09728506388923e-16,1.68490802698873e-08,3.41978860720462e-16,1.08515792475658e-17,-3.01911473844117e-17,-1.33486971476415e-15,-2.7148422399037e-16,-0.707106781186548,-9.49126844826398e-15
"Psychotria_loniceroides",-0.0687833788346634,0.00887289534619217,-0.0264317557047164,0.264278508149258,-0.00775025811252202,0.0236716438708448,0.101743422970027,0.0477828968816818,0.0107832082428885,0.000342996586172429,0.00966311270887367,-0.00510262992310798,0.11268398684181,-1.5930504475771e-05,0.00246282078293874,0.000744724911886201,0.000164147919166081,-7.67676630338467e-05,3.44084305376781e-06,0.00293417769266409,-0.00252835445534382,-0.00237434127423858,-0.00196233680845965,0.0168036064691414,0.00436258230601021,0.00944282298525911,0.0396113063067751,0.00123050776937061,-0.278281530405873,0.00125398734303474,0.0079065278666909,0.000110239494687865,-0.0245881747035859,1.061342424475e-06,1.94669394470229e-05,4.87584919618353e-09,-1.65256742227063e-06,-4.36797077889352e-07,-1.26660548933953e-07,-5.69681168843546e-05,0.898468430363469,-1.16753611737713e-15,2.08022412079739e-15,1.03127752344249e-15,0.00113607041741059,4.88169650757653e-05,-4.37150315946155e-16,4.16333634234434e-17,-3.33066907387547e-16,3.95764692918776e-05,-2.40703431167656e-16,2.24430330611801e-16,4.96130914129367e-16,2.1163626406917e-16,-1.9671764217577e-15,4.65773253299773e-16,-4.49076539843496e-16,1.13932472683717e-06,1.48928690893351e-07,-9.70881037428345e-16,-1.33571885609896e-16,7.8749902020818e-17,-1.65592751691281e-05,0.000169816036003814,6.64826566716248e-18,1.47530233877828e-16,-2.60467931577222e-17,-3.03751339033435e-17,-4.53228881974944e-17,-6.02618013267886e-07,2.40285477923121e-05,-9.71445146547012e-17,-4.67911534100575e-17,-3.12250225675825e-17,2.84494650060196e-16,-9.70496849114022e-17,-1.00700545909577e-06,2.30818891392565e-05,-4.81195587694744e-06,-1.15484301657343e-16,1.18802889884118e-16,1.03490921943283e-07,-1.33468273256194e-17,-1.04390187135229e-17,-1.28142929366177e-18,-3.12250225675825e-17,-4.77048955893622e-17,4.93936556002694e-17,2.03830008427275e-16
"Palicourea_guianensis",-0.0671261832227039,0.00845011541666035,-0.023819719068237,0.23235948828293,-0.00635576724469398,0.0189950186078718,0.0640977256430805,-0.00867814717187461,-0.00541071372049287,-0.000220085729401057,-0.0270095969521734,0.0150593670760735,-0.562001221570289,0.000149441739642846,-0.0278678457464932,0.0291067732184864,0.00787459238355661,-0.00463725581257698,0.000281561929326961,-0.0484535630690428,0.0251191787569611,0.0216683583353149,0.015443642382507,-0.122846280901831,-0.0214767702185654,-0.0375299925484706,-0.0517731934570817,-0.000734028198245881,0.0733233081051885,-0.000175565992912741,-0.000934849729698356,0.00113562222434128,-0.279127465117997,1.69310939513146e-05,0.00199460576500434,8.31117343906183e-05,-1.3281489916506e-05,-2.74973563867709e-06,-5.39422615277086e-09,5.78624150539785e-07,-0.00253326683182931,-1.40042876642277e-17,3.48978421216415e-16,-2.34683606928583e-16,0.000130577097768099,5.74836902753116e-06,-5.62050406216485e-16,-2.63677968348475e-16,3.19189119579733e-16,7.10252964250362e-06,3.11081337726654e-16,-2.14316812790543e-16,1.03389519168218e-15,-2.92821322744885e-15,-9.03790930983916e-16,-1.72691722033491e-15,1.07314331032615e-15,4.027270037516e-07,5.31654062204194e-08,-0.707106781186547,2.01671469543786e-14,-2.63085842358736e-15,-6.88729395220602e-06,7.36224858609302e-05,-6.12886098876058e-16,-3.81113954635264e-16,1.35456946015999e-15,-1.30570612762338e-15,-3.14963576556905e-16,-2.85611047284862e-07,1.20631685113859e-05,9.71445146547012e-17,-2.96281969845769e-16,2.18575157973078e-16,1.42247325030098e-16,2.07111189070894e-16,-5.98402013954336e-07,1.39038096757028e-05,-3.23892456425895e-06,-2.11193289373058e-17,2.07753388394164e-16,7.23366867932951e-08,-1.26416036663917e-16,8.31312089214989e-17,-1.36826521336519e-16,-1.73472347597681e-17,1.23165366794353e-16,-6.96596344580988e-17,-1.73038666728687e-16
"Palicourea_acuminata",-0.0671261832227039,0.00845011541666035,-0.023819719068237,0.23235948828293,-0.00635576724469399,0.0189950186078718,0.0640977256430805,-0.00867814717187461,-0.00541071372049287,-0.000220085729401069,-0.0270095969521734,0.0150593670760735,-0.562001221570288,0.000149441739642808,-0.0278678457464932,0.0291067732184864,0.00787459238355669,-0.00463725581257688,0.000281561929327008,-0.0484535630690427,0.0251191787569611,0.0216683583353148,0.0154436423825069,-0.122846280901831,-0.0214767702185657,-0.0375299925484706,-0.0517731934570816,-0.000734028198246055,0.0733233081051886,-0.00017556599291274,-0.000934849729698464,0.00113562222434113,-0.279127465117998,1.69310939512518e-05,0.00199460576500424,8.31117343906168e-05,-1.32814899165927e-05,-2.74973563889281e-06,-5.39422609799748e-09,5.78624150850951e-07,-0.00253326683182799,2.44297351758824e-17,-3.16926267282086e-16,3.59545954652777e-16,0.000130577097769743,5.74836902547205e-06,5.06539254985228e-16,2.77555756156289e-16,-2.22044604925031e-16,7.10252964218307e-06,-3.15370695310175e-16,1.93153308950338e-16,-1.72431513512095e-15,3.56312201965636e-15,2.09034178855205e-16,1.91860416443035e-15,-1.28868270221627e-15,4.02726966347306e-07,5.3165958494487e-08,0.707106781186547,-2.00669824842162e-14,2.61047874811286e-15,-6.88729395101079e-06,7.36224858645523e-05,7.21193358548051e-16,4.69755241234411e-16,-1.36295421958156e-15,1.28240871532667e-15,3.83913283149957e-16,-2.85611046146883e-07,1.20631685110793e-05,1.04083408558608e-17,2.36295210712543e-16,-2.28983498828939e-16,-1.56125112837913e-16,-2.04480241722159e-16,-5.9840201442618e-07,1.39038096757271e-05,-3.23892456413968e-06,1.11580174258082e-16,-1.18382794880231e-16,7.23366866822728e-08,7.41387764511446e-17,-5.22191299766114e-17,1.41475575681042e-16,2.0122792321331e-16,1.38777878078145e-17,1.71560052285484e-16,9.54097911787244e-17
"Palicourea_cyanococca",-0.0662986117306981,0.00825315386015514,-0.0227644562341453,0.22019730855899,-0.00589961532481784,0.0175318110377176,0.0564397560856606,-0.00671972107049396,-0.00405683219906125,-0.000162993694982159,-0.0177160110318652,0.00981940472067176,-0.345095725456937,8.52141196276586e-05,-0.0155594570038927,0.00553749349595303,0.00123821983593962,-0.000610769327153696,3.0532087855495e-05,0.00796632418490232,-0.00702031664031261,-0.00657085518879247,-0.00537699332453135,0.0457291054680986,0.0111992336346273,0.0231074751175747,0.059064073729235,0.0010117208078178,-0.109906810586584,0.000271094094179656,0.00145096075908749,-0.00355793312497007,0.888783182325729,-5.67650986993658e-05,-0.00793366773996531,-0.000362155925225589,8.46765180444415e-05,1.82826977305243e-05,2.8191935561058e-07,1.79674165101261e-05,-0.0594607608680566,-1.38143958574949e-17,-1.30888970790231e-16,-1.16243496471134e-16,0.00114850858852545,4.99825218950274e-05,-2.94902990916057e-17,-8.67361737988404e-17,9.0205620750794e-17,4.9788732805794e-05,2.68069547405447e-18,2.31356333633934e-17,2.61943244872498e-16,-5.9240806704608e-16,7.50267903359969e-16,-3.23959609138669e-16,3.61174848709234e-16,1.86407359058767e-06,2.4442025869817e-07,2.88167065767187e-16,-1.84492525907517e-16,6.95805746170154e-18,-2.84178199429755e-05,0.000294659298026877,-1.05683687842454e-16,-1.25552095188053e-16,-1.23102472556505e-17,1.31159507603589e-17,-7.68036389594362e-17,-1.06887665310418e-06,4.31721065334013e-05,2.99239799605999e-17,9.81816608156366e-17,-5.20417042793042e-18,2.2291196666302e-16,2.01867284799219e-17,-1.86615664627549e-06,4.28607033653513e-05,-9.05432799152086e-06,-3.7684524418288e-17,-1.07506470884226e-16,1.95331336553389e-07,9.38953559619041e-17,1.25075776613974e-17,-6.91071862908034e-18,-1.57859836313889e-16,-1.64798730217797e-17,-4.67894331619482e-17,2.00577401909818e-17
"Faramea_luteovirens",-0.0599001648641443,0.00669421755442392,-0.013970260280413,0.116529284609729,-0.00175984013349948,0.00399300908537858,-0.0312289639070269,-0.0687895822891754,-0.0177766220721557,-0.000588450888825151,-0.0167443741386422,0.00861474735448043,-0.0914352041239864,-3.36687020467859e-05,0.008951296618983,-0.0786743990721723,-0.0228049833398226,0.0141176182309142,-0.000895063880187744,0.228460995449553,-0.134161121934103,-0.118492113909687,-0.0881438079716807,0.716741823388853,0.141770290141087,0.265034238262036,0.447152413880733,0.0046501589912368,0.177609826427431,-0.00306662061005718,-0.0219328854978027,0.00779984922656795,-0.139653571034472,-0.000161661916872933,-0.0409690017756903,-0.00198399234750962,0.000487292820724683,0.00010518645377627,1.50424196401752e-06,7.67494406287003e-05,-0.0195252497144457,7.54249810503886e-17,-1.22117777256579e-16,-8.2496253153514e-17,0.00612122781281989,0.000265935421251664,-6.93889390390723e-17,1.66533453693773e-16,-1.11022302462516e-16,0.000256592259297381,7.60191461868643e-17,1.41386589145882e-20,-3.40005801291454e-16,4.30211422042248e-16,3.81639164714898e-16,-6.07153216591882e-17,3.98986399474666e-17,8.9490348227728e-06,1.17180452916847e-06,1.34544641197474e-17,6.82764925362945e-17,4.19541487566955e-17,-0.000133121536380738,0.00137065849612189,3.55533860448649e-17,-5.72078633882487e-17,2.5105876203469e-17,7.75962097693447e-17,1.29716227886378e-17,-4.89151603555449e-06,0.000195291940667077,-6.93889390390723e-17,3.4014020161905e-17,-4.16333634234434e-17,1.38777878078145e-17,-5.12374314045149e-17,-8.11137155952435e-06,0.000185611901518874,-3.79207678125153e-05,-5.64172076802827e-17,-7.5613747962365e-17,8.07550704640114e-07,2.95980256387721e-18,-4.53730145527449e-17,1.94160843755296e-17,2.1163626406917e-16,-1.42247325030098e-16,-8.16361106908609e-17,-2.38090797077817e-16
"Tarenna_mollissima",-0.0107320062348984,-0.216011292658742,0.0428530445191611,-0.056495483831324,-0.0116558509053799,0.21036880414008,0.004448283648028,0.00578599629699229,0.00144383032682128,0.00124781235145263,0.0234966507336926,-0.0205045111144276,0.0011092536247215,4.15677163655994e-05,-0.0343224377711306,0.000704361037582738,0.000881643643269284,-0.000189417930386404,-0.146780371448904,-0.0122218277522193,-0.00159494388838411,-0.000203055638393264,-4.85230269099376e-05,-0.000219788725496188,0.00459810966652234,0.000259025954198787,-6.35453873596478e-05,3.95508945786132e-05,-8.6681614856793e-05,-8.15842189766445e-05,-0.00147846738721602,-5.36806745959129e-05,-1.88866326521295e-08,4.58218826219811e-07,3.72351147142861e-05,3.3293829562014e-06,-0.636625703416634,0.000619372636102726,6.9863663284893e-07,3.03834538708592e-06,-2.31941896054842e-05,1.80124444117438e-16,-1.20020679118678e-16,9.03963338480599e-16,-0.00118822268780252,-0.680464490084176,-3.70623670642445e-15,7.81492925927552e-15,7.4870665223159e-15,4.44228451100628e-06,6.75245860493286e-17,-1.23435249608672e-16,-1.70306477254023e-15,1.21820956100471e-15,1.0058143554148e-15,-1.4660581776349e-15,1.52533693141554e-16,0.0209261091090607,1.28102634540543e-07,-4.1484905544144e-16,1.46865957266928e-17,-4.54669382126694e-17,-1.52022093990805e-06,1.5701901784679e-05,-2.70927390618269e-17,-1.60678993209147e-16,-1.74291531111864e-17,1.1626721565255e-16,2.72425375630109e-17,-5.67202567310077e-08,2.11297441666973e-05,-1.48535697630514e-16,-6.27646540897448e-17,5.93275428784068e-16,1.10154940724527e-16,2.14265474753088e-17,-1.00627150870572e-07,2.31644616074315e-06,-5.0184387675534e-07,-3.29474593682666e-17,1.54001606398906e-16,1.09510450724964e-08,2.31769031225019e-17,-1.80837146489264e-17,3.86352921736213e-18,-6.26668855696622e-17,-4.1958624075189e-17,6.37144175862754e-17,-2.21854869544846e-16
"Tocoyena_pittieri",-0.0110579294111309,-0.228689996846792,0.047846032316707,-0.0644071610468353,-0.0139916095133334,0.25615643787336,0.0061099791508907,0.0113499392066383,0.00312396715619012,0.00280642937859937,0.0812440098328299,-0.072614549722216,0.00512567110707027,0.000290912099628359,-0.278123450694599,-0.00177734989905597,-0.00202195532507502,0.000406383341803789,0.297717940381482,0.0157361933527183,0.00181085956801184,0.00022530329122945,5.16705221767969e-05,0.000229211013800331,-0.00427822705360481,-0.000226756563187734,4.37277380617568e-05,-2.5279008819193e-05,5.36539886883316e-05,4.99355534576479e-05,0.000903181520147353,2.60290714585409e-05,9.11832227605547e-09,-2.18269591541215e-07,-1.70304444341157e-05,-1.49386346436314e-06,0.268723346155897,-0.000260154749621247,-2.92849335268693e-07,-1.64442473779965e-06,1.4430589020902e-05,1.74884856173292e-16,-1.04851792680325e-16,3.03326851876219e-16,-0.000206003398154634,-0.11008283648429,-5.89805981832114e-16,1.58900670399476e-15,1.00267016911459e-15,1.60132446583959e-07,5.33800276822025e-16,-1.56891234641224e-16,2.61075883134509e-16,-4.6750797677575e-16,-3.6797821734158e-16,-4.2934406030426e-16,-4.33572448776953e-16,0.318649760151056,-3.77195887234335e-08,7.88929894728383e-15,-3.512977682647e-15,7.6681905296381e-16,4.14640846380099e-08,-3.30994917965496e-07,-4.06116519000542e-17,5.81860582735405e-16,5.50529901423307e-16,2.13915515788666e-16,2.03984337038234e-16,5.26289331559404e-10,-2.95157486949679e-08,5.55111512312578e-17,2.07194023884407e-16,-1.60548657701653e-15,-1.18394877235417e-15,-0.707106781186546,-2.69879187227151e-09,6.84501984658413e-08,-2.77130167058905e-08,2.86969030014371e-16,-1.60206159988026e-16,7.17614835610281e-10,1.93585738614419e-16,-1.01268913739972e-16,6.91513400307908e-17,-2.91650384398601e-16,5.27789617565944e-16,5.78385165280674e-18,-5.26109104198591e-17
"Randia_pterocarpa",-0.0110579294111309,-0.228689996846792,0.047846032316707,-0.0644071610468353,-0.0139916095133334,0.25615643787336,0.0061099791508907,0.0113499392066383,0.00312396715619012,0.00280642937859937,0.0812440098328298,-0.072614549722216,0.00512567110707028,0.000290912099628327,-0.278123450694599,-0.00177734989905597,-0.00202195532507501,0.000406383341803751,0.297717940381482,0.0157361933527183,0.0018108595680118,0.00022530329122949,5.16705221774293e-05,0.000229211013800383,-0.00427822705360475,-0.000226756563187706,4.3727738061844e-05,-2.52790088191708e-05,5.36539886884582e-05,4.99355534576365e-05,0.000903181520147313,2.60290714586807e-05,9.11832239401666e-09,-2.18269591637611e-07,-1.70304444341192e-05,-1.49386346437165e-06,0.268723346155897,-0.000260154749621284,-2.9284933527869e-07,-1.64442473793407e-06,1.4430589020903e-05,-2.27558145920497e-16,2.33613582899564e-16,-7.29418522727805e-17,-0.000206003398154853,-0.11008283648429,-7.42461647718073e-16,1.2941037130787e-15,1.57512891618694e-15,1.60132446569485e-07,-6.47264835963181e-16,9.50742139317585e-17,1.11022302462516e-16,-7.58941520739853e-16,-3.16587034365767e-16,-1.16009632455949e-16,8.34673042487966e-16,0.318649760151054,-3.77195884713163e-08,8.70307122479064e-15,-3.14990699532165e-15,-8.70379715581133e-16,4.14640847199756e-08,-3.30994917627225e-07,-5.70774296556606e-17,-6.66087001265545e-16,-4.8759412828227e-16,-2.55772538531325e-16,-2.5783324166886e-16,5.26289234414890e-10,-2.95157482459998e-08,6.6266436782314e-16,6.32035785626917e-17,1.17007098454636e-15,9.79251402188908e-16,0.707106781186548,-2.69878444938976e-09,6.84501975780965e-08,-2.77130167778816e-08,-2.88173876748197e-16,-1.26175342870936e-16,7.17614440093328e-10,-1.55175581532359e-16,-2.7905250861698e-18,1.70713205557937e-17,3.66894015169095e-16,-2.28983498828939e-16,-8.7867566128899e-17,1.32408190314792e-16
"Rothmannia_urcelliformis",-0.0109991416131817,-0.226401186453464,0.046943241453845,-0.0629757666564673,-0.013568400379971,0.247857029133854,0.0058078240238897,0.0103302695637939,0.00281550902542751,0.00252009081021651,0.0705704559430961,-0.0629803053768053,0.00438110719055494,0.000244546367465773,-0.232750944527236,-0.00130396682147792,-0.00146692322431185,0.000292308410181139,0.212486411470519,0.0102845247543858,0.00114221227716736,0.000141088783318087,3.19213907178028e-05,0.000140586207372242,-0.00251136571411317,-0.000129556627942457,2.16711422850039e-05,-1.17959889290663e-05,2.43034112424878e-05,2.23717884134568e-05,0.000403857036966099,8.23625747521107e-06,2.85606329688756e-09,-6.61351469260172e-08,-4.58271241957856e-06,-3.75098487884158e-07,0.047990135056171,-4.44787398476024e-05,1.6117014945246e-08,3.42287916197453e-07,-3.56697908180265e-06,-7.27085136875844e-17,4.30464736237655e-17,-1.87227227412402e-16,0.000132560000915502,0.0719942466891958,4.63171168085807e-16,-8.60422844084496e-16,-1.19348975147204e-15,-1.47515418170407e-07,1.06299472280043e-16,3.1701984435442e-17,-1.09721259855533e-15,2.17187379192296e-15,5.02419286729783e-16,4.18285198144908e-16,1.74502339661542e-16,-0.868144940266857,1.05721211982184e-07,-2.28461405783566e-14,9.18018641148042e-15,1.11398927324279e-16,-2.07927170772131e-07,2.10612275765992e-06,2.04682862118585e-16,1.80458074674839e-16,-8.90644107302985e-17,-9.88382922753086e-18,6.32756988865854e-17,-7.83141473892357e-09,3.048528105314e-06,-1.08853898117545e-15,-1.6215561616926e-16,2.47198095326695e-16,6.93889390390723e-17,-1.14113614479312e-15,-1.72997499121169e-08,4.04619776249384e-07,-1.00476905329412e-07,2.26294214651889e-17,3.74293171561036e-18,2.3024390657933e-09,-1.25829505134208e-16,7.04836339064158e-17,-1.02933125507332e-16,6.28837260041593e-18,-1.07986536379556e-16,-1.0589794700797e-16,3.02492406123456e-17
"Gardenia_jasminoides",-0.0108538026060545,-0.220739776215851,0.0447080294813386,-0.0594304970470068,-0.0125192807740891,0.227278260686563,0.00505720949349937,0.00778572810577908,0.00204498655410369,0.0018045542221808,0.0438078385195066,-0.0388199781091907,0.00251117831518834,0.000127907901395111,-0.118560296203388,-9.74454355662146e-05,-5.08375731887689e-05,1.03240349351983e-06,-0.00529669404070928,-0.00375537551287356,-0.000585056117559798,-7.65901913261603e-05,-1.91849955449228e-05,-8.88942009659851e-05,0.00208029961712133,0.000123597610015671,-3.64059526496235e-05,2.38602027882359e-05,-5.34761608815895e-05,-5.07280021283904e-05,-0.000920539107589198,-3.99582278168199e-05,-1.41153620766658e-08,3.46881059151074e-07,2.9408471370211e-05,2.68959991920324e-06,-0.564703789683112,0.000555033661834881,9.15989123644172e-07,6.34794358402389e-06,-5.8538013193449e-05,-9.08448238138956e-19,1.62156764420022e-16,-5.48274122195111e-16,0.00131278209488709,0.709486251369597,3.88144377749811e-15,-8.3544282603043e-15,-7.32747196252603e-15,-1.37835429648705e-06,-5.77849293800496e-17,8.36674490728861e-17,1.3765030781876e-15,-1.4732139119733e-15,-1.50834206236183e-15,9.66240976119082e-16,-6.64046725593059e-16,0.206902430233172,7.64983088821649e-09,6.33068109027083e-15,-2.47368218844135e-15,7.32833655828358e-17,-4.58162570333119e-07,5.06691979989659e-06,-2.83876638812146e-16,3.91450405750729e-17,4.36259073497934e-17,-1.14121692671304e-16,-5.09377699719469e-17,-2.0676402437414e-08,8.23389198986404e-06,4.60135402002848e-16,-5.77607919454323e-17,2.49366499671666e-16,-1.24466409401336e-16,1.63229501466935e-16,-4.60930055313016e-08,1.0732691778176e-06,-2.53742637574888e-07,-8.52249840509871e-17,-4.07484513133011e-17,5.69258085288127e-09,4.50877131066618e-17,5.30198698440319e-17,-3.79118427110328e-18,-2.64545330086463e-17,9.06393016197882e-17,-2.15714115254097e-16,-1.69365931869392e-16
"Coffea_racemosa",-0.01071645157555,-0.215334428049418,0.0425314766086459,-0.0559520086146597,-0.011470813845196,0.206609161196015,0.00427199513826319,0.00483049162522017,0.00112765196805567,0.000944694977123822,0.00869892802623392,-0.00699521171398125,-5.37181329369209e-05,-3.9877200790339e-05,0.0478657522265148,0.00266610910352213,0.00334665216989262,-0.00072395491544718,-0.566216660116102,-0.061541391367206,-0.00976061673383025,-0.0013037449279864,-0.000344188280413359,-0.00165356708440252,0.056654083365958,0.00548650487318609,0.000417447737474499,-0.000160808543674548,0.000294702904559529,0.000261261813202017,0.00468652417778385,5.49175835282496e-05,1.88907605092026e-08,-4.26740313616041e-07,-2.74941821535059e-05,-2.1758960194693e-06,0.249909806733839,-0.00022955898582822,4.76858248859199e-08,9.9965746163059e-07,-9.98593850690879e-06,7.07217812689624e-17,-9.81651475602618e-17,-7.47198868231011e-17,9.36925643912037e-05,0.0442901872990637,1.35308431126191e-16,-7.53303669442928e-16,-5.80265002714242e-16,5.28553292611101e-07,1.03141386971633e-16,-2.34285544283226e-17,4.56015433747403e-16,4.80301562411078e-17,-4.08798429135659e-16,5.77337656848531e-17,-1.37625913269879e-17,0.00107624121492976,4.50546106281344e-08,1.534456479285e-16,-1.60940863000972e-16,-1.92741448560315e-17,-6.07091380784141e-07,6.50236968448401e-06,2.07828320652688e-16,-8.55077328576971e-17,-2.95846503606879e-16,-4.30726501362027e-16,8.88659723053305e-18,-2.53446987086639e-08,9.90501435176741e-06,5.96311194867027e-17,3.09694453574179e-16,-2.44053909026487e-16,2.07516295813726e-16,-6.33949978151095e-17,-5.40599682010692e-08,1.25795982354484e-06,-2.97417140342817e-07,4.21011047299121e-15,0.707106781186547,6.68421730725538e-09,3.42331680316602e-15,-1.47350008763297e-15,8.80089710191084e-16,4.89517280877205e-16,1.0397498834136e-16,1.07933505500835e-15,5.66261854030234e-16
"Coffea_arabica",-0.01071645157555,-0.215334428049418,0.0425314766086459,-0.0559520086146597,-0.011470813845196,0.206609161196015,0.00427199513826318,0.00483049162522017,0.00112765196805567,0.000944694977123827,0.00869892802623392,-0.00699521171398123,-5.371813293692e-05,-3.98772007903806e-05,0.0478657522265148,0.00266610910352216,0.00334665216989263,-0.000723954915447192,-0.566216660116102,-0.061541391367206,-0.00976061673383013,-0.00130374492798633,-0.000344188280413347,-0.00165356708440254,0.056654083365958,0.00548650487318604,0.000417447737474514,-0.000160808543674478,0.000294702904559539,0.000261261813202073,0.00468652417778382,5.49175835283122e-05,1.88907605450897e-08,-4.2674031367451e-07,-2.74941821535145e-05,-2.17589601952258e-06,0.249909806733838,-0.000229558985828255,4.7685824943753e-08,9.99657461790559e-07,-9.98593850682675e-06,-1.25835619009804e-16,1.20944625448904e-16,-7.42546095801119e-17,9.36925643911604e-05,0.0442901872990634,2.84277809625699e-16,-2.42427605767759e-16,-4.1286418728248e-16,5.28553292683976e-07,-6.6019969029992e-17,1.13537142957075e-16,-5.20850723662036e-16,-8.2724625760644e-17,-7.79541362017078e-17,2.67364255734925e-16,8.6478675782875e-17,0.00107624121492921,4.50546110033297e-08,1.78713527347452e-16,2.00051591931786e-16,-8.65279687627159e-18,-6.07091380580745e-07,6.5023696845161e-06,9.15933542737076e-17,1.27698205611115e-16,2.97179337889039e-16,4.91609985633372e-16,2.00101341147322e-17,-2.53446984345776e-08,9.90501435167348e-06,-2.39283419467551e-16,-3.13804654661562e-16,-1.84422789539784e-16,-3.53558328447523e-16,1.01386479871482e-16,-5.40599692556726e-08,1.2579598232557e-06,-2.97417143852949e-07,-4.08269641337278e-15,-0.707106781186547,6.68421751065171e-09,-3.38429071287032e-15,1.49814140094299e-15,-8.71722164977123e-16,-3.34015584288472e-16,1.0904363349773e-16,-5.59555430944392e-16,-3.57559712090352e-16
"Ixora_pendula",-0.0101835009994867,-0.194498704747682,0.0342466429458545,-0.0427750159998087,-0.00754483511567008,0.129455665914266,0.00141360937772802,-0.00528596712836257,-0.00196932609325041,-0.00194332127682339,-0.103882839097974,0.0948456412581235,-0.00809995989133194,-0.000554752462061714,0.555625594465235,0.0117547081153558,0.0178200682480922,-0.00990827064744361,0.23946923926564,-0.156947713506726,-0.0243247918361893,-0.00323172045913574,-0.00084440831635143,-0.00403416749276666,0.133547591801795,0.0126630086945643,0.00086407798471545,-0.000317700324724913,0.00056869120521142,0.00049973478798571,0.00895033493611504,7.44812592425325e-05,2.52875722549228e-08,-5.46394110203823e-07,-2.91869251352293e-05,-2.01346245985105e-06,0.0348668321782106,-5.24811268331685e-06,6.72353990787392e-07,5.10442178552216e-06,-4.63522080340441e-05,1.3077669108855e-16,2.75442186365744e-16,-1.84320961811119e-16,6.80436595285414e-05,0.00910013107813819,-1.00613961606655e-16,2.56739074444567e-16,3.60822483003176e-16,2.39618878695152e-06,1.37262885572075e-16,1.46312498547476e-16,1.16226472890446e-16,-5.78530279238265e-16,-3.33934269125535e-16,1.76790006245486e-15,3.47757846824726e-16,0.000254047037314204,1.42298311675007e-07,2.00497220158858e-14,0.707106781186547,6.64111444135845e-15,-1.82135846497791e-06,1.92549929999494e-05,6.99649854125642e-16,6.20775105137432e-16,-3.07061363802575e-16,3.16384235819811e-16,-7.08571157546718e-16,-7.29906292906701e-08,2.80171858637325e-05,8.67361737988404e-17,2.47787643322369e-16,5.160802341031e-16,5.55111512312578e-17,-2.3936013705307e-16,-1.44922562106235e-07,3.35735072776666e-06,-7.64596738848326e-07,-4.04785058959104e-17,-2.18119959507455e-16,1.69563989516064e-08,7.98385296069362e-17,-6.13173183714033e-17,-3.65689795658455e-17,1.65882932390282e-16,-5.61616725347491e-17,-1.57207904441143e-16,5.21772295508649e-17
"Ixora_peruviana",-0.0101835009994867,-0.194498704747682,0.0342466429458545,-0.0427750159998087,-0.00754483511567006,0.129455665914266,0.00141360937772802,-0.00528596712836257,-0.00196932609325042,-0.00194332127682338,-0.103882839097974,0.0948456412581235,-0.00809995989133194,-0.000554752462061705,0.555625594465235,0.0117547081153558,0.0178200682480923,-0.00990827064744371,0.23946923926564,-0.156947713506726,-0.0243247918361893,-0.00323172045913567,-0.0008444083163514,-0.00403416749276656,0.133547591801795,0.0126630086945643,0.000864077984715413,-0.000317700324724695,0.00056869120521128,0.000499734787985671,0.00895033493611477,7.44812592422503e-05,2.52875722583923e-08,-5.46394110498673e-07,-2.91869251352259e-05,-2.01346245984536e-06,0.0348668321782107,-5.24811268335406e-06,6.72353990772043e-07,5.104421785281e-06,-4.63522080343112e-05,-1.9486268172204e-16,-1.45968930461994e-16,1.98874578231401e-16,6.80436595284009e-05,0.00910013107813763,1.85615411929518e-16,-5.03069808033274e-16,-6.45317133063372e-16,2.3961887868518e-06,-1.7176987099877e-16,-1.91498588631958e-16,1.38777878078145e-17,5.759281940243e-16,-1.91036422791946e-16,-1.67314079257963e-15,-8.37275127701931e-16,0.000254047037298823,1.42298312021358e-07,-1.99250703529205e-14,-0.707106781186547,-6.68837341540219e-15,-1.8213584653641e-06,1.92549930012938e-05,-7.3443195987639e-16,-6.4700248457318e-16,3.14710178104117e-16,-2.94330557676069e-16,7.16025743479305e-16,-7.29906286939253e-08,2.80171858635632e-05,-2.95770352654046e-16,-1.86111327142612e-16,-6.7394007041699e-16,-1.10154940724527e-16,2.51714491032825e-16,-1.44922562494813e-07,3.35735072775191e-06,-7.64596738933544e-07,1.07808428745785e-16,4.87712812657681e-17,1.69563989689536e-08,-1.05312496511097e-16,7.39438220165919e-17,1.55632712120278e-17,-1.95156391047391e-17,1.16226472890446e-16,-1.46759763421072e-17,-1.56125112837913e-16
"Calycophyllum_candidissimum",-0.00928335215690463,-0.160405051014867,0.0215327173485954,-0.023071353810147,-0.00205017810520506,0.023490010182542,-0.00190101543907742,-0.0113520336471767,-0.00340913015647737,-0.00313888447222334,-0.0960885277823418,0.0854853767480088,-0.00554565424042007,-0.000254065294001371,0.221794994807173,-0.0153124514492095,-0.025586153494436,0.0147277067196518,-0.00782139158321735,0.515369130817224,0.0971817808879095,0.0134096180164941,0.00375591737590462,0.0186056236869623,-0.760600594485018,-0.0816181377928547,-0.0103070049861771,0.00492495987370063,-0.010079591270244,-0.00931797864199861,-0.168390955245206,0.0563404229317238,1.07989989396491e-05,-9.87094530705442e-05,-0.00186750642632952,-9.64229900271798e-05,0.0416386995659244,0.000756416221625873,1.05522044580885e-05,6.56034878779146e-05,-0.000573982018911885,6.36965110302611e-17,-1.04176720711544e-16,-1.01668684001567e-16,0.000528641966677647,0.00913649353747873,3.81639164714898e-17,-2.77555756156289e-17,-2.42861286636753e-16,2.21560879387088e-05,-1.78214509585963e-17,4.98132522233279e-17,1.72604985859692e-16,-2.0122792321331e-16,-3.98986399474666e-17,2.12503625807159e-16,-8.863352760069e-17,0.00024086353652765,1.06718570299831e-06,-2.99310412073085e-16,-1.08130767734988e-16,5.26170622283646e-17,-1.2828143233242e-05,0.000133129632342327,-1.04424897444633e-16,1.80000431477253e-17,1.08259236785922e-17,-4.10741280365072e-17,6.82912307013196e-17,-4.83812748607038e-07,0.000180364587448272,9.4542429440736e-17,2.9259283828564e-17,1.73472347597681e-17,9.0205620750794e-17,-5.54138462680857e-17,-8.47561300384644e-07,1.94685319516269e-05,-4.11396163165975e-06,-8.56751282709739e-18,4.92182642111436e-17,8.87305362795576e-08,2.70501482182806e-17,-2.19622519822038e-17,7.41081426698104e-18,-1.47885176327023e-16,-7.80625564189563e-17,1.039082676524e-16,2.3635607360184e-17
"Nauclea_officinalis",-0.00978106434594585,-0.175427842619061,0.0225728042020125,-0.0200271119061676,0.00594611974178543,-0.224227167803892,0.0102103229686032,-0.00108111354638858,-0.00130610441504616,-0.00155372671256114,-0.315933930432929,0.324830134410575,0.0438708431150256,0.000339788577491636,-0.203398409845716,0.0104313000713952,0.0163678409948638,-0.00903108618115856,0.00246634106368496,-0.296960005651793,-0.0906078076316806,-0.0161773301801933,-0.01739788391751,0.0855874708382041,-0.122193026613387,-0.00441083504318359,-0.000324726881798599,0.000823496979998984,-0.00461445796411485,-0.0076415230620552,-0.157813416839118,-0.115629278380464,-0.000552517015592579,-5.49504932120247e-05,-0.000140484188503708,-3.75398809810437e-06,1.18323143153346e-05,0.00219657522506643,9.88076102066469e-06,1.08126218315283e-06,-1.05950768726409e-05,-1.17343188243169e-16,1.26494366708819e-16,2.16979057410077e-16,1.74695900429928e-05,6.31681207923808e-05,6.93889390390723e-16,1.38777878078145e-16,-4.30211422042248e-16,9.11067434129263e-07,9.17673112387952e-17,-4.25596377126391e-16,3.45209971719385e-16,-1.73472347597681e-18,-3.90746462963776e-16,-5.70507183161872e-16,-2.22261445359528e-18,3.5275619126299e-06,6.61880306578388e-08,-7.69447778934146e-16,-1.0419526610942e-15,-1.45934280315858e-15,-8.9476169527411e-07,9.6072264689339e-06,0.707106781186547,-1.06692453714579e-14,8.55612595052675e-15,-9.55421378285526e-16,6.00304183252101e-15,-3.76893700693159e-08,1.48019190900901e-05,7.68482499857726e-16,3.78860983146192e-16,-6.58327559133198e-16,-3.72098185597025e-16,-4.5230557191e-17,-8.21753528817276e-08,1.91510043460205e-06,-4.5870202641839e-07,7.1889891456643e-17,-1.39460685648065e-17,1.0356432118136e-08,6.46775241812e-17,4.30643838179162e-16,2.5026238996369e-17,-4.74880551548651e-17,-8.56519716263549e-17,-3.44374784697618e-16,-7.99870152751181e-17
"Neolamarckia_cadamba",-0.00978106434594585,-0.175427842619061,0.0225728042020125,-0.0200271119061676,0.00594611974178542,-0.224227167803892,0.0102103229686032,-0.00108111354638858,-0.00130610441504616,-0.00155372671256116,-0.315933930432929,0.324830134410575,0.0438708431150256,0.000339788577491638,-0.203398409845716,0.0104313000713952,0.0163678409948638,-0.00903108618115868,0.00246634106368485,-0.296960005651793,-0.0906078076316807,-0.0161773301801934,-0.01739788391751,0.0855874708382042,-0.122193026613387,-0.00441083504318365,-0.000324726881798725,0.000823496979998902,-0.00461445796411484,-0.0076415230620551,-0.157813416839118,-0.115629278380464,-0.000552517015592777,-5.49504932119206e-05,-0.000140484188503692,-3.75398809812297e-06,1.18323143152827e-05,0.0021965752250661,9.880761021442e-06,1.08126218307938e-06,-1.05950768727356e-05,1.22324277563295e-17,-7.1502697858398e-17,-8.57358037660571e-17,1.74695900428019e-05,6.31681207924507e-05,-8.77770078844264e-16,-2.1163626406917e-16,3.88578058618805e-16,9.11067434460433e-07,-1.2517975366335e-16,4.30921126558693e-16,-3.75567632548979e-16,4.20670442924376e-16,-9.80118763926896e-17,5.39932681897781e-16,-1.13244916916111e-16,3.52756191245777e-06,6.61880307619853e-08,8.2280690398083e-16,1.14468892439226e-15,1.53721240150014e-15,-8.94761696443097e-07,9.60722647860672e-06,-0.707106781186547,1.06376631602298e-14,-8.57112292504909e-15,9.14167188991365e-16,-6.00767946031721e-15,-3.76893709991277e-08,1.48019190907803e-05,-9.99200722162641e-16,-3.93697015737307e-16,3.30464822173582e-16,4.8919202022546e-16,1.74226567374361e-17,-8.21753531349972e-08,1.91510043459826e-06,-4.58702026527027e-07,-7.64662351890386e-17,4.22787035151155e-18,1.03564323818139e-08,-5.16031588176794e-17,-4.06858029768131e-16,-2.22119095390613e-19,-1.43114686768087e-16,-1.66316613259276e-16,3.57320861335136e-16,3.23878293975732e-16
"Isertia_haenkeana",-0.00964273488725244,-0.170732464537732,0.0214222639104586,-0.0188201781766432,0.00545389005255684,-0.20429483356936,0.0087970673420643,-0.000795642931561551,-0.000922826385524232,-0.00108063758723313,-0.187311640886458,0.191049968270748,0.0237572314828772,0.000165586286138919,-0.0961146793032986,-2.40964011077933e-05,-0.000762534027077493,0.000731885191221789,-0.000277696571923037,0.146643233888419,0.0598980646819383,0.011261266505646,0.0132716334542382,-0.0683714292622691,0.125392017306209,0.00517628444978867,0.000666540620674828,-0.00204702764051984,0.0125289543137029,0.021417467510727,0.44476845145493,0.766442605005595,0.00374694883959424,0.00040133223314407,0.00133424067103143,4.15683999115599e-05,-0.000297455121805383,-0.0623557978926916,0.000165031134493088,1.09910391085476e-05,-9.9699528508449e-05,-1.29789593675464e-17,7.84892097018236e-17,1.76017653528944e-16,0.000108447369201391,0.000389646472847494,-3.98986399474666e-17,-2.60208521396521e-16,2.77555756156289e-17,4.95518696310657e-06,-4.04864092990632e-17,1.90381368286823e-18,-2.55871712706579e-16,-1.50053580671994e-16,3.28296417828611e-16,-2.3635607360184e-17,-8.65735434729675e-17,1.45312259002505e-05,2.71312117678369e-07,-6.46710038223526e-17,-3.28419896113751e-16,5.24395176317612e-18,-3.38545996037367e-06,3.55198261261323e-05,-1.51172842461177e-16,2.87841715600696e-17,2.53510190282828e-17,-4.12638627920618e-17,1.49438830221587e-17,-1.3231467841171e-07,5.01719482461418e-05,4.25007251614318e-17,-1.04248415445187e-16,3.53883589099269e-16,5.8113236445223e-17,-9.41960512069638e-17,-2.49194845875454e-07,5.75210846537387e-06,-1.26893107016282e-06,3.49492503673652e-18,7.38047895259751e-17,2.78107868435795e-08,-6.26170465918692e-17,-1.89543036775533e-17,-8.92971643350927e-18,6.96057794735694e-17,-3.18755438710738e-17,-8.51372369169306e-18,1.67780286192132e-17
"Arachnothryx_galeottii",-0.00994112481888934,-0.181268868715264,0.0242310939320721,-0.0218741422819669,0.00682549001961306,-0.261464370910556,0.0142378985316247,0.0108100949888603,0.00268872512490796,0.0023360744072573,0.0740973774513355,-0.0707879194236169,-0.00450873480659787,-1.19079464221851e-05,0.00484056335463964,-0.00175798677961841,-0.00336167202632666,0.00213203643094435,-0.000655460163343124,0.227592746710508,0.100077081059937,0.0192401226148853,0.0237984462964433,-0.126242264489807,0.294283635014619,0.0151548331723935,-0.00245057152663882,0.00316293723555941,-0.0143718245756872,-0.022234391558041,-0.45391626189345,0.0119816843665581,0.000105900742899171,2.74213267700408e-05,0.000278451131017065,1.24788960636597e-05,-0.000832424131139575,-0.629126439154116,-0.327624323488167,1.49313591115681e-06,-1.50358620474239e-05,1.04979654795694e-16,1.67926961041376e-17,2.36965738364071e-17,2.55023371647342e-05,9.21516035937675e-05,-7.63278329429795e-17,-2.37657116208823e-16,6.85215773010839e-17,1.30521211792224e-06,1.54822411095864e-17,1.35750689048716e-17,2.97071395261028e-17,-1.84964890626027e-16,3.19297539796981e-17,7.75746654413378e-17,1.04307025256684e-16,4.72997904734171e-06,8.86220281777285e-08,-5.7875303592641e-17,1.30872008851038e-16,4.95921881834324e-18,-1.16920670832713e-06,1.2461755296205e-05,2.80037504603067e-17,3.70724328116703e-17,-2.66798087040618e-17,3.37235975060552e-17,-2.38232224136382e-17,-4.80621876602916e-08,1.86519147288826e-05,5.42101086242752e-17,7.86199761660811e-17,1.13190706807487e-16,-6.8738417735581e-17,3.88303788511707e-17,-9.95310852700947e-08,2.31143071993686e-06,-5.36841200076104e-07,-6.30738715888964e-17,-3.74686958287063e-17,1.19838576406045e-08,8.00175509278287e-18,-2.03230542464922e-18,2.84815097863379e-17,-1.92554305833426e-16,3.41523684332934e-18,1.43646774397718e-16,-7.11202743832601e-17
"Guettarda_elliptica",-0.0102251370053156,-0.191293798330904,0.0269000150847076,-0.0247738424401694,0.00812473476872472,-0.315575380934625,0.0193413967390901,0.0211478933431525,0.00584007130869601,0.00529110458573251,0.274067211004531,-0.269498291579315,-0.0240284822770874,-0.000116344572547881,0.0609265126127077,0.00300622667397944,0.00524972804094536,-0.00312194426353158,0.000908595551856283,-0.197717537087753,-0.0757501918789767,-0.0141942249968235,-0.0167630665716595,0.0868401051632118,-0.177388914782063,-0.00849605223844841,0.00101402611635706,-0.00118378869441022,0.00514220469767866,0.00782940895461769,0.159396164900706,-0.00291537426287551,-2.55656223680572e-05,-6.45759129267404e-06,-6.06051632955715e-05,-2.61051512709333e-06,0.000151002700904008,0.112638170834694,-0.275048089023149,-7.07752211600427e-08,6.98195230937793e-07,1.79429953671023e-16,5.86972651140792e-17,-2.50039672379296e-16,-4.70400198630122e-07,-1.63769443852944e-06,-6.03683769639929e-16,-9.0205620750794e-17,-1.38777878078145e-17,-3.82540608082549e-09,6.65461182228727e-16,1.66001004020971e-16,-7.30318583386236e-16,-2.48065457064683e-16,1.18828558104411e-16,-5.63785129692462e-17,-3.37837396946483e-16,1.95070049005305e-07,3.73858965607167e-09,-2.51535903795236e-16,-1.29172741188362e-16,-6.80003604326934e-16,-6.83577710269834e-08,7.91303401168758e-07,-2.60972692070088e-16,-1.09303334314835e-15,-1.32035926320354e-16,2.65946399445901e-16,3.80547694804266e-17,-3.62183187607723e-09,1.56455882239104e-06,4.44089209850063e-16,0.707106781186548,1.89778748271863e-15,-4.5102810375397e-16,1.43284573276518e-16,-1.13223764895004e-08,2.69391269838801e-07,-7.62742674636704e-08,-1.18324265441801e-16,-2.79346165240066e-16,1.82206928711626e-09,3.25804016642455e-16,2.58714384268695e-17,3.12679302000422e-16,5.19983361924048e-16,-3.85108611666851e-16,-6.00103584433754e-17,-2.26056152963228e-17
"Guettarda_aromatica",-0.0102251370053156,-0.191293798330904,0.0269000150847076,-0.0247738424401694,0.00812473476872468,-0.315575380934624,0.0193413967390901,0.0211478933431524,0.00584007130869601,0.00529110458573248,0.274067211004532,-0.269498291579315,-0.0240284822770874,-0.000116344572547891,0.0609265126127077,0.00300622667397937,0.00524972804094537,-0.00312194426353158,0.000908595551856379,-0.197717537087753,-0.0757501918789766,-0.0141942249968234,-0.0167630665716595,0.0868401051632118,-0.177388914782063,-0.00849605223844822,0.00101402611635708,-0.00118378869441018,0.00514220469767874,0.00782940895461801,0.159396164900706,-0.00291537426287569,-2.55656223680598e-05,-6.45759129245184e-06,-6.06051632956201e-05,-2.61051512706145e-06,0.000151002700904155,0.112638170834694,-0.275048089023149,-7.07752211782302e-08,6.98195230966687e-07,-1.62084945979435e-16,1.21140400910844e-16,1.28370626663232e-17,-4.70400198945842e-07,-1.63769443862799e-06,5.58580959264532e-16,1.52655665885959e-16,-2.4980018054066e-16,-3.82540603593952e-09,-6.43529281721947e-16,-1.69872071683948e-16,8.50014503228635e-17,3.10515502199848e-16,-1.92120624964431e-16,-7.02563007770607e-17,4.96130914129367e-16,1.95070049266395e-07,3.73858983846348e-09,3.39673342908565e-16,1.38011427737581e-16,6.47552546936099e-16,-6.83577705234799e-08,7.91303401213861e-07,4.35990894125804e-16,1.01857616264566e-15,1.17316478602193e-16,-2.92434275481103e-16,-2.51540129356309e-18,-3.62183223689971e-09,1.56455882246585e-06,-7.45931094670027e-16,-0.707106781186548,-2.07472927726826e-15,4.87457296749483e-16,-2.13317991583735e-16,-1.13223759881653e-08,2.69391269933561e-07,-7.62742677585734e-08,9.40709401483126e-17,2.11363738027487e-16,1.82206939119967e-09,-2.98696434710972e-16,3.28067785042908e-19,-3.19220829178506e-16,-3.56919355182228e-16,1.79110198894605e-16,1.55095352577897e-16,8.15862134795342e-17
"Timonius_wallichianus",-0.010125230664386,-0.187766801297655,0.0259607483036113,-0.023753241631546,0.00766731632789403,-0.296523370295778,0.0175434150381545,0.0175003335483502,0.00472776960933771,0.00424795797410306,0.203390971724737,-0.199263302083594,-0.017125394873302,-7.93877410559798e-05,0.0410760799897996,0.00131107198931607,0.00218424213701105,-0.0012509406898618,0.000351429291879383,-0.0456061602278968,-0.0127601040683934,-0.00221220918947755,-0.00221728874777854,0.0103995872014908,-0.00781122571200608,1.88297994694214e-05,-0.000243074431378203,0.00039900844473353,-0.0019764600857556,-0.00314526083828207,-0.0645179928621665,0.00265742602872451,2.36538124994286e-05,6.26001938430193e-06,6.79440784078439e-05,3.14563209995801e-06,-0.000236966985684462,-0.181370694280039,0.860865420990348,3.29987317924712e-07,-3.59921135224155e-06,-1.0045289642272e-16,-8.95941762219368e-17,3.95194471922434e-16,7.78440430640459e-06,2.82067185412205e-05,-4.5102810375397e-17,2.08166817117217e-17,2.63677968348475e-16,4.21337998166688e-07,-1.97041304023608e-17,-6.09071777211785e-18,3.3133218391157e-16,6.74807432154978e-16,-5.46437894932694e-16,2.24429849704499e-16,-3.89770681008539e-17,1.71321134734239e-06,3.21664356746792e-08,-1.25971367798225e-16,1.18592039711687e-17,1.98678781219864e-17,-4.39323973832652e-07,4.73047387939199e-06,-2.04956508387602e-16,6.1361265087336e-17,3.34223292331974e-17,4.67276358688777e-18,-1.83733950541936e-17,-1.86737668314563e-08,7.36467869890225e-06,-4.68375338513738e-17,-2.14159664874307e-16,-1.00613961606655e-16,6.07153216591882e-18,3.06223637476854e-17,-4.14495284640354e-08,9.67175850659168e-07,-2.34268363318978e-07,6.34370083778486e-17,1.1884695293256e-16,5.3125160590084e-09,2.18829967273992e-18,-4.43903097021416e-17,1.47024988740117e-17,1.11672823766007e-16,-1.35091590691694e-16,-1.26256045308886e-16,-3.92020400516446e-16
"Blepharidium_guatemalense",-0.00981577821816466,-0.176868956804319,0.023072203432015,-0.020620246141343,0.00626930490173406,-0.238363986288968,0.0121076740673447,0.00674207403740316,0.00146612356623885,0.00119577707576405,0.000775227634881694,0.00189742379201779,0.00246223284356353,2.43425537690804e-05,-0.0144745017147278,-0.00299193519431519,-0.00552522784642724,0.00342045811546526,-0.00103042072715653,0.301890446565104,0.125904563249633,0.0239584442580087,0.0290791995333757,-0.152732331672267,0.335651536194125,0.0166774989885845,-0.0022134689217431,0.00259721700213696,-0.0112125578291738,-0.0170074847665473,-0.345989647620957,0.0027318679849733,2.22612335373719e-05,4.14502207041443e-06,-2.03975514254892e-05,-2.67620374180203e-06,0.000864785276749922,0.730847167618305,0.0164332404560219,7.42069585396557e-06,-6.70752257879056e-05,-4.94247458572757e-17,1.23429971287806e-16,-1.38595833667872e-16,7.28271722088255e-05,0.000261716699348697,1.25767452008319e-16,-1.49186218934005e-16,-3.50414142147315e-16,3.34589790342799e-06,2.39413810790683e-18,-2.72135597844254e-17,-7.24247051220317e-17,2.29850860566927e-16,-4.48859699408999e-17,-3.16587034365767e-17,8.3510672335696e-17,1.00114233806506e-05,1.87007627396158e-07,2.3786943874836e-16,-6.61295697455061e-17,-7.3994151497317e-17,-2.35174411933607e-06,2.47332952537007e-05,7.30148153036639e-17,5.33881864281386e-17,1.30518694249721e-17,-3.46539258687192e-18,2.53186779590145e-18,-9.26495025005414e-08,3.52706606999994e-05,-2.4459601011273e-16,-9.18147725890824e-19,-1.89084858881472e-16,-6.85215773010839e-17,4.92121298480293e-17,-1.77546199725716e-07,4.10323037746221e-06,-9.14990616820641e-07,6.70130173131787e-17,-1.75518315431024e-17,2.0135004993177e-08,1.01905233079188e-17,-3.74138237318229e-18,-1.72793022411396e-17,4.18502038579405e-17,1.2641797331181e-16,-2.14296758804705e-16,2.72541321108544e-17
"Hamelia_patens",-0.00943235242919809,-0.163525408257995,0.0196178102963402,-0.0169083981504549,0.00465132667799424,-0.17149316413712,0.00620165230755478,-0.00297773888768029,-0.00131849934141229,-0.00135014053613825,-0.12377182690835,0.123057850145912,0.0115190571025825,4.87417938489633e-05,-0.0229602382703794,-0.00700520463973577,-0.011954442820781,0.00699469011964781,-0.00200684909721683,0.350846934503874,0.114766311973787,0.0206534625731742,0.022390587367733,-0.110163605790234,0.142866520189317,0.00402425170555364,0.00180129943004168,-0.00341755068631724,0.0176268107744419,0.0283521310077124,0.582535833838651,-0.618366523764925,-0.0033076519357855,-0.000458748973705295,-0.00303803309774055,-0.000130756986477754,0.00358053747020021,-0.0888418719549687,0.000219344075508117,4.91844829307401e-05,-0.000426849466432998,1.45983823929757e-16,-1.09112167691478e-17,-1.03471399934429e-16,0.000366951792066117,0.00131377330319258,5.20417042793042e-17,2.25514051876985e-16,1.2490009027033e-16,1.55810455796554e-05,1.19893278172894e-17,-2.74415209106308e-17,1.61762964134837e-16,-7.80625564189563e-18,-5.54027310140093e-16,-3.76109733635221e-16,2.12476520752847e-16,3.92483256014872e-05,7.30847303048559e-07,-3.51007506049557e-17,1.51242019699534e-16,2.366117726239e-17,-8.73169184283345e-06,9.04704419217167e-05,5.48620380552504e-17,-3.13791606715603e-17,-3.6031893802498e-17,5.13644232851288e-17,-3.02393353332657e-17,-3.27676030951324e-07,0.000121903991845769,-1.58293517182884e-16,2.89706118451832e-17,-3.36536354339501e-16,-7.54604712049911e-17,1.58089933776961e-16,-5.69831290882228e-07,1.30844551499728e-05,-2.75869893272556e-06,1.70140972197662e-19,-3.97784494575904e-17,5.94734385055834e-08,-8.43134828835147e-18,2.78477590019131e-17,-3.94959984917789e-17,2.86229373536173e-17,1.89084858881472e-16,6.49343034291122e-17,1.97460320663922e-16
"Asclepias_ovalifolia",0.168211710745226,0.0767562341444472,0.162177678258316,0.00992447072169682,-0.174079202745464,-0.00632074881503351,0.000393537812816204,0.00141122976034931,0.00056086169420503,0.0168056371779185,0.00433128702070712,0.00248009187656906,0.000483994837737684,0.000223563349527986,-0.00103876215038573,0.00486902909230579,0.0457222223514674,-0.0380714882218437,-0.000300823979373332,0.0033189502835876,-0.0048788259729878,0.000602697248092761,0.00342530691509445,4.68503117725992e-05,9.77104563796362e-06,-2.70755664331658e-05,-0.000218316472477875,0.112498549186246,0.000506215443953364,0.018765964100374,-0.000106438158010289,-0.000232017691066699,1.24730639424087e-05,0.238133157096363,4.94589822828875e-06,5.64514969964509e-07,-3.24026555489481e-06,-7.02777114021682e-07,-1.0998924571317e-08,-0.120525248397737,-5.66954855301669e-06,4.38074700910652e-17,4.99489526671335e-16,-1.01506548123769e-16,-4.65043161011064e-07,-2.21770992376208e-07,6.85215773010839e-16,6.7394007041699e-16,-3.64291929955129e-17,-1.38427425596e-08,-3.2927929976532e-16,-5.81171426231174e-16,-9.48568480707568e-16,-9.87925019568792e-16,3.49167309648957e-16,-1.14914588261739e-15,5.00061147004627e-16,-2.32792644410619e-09,-0.0989673913664763,3.96167612076041e-14,1.10687980099375e-15,1.25262856004361e-15,-2.47742169528619e-08,2.86605284267102e-07,-1.47871730381285e-14,-0.32007997900029,0.314371443591187,-0.37456484172682,0.677067634612473,-1.3129675307047e-09,6.76699798498721e-06,8.7733639797527e-16,-2.3839805800407e-16,-1.0842021724855e-17,-5.98479599211998e-17,-1.18010844968023e-16,-3.99789012030076e-09,9.48464729164079e-08,-2.60921920772715e-08,1.07317781977406e-16,-2.09246066983773e-16,6.16019971144688e-10,-8.3620160198373e-17,2.00609507193373e-16,1.38095532979519e-17,-9.9475549325545e-17,-4.47396026476143e-16,7.26311827086154e-19,-1.83013326715553e-16
"Asclepias_subulata",0.168211710745226,0.0767562341444472,0.162177678258316,0.00992447072169681,-0.174079202745464,-0.0063207488150335,0.000393537812816227,0.00141122976034932,0.000560861694205018,0.0168056371779185,0.00433128702070712,0.00248009187656907,0.000483994837737682,0.000223563349527966,-0.00103876215038569,0.00486902909230584,0.0457222223514674,-0.0380714882218436,-0.00030082397937333,0.0033189502835876,-0.00487882597298778,0.000602697248092773,0.00342530691509444,4.68503117726075e-05,9.77104563794129e-06,-2.70755664330871e-05,-0.000218316472477834,0.112498549186246,0.00050621544395341,0.0187659641003739,-0.000106438158010319,-0.000232017691066672,1.24730639424039e-05,0.238133157096362,4.9458982282779e-06,5.64514969908008e-07,-3.24026555489158e-06,-7.02777113992939e-07,-1.09989245803516e-08,-0.120525248397737,-5.66954855301907e-06,3.00278382147791e-16,1.8409511469406e-16,-9.46760744382276e-17,-4.65043161114714e-07,-2.21770992367555e-07,2.09034178855205e-16,3.40005801291454e-16,-4.66640615037761e-16,-1.38427426034729e-08,1.02883686187725e-16,-6.94289508612304e-17,1.33356867215717e-16,4.74446870679657e-16,-2.30664012196291e-16,2.24321429487251e-16,5.64062956499162e-16,-2.327926375244e-09,-0.0989673913664734,3.97086311786133e-14,-1.68565470322563e-16,-2.42787189731141e-15,-2.47742153175598e-08,2.86605282969095e-07,-8.88575324865937e-16,-0.423843923674987,-0.0245631739569836,-0.375345362188531,-0.692003495607148,-1.31296820204269e-09,6.76699798485578e-06,-2.26728358310169e-15,-5.62791348011867e-16,3.44125769546899e-16,2.26815094483968e-16,-7.85613414873794e-16,-3.99789020291696e-09,9.48464728584301e-08,-2.60921920960282e-08,5.18066307461935e-17,-2.5087943040711e-16,6.16020102983672e-10,5.51577178799561e-17,1.41554498294082e-16,3.57718482410361e-16,3.96113263717579e-16,-1.35525271560688e-17,3.88902282988533e-17,-2.34086025303198e-16
"Asclepias_oenotheroides",0.168211710745226,0.0767562341444472,0.162177678258316,0.00992447072169682,-0.174079202745464,-0.00632074881503351,0.00039353781281621,0.00141122976034934,0.000560861694205028,0.0168056371779185,0.00433128702070712,0.00248009187656908,0.000483994837737695,0.000223563349527977,-0.00103876215038576,0.00486902909230578,0.0457222223514675,-0.0380714882218437,-0.000300823979373309,0.00331895028358757,-0.00487882597298781,0.000602697248092794,0.00342530691509448,4.6850311772529e-05,9.77104563797007e-06,-2.7075566433124e-05,-0.000218316472477885,0.112498549186246,0.000506215443953369,0.0187659641003739,-0.000106438158010306,-0.000232017691066686,1.24730639424431e-05,0.238133157096362,4.94589822823324e-06,5.64514969925694e-07,-3.24026555491889e-06,-7.0277711402165e-07,-1.09989245453185e-08,-0.120525248397737,-5.66954855298525e-06,4.48496056935827e-16,-5.44293632493793e-17,-1.20263245705855e-16,-4.65043161068743e-07,-2.21770992271796e-07,-1.84314369322536e-16,2.88831458750138e-16,-2.08166817117217e-17,-1.3842742455835e-08,-2.07631816013e-16,1.59659044616668e-16,1.20216336885193e-15,8.14018991102117e-16,-6.57948088372828e-16,-1.05769342936823e-15,-1.50704101975485e-17,-2.32792633891052e-09,-0.0989673913664741,3.7999767006402e-14,-1.97024930318091e-16,-4.53757428682884e-16,-2.47742172925967e-08,2.86605285032982e-07,-4.68581386301139e-15,-0.139290049436825,0.349118107741931,0.808014894307034,-0.0763332139541676,-1.31296678911041e-09,6.76699798488853e-06,3.7773603689395e-16,-3.42481466562451e-16,2.04697370165263e-16,-1.13927964284777e-15,4.02406197825256e-16,-3.99789025344079e-09,9.48464729245394e-08,-2.60921920888725e-08,1.90584508824213e-16,4.70765535598944e-16,6.16019910429366e-10,-2.81090089673479e-17,-5.2754840454647e-16,-1.16294707400307e-16,-1.48589907739138e-16,6.2563886363276e-16,-4.43764985487646e-17,-2.15769784851771e-16
"Asclepias_erosa",0.168211710745226,0.0767562341444472,0.162177678258316,0.00992447072169681,-0.174079202745464,-0.00632074881503351,0.000393537812816226,0.00141122976034933,0.000560861694205017,0.0168056371779185,0.00433128702070712,0.00248009187656908,0.000483994837737676,0.000223563349528021,-0.00103876215038569,0.00486902909230582,0.0457222223514675,-0.0380714882218437,-0.000300823979373299,0.00331895028358761,-0.00487882597298781,0.000602697248092761,0.00342530691509451,4.68503117726257e-05,9.77104563795386e-06,-2.70755664331137e-05,-0.000218316472477831,0.112498549186246,0.00050621544395342,0.018765964100374,-0.000106438158010275,-0.000232017691066748,1.24730639424213e-05,0.238133157096362,4.94589822830891e-06,5.6451496981724e-07,-3.24026555491066e-06,-7.0277711398223e-07,-1.09989246242626e-08,-0.120525248397737,-5.6695485529966e-06,2.22108600812591e-16,-3.9183307931515e-16,6.63831765446184e-16,-4.65043161135964e-07,-2.21770992554535e-07,3.03142927426947e-16,-1.15706055847653e-15,-2.92300905702092e-16,-1.3842742423309e-08,5.5130970472381e-16,3.85382416332093e-16,-6.95407273432203e-16,9.20053963571199e-16,-3.30681662608079e-17,2.27216249287787e-15,-5.42033323606972e-16,-2.32792630323233e-09,-0.0989673913664736,3.9152519558616e-14,-3.91985656757214e-16,1.8369728734313e-15,-2.47742150950815e-08,2.86605283556732e-07,1.0410945835461e-14,0.834334601091593,0.216526706241282,-0.208274123282323,-0.116721242610825,-1.31296780826046e-09,6.76699798482218e-06,-2.22478285794026e-16,1.30203638866481e-15,-8.54784992787572e-16,4.26958815524792e-16,1.0199677552743e-15,-3.99789009731567e-09,9.48464729871249e-08,-2.60921919934356e-08,-1.42482398563789e-16,1.09943052594645e-16,6.16019943389112e-10,2.74021422630183e-17,2.45113194302397e-16,-1.42315559539921e-16,-2.92192485484843e-17,-8.14235831536614e-17,-4.06902111647219e-17,-2.05578284430408e-16
"Asclepias_cordifolia",0.168211710745226,0.0767562341444472,0.162177678258316,0.00992447072169682,-0.174079202745464,-0.00632074881503351,0.00039353781281621,0.00141122976034933,0.000560861694205024,0.0168056371779185,0.00433128702070714,0.00248009187656908,0.000483994837737689,0.000223563349527989,-0.00103876215038572,0.00486902909230578,0.0457222223514675,-0.0380714882218437,-0.000300823979373318,0.00331895028358758,-0.00487882597298782,0.000602697248092736,0.0034253069150945,4.68503117725906e-05,9.7710456379672e-06,-2.70755664331182e-05,-0.000218316472477866,0.112498549186246,0.000506215443953398,0.018765964100374,-0.000106438158010328,-0.000232017691066704,1.24730639424304e-05,0.238133157096362,4.94589822826706e-06,5.64514969934422e-07,-3.24026555490737e-06,-7.0277711401509e-07,-1.09989245607376e-08,-0.120525248397737,-5.66954855298154e-06,-3.14871348115674e-16,1.06227671021024e-17,3.93313140861229e-17,-4.65043161010197e-07,-2.21770992392464e-07,-3.26561694352634e-16,1.47451495458029e-17,-8.67361737988404e-18,-1.38427425516582e-08,-3.19521480214115e-16,1.42525636575079e-16,-6.69711681944296e-16,-4.11996825544492e-18,1.20617491689012e-16,-1.90494321705703e-16,1.12147162216469e-17,-2.32792624192896e-09,-0.0989673913664747,3.69761153050968e-14,-2.99394791224917e-16,-1.90485189116235e-16,-2.47742155790151e-08,2.86605286687041e-07,9.64251754571134e-15,0.0488793510205099,-0.855453083617417,0.150169432890639,0.207990317559666,-1.31296770677913e-09,6.76699798493732e-06,2.04328741426618e-15,9.93781681207631e-19,1.71954464556201e-16,8.41340885848751e-17,-3.64341578556231e-16,-3.99789024671873e-09,9.48464728936125e-08,-2.60921920382132e-08,-3.14600961009135e-17,-2.50879430407649e-16,6.16019998032902e-10,1.93935595957597e-16,-5.51507517283286e-17,2.59526176298069e-17,-1.9298798670242e-16,-2.78260487568405e-16,7.53194212931729e-17,-2.79988434780803e-16
"Asclepias_amplexicaulis",0.170564057111543,0.0788010849107178,0.170510995597836,0.0105304064562444,-0.188855679119976,-0.00689879173166239,0.000451116582673704,0.00183460330152048,0.000751184701339249,0.0227627240493872,0.00652095168243526,0.00375236139398767,0.00076904202305103,0.000376353937367399,-0.00177673978078996,0.0147258300768518,0.147080936943521,-0.128683473580472,-0.00106528066871601,0.0239690905645131,-0.0576821285611469,0.00815595973273295,0.0633195885405852,0.00107234645654748,-0.00055015897476315,0.000500770731743699,0.000961390157417122,-0.385164963865818,-0.00156954471633362,-0.056266301295576,0.000317312166027977,0.000375111279307225,-1.99476152458336e-05,-0.368162234018338,-6.89261303582359e-06,-7.47983374243985e-07,3.59417048297983e-06,7.66652121107264e-07,8.1981977558399e-09,0.0753020606611119,3.41016053241106e-06,6.52396610440498e-17,3.40448050378113e-16,1.47565597389832e-16,2.12386623696902e-07,1.00766018998242e-07,-2.94902990916057e-16,-5.20417042793042e-16,5.89805981832114e-17,5.68939616370169e-09,9.72631371633096e-18,-4.39050991935216e-17,2.3115190317391e-16,5.23886489744996e-16,8.60856524953491e-17,-2.26164573180476e-16,7.9580439460436e-17,-2.51821861262517e-08,-0.221315372005936,8.6436726629657e-14,-3.18203357832156e-16,7.0326521959571e-17,-7.38752409506355e-10,2.03777659243259e-09,7.53215633799095e-18,5.4673521395199e-17,-2.02801292443797e-16,-6.91386286523708e-17,-3.57420688468754e-16,5.18070308874741e-12,1.8010886350102e-08,-1.88651178012478e-16,2.51995056704335e-17,9.16801357053743e-16,5.00467722819309e-16,-2.60071976304632e-16,-2.09600092490603e-10,5.48779294321520e-09,-2.84085346414532e-09,-6.23895376286096e-16,8.72167036134068e-16,7.93799331821887e-11,-4.73383923396828e-14,1.33582328358224e-14,-0.707106781186548,1.25012847296269e-14,7.1127999323739e-15,-1.33638334575219e-17,4.85315997458824e-17
"Asclepias_tuberosa",0.170564057111543,0.0788010849107178,0.170510995597836,0.0105304064562444,-0.188855679119976,-0.00689879173166239,0.000451116582673704,0.00183460330152048,0.000751184701339248,0.0227627240493872,0.00652095168243526,0.00375236139398768,0.00076904202305104,0.00037635393736737,-0.00177673978078995,0.0147258300768518,0.147080936943521,-0.128683473580472,-0.001065280668716,0.0239690905645131,-0.0576821285611468,0.008155959732733,0.0633195885405853,0.00107234645654746,-0.000550158974763142,0.000500770731743707,0.000961390157417105,-0.385164963865818,-0.00156954471633355,-0.0562663012955761,0.000317312166028015,0.000375111279307201,-1.99476152458133e-05,-0.368162234018338,-6.89261303581318e-06,-7.47983374244337e-07,3.59417048295894e-06,7.6665212115295e-07,8.19819774916782e-09,0.075302060661112,3.41016053243427e-06,-2.11443072061822e-16,2.73304629628151e-17,2.31699685973455e-16,2.12386623614502e-07,1.00766019049647e-07,1.90819582357449e-16,7.8756445809347e-16,3.98986399474666e-16,5.68939613693545e-09,-3.8195422307209e-17,1.34091156939006e-16,-2.94902990916057e-17,6.90419943438769e-16,1.87783816274489e-16,4.02130585774874e-16,5.33210628428371e-16,-2.51821862838087e-08,-0.221315372005936,8.65210775586764e-14,2.3848024763076e-16,-8.43281416818571e-17,-7.38752529419115e-10,2.03777646666514e-09,-2.19933459449493e-16,2.41752606257027e-16,9.55711454242171e-17,5.728174776763e-16,-1.37327647454203e-16,5.18067186372484e-12,1.80108863251653e-08,3.75133951679985e-16,-4.19973906352139e-16,-9.76649316974942e-16,-5.36896915814822e-16,1.6601947748221e-16,-2.09599886925871e-10,5.48779291925433e-09,-2.84085333675157e-09,7.45668807997223e-16,-1.06204963958138e-15,7.9377820288995e-11,4.72170475271301e-14,-1.32936001226552e-14,0.707106781186548,-1.26888517054669e-14,-7.43914478629204e-15,1.33007637234104e-17,4.87159141152049e-16
"Asclepias_fascicularis",0.169450779565508,0.0778326962643018,0.166559629918339,0.010242957123514,-0.181837929320496,-0.00662417980751017,0.000423696186582445,0.00163180998651624,0.000659903485330395,0.0199042671991145,0.00546574303948292,0.00313913214343682,0.000631395181504565,0.000302418155789662,-0.00141943083119568,0.00987807329164136,0.0971676992073553,-0.084019275583348,-0.000688139154304737,0.0136841413549529,-0.0312865703921943,0.0043774305623898,0.0333164690212793,0.000558269579750071,-0.000268258061931408,0.000234335818679302,0.000358300953258668,-0.12948224652773,-0.000500563161834001,-0.0175926753794532,9.88671406545771e-05,5.47250893771354e-05,-2.82890109173733e-06,-0.0474219030685056,-5.90110334260791e-07,-4.68684606324209e-08,-1.07986155226237e-07,-3.05142086295516e-08,-2.71486305957057e-09,-0.0399493464248721,-1.98335538188245e-06,9.62690475593032e-17,-6.11591764871714e-16,-4.55087177522546e-16,-2.34961997905812e-07,-1.12895077243455e-07,-5.74627151417317e-16,-6.03683769639929e-16,2.75821032680312e-16,-8.42417614178254e-09,1.60664426096086e-16,-1.18318557873554e-16,2.07733136248223e-16,-1.9220736113823e-15,-9.95731275210687e-16,-3.13551268282808e-16,-1.45386090319444e-15,1.02114694813871e-07,0.923528497339539,-3.60807883270683e-13,3.05714214903747e-16,-3.28874037768678e-17,5.71100517554992e-09,-2.06706301979567e-08,7.24157255842437e-16,-7.6536355730338e-16,9.16010289557453e-17,-2.67287970247956e-16,2.0844348745379e-15,-1.65256740583541e-10,1.39403190800816e-06,-2.91433543964104e-16,2.95449256544164e-16,1.57426155444895e-16,3.6797821734158e-16,-9.31423394866384e-17,-1.43195260076528e-09,3.48700091590281e-08,-1.14193509918761e-08,-2.7839777438308e-16,2.21444440407185e-16,2.8303720478462e-10,-5.91737339790805e-17,-1.16546286673633e-17,1.89809805878879e-16,-1.3238108526048e-16,1.65232411086791e-16,-2.79045311369164e-17,8.11118750290718e-17
"Calotropis_procera",0.161907796099355,0.0713080331102597,0.140219887346014,0.00833464908007212,-0.135706802359208,-0.00482384094475367,0.0002477614853333,0.00039873281876262,0.000111709618905783,0.00281707357996579,-0.000578375675352009,-0.000366535565111966,-0.000140573751401999,-0.000103183494621132,0.000529017123912966,-0.012069005903016,-0.125035223237383,0.112242204950523,0.000949487386636878,-0.0250996656502473,0.0623936408211185,-0.00886465571854915,-0.0693408240768553,-0.00117811539300509,0.0006098298608695,-0.000553395157936179,-0.000949480160297456,0.345278099634875,0.00132491738612405,0.0463461666688302,-0.000260210002820709,1.07594034480807e-05,-1.14266621201523e-06,-0.055678409935295,-3.39291396611943e-06,-5.17706491933269e-07,5.88616717379418e-06,1.34213532885192e-06,5.31020447854517e-08,0.870052803935145,4.48718205704631e-05,-1.31108081186326e-15,6.23687154307152e-16,-1.60295354192302e-16,8.68603772471999e-06,4.23809937822667e-06,-9.0205620750794e-17,2.42861286636753e-16,3.46944695195361e-16,4.98969957098019e-07,1.14476068228379e-16,7.2893075372991e-17,-3.82506526452886e-16,4.52762827229947e-16,-2.73218947466347e-17,-9.97465998686664e-17,4.74121610027911e-16,2.59909105437486e-07,0.0126573494848772,-5.22393686487756e-15,-3.6150990011083e-16,7.66417763495117e-18,-4.41411585771437e-07,4.68000440338734e-06,-8.35567877164383e-17,1.50256613671031e-16,-7.77770832225344e-17,-7.87922450106743e-17,9.3712715947049e-18,-1.78282626717152e-08,8.19928895763518e-05,-2.86229373536173e-16,5.88615833627088e-17,-8.15320033709099e-17,1.12757025938492e-16,1.24520246387039e-16,-3.54709037263951e-08,8.21549093010668e-07,-1.86411617248208e-07,-3.70195414594564e-17,3.26749938674072e-18,4.12588017223436e-09,1.11401464310477e-17,-3.11577729642867e-17,5.72097750637128e-19,8.89045781438114e-17,-1.51788304147971e-17,1.23978616622225e-16,-5.91161234547721e-17
"Cynanchum_acutum",0.153565227714343,0.0641100440311313,0.111303662580057,0.00624361630458926,-0.0853892191346679,-0.00286256231561858,5.80328789729506e-05,-0.000896669471411654,-0.000460619534323774,-0.0149806111883508,-0.00673622370183649,-0.00393448839557478,-0.000918265884681153,-0.000506905208688087,0.00246202843347354,-0.0314985970464938,-0.319501411175778,0.282454845768054,0.00235787931601959,-0.0549839099228031,0.130776548374,-0.0184166874856388,-0.14169360175966,-0.00238629041504475,0.00116982300273178,-0.00102510694332645,-0.0013914748160825,0.432657691120623,0.0014946564674535,0.0499342390344114,-0.00027796550474628,0.000513765148173539,-2.86581150430905e-05,-0.608993305263537,-1.66198001635177e-05,-2.11946368294238e-06,1.66830466809993e-05,3.70891808171243e-06,7.19055396356127e-08,-0.396486626315751,-6.893996971927e-05,7.05332002603818e-16,-3.56965737815087e-16,8.50666656751737e-17,4.48340554876706e-05,2.15038850223796e-05,-4.85722573273506e-17,-2.91433543964104e-16,-5.55111512312578e-17,1.97933648753048e-06,-1.83706321939336e-17,-7.25825278439357e-17,7.80625564189563e-17,-4.1286418728248e-16,2.51534904016637e-17,-2.2291196666302e-16,-1.62630325872826e-16,7.80205935277385e-07,0.00108391691756007,-3.11642330431723e-16,2.20341401568701e-16,2.3090567164468e-17,-1.26180819360125e-06,1.31968375640043e-05,-2.20581878898417e-16,3.07496537841216e-17,5.79169066750387e-17,1.59188122219351e-16,2.20156660279827e-16,-4.88377378260463e-08,0.000220471807966177,2.84494650060196e-16,-1.85361523940749e-16,1.07552855510562e-16,1.38777878078145e-17,-1.13398762700571e-16,-9.03003757844745e-08,2.08212640551261e-06,-4.55114799063384e-07,4.46346856978021e-17,2.6002521446328e-16,9.94167966700266e-09,1.8493755519443e-17,2.59258560135546e-17,-4.90378094077422e-17,-2.42861286636753e-17,9.54097911787244e-18,-5.6358806843169e-17,2.82543086149722e-16
"Nerium_oleander",0.13866491136865,0.0512932208480685,0.0601204485615668,0.00255094412878454,0.00296544426065967,0.000575947786895263,-0.000270313155967493,-0.00306024863050559,-0.0014080474796586,-0.0443425697524614,-0.016561543140706,-0.00961822701142392,-0.00213702994827985,-0.00112708619263314,0.00541475439279052,-0.0548438825813811,-0.546158593628626,0.475943554103449,0.00392086028366146,-0.0767721775604709,0.166514459541486,-0.0229591748791262,-0.169324090093112,-0.00278373445287421,0.00114209900735931,-0.000862343030279059,0.000403466709651214,-0.536406963638735,-0.00293472790764665,-0.115023210158359,0.00065834244013812,0.0010487611865923,-4.4798828153331e-05,0.262957212693786,-0.000463246020845035,-2.30077892829936e-05,9.1939873173243e-05,1.98663626040316e-05,2.97162823659326e-07,0.0153866131288937,-0.000132982125161618,-4.5965460146248e-17,5.91343365757061e-17,6.56518965064477e-17,0.000121808844865845,5.84087925586244e-05,4.16333634234434e-17,1.2490009027033e-16,-1.94289029309402e-16,5.31866714425556e-06,-2.5038474506052e-17,1.61679332800432e-17,3.60822483003176e-16,5.06539254985228e-16,-3.78169717762944e-16,6.93889390390723e-17,8.45677694538693e-17,1.99955028689491e-06,0.000142709761292993,-1.45485531277667e-16,-2.19153402014298e-16,4.24059412273504e-17,-3.1758151719033e-06,3.30428239190966e-05,4.41136951195617e-17,1.32609724594315e-16,4.37352245941012e-17,4.87135492568761e-17,-3.82030855508756e-17,-1.20829855260185e-07,0.000540940301338041,-1.00613961606655e-16,8.63083747204643e-17,8.32667268468867e-17,-6.93889390390723e-18,7.97596898936134e-17,-2.15514053159005e-07,4.95704681719453e-06,-1.060267967843e-06,1.65846817026183e-17,-1.7367728775051e-16,2.29745126117953e-08,-4.56753474321201e-17,4.22812174400621e-19,-1.7283943995306e-17,-3.29597460435593e-17,-7.63278329429795e-17,-7.30812581949085e-17,-8.28330459778925e-17
"Tabernaemontana_arborea",0.138021590716477,0.0481415805106012,0.0181901385499781,-0.00169881615586933,0.230302480856668,0.0118675110233603,0.00275452557334936,-0.00522271747440555,-0.00763926448550527,-0.519198112090911,0.0314075304790711,0.0174642397740794,0.00275684462379741,0.00555578090612436,-0.00492686473042759,0.0145732773286026,0.131901074977461,-0.106378471587736,-0.000813449274724253,-0.00276168094689126,0.0674878492019606,-0.0140945061636356,-0.312074857731563,-0.0224364639805627,-0.000872329180193475,0.000511656604745255,0.000232671591030228,-0.0258843046515859,0.000313980701167442,0.10350852202937,-0.00508836771894593,-7.48040303030675e-07,2.78544719477247e-08,2.09104751635615e-07,-1.03785910365167e-06,-8.84950433761682e-08,1.02362607294576e-06,2.36713306884997e-07,9.55054422444345e-09,6.21112712570375e-05,-5.96115244960293e-06,2.11001785973803e-17,6.22299546348602e-17,-1.29857572217763e-16,7.43728948011946e-06,3.58547916928966e-06,9.36750677027476e-16,4.71844785465692e-16,-2.77555756156289e-16,3.64438387420913e-07,-7.98568971047143e-16,-7.10988301282098e-16,6.86950496486816e-16,5.89805981832114e-17,-2.58473797920544e-16,-2.57086019139763e-15,-5.34077990166359e-16,1.79173645436408e-07,1.90515331691789e-06,-2.65517101769626e-15,-6.66869657766618e-15,0.707106781186548,-3.11207495805495e-07,3.31977730101685e-06,1.52608932598078e-15,-1.42446700814444e-15,-5.94692712747944e-16,2.06674583918946e-16,-1.68187068590906e-15,-1.28504543395191e-08,5.98416623373258e-05,2.63677968348475e-16,8.13359322132227e-16,1.196959198424e-15,-7.07767178198537e-16,5.87530456750881e-16,-2.71370003274152e-08,6.31388484203209e-07,-1.4938954577895e-07,5.21656423905091e-18,5.67594848631214e-17,3.36084819696492e-09,9.57301345103513e-17,4.2253859728749e-16,1.86107468135793e-16,1.22298005056365e-16,2.81025203108243e-16,-2.52625531105987e-17,8.74951153195802e-17
"Tabernaemontana_alba",0.138021590716477,0.0481415805106012,0.0181901385499781,-0.00169881615586933,0.230302480856668,0.0118675110233603,0.00275452557334936,-0.00522271747440555,-0.00763926448550527,-0.519198112090911,0.031407530479071,0.0174642397740794,0.00275684462379743,0.00555578090612432,-0.00492686473042765,0.0145732773286026,0.131901074977461,-0.106378471587736,-0.000813449274724262,-0.00276168094689124,0.0674878492019606,-0.0140945061636357,-0.312074857731563,-0.0224364639805626,-0.000872329180193575,0.000511656604745251,0.000232671591030242,-0.0258843046515859,0.000313980701167581,0.10350852202937,-0.00508836771894592,-7.4804030304336e-07,2.78544719910928e-08,2.09104751626894e-07,-1.03785910348167e-06,-8.84950433486294e-08,1.02362607289407e-06,2.36713306792555e-07,9.55054426275983e-09,6.21112712570343e-05,-5.96115244951706e-06,-1.13178159907868e-16,3.13301927198942e-17,2.0320933517056e-16,7.43728948035538e-06,3.58547916940615e-06,-7.49400541621981e-16,-3.05311331771918e-16,2.77555756156289e-16,3.64438387498813e-07,8.23533004262512e-16,7.10738115297669e-16,-5.82867087928207e-16,2.25514051876985e-16,3.24393290007663e-16,2.66713734431434e-15,4.61436444609831e-16,1.79173645265114e-07,1.90515331687437e-06,2.59467142675e-15,6.64860783488402e-15,-0.707106781186548,-3.11207496123816e-07,3.31977729853966e-06,-1.62744144170125e-15,1.49629232936914e-15,6.40864083016538e-16,-1.89167629255511e-16,1.64055845145552e-15,-1.28504535346075e-08,5.98416623368704e-05,-3.05311331771918e-16,-7.3049036137842e-16,-1.37043154602168e-15,6.55725473919233e-16,-5.85427216079629e-16,-2.71370004523153e-08,6.31388484103029e-07,-1.4938954572951e-07,7.6018090184989e-18,1.02472116634476e-17,3.36084819696492e-09,-7.70916917840653e-17,-4.95542304741975e-16,-1.70547612766888e-16,7.28583859910259e-17,3.98986399474666e-17,-5.1116539759839e-17,2.36030812950094e-16
"Lacmellea_panamensis",0.135765111687365,0.0466497975763804,0.0171136008987819,-0.00157980857991173,0.208080843916312,0.0106369766795897,0.00230712040922264,-0.00357929433374705,-0.00495805512941677,-0.329859449609757,0.0158957402572421,0.00873348760565094,0.00121354973568047,0.00205388523182798,-0.00172584160569229,-0.00458078648323775,-0.0502147509339066,0.0460517576049342,0.000391392674169156,0.00303537904961994,-0.0939720661749697,0.0205181503886457,0.492507991486612,0.0369146588457668,0.00182018640859778,-0.00122283820531135,-0.00105864435230981,0.152741429689787,-0.00210945925247558,-0.729989711506809,0.036193865778808,7.47296671471048e-05,-3.60132863126347e-06,-0.000309206324195363,-5.01460354944902e-05,-2.86199283365161e-06,1.5536989332165e-05,3.42716333593752e-06,6.96680087183855e-08,0.000375445321700136,-3.47986770595962e-05,-2.24117216760872e-18,3.40328098141055e-17,1.01190352271285e-18,3.49756488919814e-05,1.67995566264276e-05,1.80411241501588e-16,1.38777878078145e-17,-6.93889390390723e-17,1.58373583057533e-06,-2.60346503634189e-17,-2.42996127432354e-17,-3.00107161343988e-16,-3.71230823859037e-16,1.50920942409982e-16,-9.28077059647592e-17,7.56773116394882e-17,6.48865628325378e-07,6.87576224030505e-06,8.88445654658713e-17,4.89809398974876e-17,-2.04731737071344e-16,-1.06115778322844e-06,1.11319788420466e-05,1.34141560487147e-16,-2.90793857636333e-17,-2.39813795764994e-17,-9.45502242912381e-17,6.00712157278267e-17,-4.14822834832185e-08,0.000188172127502772,-1.04083408558608e-17,-1.26652884226851e-16,1.04083408558608e-16,-6.93889390390723e-18,4.17923484146195e-17,-7.83371136917066e-08,1.80897252162796e-06,-4.00780413997975e-07,-7.42043547856459e-18,-1.00387278331709e-16,8.80064660729873e-09,3.80113144790912e-17,1.45679207912171e-17,-4.0817432186609e-17,-1.196959198424e-16,2.60208521396521e-18,4.11227829288809e-17,9.60603124822157e-17
"Carissa_macrocarpa",0.133939488860794,0.0454476337212841,0.0162527129435173,-0.00148492406897284,0.19049258062927,0.00966496584192979,0.00195950227621593,-0.0023579705456602,-0.00298725622682789,-0.19126862170982,0.00499274441006591,0.00260869583014107,0.00015185557615747,-0.000298949773526105,0.000410655247296617,-0.0143808716836583,-0.140482564743924,0.119680720769042,0.00095925821213078,0.00487561175677633,-0.133015730770213,0.028315095149812,0.647816490906185,0.0473144108531682,0.00197040971911322,-0.00117291112092697,-0.000159072782551326,-0.05864280216278,0.00154804396833832,0.645266587424789,-0.032996060359322,0.000779037724402375,-3.4985834785564e-05,-0.00249823011967634,-0.000279223787867057,-1.4093109191879e-05,5.72021525172747e-05,1.23670654606383e-05,1.86030818167224e-07,0.000922683706308737,-8.42198556751477e-05,2.67263324434724e-17,3.80308406698851e-17,1.30288337502624e-17,7.70257310156904e-05,3.69379841319356e-05,-6.24500451351651e-17,-3.46944695195361e-17,4.16333634234434e-17,3.37049537081708e-06,-1.43181836158584e-16,2.58334742376217e-17,-9.28077059647592e-17,1.38777878078145e-17,-1.35308431126191e-16,1.64798730217797e-17,-1.97107954957865e-16,1.27643758727223e-06,1.35059022196959e-05,-3.55177622244992e-17,6.28763804876776e-17,4.87291691895477e-18,-2.03399827078008e-06,2.11839991617231e-05,4.39655233033624e-17,-1.48328805947638e-16,-4.19671680739418e-17,6.62907873055228e-18,-2.17894755490306e-17,-7.76541569449951e-08,0.000348281706232424,1.196959198424e-16,6.25194598371814e-17,7.45931094670027e-17,-6.93889390390723e-18,-4.51319079295753e-17,-1.39707209908385e-07,3.21556929899118e-06,-6.9220847441747e-07,3.54481933867801e-17,4.57148780172819e-17,1.50387680503128e-08,1.32174845359114e-16,2.38433230565111e-18,2.52728127228051e-17,-3.29597460435593e-17,2.69315819645399e-16,1.23568975398344e-16,-9.86081875875566e-17
"Aspidosperma_polyneuron",0.141081873240521,0.0503129376837096,0.0200066263768037,-0.00191242867372624,0.277319033070888,0.0146015439599277,0.00439328205089673,0.00693320073788107,0.00438204879647444,0.222423298162348,0.00248407960582075,0.00154091932525224,0.000412425840027625,-0.410673548229103,-0.00160415580627484,0.00408161419210714,0.0361449670145202,-0.0286081044094763,-0.000214736124860148,-0.000526682064572966,0.0103889963843936,-0.00205840738678574,-0.0408449473345112,-0.00275158920052035,-6.12142830749597e-05,1.85759381659094e-05,-3.01692455399547e-05,0.0038042132343494,-3.67388401719751e-05,-0.0098166318797234,0.000458769669331577,4.48177680253037e-05,-2.04415595530041e-06,-0.000152893521779307,-1.94062830905124e-05,-1.03500613647342e-06,4.97032950095341e-06,1.0897894094576e-06,2.1369108096226e-08,0.000116659867382076,-1.08534280651494e-05,4.69571170054102e-16,2.05938318689676e-15,-3.39776504893449e-15,1.12805357403017e-05,5.42225075280994e-06,3.60475538307981e-14,-1.84574577843932e-15,3.85802501057242e-15,5.19509120017344e-07,0.349740095150958,-0.737799791617255,5.086209231564e-15,5.65172908473244e-15,-2.06085148946045e-15,7.12103986888479e-16,6.2753621743461e-16,2.23619799159951e-07,2.37215125139936e-06,3.57752957477675e-16,-6.19984799206786e-17,-2.84599859004011e-16,-3.72962919010372e-07,3.93515192410182e-06,-6.6353420676775e-18,-1.46177441739068e-16,1.58713839182735e-17,3.49762491683937e-16,-7.98398392201314e-17,-1.48649260955924e-08,6.80945580574452e-05,-5.20417042793042e-17,-2.38265011021101e-16,-5.20417042793042e-17,-4.30211422042248e-16,1.83217471403785e-16,-2.93398231890341e-08,6.79697435103984e-07,-1.55066626483791e-07,4.73433584625175e-17,-1.94552031851906e-17,3.44410804042905e-09,2.43328641014375e-16,2.41465978352525e-16,3.71544444947595e-17,1.25767452008319e-16,3.46944695195361e-17,-2.25565299622451e-17,-1.30754782001752e-16
"Aspidosperma_cylindrocarpon",0.141081873240521,0.0503129376837096,0.0200066263768037,-0.00191242867372624,0.277319033070888,0.0146015439599277,0.00439328205089673,0.00693320073788107,0.00438204879647444,0.222423298162348,0.00248407960582075,0.00154091932525223,0.000412425840027633,-0.410673548229103,-0.00160415580627484,0.00408161419210714,0.0361449670145202,-0.0286081044094762,-0.000214736124860079,-0.000526682064572993,0.0103889963843936,-0.0020584073867857,-0.0408449473345112,-0.00275158920052034,-6.12142830748964e-05,1.85759381659181e-05,-3.01692455399859e-05,0.00380421323434945,-3.67388401718641e-05,-0.00981663187972344,0.000458769669331605,4.48177680252769e-05,-2.04415595535072e-06,-0.000152893521779337,-1.94062830904153e-05,-1.0350061364565e-06,4.97032950089998e-06,1.08978940949243e-06,2.13691081150809e-08,0.000116659867381922,-1.08534280654721e-05,2.67913523994051e-16,2.25367221620561e-15,-4.56176450131542e-15,1.1280535740385e-05,5.42225075259739e-06,-3.04617442381527e-14,4.85722573273506e-16,-3.63598040564739e-15,5.19509119515683e-07,0.464083314871929,0.671783702931344,5.15906761755502e-15,-4.73926453636864e-15,-2.0643209364124e-15,-1.01134378649448e-15,1.36392633298676e-15,2.23619799221557e-07,2.37215125156002e-06,1.4351460819461e-16,-3.45408927808275e-16,1.03772021561364e-15,-3.72962918930575e-07,3.93515192394917e-06,7.74987465171691e-17,-4.52572975683818e-16,-1.85356539295037e-16,-1.4636842244543e-16,4.6139388528463e-16,-1.48649262621259e-08,6.80945580574287e-05,4.85722573273506e-17,-4.36890849020499e-16,6.59194920871187e-17,-6.59194920871187e-17,2.20080345268241e-16,-2.93398234735287e-08,6.7969743511179e-07,-1.55066626456903e-07,2.65266767507995e-17,1.69739898103161e-17,3.44410794328454e-09,1.91286936735399e-16,1.26172913109636e-16,-1.25367461160812e-16,1.56125112837913e-17,9.4542429440736e-17,-3.20026413898688e-17,6.72205346941013e-18
"Aspidosperma_spruceanum",0.141081873240521,0.0503129376837096,0.0200066263768037,-0.00191242867372624,0.277319033070888,0.0146015439599277,0.00439328205089673,0.00693320073788107,0.00438204879647444,0.222423298162348,0.0024840796058208,0.00154091932525223,0.000412425840027619,-0.410673548229103,-0.00160415580627482,0.0040816141921071,0.0361449670145203,-0.0286081044094762,-0.000214736124860183,-0.000526682064572969,0.0103889963843936,-0.00205840738678566,-0.0408449473345113,-0.00275158920052035,-6.12142830749155e-05,1.85759381659528e-05,-3.01692455398662e-05,0.00380421323434946,-3.67388401719751e-05,-0.0098166318797235,0.000458769669331594,4.48177680252516e-05,-2.04415595536807e-06,-0.000152893521779402,-1.94062830904639e-05,-1.03500613629192e-06,4.97032950088287e-06,1.08978940949735e-06,2.13691080440047e-08,0.000116659867382134,-1.08534280656649e-05,-7.18737869606413e-16,-4.21337690222966e-15,8.03579738123372e-15,1.12805357409679e-05,5.42225075261078e-06,-5.17641485231479e-15,1.19348975147204e-15,-2.22044604925031e-16,5.1950912185485e-07,-0.813823410022887,0.0660160886859109,-1.05852826504105e-14,-7.73686670285656e-16,4.05751821030975e-15,2.35922392732846e-16,-1.94310713352852e-15,2.23619799029968e-07,2.37215125174134e-06,-5.33027547437137e-16,4.23805408514585e-16,-7.26791715052438e-16,-3.72962919080629e-07,3.93515192421284e-06,-7.3422195892485e-17,6.62420538504181e-16,1.82404837612059e-16,-2.09685829318585e-16,-3.71273383184212e-16,-1.4864926844993e-08,6.80945580574552e-05,6.59194920871187e-17,6.60321749535416e-16,1.94289029309402e-16,4.82253126321552e-16,-4.48438714285745e-16,-2.93398234596509e-08,6.79697435127836e-07,-1.55066626539302e-07,-3.24539214324456e-17,7.07504175656902e-17,3.4441079849179e-09,-4.85255218899191e-16,-2.13179731877422e-16,6.54521211965813e-17,-6.15826833971767e-17,3.64291929955129e-17,5.68883842250762e-17,-8.30498864123896e-17
"Alstonia_angustiloba",0.141176913946553,0.0503787698210168,0.0200591258020293,-0.00191848578162683,0.278589632057062,0.0146744345454985,0.00443202328368664,0.00711024385462027,0.00452355501775264,0.230282808554862,0.00272248549173979,0.00169798862169679,0.000504537857981533,0.405779664209761,-0.000651119698907936,0.00388800054901484,0.0345014762233605,-0.0273450790321126,-0.000205487049563181,-0.000507985983104798,0.0100383300837128,-0.00198955300354765,-0.0395003451887424,-0.0026617334076922,-5.92994994027523e-05,1.80077263427763e-05,-2.93206816622989e-05,0.00369979493521361,-3.57409079219939e-05,-0.00955095064272395,0.000446361108205107,4.36916091466343e-05,-1.99286322095926e-06,-0.000149073779820789,-1.89279513588027e-05,-1.00966273037118e-06,4.8514274145734e-06,1.06377589370537e-06,2.08834849736677e-08,0.000114066533016362,-1.061328703694e-05,2.91345615736644e-17,-8.46368708212526e-18,1.45154443043337e-17,1.10393702252021e-05,5.30640720950316e-06,-5.96744875736022e-16,-2.22044604925031e-16,1.66533453693773e-16,5.08570570235132e-07,-2.06993889404918e-17,1.4039859691251e-16,5.55111512312578e-17,-1.87350135405495e-16,-1.07552855510562e-16,2.02962646689286e-16,-2.38958158815805e-16,2.19106927137096e-07,2.32432247383326e-06,1.62573073407755e-16,4.94753629025603e-18,-2.79650360393557e-16,-3.65560876194881e-07,3.85743609791767e-06,-6.27583766934276e-16,3.3811051824346e-18,-4.99882089652443e-17,7.16981423508385e-16,2.42341782773389e-17,-1.45747658941708e-08,6.67765820004684e-05,-3.60822483003176e-16,6.73249823636592e-17,-4.85722573273506e-17,-3.19189119579733e-16,-5.16783635163017e-17,-2.87888806335679e-08,6.66970744379707e-07,-1.52239768728968e-07,-1.5561598504048e-15,2.58052012060794e-15,3.381973617822e-09,-0.173193179340799,0.797916530281516,2.64203163832757e-14,1.39818712163731e-15,5.46958311975487e-15,-9.66315067339737e-18,-6.5594231435373e-17
"Alstonia_actinophylla",0.141176913946553,0.0503787698210168,0.0200591258020293,-0.00191848578162683,0.278589632057062,0.0146744345454985,0.00443202328368664,0.00711024385462027,0.00452355501775264,0.230282808554862,0.00272248549173976,0.00169798862169678,0.00050453785798151,0.405779664209761,-0.000651119698907934,0.00388800054901484,0.0345014762233605,-0.0273450790321125,-0.000205487049563222,-0.000507985983104822,0.0100383300837128,-0.00198955300354761,-0.0395003451887423,-0.00266173340769225,-5.92994994027315e-05,1.80077263427867e-05,-2.93206816623474e-05,0.00369979493521361,-3.57409079220355e-05,-0.00955095064272398,0.000446361108205144,4.3691609146566e-05,-1.992863220876e-06,-0.000149073779820834,-1.89279513587923e-05,-1.00966273038723e-06,4.85142741451426e-06,1.0637758937277e-06,2.08834849071976e-08,0.000114066533016298,-1.06132870369218e-05,1.93948921857863e-16,3.31696763566157e-17,-1.8671247889608e-16,1.10393702252853e-05,5.306407209581e-06,2.77555756156289e-16,-1.11022302462516e-16,2.4980018054066e-16,5.08570570227217e-07,2.84611942828146e-16,-3.23929963225672e-16,-1.73472347597681e-16,1.31838984174237e-16,-1.04083408558608e-17,-4.61436444609831e-16,5.20417042793042e-18,2.19106927024508e-07,2.32432247381038e-06,-1.96514686120681e-16,-1.30144054403826e-16,3.81712964822074e-16,-3.6556087626774e-07,3.85743609802869e-06,8.40859655480346e-16,-5.21300460432854e-17,-2.16521662659056e-16,-4.52222199300023e-16,-3.82158668577659e-17,-1.45747662549933e-08,6.67765820004259e-05,2.67147415300428e-16,1.85286178730304e-16,2.35922392732846e-16,2.42861286636753e-16,-3.11453204044265e-16,-2.87888803698899e-08,6.66970744267817e-07,-1.52239769238977e-07,2.13533170647776e-15,1.7825473216724e-15,3.38199260263572e-09,-0.604419395652929,-0.548947958212083,2.998777521162e-14,1.75554015768853e-15,-6.46531439496556e-15,-2.46723955701658e-16,-9.03140409680425e-17
"Alstonia_scholaris",0.141176913946553,0.0503787698210168,0.0200591258020293,-0.00191848578162683,0.278589632057061,0.0146744345454984,0.00443202328368664,0.00711024385462026,0.00452355501775262,0.230282808554862,0.00272248549173975,0.00169798862169679,0.000504537857981521,0.405779664209761,-0.000651119698907942,0.00388800054901484,0.0345014762233605,-0.0273450790321126,-0.000205487049563193,-0.000507985983104822,0.0100383300837128,-0.00198955300354774,-0.0395003451887424,-0.00266173340769227,-5.92994994026968e-05,1.80077263427954e-05,-2.932068166237e-05,0.00369979493521353,-3.57409079220217e-05,-0.009550950642724,0.000446361108205134,4.36916091466592e-05,-1.99286322100437e-06,-0.000149073779820831,-1.89279513588686e-05,-1.00966273047765e-06,4.85142741456142e-06,1.06377589370293e-06,2.08834849570218e-08,0.000114066533016347,-1.06132870369442e-05,-2.1454459001993e-16,7.48030397266059e-17,2.15743367485524e-16,1.10393702252298e-05,5.30640720955997e-06,4.16333634234434e-17,-2.77555756156289e-17,-2.22044604925031e-16,5.08570570283162e-07,-4.96013621349988e-16,1.3145744104739e-16,-2.08166817117217e-16,-1.87350135405495e-16,-2.08166817117217e-17,1.21430643318376e-17,1.94722710178397e-16,2.19106927057929e-07,2.32432247378623e-06,7.58368996119734e-17,1.56519000009642e-16,-6.80140963230696e-17,-3.6556087617233e-07,3.85743609802869e-06,-2.09515409224477e-16,1.2054722548684e-17,2.83078698422397e-16,-2.61402616942433e-16,-3.52139733844131e-18,-1.45747661162154e-08,6.67765820003712e-05,4.78783679369599e-16,-2.86558606736104e-16,-4.85722573273506e-17,-2.77555756156289e-17,3.72027845492211e-16,-2.8788880626629e-08,6.6697074454624e-07,-1.52239768684732e-07,-5.84714703867719e-16,-4.38612935894989e-15,3.38199585003807e-09,0.777612574993727,-0.248968572069432,-5.63793361676992e-14,-3.07219527595493e-15,1.08940634291343e-15,2.67079453889648e-16,-1.23815888097845e-16
"Gentianella_amarella",0.109914015108946,0.0152615720092515,-0.310702082644101,-0.0550878989470193,-0.10175798963731,0.0069166504291708,0.00651980472136563,0.00843975050984631,0.00255745183870545,0.0226991778612733,0.247811908464808,0.24363977384884,-0.00537108880083941,-0.000131507472791039,0.00242104000964007,0.0114445572849651,0.207390038917729,0.239723437774319,0.000175914872091613,0.00416768559413253,-0.00442215191815927,0.000384061975054141,4.92438760186808e-05,0.000395095102446646,-0.000239270576709705,0.000126836147795632,3.43756711092213e-05,-0.000222498267804525,1.51642812829403e-05,5.75048538219094e-05,3.33758088417851e-05,1.52932779850367e-06,-9.08728307478981e-08,-1.29915691484243e-06,-3.16958897436789e-06,-2.09076151022538e-07,1.60782466967979e-06,3.63895651850573e-07,1.16290795184559e-08,1.01115993601592e-05,-7.07461047699703e-06,2.76265562158565e-16,-4.76021876139232e-17,1.01436654226303e-16,9.05997362401351e-06,4.37313406384303e-06,-7.80625564189563e-18,-5.55111512312578e-17,-6.24500451351651e-17,4.60137125734838e-07,4.28479627805111e-17,-1.13813463705776e-16,-1.65666091955785e-16,7.28583859910259e-17,-1.22081164621868e-16,-1.84531209757033e-16,-5.60125947360324e-16,2.91755429062641e-07,4.75998750420048e-07,-1.41158011286211e-16,-2.14084945636565e-16,-9.76418596588041e-17,-6.65833157350031e-07,8.14612951889962e-06,4.38239489632202e-16,-2.19360840082419e-16,1.28116421258382e-16,1.06697543886358e-16,-3.49810002620231e-17,-5.99661496292203e-08,0.380150273395493,6.67001176513082e-16,-2.39638052535466e-16,-5.69856661858381e-16,7.37257477290143e-17,-5.45634922475212e-16,6.30477282013986e-09,-8.80711118605168e-08,-4.44197587059179e-08,-0.707106781186547,3.9068401482769e-15,1.27568772559372e-09,-9.19591382290366e-16,-1.50139855521758e-15,6.02606978385097e-16,-1.19045398538908e-16,6.39570861549199e-16,-5.5323817729213e-16,-5.98533809320623e-16
"Gentianella_insubrica",0.109914015108946,0.0152615720092515,-0.310702082644101,-0.0550878989470193,-0.10175798963731,0.00691665042917079,0.00651980472136562,0.00843975050984632,0.00255745183870546,0.0226991778612733,0.247811908464808,0.24363977384884,-0.00537108880083938,-0.000131507472791007,0.00242104000964001,0.0114445572849651,0.207390038917729,0.239723437774319,0.000175914872091622,0.00416768559413256,-0.00442215191815923,0.000384061975054075,4.92438760186734e-05,0.00039509510244669,-0.000239270576709749,0.000126836147795669,3.43756711093264e-05,-0.00022249826780451,1.51642812829429e-05,5.75048538218934e-05,3.3375808841779e-05,1.52932779858001e-06,-9.08728307027953e-08,-1.29915691485591e-06,-3.16958897442036e-06,-2.09076151006979e-07,1.60782466944612e-06,3.63895651820053e-07,1.1629079493499e-08,1.01115993602806e-05,-7.07461047679244e-06,-2.86719959502116e-16,3.56645392348627e-17,-9.28523750815705e-17,9.05997362394498e-06,4.37313406388047e-06,1.52655665885959e-16,1.17961196366423e-16,1.17961196366423e-16,4.60137125875236e-07,-1.96020823549997e-17,8.8988364958681e-17,-1.28803218091278e-16,9.97465998686664e-17,-1.06685493772574e-16,6.17995238316738e-18,-7.40239033264478e-17,2.91755429128225e-07,4.75998750924288e-07,1.39867191821937e-16,1.89455102962323e-16,-1.44913074379241e-16,-6.65833157324335e-07,8.14612951898115e-06,-8.21775531608469e-17,2.81974244475167e-16,1.70941187958614e-17,-1.74327659221894e-16,-3.49810002620156e-17,-5.99661495355452e-08,0.380150273395492,6.24066770482656e-16,2.94656778065301e-16,-6.94756752128711e-16,-2.58473797920544e-16,2.80960813827504e-16,6.30477250268546e-09,-8.8071112132489e-08,-4.44197587873415e-08,0.707106781186548,-3.97574332655883e-15,1.27568698139735e-09,1.02329891078895e-15,1.47879151964429e-15,-6.13867859144033e-16,1.94397449526651e-16,-7.52761568356686e-16,3.37271277076264e-16,5.65438538005503e-16
"Gentianella_germanica",0.109445988631847,0.0151393700632435,-0.306021693180986,-0.0541112686059355,-0.0993073788156597,0.00673831662256174,0.00626426287453583,0.00784450564607607,0.00235962241015072,0.0208861899432357,0.222499953696965,0.218515311602475,-0.00476644486000077,-0.000115317233630855,0.00211621692098903,0.00914678515372308,0.164554478110793,0.189160892426373,0.000138121271764599,0.00309857783550079,-0.00321917949319966,0.000278405467204468,3.54168762291935e-05,0.000282978800900632,-0.000167164442115504,8.72984306331468e-05,2.19706030037577e-05,-0.000138118596001852,9.28315558440269e-06,3.50245879444552e-05,2.03102364677072e-05,8.09020529519499e-07,-4.78999038729718e-08,-6.76960764075952e-07,-1.58876555321789e-06,-1.02623430075339e-07,7.22973458522046e-07,1.62080332317088e-07,3.77643631997923e-09,2.51532417509636e-06,-1.62768281399187e-06,-5.97705188885821e-17,7.89354378492146e-18,4.64993002836574e-17,4.94554743895974e-07,2.19773626090841e-07,-3.81639164714898e-17,-8.15320033709099e-17,-5.72458747072346e-17,-2.52081840980265e-08,-7.35705128406136e-18,-2.0636141174224e-17,2.98372437868011e-16,-4.90059381963448e-17,2.61834824655249e-16,-4.20670442924376e-17,8.80860055035848e-16,-1.68555392936809e-07,-2.83263213487271e-07,-1.00440831180368e-16,9.58559007974538e-17,2.66069276683187e-16,6.49152105265801e-07,-9.24611116310051e-06,-4.10318741154912e-16,-8.55323038419514e-17,-1.23272015856168e-16,8.9202127427999e-17,1.02001534080371e-16,9.88650928259588e-08,-0.842263471624892,-1.63541055697713e-15,-3.31077402173133e-17,1.52265353103864e-15,2.00360561475321e-16,3.1131680492974e-16,-8.56712120706621e-08,1.86349226574315e-06,-2.96972804652153e-07,-1.1727144380003e-16,6.21045257680203e-17,6.07892359887063e-09,-5.75683047207123e-17,5.38579432418883e-17,-2.36001098854642e-17,-1.67726076083508e-16,4.77048955893622e-17,2.25446889779944e-16,1.86103302907137e-16
"Swertia_pseudochinensis",0.108067082335697,0.0147737145914257,-0.291595088081661,-0.051066482696596,-0.0914537472907473,0.0061625091816949,0.00538765073016583,0.00546244127640938,0.00153869163076659,0.0132594231378517,0.101459296659603,0.0976522208998934,-0.00168040002125894,-2.67157058991452e-05,0.000415713202312131,-0.0165871051883913,-0.354022242048328,-0.462785314477822,-0.000379236002380174,-0.0378726941975793,0.129678949108226,-0.0182380195760496,0.0297351520396737,0.030632926432871,-0.00336403165783467,0.00126616508721446,0.000169068274316954,-0.000959009320167583,6.21109504282853e-05,0.000231542990762246,0.000133996970803644,4.58101125464964e-06,-2.70886552902402e-07,-3.81494484148847e-06,-8.89461348951327e-06,-5.74132989238313e-07,4.09785538032146e-06,9.21112136657468e-07,2.5236640935321e-08,2.041055367655e-05,-1.40521551315864e-05,2.17206810760811e-15,1.76169990082955e-15,0.707106781186548,1.57721315856008e-05,7.59056032437753e-06,-1.06512021424976e-15,2.22044604925031e-15,1.02001740387436e-15,7.4536149840282e-07,7.07143731278705e-15,5.74341774915168e-17,-6.60929644347164e-15,-1.04083408558608e-16,2.83540552148409e-15,-1.51614831800373e-15,-7.86046575051991e-17,3.41177288739469e-07,5.50385312329543e-07,-2.13692467781287e-16,2.30042428425937e-16,1.0658231378876e-16,-5.87773132987562e-07,6.29620807554576e-06,-2.67572724746135e-16,-5.48390674964534e-16,-3.95200338666153e-16,1.48657217946508e-16,1.17080891967594e-16,-2.59324060974953e-08,0.0262208283653236,1.21430643318376e-17,1.60000541089168e-16,-2.77555756156289e-17,2.15105711021124e-16,-1.38964478044821e-17,-4.3309255398985e-08,1.00820235042292e-06,-2.36005846540729e-07,2.81786541862334e-16,-1.0618577358913e-16,5.27208243034094e-09,-1.81062182821055e-16,-1.09393212433294e-16,-1.6417806703929e-16,1.06685493772574e-16,-1.17961196366423e-16,7.4962712932522e-17,-1.02999206386123e-18
"Swertia_bimaculata",0.108067082335697,0.0147737145914257,-0.291595088081661,-0.051066482696596,-0.0914537472907473,0.00616250918169488,0.00538765073016582,0.00546244127640938,0.0015386916307666,0.0132594231378517,0.101459296659603,0.0976522208998935,-0.00168040002125894,-2.67157058991634e-05,0.000415713202312057,-0.0165871051883912,-0.354022242048328,-0.462785314477822,-0.000379236002380141,-0.0378726941975795,0.129678949108226,-0.0182380195760495,0.0297351520396737,0.030632926432871,-0.00336403165783463,0.00126616508721454,0.000169068274316921,-0.000959009320167724,6.2110950428431e-05,0.000231542990762218,0.000133996970803615,4.58101125491752e-06,-2.70886552992608e-07,-3.81494484153882e-06,-8.89461348953062e-06,-5.74132989057414e-07,4.09785537997067e-06,9.21112136317335e-07,2.52366415273763e-08,2.04105536762753e-05,-1.40521551298454e-05,-2.04171300275752e-15,-1.6244803243039e-15,-0.707106781186548,1.57721315823568e-05,7.59056032285227e-06,1.00267016911459e-15,-2.08860706507608e-15,-9.71445146547012e-16,7.45361497595605e-07,-7.0682937398933e-15,8.33772881248939e-18,6.51388665229291e-15,2.20309881449055e-16,-3.00107161343988e-15,1.20910226275583e-15,-6.07153216591882e-17,3.41177288932481e-07,5.50385311436027e-07,2.52948147259775e-16,-2.26840367054046e-16,-1.58396697165751e-16,-5.87773133129375e-07,6.29620807581291e-06,2.97079766682995e-16,5.77444860928351e-16,3.81955778571416e-16,-1.51449943397486e-16,-1.04963712957569e-16,-2.59324060628008e-08,0.0262208283653235,-1.90819582357449e-17,-1.45310790685142e-16,8.32667268468867e-17,-2.09901540593194e-16,2.81705964856415e-17,-4.33092554683739e-08,1.00820235037044e-06,-2.36005846530971e-07,-3.01080546065875e-16,1.64431088662382e-16,5.27208234013532e-09,1.24249148967928e-16,3.86731425902359e-17,1.6780463817605e-16,1.05384451165591e-16,-2.34621350125863e-16,-3.34303992544367e-17,4.03323208164608e-17
"Gentiana_lutea",0.105728735361818,0.0141470100673328,-0.266329063784271,-0.0456871735151228,-0.0772659845263113,0.00511569945610206,0.003702040320143,-8.98517681698036e-05,-0.000491715934500989,-0.00606439771778423,-0.309146289441078,-0.319543943593366,0.0113351559169573,0.000494860397601837,-0.0108970670804253,0.0110481522286815,0.114517914903197,0.0551345699442569,-1.27305726894466e-05,-0.0307000860188803,0.120465855293099,-0.017282416902274,0.0291083080595582,0.0304452107811967,-0.00358464100538983,0.00138996027461074,0.000201714290438068,-0.00116461942008627,7.59457132859572e-05,0.000283765529042922,0.000164282726098267,5.8281950685254e-06,-3.44826252773986e-07,-4.8644850940233e-06,-1.13977033470569e-05,-7.37361421011534e-07,5.30064060083419e-06,1.19219697878292e-06,3.30252216665125e-08,2.67977460380124e-05,-1.84599700731778e-05,-0.812411393549294,-0.0815744708714684,2.71187129694995e-15,2.07701443089719e-05,9.9960624091342e-06,-1.77895892461422e-15,1.79587247850499e-15,4.42462906591334e-14,9.81455140225868e-07,1.23372683402039e-15,-1.21330510517084e-16,8.22150507395758e-16,-2.25730892311482e-16,-3.78901554229372e-16,4.43739554649436e-15,3.711495086961e-16,4.45226213068926e-07,7.17878274542621e-07,-1.03752175294293e-16,2.09110424667604e-16,1.77342971258744e-16,-7.55192475271604e-07,8.01169465583463e-06,-2.21417970004035e-18,-2.09951492045849e-17,2.0013854749928e-16,1.37807366213233e-16,-2.65228557054035e-16,-3.09053666885592e-08,0.00556111920051148,-1.06251812903579e-17,1.43037281135024e-16,-3.95733792957209e-17,2.6031694161377e-16,-2.68998060788251e-16,-6.03125189789803e-08,1.39946465689394e-06,-3.22626446641036e-07,-1.890019774598e-16,7.12580358267931e-17,7.18564785451292e-09,-2.58133249197119e-16,-1.25174343453183e-16,-8.23847733786054e-17,1.39618134761821e-16,2.47198095326695e-17,5.40038153225678e-18,-3.12809267421013e-17
"Gentiana_affinis",0.105728735361818,0.0141470100673328,-0.266329063784271,-0.0456871735151228,-0.0772659845263113,0.00511569945610207,0.003702040320143,-8.98517681698081e-05,-0.000491715934500989,-0.00606439771778427,-0.309146289441078,-0.319543943593366,0.0113351559169572,0.000494860397601832,-0.0108970670804253,0.0110481522286816,0.114517914903197,0.055134569944257,-1.27305726894427e-05,-0.0307000860188804,0.120465855293099,-0.017282416902274,0.0291083080595582,0.0304452107811968,-0.00358464100538994,0.00138996027461067,0.000201714290438026,-0.00116461942008625,7.59457132859344e-05,0.000283765529042898,0.000164282726098181,5.8281950685786e-06,-3.44826252691749e-07,-4.86448509393893e-06,-1.13977033467053e-05,-7.37361421094485e-07,5.3006406009791e-06,1.19219697880047e-06,3.30252219101757e-08,2.6797746039135e-05,-1.84599700735819e-05,0.335560132699682,0.744356140573341,-3.66844164767694e-15,2.07701443106052e-05,9.99606240912085e-06,-1.19479079407903e-16,-1.13537651502682e-15,-1.77466548401117e-14,9.81455139882046e-07,-4.22024377445511e-15,3.71387787064031e-16,-9.12312760059653e-15,1.0842021724855e-16,3.90887409246199e-15,-7.44711367225981e-16,-5.35826266169492e-16,4.45226212968421e-07,7.17878275159487e-07,2.11967497331278e-16,-2.53572852444198e-16,-1.68083840895769e-16,-7.55192475328714e-07,8.01169465597124e-06,8.06188662787351e-17,4.74268403197478e-16,-2.02317298927312e-16,5.62753628423289e-17,-1.28185402451776e-16,-3.09053664994743e-08,0.00556111920051143,-2.14021508848639e-16,-2.64622735717939e-16,2.49366499671666e-18,-3.80663382759661e-16,1.45817690406231e-16,-6.03125191606926e-08,1.39946465689085e-06,-3.22626446693606e-07,2.68965020198108e-16,-1.89475849233221e-17,7.18564776127154e-09,-6.38442198995233e-17,8.94900643847998e-17,-1.50329131138449e-18,6.75186902915348e-17,-1.10209150833152e-16,1.16616490734493e-17,-7.99649924184895e-17
"Gentiana_utriculosa",0.105728735361818,0.0141470100673328,-0.266329063784271,-0.0456871735151228,-0.0772659845263113,0.00511569945610206,0.00370204032014301,-8.98517681698305e-05,-0.000491715934500982,-0.00606439771778429,-0.309146289441079,-0.319543943593366,0.0113351559169573,0.000494860397601835,-0.0108970670804253,0.0110481522286816,0.114517914903197,0.0551345699442569,-1.27305726893819e-05,-0.0307000860188805,0.120465855293099,-0.0172824169022739,0.0291083080595581,0.0304452107811968,-0.00358464100538975,0.00138996027461065,0.00020171429043787,-0.00116461942008629,7.59457132859334e-05,0.000283765529042913,0.000164282726098199,5.82819506866907e-06,-3.44826252671258e-07,-4.86448509374936e-06,-1.13977033465562e-05,-7.37361420933898e-07,5.30064060103114e-06,1.19219697896139e-06,3.30252217603093e-08,2.67977460404093e-05,-1.84599700701584e-05,0.476851260849612,-0.662781669701872,1.00143394962573e-15,2.07701443086514e-05,9.99606240941153e-06,1.81148498978878e-15,-8.65193333643433e-16,-2.63725673244064e-14,9.81455139057e-07,2.96324613957236e-15,-2.54797205035742e-16,8.08565454174515e-15,1.05384451165591e-16,-3.67417142717319e-15,-3.52821070970233e-15,-1.43934614661029e-16,4.45226213034574e-07,7.17878274024013e-07,-2.18243924707212e-16,5.96531551930127e-17,5.66712694615508e-17,-7.55192475419733e-07,8.01169465608443e-06,-5.55569265869452e-17,-4.01766952189007e-16,-8.02826961795558e-18,-1.79647029890526e-16,4.23456662908694e-16,-3.09053664365906e-08,0.00556111920051141,1.22840106142608e-16,8.57914064266729e-17,-9.49761103097302e-17,2.21719344273286e-16,1.60996520818423e-16,-6.03125191123372e-08,1.39946465693255e-06,-3.22626446757208e-07,4.69204152730318e-17,-4.6703160540084e-17,7.18564778295558e-09,3.2473383873927e-16,7.13482140499389e-17,5.24899768787262e-17,-6.66784336078585e-17,2.14834660478003e-16,-2.62271454071038e-18,1.58864417389333e-16
"Centaurium_littorale",0.0981039475451828,0.0121860408385953,-0.193619615953582,-0.0307231415517755,-0.0410799304573263,0.00251117634741283,0.000351793329092582,-0.00437930527782167,-0.00151191324999097,-0.0138466360211412,-0.114344872831529,-0.105788130240978,-2.44152695771775e-05,-0.00016072622061505,0.00442449965353408,-0.0242504809788526,-0.206409716892371,0.00530218949130414,0.000191666430668193,0.184872495150264,-0.843762447595015,0.12482199634664,-0.222639799083504,-0.2400402556122,0.0339116750143004,-0.0146853032639206,-0.00380035334565024,0.0283884268477607,-0.00211646989612407,-0.00832216553962734,-0.00486185692479776,0.00271190591707753,-0.000121987296737871,-0.000984553642814175,-0.000994870405536852,-5.03818394866134e-05,0.00020526386375352,4.43716344795388e-05,6.57204183221e-07,0.000441836044444738,-0.00029368373585669,4.0126511498741e-17,2.6039827493949e-17,-1.33853884275912e-17,0.000263147265853511,0.000126141864426873,6.93889390390723e-17,-2.77555756156289e-17,1.38777878078145e-16,1.14086047362261e-05,8.02715909741688e-18,6.37636066196275e-18,-3.67761376907083e-16,3.53883589099269e-16,-1.14491749414469e-16,1.82145964977565e-17,2.27248775352962e-16,4.20962669823401e-06,6.76027015389091e-06,2.60795026481439e-16,-1.10168803728192e-16,-3.11465099330704e-17,-6.64229483078073e-06,6.89928104675858e-05,5.32361624616041e-18,-1.18070354898295e-16,-1.13406837026319e-17,1.96222258178908e-17,-3.64151337969786e-17,-2.51744189799785e-07,0.00976193224465232,9.0205620750794e-17,-3.41340727695255e-17,-2.08166817117217e-17,1.38777878078145e-17,-1.3423476772679e-16,-4.39565132320796e-07,1.01005895876988e-05,-2.14045589676855e-06,1.95733341720833e-17,-7.91923323325118e-17,4.62112768467859e-08,1.76195380434535e-17,4.61948499632908e-17,5.56388469271291e-17,5.98479599211998e-17,-1.30104260698261e-17,-3.46072402234761e-17,-1.21430643318376e-16
"Asclepias_eriocarpa",0.167288834684473,0.0759668550136946,0.159058483176339,0.0097003278529755,-0.168766790304101,-0.00611452881569027,0.000374234988657026,0.00128980160190639,0.000508220658517988,0.0151802590580097,0.00380490109790419,0.00217602606970104,0.000419691547753671,0.000191343570206796,-0.000885988383042357,0.00378917699177654,0.0353339874203535,-0.0292661759995143,-0.000230154906965508,0.00241507336975173,-0.00348488524382185,0.000428924428030178,0.0024212324183443,3.29992865124905e-05,6.73975858543532e-06,-1.84474868808223e-05,-0.000140352606294869,0.0707771672723986,0.000315281428341854,0.0116453542523712,-6.60090909392083e-05,-0.000131103582352367,7.03244366334646e-06,0.133320285619681,2.7057077409445e-06,3.05098997389961e-07,-1.66918414452779e-06,-3.60236263589146e-07,-4.8968683519497e-09,-0.0490673614058799,-2.25761661228953e-06,8.18453661418975e-17,-2.34258402391215e-17,-6.81897634169931e-20,-1.49811864243312e-07,-7.10615753637516e-08,1.83091728732931e-17,-5.48249060730365e-18,-7.9045741290668e-17,-3.8870027438377e-09,-6.21186098150013e-18,-2.04538531946117e-17,1.84026111380248e-16,-2.58762283119074e-16,-2.74066281594745e-16,4.33159888209073e-17,7.2308843437922e-18,-2.99090999513043e-10,-0.0123123310722279,4.90270893386564e-15,2.04377185138694e-17,2.0557770570384e-17,-1.15355812816135e-09,5.47562824777354e-09,-3.60179370573797e-17,-1.69807132549916e-17,1.09248486112915e-16,-1.04763569238799e-16,-2.81616395609217e-16,7.02165469434042e-11,-7.70642339218905e-07,-2.57937104034278e-16,4.04254720362036e-17,4.38865051077074e-17,2.8322233448634e-17,8.41231033158818e-18,1.63072232997854e-09,-4.21814424907033e-08,2.39642270736291e-08,4.89660692311036e-17,1.60231108116353e-16,-7.4720713026341e-10,-1.22429873951401e-16,7.76976986428408e-17,4.84725038549711e-17,-3.51479115826303e-16,-1.57113218774358e-18,-1.79858561022118e-17,-2.38673217270917e-16
"Faramea_occidentalis",-0.0598476865951787,0.00668322405053632,-0.0139273540573079,0.11610902564931,-0.0017512641794731,0.00397220604183853,-0.0309843639969346,-0.067844414995507,-0.0175101926298875,-0.000579362770357811,-0.0164194211375685,0.00844608945346058,-0.0894953448149911,-3.28938609298712e-05,0.00874107230178501,-0.0758881516940773,-0.0219775966671428,0.0135962186591455,-0.000861487389643617,0.218525604923199,-0.128040155576102,-0.113036590565399,-0.0840178710482717,0.682904460137728,0.13474708132154,0.251547625070164,0.421653201159322,0.00437477169919017,0.166912401779352,-0.00288080992264542,-0.0206025644221338,0.00725812117277902,-0.129926285976601,-0.000150299602427867,-0.0380058118677917,-0.00183840435014981,0.000449564069637858,9.69995647147001e-05,1.37097945488968e-06,6.94831680722626e-05,-0.0176489042230393,9.5723153949712e-17,-1.39652313129568e-16,-9.37432574661646e-17,0.00545864687077122,0.00023707676086787,8.79675777281425e-17,-9.89907067389093e-17,-2.14043641966579e-16,0.000227123674181073,5.10340137257345e-17,-6.57606538679721e-18,-4.32796151567739e-16,6.02537394067621e-16,9.22771034901203e-16,3.92465782110359e-17,3.24421744163275e-16,7.70360839428964e-06,1.00796401273426e-06,-3.87293841756815e-17,1.0691527650337e-17,8.64772626575027e-17,-0.000112853824108462,0.00115596639776287,6.2775828550494e-17,-1.87154367309684e-17,2.07775888380978e-17,4.78920966471603e-17,1.06845100928746e-17,-4.06864112059181e-06,0.000160555284117415,-4.13781535692386e-16,5.03672410623068e-17,2.57439577804502e-17,-2.3996518883022e-16,-6.90661830319844e-17,-6.28777349951642e-06,0.000142790782114087,-2.63038566448416e-05,-7.41992975632497e-17,-1.35661346257113e-16,5.22181288969238e-07,-1.14075714888857e-17,-1.94468160118604e-17,1.89822047633654e-17,4.56088067117487e-16,-1.20450602003997e-16,5.74281906107371e-17,-2.21790963670283e-17
"Galium_bifolium",-0.114394107819863,0.0837610401655008,0.015895647910194,-0.0866801429847076,0.000394335724990977,-0.000216605751285359,0.034620556815486,-0.0365525629347737,0.171033351285397,-0.00202137078879816,0.000428584153784783,-0.000226715299078743,0.00176154083346531,1.22004816357569e-06,-0.0002844182207297,-0.124920347415698,0.0125824208268982,-0.00418605437487221,0.000194532334503259,-0.019809698699034,0.00720631096080808,-0.0535605184470966,0.0124209156729376,-0.0986835832679899,-0.0411329448533725,0.263314219948884,-0.0162436133272236,2.81722773709579e-06,-0.000248954111897227,-4.42091459074357e-08,-1.36440235067773e-06,-7.03264290945789e-06,6.02986029322547e-06,1.17025043694458e-07,-0.00311810314565816,0.0553999403273737,-5.28010462789111e-07,-1.14561065461128e-07,-7.93656277431825e-10,-1.65895815387724e-08,1.1901825966025e-06,6.44981313821295e-17,3.46237363851904e-18,2.24832154242815e-17,3.99534540056163e-06,3.00812534766081e-08,3.1493190410956e-17,7.13390513460607e-17,-6.10003477361295e-17,-0.000581138348030674,-3.74368835490827e-17,2.09755199308683e-18,-2.75258801225254e-16,-4.05010773291872e-17,-9.72471129144959e-17,3.77166333621354e-17,-1.06422555538116e-16,-4.90083902420947e-09,-6.79293370569986e-10,2.51686873001522e-17,3.15082093620587e-17,-1.41366989491521e-17,0.000879843672691087,-2.6117159481251e-05,-1.50595158994653e-16,4.0265161452243e-17,-2.08557745853455e-17,-9.35377806007434e-18,4.88484265643643e-17,4.08686192044582e-05,-6.30342000726078e-07,1.06881475677919e-15,4.863251758633e-17,1.26590473305381e-16,5.45524832753311e-17,-2.04939257046338e-17,0.000132824595267098,-0.0204791643921769,0.005227741362835,-8.98118088470409e-17,1.97405561130434e-16,-2.06045282534951e-05,-4.61020410084219e-17,1.00434830797454e-17,3.97988864750871e-17,-6.26409781593323e-17,9.61127427378337e-17,1.2954078948999e-16,-1.40248111878436e-16
"Galium_sterneri",-0.112104224607462,0.0805727644758974,0.0147321922884603,-0.0791491034177979,0.00034679515584353,-0.000188482980213064,0.0274381411751818,-0.0206955177507106,0.0861506691143352,-0.000968039971057875,8.34238455488246e-05,-4.04062118560147e-05,-1.72166254900949e-05,-3.93179152650183e-07,0.000124300629224534,-0.147131726939487,0.0132919600986803,-0.00408733861167275,0.000177297916373716,-0.00804815289034158,0.00183058424262973,-0.0120324045747514,0.00211962170525978,-0.0140565849932032,0.000954270664175268,-0.0319754430281633,0.00996937480897818,-2.29840945112651e-06,0.000227761201895816,4.20604891445336e-08,1.30683191321103e-06,1.46607044650876e-05,-1.27659496197552e-05,-2.60106104248064e-07,0.0080919109511058,-0.155581760543918,2.0070763713321e-06,4.49100746998174e-07,7.87121709172839e-09,3.75381220468346e-07,-3.61385110233243e-05,4.54161731463846e-17,-2.86300106670519e-17,-8.74180714330103e-18,9.43271690526585e-05,6.87982920121863e-07,1.76154026031416e-17,-5.70304858762229e-17,-3.32447721205006e-17,-0.00803815058156439,-5.30493948328739e-17,3.62828517110021e-19,-3.27750290309982e-16,-3.31877592104104e-16,-4.57935194393991e-16,-3.51417526288905e-17,-3.52988930230666e-17,-3.3374823793185e-08,-4.57977843224250e-09,1.99645168722218e-17,-3.441128272506e-17,-1.93408693770825e-17,0.00507485894300746,-0.000144323159035121,8.99940079521296e-18,-3.95321184426901e-17,1.69563060235295e-18,2.3605967983485e-17,1.32865953068398e-17,0.000205692747292125,-2.98095068207785e-06,2.44821105690204e-16,-4.67772735923944e-17,1.16182132449521e-16,-4.95309252832773e-17,-1.0085584848773e-17,0.00045119212802538,-0.0105935313921836,0.00287913901334779,-1.86881463319919e-17,1.34955515995269e-16,-7.08647896966989e-05,-1.31422949648625e-17,1.00434830797454e-17,1.63497000359736e-18,-6.76684626550377e-17,2.49890802227845e-17,-7.689130415125e-17,2.17104924172786e-16
"Gardenia_ternifolia",-0.010848789557801,-0.22054866534453,0.0446356409441807,-0.0593175019116484,-0.0124871177342418,0.226654018723749,0.00503632720245071,0.00772933140109146,0.00202882839368041,0.00178986150310114,0.0433596384278047,-0.0384193071049516,0.00248309147846723,0.000126356042820233,-0.117092368183904,-9.56260857038811e-05,-4.98652020609626e-05,1.01230205288818e-06,-0.00519194389421046,-0.00366927718235729,-0.000570984004407693,-7.47311518664802e-05,-1.87115598914995e-05,-8.6681739682134e-05,0.0020259689891242,0.000120281877595448,-3.53114619517143e-05,2.31152672274289e-05,-5.17781481196914e-05,-4.91075847919436e-05,-0.000891103606981053,-3.84951419335173e-05,-1.35970391868886e-08,3.3402795157006e-07,2.82871114306291e-05,2.5855500006072e-06,-0.541653754047667,0.000532259264281909,8.73208305819387e-07,6.03110504184989e-06,-5.55723442318889e-05,5.51753319891802e-18,9.62700796032782e-17,-5.67322766407833e-16,0.00123786834710331,0.668896868624564,3.7480533731047e-15,-7.98187896756784e-15,-7.04531857721386e-15,-1.29490069566513e-06,-5.99882887367811e-17,7.84253849360663e-17,2.37136323538756e-15,-1.55765176404208e-15,-2.35871241623382e-15,1.28897776388884e-15,-1.15768469964529e-15,0.191722284048387,7.08595115668248e-09,6.11495464838312e-15,-2.33291988839433e-15,8.82119861334795e-17,-4.213882629647e-07,4.64851244372877e-06,8.87966806901461e-17,1.02715206587408e-16,1.21039714582138e-17,-1.1517191009466e-16,1.5888680520805e-17,-1.88426788801987e-08,7.46178525287862e-06,6.0352164335419e-16,-5.19814440203248e-17,3.4064881544054e-16,8.51616381420208e-17,5.60181508342018e-17,-4.06299155773493e-08,9.42733467438064e-07,-2.12762304969426e-07,-9.67507027509482e-17,-1.18314111497344e-16,4.63206967029842e-09,5.93966327088236e-18,4.47379525992815e-17,-4.52025638477764e-17,-2.75280145868139e-16,6.95097846206082e-17,-1.26333959257155e-16,1.65720434565565e-16
"Geniostoma_rupestre",0.077389709575878,0.00446418880889359,-0.0621069587774659,-0.00258905733981109,0.0181032219127455,-0.00291118261739641,-0.00585069793004442,-0.0116943215223418,-0.00331694057361327,-0.0239897559327089,-0.0456070176288973,-0.0227457421300582,-0.00596349082220561,-0.000405487375902458,0.0120316700867072,-0.0164746758049652,-0.0974159092971818,0.0493844377719808,7.12827712386721e-05,0.052780101212893,-0.112029763948459,0.0129497429161144,-0.0159775836285668,-0.00665263843821851,-0.00428066174193483,0.00311802870668479,0.00224015511350268,-0.0157017086377611,0.00167473865171649,0.0052000347648185,0.00404654476093874,-0.00359844651807282,0.000163265782458099,0.00106159748346152,0.0014846702465471,7.82274553113331e-05,-0.000366050288266451,-8.01546165975433e-05,-1.58593294498289e-06,-0.000972521625623424,0.000831854786099294,8.98698015087163e-18,-2.77626489290635e-17,-1.22112540952546e-17,-0.000922541374477639,-0.000444140059225646,1.34664576647429e-17,-4.74217229313058e-17,-5.0575336010933e-17,-4.41507852979759e-05,1.39504911000552e-16,-6.57606538679721e-18,1.29552962943218e-15,2.96417326329305e-16,4.98404561918088e-16,6.27642784269381e-17,4.22023411036588e-17,-2.19010327606977e-05,-2.85851847576329e-05,3.86798941538818e-17,-6.57370735265585e-17,-3.66881041368506e-17,3.92780149277514e-05,-0.000424298553578216,5.05795793667351e-17,-4.30015653946437e-17,-5.24326330155427e-18,6.25873322371693e-18,1.93581274727586e-17,1.70231420793519e-06,-0.00662692501584187,-4.84022410870748e-17,1.52679730070719e-17,-2.20726756555218e-17,-1.01933797138622e-16,9.77957880771202e-17,4.34484732848094e-06,-0.000103055090915509,3.06076952715497e-05,-2.73617637118759e-17,-3.2232340647973e-17,-7.78441360219695e-07,-5.82451053402595e-17,1.69823769836526e-17,-8.33664803192662e-17,1.04428418038924e-15,1.36158500338504e-16,-2.50247021793865e-16,-1.14769720252669e-16
"Gentianella_campestris",0.109721882155146,0.0152115647692556,-0.308798125113193,-0.0546914973333562,-0.1007685824786,0.0068447519490398,0.00641791494504095,0.00820837737829913,0.00248097362360815,0.0219997044867666,0.238216331160293,0.234122564185201,-0.00514372756009977,-0.000125468903980297,0.00230759215906589,0.0106358664165447,0.192377160815587,0.222058299665901,0.00016274804508121,0.00380605502915908,-0.00401959780105194,0.000348780593297794,4.4644697067461e-05,0.000357878843390419,-0.00021562026042994,0.000113958359924244,3.04643841369432e-05,-0.000196207696031845,1.33419330030302e-05,5.0552810862909e-05,2.93366605045133e-05,1.31739752193925e-06,-7.82437726153753e-08,-1.11696965977799e-06,-2.71218034409396e-06,-1.78464455268217e-07,1.35944364869547e-06,3.07384616851396e-07,9.57350639800428e-09,8.20151027726869e-06,-5.71812219179066e-06,-1.52991485128037e-17,6.06445885248425e-18,1.55443215203743e-17,7.10327187167554e-06,3.42626467815733e-06,4.55801547746874e-17,1.4834020480383e-17,3.07319467222988e-17,3.54698360172778e-07,6.18252061793581e-17,-2.31439300972972e-17,1.1502073872384e-15,4.13163292832786e-16,-3.44286796533854e-16,2.36155926911151e-17,-1.1954451846411e-16,2.10741792248582e-07,3.43207563807687e-07,9.77353533809715e-18,-4.21789254497483e-17,-1.00176253303369e-16,-4.63568906376451e-07,5.60026427254568e-06,1.01560792049594e-16,-3.36079948913663e-17,1.44187230500958e-17,3.03545686451919e-17,-1.55530947883852e-17,-3.98384655701467e-08,0.245236495365945,3.0049268210621e-16,5.54479163559239e-18,-3.66810732002452e-16,-7.1199773176981e-17,-1.92149117682367e-16,3.47662772645095e-09,-4.75311833245605e-08,-1.72686826020361e-08,-0.253486328298192,1.4008562032689e-15,3.76232359699722e-10,-2.87119314941467e-16,-6.54673948432499e-16,3.08166767633711e-16,-1.75365949602286e-16,1.73117019401312e-16,-2.51094031254515e-16,-4.59998306749999e-16
"Hintonia_latiflora",-0.00938544638973328,-0.162001078893181,0.0192758122842407,-0.0165622662480231,0.00452266674200106,-0.166421731572551,0.00592593540346334,-0.00274550270340574,-0.00120633103690649,-0.00123178188831722,-0.110137594393747,0.109382743204104,0.0101318829510548,4.23746442394378e-05,-0.0198994685621542,-0.00559700468181577,-0.00949257142218154,0.00552834912079507,-0.00157952906863248,0.264240965375796,0.0850452037711787,0.015255907217801,0.016441456482765,-0.080642734528908,0.102693167098349,0.00286188457931342,0.00121823792955174,-0.00226874038826927,0.0116006148077061,0.0186010310410015,0.381977548706593,-0.37458636756813,-0.00199992622579471,-0.000275731967238693,-0.00179078208162723,-7.6293210926607e-05,0.00200696082523484,-0.0495923786548246,0.000109044597703924,2.27529812877737e-05,-0.000194014492461007,1.00927324377642e-16,-2.16911167631447e-17,-9.54779809421414e-17,0.000141493261538251,0.00050453268218135,-6.3298436787979e-17,7.64821522477118e-17,9.58363567697889e-18,5.42394872725543e-06,-2.74241402954651e-18,-4.4739981858287e-17,6.07515737669627e-16,-2.05196027213594e-17,-7.78237406068908e-16,-1.64376648381943e-16,-1.05392734943715e-17,8.24414378221248e-06,1.50817850207788e-07,-6.83965403592451e-17,8.0024256657272e-17,3.79050053301521e-17,-1.18577402188682e-06,1.00343851520172e-05,-8.8611768830628e-18,-4.83764892315394e-18,-3.82030093451136e-17,-6.80160680190305e-19,-8.3974481428703e-18,-1.47856021323357e-08,-1.1735695279215e-06,-1.28431559770351e-16,1.5335018433741e-17,-2.59621700531461e-16,6.13275099924808e-17,6.73501504553426e-17,1.5734277480296e-07,-4.04979492155484e-06,2.03836067390674e-06,4.02924518512196e-17,4.01209276389329e-17,-5.98203786564991e-08,4.20493979490555e-18,3.08601647914671e-17,-4.52025638477764e-17,-1.027683496919e-16,2.32489982749141e-16,-9.55461316894623e-17,4.78700335689382e-16
"Oldenlandia_corymbosa",-0.0756153128427761,0.0277088090311407,-0.00622980933179593,0.0613039352205531,-0.000623399295419688,0.000400554810999803,-0.157757492199609,-0.372231528736862,-0.124010818960239,0.0101364669447231,0.0196302766939579,-0.00958454466180645,0.0482201956839536,2.83378818116483e-05,-0.00653605455920821,0.0287317365048071,0.00181098635107966,-0.00145538926821626,9.47015678166466e-05,-0.0156101559165752,0.00776152072591695,0.00828396917265173,0.00445301539550642,-0.0352861078301249,-0.00638042469955915,-0.0022990339724202,0.018457278440227,-5.97423887168118e-06,0.000808076828902242,1.78170397898046e-07,5.74442977266345e-06,1.91699970714208e-06,-1.7952398412095e-06,-4.99008224837667e-08,-2.88056942779467e-05,2.25091240650818e-06,-7.05520303004806e-07,-1.73348046600067e-07,-1.62190516022111e-08,-1.51500576654445e-06,0.000170733305439638,5.9293960954199e-17,1.69128465594304e-16,2.39323649921382e-16,-0.0914359927660764,0.000158133359564649,-1.30077443913923e-15,-3.13769560320791e-16,5.53959124497648e-16,-9.51372461630091e-06,-4.43757774529899e-17,-1.87191297186349e-17,-1.07373178440093e-15,-7.65212378047402e-17,1.41941635522501e-15,1.52208382776605e-16,6.87984532399605e-17,-5.79149988166213e-07,-7.72275419315986e-08,1.13639584574969e-16,6.4467955405618e-17,-2.28103163290362e-17,4.98987663395703e-05,-0.000555943127731695,1.59382946991202e-17,-2.04501602069452e-17,3.81248235978659e-17,7.99345669969374e-18,6.35935761101672e-17,2.38131398617876e-06,-2.6575446607377e-05,1.28231638604452e-17,8.33269871058661e-17,1.57976155434084e-16,-2.83358447556237e-16,2.05747948306471e-18,7.20560544710036e-06,-0.000172727321574251,5.61054580745568e-05,1.94682841213155e-16,2.91373839606843e-17,-1.47322009424493e-06,-4.26325940564682e-17,-2.81204333917444e-17,-1.82245718449944e-16,7.30835064193261e-16,4.58719648385608e-16,-5.26051754875747e-17,-1.32740988516032e-16
"Plumeria_rubra",0.133551612574539,0.0452009271620571,0.0160877164319768,-0.0014672221945103,0.187424121097373,0.00949852495886235,0.00190877078856309,-0.00225087843040662,-0.00283926411778301,-0.181504333431221,0.00467246864662624,0.00243987707327655,0.000141206286336547,-0.000276208351322854,0.000378776041985557,-0.0126974048766896,-0.123635110041016,0.105070171577021,0.000840312195271495,0.00417474558061989,-0.112955800271115,0.024005880728549,0.547582301447328,0.0399309443093505,0.00164775352826857,-0.000975623819522802,-0.000129088050068991,-0.0471632772185617,0.00123984679877329,0.516030760659976,-0.0263806635777244,0.000600188642346676,-2.69308458761238e-05,-0.00191783382908443,-0.000212467892390048,-1.06746885336105e-05,4.256259682983e-05,9.18536816056781e-06,1.31554432158756e-07,0.000633933419124383,-5.74673902084329e-05,1.93953210067325e-17,5.19709711449584e-18,-5.27236019134741e-18,4.94663579370984e-05,2.36882769998487e-05,3.58528168178389e-17,-1.46369564933628e-17,3.64469696423248e-17,2.09098863401553e-06,-8.60091408764333e-17,3.85267449885998e-17,-1.12904583516903e-16,-2.6986791375847e-16,-1.93956848441055e-16,3.70094775728405e-17,1.12111392997178e-16,6.89253102124596e-07,7.26391542555389e-06,-5.45438974343609e-18,-2.47981923991166e-17,-5.30330022998424e-17,-1.01037512733357e-06,1.02159886748304e-05,-1.77553913995741e-17,-2.29720504318358e-17,1.20261779412234e-17,1.8236423705292e-17,-2.09568585293681e-17,-3.44736079921627e-08,0.000143511171163645,3.73143651913554e-16,1.71561805331965e-16,-2.7089166380536e-18,-1.78787695979319e-16,2.09254804202098e-17,-3.58858405504081e-08,7.63441064225422e-07,8.73591821844765e-09,-1.36649342698415e-16,-2.56518032100916e-16,-2.52764120534726e-09,6.66549849300706e-17,3.77990586953743e-17,3.60886624103004e-17,-1.13518121332021e-16,3.08763893895702e-16,6.84655949758958e-17,-6.18168281872411e-16
