"","V_1","V_2","V_3","V_4","V_5","V_6","V_7","V_8","V_9","V_10","V_11","V_12","V_13","V_14","V_15","V_16","V_17","V_18","V_19","V_20","V_21","V_22","V_23","V_24","V_25","V_26","V_27","V_28","V_29","V_30","V_31","V_32","V_33","V_34","V_35","V_36","V_37","V_38","V_39","V_40","V_41","V_42","V_43","V_44","V_45","V_46","V_47","V_48","V_49","V_50","V_51","V_52","V_53","V_54","V_55","V_56","V_57","V_58","V_59","V_60","V_61","V_62","V_63","V_64","V_65","V_66","V_67","V_68","V_69","V_70","V_71","V_72","V_73","V_74","V_75","V_76","V_77","V_78","V_79","V_80","V_81","V_82","V_83","V_84","V_85","V_86","V_87","V_88","V_89","V_90","V_91","V_92","V_93","V_94","V_95","V_96","V_97","V_98","V_99","V_100","V_101","V_102","V_103","V_104","V_105","V_106","V_107","V_108","V_109","V_110","V_111","V_112","V_113","V_114","V_115","V_116","V_117","V_118","V_119","V_120","V_121","V_122","V_123","V_124","V_125","V_126","V_127","V_128","V_129","V_130","V_131","V_132","V_133","V_134","V_135","V_136","V_137","V_138","V_139","V_140","V_141","V_142","V_143","V_144","V_145","V_146","V_147","V_148","V_149","V_150","V_151","V_152","V_153","V_154","V_155","V_156","V_157","V_158","V_159","V_160","V_161","V_162","V_163","V_164","V_165","V_166"
"t3",-0.0161683472695388,-0.0365133652081244,-0.0884445215133668,-0.0101851549010971,0.00102725761187258,-0.0686502797216447,0.0452015809937288,-0.286027325415501,0.218260980228007,-0.00876240953621609,0.00290764755069388,-0.0371761326705719,0.000567395862429117,-0.0308629473064131,0.00215499226932307,-0.0973213990934309,0.00218498083022538,-0.00791002511945007,0.0153254531504156,-0.0133910050534779,0.0491523205519351,-0.103822614776306,0.0325286704616253,-0.0100027889536431,0.0799382995894078,-0.0115560719512291,-5.91386699163032e-07,0.0296028952658482,0.0126002032363815,0.0805909986977703,-0.000794972705580202,-0.00202629455660031,-6.67664983322742e-05,-0.00240694632889176,0.00338869398040024,1.01832316185852e-05,-1.79653017380962e-07,0.002883935369814,-0.00161711279737644,0.000145531750211499,-0.00034748383569725,1.29919809911121e-07,-1.07724906098983e-05,0.22563791359372,-0.295878181276577,0.0224156789531977,-0.3030935135804,0.134917075711495,-0.000136743288163541,1.40894625173665e-06,3.84902343612401e-05,-0.14565637031162,0.00466650974896821,-0.00438602593484798,0.0016933537124327,-0.000146103617559005,0.0167964010251855,-0.000515206940171226,-0.000518759134421042,0.00159238903326197,-4.02538234834278e-06,-0.000643751954906037,4.59429670537064e-06,0.00335050743149363,-4.19963768829958e-05,-4.30748124934287e-05,-3.90495244274435e-06,-0.000131164698777483,-0.00010190824015122,0.0426085434096815,-1.74805475681883e-05,-3.84344987699404e-07,-7.15674727953332e-05,-2.13408147393936e-05,0.0509249114116912,9.32145699572318e-07,3.834393258723e-08,1.41467716207495e-06,1.05424675136722e-05,-2.42777553164571e-07,-6.3512151089172e-10,-7.15490869746379e-06,-8.52511895551036e-08,-4.6289812393416e-06,1.01947766799607e-05,6.87811546716976e-09,1.81579659657439e-15,1.01703706239035e-06,0.000739327664105812,-9.48134510074131e-16,-1.71501541679852e-07,-1.09278442705889e-05,-4.08816423219621e-08,-2.08496032016339e-07,2.3547760073451e-05,4.3128719287525e-07,1.18194347061329e-08,5.04990830650641e-08,9.4317282636998e-08,2.30726718883817e-09,2.576770713503e-06,-0.000494675939415476,-2.77646833816684e-08,-2.32634988379255e-06,-0.729707444282518,5.57975015361894e-07,0.000704412204799372,-3.54854149158953e-07,-4.14954532342327e-07,-3.29500928468121e-12,-1.83237489579255e-07,-2.88348865645423e-08,-2.29878702183967e-07,-1.45050272321769e-10,-1.84834662005813e-07,-5.96672783123749e-05,6.56496697978497e-06,1.70037398802129e-15,3.22378128339057e-11,6.94887180143014e-06,-8.3996740027533e-06,-7.36517549624495e-08,-5.31807376952102e-10,6.23774747888464e-05,1.04948511758013e-06,1.70246126761394e-16,8.4928134600435e-09,4.20196545744939e-09,1.71163333396617e-08,4.90630601622863e-09,5.5548329791476e-16,-1.20585403837222e-15,4.13297216713282e-10,2.9170379956013e-17,5.19677583976711e-09,2.71073565778422e-16,2.07419622523787e-09,6.27030795871651e-17,-6.00452786945142e-07,2.00742132231822e-09,2.69937745109157e-16,1.84417085665215e-16,2.18934653662564e-09,2.42724636003088e-09,-3.2388165978823e-17,1.48519469131079e-09,-2.15941695769695e-10,-1.94000541441452e-08,4.01893728003321e-16,1.25309657042811e-10,3.69965199305365e-08,-8.80567261735672e-16,-8.33804999685999e-19,-4.16241934426032e-17,-3.89447312223564e-16,-8.52032795299131e-16,-2.36088036953497e-08,-2.83515733620085e-17,3.01746320664282e-08,-5.24363940535792e-17,-2.99387357608549e-13,-1.02368820913201e-16,-2.36949820499014e-08,2.37487219400856e-16,-4.1297449013614e-17,3.10030118644771e-17
"t4",-0.0161762244973693,-0.0365498921262746,-0.0885611328584539,-0.0102139686203092,0.00103018895314468,-0.0689455917435405,0.0454465152487279,-0.287922218635037,0.220166825071352,-0.00884089513542228,0.00293741653691752,-0.0376021214607653,0.000575918083380374,-0.031346654870902,0.00219428514080322,-0.099166840141774,0.00222984174159347,-0.00807902723813748,0.0156552789288054,-0.0136804919631313,0.0503928380802422,-0.10653395545397,0.0334026647664565,-0.0103079422057144,0.0824441666416096,-0.0119623915902049,-6.12558297779921e-07,0.0306690289266466,0.0130747672090637,0.08364324220159,-0.000826888430327367,-0.00210997800918156,-6.95323431622761e-05,-0.00251471784379609,0.00354640666138876,1.06995398977693e-05,-1.89429389461051e-07,0.00304497141739418,-0.00170987182476996,0.000154085934718106,-0.000368128146560104,1.37938684080899e-07,-1.1594764528512e-05,0.244639855510551,-0.32175151602141,0.0246781875570414,-0.336292269182557,0.150544121471388,-0.00015273963954867,1.57950629887909e-06,4.36898399672361e-05,-0.165467318807292,0.00534389630620154,-0.00503749965122692,0.00195271814318647,-0.000170850158772491,0.0197400410643765,-0.000610570751607613,-0.000626971592337843,0.00193414071423885,-4.9206931980471e-06,-0.000806779488959317,5.80680462070088e-06,0.00429568306207709,-5.40820493505696e-05,-5.56337967695378e-05,-5.08886889998557e-06,-0.000172847331240123,-0.00013515475987401,0.057958266119975,-2.41388744600506e-05,-5.37060301877551e-07,-0.000100133297212294,-3.04786428104491e-05,0.0741372395581919,1.36735503842494e-06,5.66989403541952e-08,2.17437740289395e-06,1.63777806627173e-05,-3.88178067501911e-07,-1.0324742019861e-09,-1.17532270798932e-05,-1.40124339891335e-07,-8.58993168686642e-06,2.05182185896452e-05,1.46671515276179e-08,-2.44652351946966e-15,2.32921886005317e-06,0.00189340240630464,9.05168749841881e-16,-5.00010188058216e-07,-3.70690511600418e-05,-1.46780604980344e-07,-9.20664470687672e-07,0.000110480151442817,3.4780342794003e-06,1.1630233998632e-07,2.23141575706277e-06,-2.44746570759486e-05,-3.20943397081384e-08,-1.0397117454843e-05,0.00095892079918126,4.05326086595943e-08,2.97486370180103e-06,0.683231891742815,-4.38896417480204e-07,-0.000308256815342386,8.10768116302565e-08,7.0569025473729e-08,2.67142131493548e-13,1.04378051129226e-08,1.25431689738854e-09,-1.34707015806629e-08,-2.56883398184774e-11,-5.79653399445608e-08,-1.92518076844618e-05,2.18565443986363e-06,-1.47214636211019e-15,1.11834459367821e-11,2.43638043366869e-06,-3.07917621062382e-06,-2.72512550429236e-08,-2.20659925039871e-10,2.66434560100537e-05,4.4876327119046e-07,-1.72037585823524e-16,3.88394789222208e-09,1.96143053128296e-09,8.00142381757642e-09,2.30616461956532e-09,-5.62659057376185e-16,2.24232906478674e-15,2.39516875450806e-10,-1.23459600770101e-16,3.26265772685955e-09,-2.47630682690369e-16,1.33881095252211e-09,9.59891007753255e-17,-3.92753007519803e-07,1.31554811426914e-09,-2.3283274237503e-16,1.09982151107108e-17,1.5114327018785e-09,1.67920299167198e-09,-2.6659050775302e-17,1.0368944199174e-09,-1.53346439631657e-10,-1.38213582077567e-08,-5.82260260677467e-16,9.02815048476802e-11,2.67154536109606e-08,1.5419403119284e-15,2.24884628744499e-17,7.05003445144114e-17,6.20536919298492e-17,1.11875499258293e-15,-1.79053136694237e-08,-8.6095231753934e-17,2.3652696314167e-08,9.45379606142659e-17,-2.35989379523071e-13,-7.36884172875477e-17,-1.9255353770818e-08,-2.69854805993353e-16,8.33897319884035e-17,6.48242514559059e-18
"t6",-0.0158726882547955,-0.0351404659611203,-0.0840577393739007,-0.0090966321569397,0.000916509888609712,-0.0574467012244851,0.0358786154586694,-0.213639033338492,0.144974180400385,-0.00574217395785574,0.00175731465332465,-0.0206477733743728,0.000232541191108391,-0.0118108476332799,0.000591861040227479,-0.0236892055165122,0.000383228778252148,-0.00109774298116357,0.00202141512412901,-0.00170910763435328,-0.00176422381868712,0.00795597734153907,-0.00364371535725636,0.00288668118516152,-0.0264503374257434,0.00613975413781462,3.35000113791233e-07,-0.0171218261498905,-0.00846724532529788,-0.0551398669216639,0.000652462835398703,0.00181028314638545,6.01939753990647e-05,0.00272099657663609,-0.00428212019774497,-1.65616627782811e-05,3.66489003380482e-07,-0.00644071055916515,0.00399709825710873,-0.000397699112275818,0.000995384433535038,-4.49814183054457e-07,-6.07645614241959e-05,0.229103981706103,-0.12063728642285,-0.020526329885949,0.431293866164395,-0.233816264677767,0.000244236172354198,-2.76986489943536e-06,-9.68706314130381e-05,0.371420059930864,-0.0133579817491136,0.0130286858577221,-0.00527053895740942,0.000518934456936239,-0.0619392354631385,0.00200097880051519,0.00215898741645354,-0.00665701749311443,1.67704456406969e-05,0.00229343371305605,-1.41844900203374e-05,-0.00616978929547983,5.52632820369245e-05,3.97981563430015e-05,-2.01626157763777e-06,-0.000383869329058839,-0.000478198625908522,0.665385768615728,-0.000461755579915151,-1.45899253737587e-05,-0.00281909452012532,-0.0013423918792431,-0.0412281676778693,-0.000262495080502784,-0.000154986317841198,-0.00810029335468655,-0.0376765397471236,0.00111919801865692,6.35602358834307e-05,-0.0439037695314167,-0.000490810498752842,-0.00157960532129215,0.00222751276533096,1.24858366015608e-06,-2.23365388877125e-16,0.000158964119043443,0.101178593370792,2.1476298145167e-15,-2.195689498879e-05,-0.00138350333243093,-5.21699987882043e-06,-2.84196694506861e-05,0.00329964405359425,8.52196870043276e-05,2.72446889237924e-06,4.5057086401214e-05,-0.000471425162948084,-5.49766583913481e-07,-0.000132726546936721,0.00747096363468799,2.09916988909669e-07,1.12784781290851e-05,0.00583423096915651,1.09280749101103e-06,0.00426731317207378,-2.86683694470811e-06,-3.55504381865637e-06,-3.04228128059156e-11,-1.7223940622529e-06,-2.73585285233206e-07,-2.31534114592966e-06,-1.52828260443032e-09,-1.98205661827351e-06,-0.000639663199448436,7.03415171561126e-05,-5.80242655837724e-16,3.44995228607036e-10,7.43404972996268e-05,-8.96761983923042e-05,-7.85902666339267e-07,-5.61885865419491e-09,0.000656631771516022,1.10459947051982e-05,1.02222759158621e-17,8.84159533135817e-08,4.35669055610979e-08,1.77411354482406e-07,5.07947388359488e-08,1.20262904671526e-16,1.56296227673244e-15,3.97454358879888e-09,4.04333544234869e-17,4.74973017163891e-08,7.72248216636422e-17,1.85424837651732e-08,1.79237068828762e-16,-5.3057675313716e-06,1.77076247048139e-08,-3.04630620934828e-17,7.79061675858617e-17,1.83087334160788e-08,2.02487041395275e-08,7.99595187539256e-17,1.22560181951427e-08,-1.7439717789976e-09,-1.56004509388105e-07,6.10221133043307e-17,9.92194836476111e-10,2.92000626158541e-07,-3.9366673459517e-16,1.27646053953259e-16,1.55807032017174e-16,-1.03588797403104e-16,-5.13168101731888e-16,-1.72050217443575e-07,2.93413046896247e-17,2.05731675978362e-07,-6.33219851808392e-18,-2.03181208876083e-12,3.40639555587571e-17,-1.47842935065289e-07,8.80936372593636e-17,4.7852120912958e-17,-3.78068508485603e-17
"t10",-0.0177777044528454,-0.0481027602816094,-0.14311722578483,0.00330453546613567,-0.000306179148240025,-0.0152170370647983,0.0133025766111309,-0.0897685677649535,0.0642734758756003,-0.00254263327902598,0.000756091121590527,-0.00831195787506948,4.16199538233892e-05,-0.00109485540115861,-0.00058931752745564,0.142018223638111,-1.13245938377633e-05,0.000949780868442737,-0.00210810447824339,0.00198278602622538,-0.0253273017806986,0.0639814740280201,-0.02311402704935,0.0254143241597283,-0.1188492987849,0.0331802354447954,1.91921170289337e-06,-0.100244441321047,-0.0611479801239575,-0.411696607303094,0.00822054849726314,0.0375567954418708,0.0013486912617724,-0.0461832354670662,0.0355406539904071,5.81985913826425e-05,-8.05443492634614e-07,0.0122276483012377,-0.00657474472507184,0.000578048900113986,-0.00137268360778947,5.17512386429266e-07,2.669839825556e-05,-0.0531211082995712,0.0127383714309862,0.00251936711633127,-0.0080741000200463,-0.0129254448759614,1.72672502076452e-05,-3.8029570135753e-07,5.9189642817204e-05,-0.166249412366723,0.000884724330304814,-0.000323613485631725,-8.51581231544978e-05,6.24966536942264e-05,-0.0304547256500177,0.000287933304018502,0.000547897834581462,-0.00190427666247756,5.62569006503226e-06,0.00181586886079575,-1.92350797997929e-05,-0.445924467205566,-0.000500382693144408,-0.000280982298427959,-9.04862095315744e-06,-0.00012392715356392,-5.82526724885773e-05,0.000521597442119813,-0.166430592956415,-6.51491099757154e-08,-1.37652613705107e-05,-1.21163653102338e-05,1.36376572692099e-05,-3.49569414267183e-07,1.07413993555843e-06,0.299311215365841,-0.0116142218438682,0.000153867235086942,7.59255600787082e-06,-0.00494613701476391,-5.51320911153154e-05,-0.000122681515019409,0.000122999849842051,4.38536600092233e-08,2.94953955194949e-16,6.63067381122742e-07,-0.00634252864101351,-2.1543607368842e-16,4.06762875025204e-06,0.000637316313294123,3.37152061287946e-06,0.000120220738732192,-0.616445645236151,-0.0134930472148742,2.3485976934202e-06,2.85207311825809e-05,-0.000280080340584344,-2.90272768782325e-07,-5.96442866996369e-05,0.00302228064552158,8.19777465896146e-08,4.33832503408711e-06,0.000283714174753674,4.04194676701337e-07,0.0015204156144406,-9.99158011173445e-07,-1.23149188706465e-06,-1.04427321455939e-11,-5.89826103078299e-07,-9.35634725611891e-08,-7.84203912203762e-07,-5.1260091132481e-10,-6.60089617303442e-07,-0.000213011681988201,2.34268244272094e-05,2.44904419660276e-16,1.15014361250215e-10,2.48003864644286e-05,-0.0144249579043802,-2.5590853974882e-07,-1.86301939752353e-09,0.00021780754449694,3.66406101633762e-06,9.85391805935011e-17,2.93611191907956e-08,1.44740815834251e-08,5.89427727659213e-08,1.68781473936603e-08,3.62325007711838e-16,-1.38808152811864e-15,1.3355312690378e-09,-5.56151100852674e-16,2.72100726436893e-06,-5.01681761645305e-17,6.32271277665073e-09,5.64075849028895e-16,-1.81382955627694e-06,6.05585421711111e-09,2.3545700686645e-16,-5.46368272705958e-16,6.33988169685498e-09,7.01580951265099e-09,1.22764076547192e-16,4.25781365758426e-09,-6.09143909046836e-10,-5.45498208261386e-08,2.71188054785859e-16,3.48321677735957e-10,1.02595820733675e-07,-1.67525836390657e-16,2.09325929908383e-16,1.31234218291619e-16,-4.33760013229601e-16,-2.59661524751402e-15,-6.17716578472818e-08,2.02637624949825e-16,7.52987812374583e-08,1.42884917510332e-16,-7.44903597468408e-13,-1.76561269879544e-16,-5.55958843396092e-08,-2.4578649200221e-16,1.32392517910473e-17,1.76505835945437e-16
"t125",-0.0211033881927854,-0.0707128186179176,-0.246033331773908,0.0246919676358165,-0.00241432484525347,0.0560635803176415,-0.0238149396962177,0.105688619586943,-0.0490720111727022,0.00187593958681225,-0.000472069814335645,0.00458024681354502,-1.8091987182793e-05,0.000463580075464404,0.000242364316421296,-0.0609516447325609,-4.56366763136725e-05,-0.000171755101554965,0.00042675333879854,-0.000421731349790382,0.00756201833461553,-0.0198728736994258,0.00751925193557148,-0.553262793768194,-0.0221924331650192,-0.00485053236069664,-2.96524049646722e-07,0.0157234281521529,0.0104049961832753,0.0705794400520791,-0.00149595629271415,-0.00698287843137169,-0.000251301293385888,0.00903327755499308,-0.00710949534942609,-1.22702415665259e-05,1.78663526016164e-07,-0.00276974125678469,0.00152471269481693,-0.000137169752797109,0.000329206077891491,-1.29269310467382e-07,-9.3986456995564e-06,0.0244832722820618,-0.00672743522441288,-0.00325476715192064,0.0677490021887524,-0.0409045431355841,4.41633918661768e-05,-5.91763571807474e-07,4.46543496359342e-05,-0.122350928532583,0.000554969110114911,-0.000198333284646694,-5.22091385677219e-05,6.61825124511755e-05,-0.121128675736324,-0.000131604205242855,1.37785535640241e-05,-9.47449154421031e-05,4.05862041541381e-07,0.000229577951991153,-2.76451786631667e-06,-0.0802021203582979,-9.71577404242867e-05,-5.75645934058458e-05,-2.22386388610157e-06,-4.03486819336216e-05,-2.32444233456063e-05,0.00140873137858613,0.225227174865348,4.49217480989306e-08,9.07853362797764e-06,5.759400507686e-06,-1.04757123355753e-05,1.18054378611593e-06,7.04221001069616e-07,0.00208525972768482,7.55131823722155e-05,-3.27299270743455e-06,-1.85210702305846e-07,0.00012647305475654,1.41278538529334e-06,3.81078509960424e-06,-4.99611929384008e-06,-2.72783488188076e-09,1.92414897248019e-15,-3.45364843921716e-07,-0.000230316971176608,4.1552147023293e-16,5.74213540256762e-08,4.89975625180427e-06,2.19168886631079e-08,4.9418451498151e-07,-0.00228786059842867,0.00111572818742988,3.8672820595664e-09,3.28260923257805e-08,-2.8544328447775e-07,-2.20865455202713e-10,-2.38257918794527e-08,5.52055013860997e-07,9.85293430799007e-12,4.17445844721073e-10,1.48965031421255e-08,1.41939360692138e-11,5.99870984135942e-09,3.48276371794438e-12,3.96958364585328e-12,1.23797394407501e-15,-6.5904260096122e-13,-1.9124746646217e-13,-9.5776262466881e-12,-1.79356358045525e-14,-8.34350047877523e-11,-3.17035670647429e-08,4.40728951378688e-09,-7.81865740968102e-16,3.45215885453659e-14,9.16945184399939e-09,-0.00118633825667436,4.10934974073816e-10,1.49479632557355e-13,-1.194817138987e-08,-1.98288512342276e-10,2.13863446915147e-15,-6.64174206990594e-13,-2.39175722164592e-13,-9.52232500251308e-13,-2.40242147659508e-13,3.30052842340621e-14,0.707106781186547,5.71401417278606e-14,-1.82922639240064e-15,0.000313186879926512,5.6973132729041e-15,-1.22201080355239e-14,1.8079858750836e-15,5.13009402129321e-12,-1.85445896924607e-14,-1.39385301646748e-15,1.20374312427872e-16,-3.87786770197109e-14,-3.8356199038876e-14,-8.70535566854312e-16,-2.12622801738624e-14,-1.01995412049915e-15,9.65291631087832e-14,2.45685121080579e-15,1.26598918239748e-15,2.55358731737906e-13,-4.33818516879902e-16,7.08150183346922e-17,6.67379741141137e-17,-1.12425820655058e-15,5.19517978815519e-15,-2.85369746194413e-12,-1.87167862532771e-16,9.521534702237e-12,-3.17158231945416e-16,4.35024532462357e-16,2.15038306912645e-17,-1.7976737908841e-11,1.2313424128509e-16,-4.24888104196523e-17,-4.16032571272999e-18
"t126",-0.0211033881927854,-0.0707128186179175,-0.246033331773908,0.0246919676358163,-0.00241432484525361,0.0560635803176412,-0.0238149396962177,0.105688619586943,-0.0490720111727024,0.00187593958681212,-0.000472069814335337,0.00458024681354474,-1.80919871823872e-05,0.000463580075464674,0.000242364316421249,-0.0609516447325608,-4.56366763135097e-05,-0.000171755101554903,0.000426753338798171,-0.00042173134979004,0.00756201833461523,-0.0198728736994261,0.00751925193557148,-0.553262793768195,-0.022192433165019,-0.00485053236069743,-2.96524049571274e-07,0.0157234281521527,0.0104049961832753,0.0705794400520794,-0.00149595629271418,-0.0069828784313715,-0.000251301293385821,0.0090332775549931,-0.0071094953494257,-1.22702415661534e-05,1.78663526002464e-07,-0.00276974125678536,0.00152471269481663,-0.000137169752796952,0.000329206077891025,-1.29269310380267e-07,-9.39864569895355e-06,0.0244832722820622,-0.0067274352244131,-0.00325476715192144,0.0677490021887505,-0.040904543135583,4.41633918665487e-05,-5.91763572007099e-07,4.46543496357639e-05,-0.122350928532581,0.000554969110114849,-0.000198333284646365,-5.22091385679645e-05,6.61825124511667e-05,-0.121128675736323,-0.000131604205240917,1.3778553564928e-05,-9.47449154420399e-05,4.05862040949764e-07,0.000229577951990681,-2.76451786600128e-06,-0.0802021203582981,-9.71577404239464e-05,-5.75645934059838e-05,-2.22386388662909e-06,-4.03486819326075e-05,-2.32444233456905e-05,0.0014087313785897,0.225227174865349,4.4921747635761e-08,9.07853362774471e-06,5.75940050673586e-06,-1.0475712337487e-05,1.18054378482038e-06,7.04221001816064e-07,0.00208525972768121,7.55131823716907e-05,-3.2729927065643e-06,-1.8521070080872e-07,0.00012647305475801,1.41278538502336e-06,3.81078509963348e-06,-4.99611929487351e-06,-2.72783426492223e-09,-2.87930925036665e-15,-3.45364844274936e-07,-0.000230316971176386,-2.28891164614662e-16,5.7421354222272e-08,4.89975625431066e-06,2.19168883718947e-08,4.94184514300833e-07,-0.00228786059842833,0.0011157281874342,3.86728081286339e-09,3.28260932262904e-08,-2.85443281301343e-07,-2.20866921674415e-10,-2.38257922241809e-08,5.52055014754001e-07,9.85458906183977e-12,4.17444809713621e-10,1.48965064727946e-08,1.41941057843615e-11,5.99870846133268e-09,3.48341849818247e-12,3.96732119501666e-12,-1.14218096866568e-15,-6.58714236013132e-13,-1.8708307177201e-13,-9.57691425391399e-12,-1.77085482953107e-14,-8.34359357799288e-11,-3.17035563331946e-08,4.4072920489315e-09,1.17998678452626e-15,3.60970953133996e-14,9.16944928923918e-09,-0.00118633825665457,4.10931292939139e-10,1.4375164858928e-13,-1.19481535312984e-08,-1.9830488340841e-10,-1.79740091850101e-15,-6.70610426223202e-13,-2.41724269921626e-13,-9.58624507245139e-13,-2.5878806590071e-13,-3.3235840183829e-14,-0.707106781186547,-4.03890460627082e-14,1.59551833261995e-15,0.000313186879952495,-5.87962947542052e-15,-7.81012810354633e-15,-1.81482328952834e-15,5.1251799910164e-12,-1.8320719248254e-14,1.58499750694223e-15,-3.19343317175085e-16,-3.2541559223659e-14,-3.92166932794007e-14,6.43013310881735e-16,-2.20654132741812e-14,3.99763054221656e-15,1.00102830840007e-13,-2.30238978699682e-15,-3.53141387978986e-16,2.55340747706423e-13,5.53627584122526e-16,1.50027713260703e-17,-6.12040147706837e-17,1.25925421308707e-15,-3.47902088153498e-15,-2.85390799951631e-12,-1.01541452117842e-17,9.51932634518673e-12,1.89522465554447e-16,-2.05527152198333e-16,4.48539096700277e-17,-1.79772930218712e-11,-2.78757651893291e-16,3.47289247901434e-16,-8.63479149580039e-17
"t51",-0.0209380075729669,-0.0695753994028353,-0.240818698187865,0.0235702931579311,-0.00230369956982009,0.0521951825484607,-0.0217466934412095,0.0944767068915442,-0.0422210421713047,0.00160733048720166,-0.000394880238834081,0.00374278078198279,-1.37671122047512e-05,0.00034799940387692,0.000172195218622248,-0.0426091959113917,-3.07834182361778e-05,-0.000113618522031197,0.000281266117340879,-0.000277321105271348,0.00454686746287934,-0.0116789667487401,0.00433124156098912,-0.287621333180764,-0.0112500068066332,-0.00217526852572956,-1.30081956211268e-07,0.00684616198034326,0.00426875783280824,0.0287300811113159,-0.000557216749027266,-0.00247897694181719,-8.87306621098686e-05,0.00273202880892493,-0.00196109368469452,-2.61871676514718e-06,2.8225227688643e-08,-0.000379063876392365,0.000174250179603227,-1.27971948855291e-05,2.76375765150053e-05,-6.44598358402703e-09,1.5329330367382e-06,-0.00676317191648863,0.00216796760367195,0.00166693385719454,-0.0427763115499097,0.0293611004001234,-3.23962971157298e-05,4.6690527541787e-07,-4.36588050940219e-05,0.121125814908085,-0.000616539996656323,0.000229114548746034,6.34666046155312e-05,-9.42570536970324e-05,0.181540140533262,0.000213502802941527,-2.6331626257434e-05,0.000187936615437708,-8.42910226121697e-07,-0.000559367989689957,7.07111188194844e-06,0.221430553227788,0.000274317872694664,0.000164913053544492,6.65124853561142e-06,0.000126967476295866,7.52128856703108e-05,-0.00505030930975875,-0.853704920508819,-1.77463818053228e-07,-3.60228654227975e-05,-2.44369295464126e-05,4.71039940201055e-05,-5.42574706126088e-06,-3.3103186667777e-06,-0.0108410845427307,-0.000402810753503613,1.86405612787004e-05,1.09275256439523e-06,-0.00076235969892786,-8.52637528761469e-06,-2.8423959476015e-05,4.17123482495482e-05,2.44227718295158e-08,1.46182348893329e-15,3.33813658922179e-06,0.00246646744364086,-2.15151978474828e-16,-6.78410469993596e-07,-6.35604679489975e-05,-2.93058239891178e-07,-7.25338493457855e-06,0.0343616042173351,-0.0193982151636212,-6.96248426798039e-08,-6.6514897894286e-07,6.00838618715223e-06,5.11106168120781e-09,6.92775803294822e-07,-2.20341760417933e-05,-4.74904934905285e-10,-2.23697827609379e-08,-1.08888688749031e-06,-1.29933146508792e-09,-2.53364948574425e-06,7.00516875193688e-10,5.31495946465578e-10,-5.88735962777908e-16,-5.05728253214952e-11,-1.37410840653609e-11,-4.78511664660758e-10,-6.10736933198707e-13,-1.93962885018078e-09,-7.18535715040798e-07,9.70514354736409e-08,-7.38638854492257e-16,7.45733049139709e-13,1.92156262616368e-07,-0.0237736213945962,8.15638310262679e-09,2.56871901538622e-12,-2.01925244772949e-07,-3.34676399500695e-09,-5.23575665851438e-16,-1.03467095441802e-11,-3.62727872459482e-12,-1.43914231891251e-11,-3.72748671362687e-12,-4.34068025883806e-16,-5.4993384021708e-16,8.736656392502e-14,2.19067400834936e-16,0.00289317373396539,7.20564421712057e-17,-8.44680962408442e-14,-4.37812206254465e-17,4.33706675682796e-11,-1.5265166217494e-13,-2.33920814209119e-16,-1.07514186890283e-16,-2.64310365046101e-13,-2.89097859578998e-13,1.02468317291938e-16,-1.53842082624411e-13,1.08033292014242e-14,6.74325507769257e-13,-3.18249074359215e-18,4.28895804843098e-15,1.6889812567101e-12,1.36801546881482e-15,-1.83482211373898e-16,4.5994794678964e-17,4.44347589813831e-17,-1.31621505120325e-15,-1.63387487767285e-11,9.10924431613987e-17,4.88718097273245e-11,1.13630202732855e-16,-7.48317087165631e-16,5.9894748879173e-17,-8.08137832031293e-11,5.40448708996429e-17,3.63722465655495e-17,1.33731291773495e-16
"t109",-0.0212932855865912,-0.0720573156835204,-0.252311279755662,0.0261705211276188,-0.00256037042234452,0.061671143834614,-0.0270536865964574,0.124883801261887,-0.063026031459506,0.00243418301827913,-0.000653287344390646,0.00681834429013414,-3.70886360261343e-05,0.00103716119405028,0.000937632059329556,-0.312690160618833,-0.00116334232842663,0.00307186800086589,-0.00570620856599641,0.00486618041411222,-0.011415511529957,0.0232706177907983,-0.00721686996056936,0.226218087037533,0.00747535214684489,0.000578254947277434,2.78791142246592e-08,-0.00135322421018811,-0.000334049996756064,-0.00183713633648987,-4.58559418261343e-05,-0.000378163652748578,-1.42155077914337e-05,0.000993555843662665,-0.000937223542453293,-2.1033552261364e-06,3.51530464561875e-08,-0.000566722448250977,0.000323407042885743,-2.99499023329279e-05,7.2723986317652e-05,-2.96403864389588e-08,-2.42217105173136e-06,0.00642496018829273,-0.00176962847885809,-0.000846279470893377,0.0172542586889127,-0.0102085788932334,1.0976332152682e-05,-1.44792627724896e-07,1.0226216690837e-05,-0.0278780268391259,0.000119599443199778,-4.17490271026415e-05,-1.06063642569561e-05,1.1303540181855e-05,-0.0187009550201399,-1.47816234027142e-05,8.20653062649212e-06,-3.33360432553701e-05,1.09523209606963e-07,4.10284783872252e-05,-4.49746893716467e-07,-0.0112422631207894,-1.30137513151546e-05,-7.48081558099765e-06,-2.63266513983132e-07,-4.23865589734106e-06,-2.27455581626272e-06,0.000101496497062634,0.0131784066444967,2.19041994897453e-09,4.33431163809429e-07,1.88609305921819e-07,-2.17750642909215e-07,1.95907164919293e-08,8.80025966183268e-09,-4.95716993327613e-06,-3.79378331982207e-07,2.9224053199368e-08,1.6639402997297e-09,-1.03428684966551e-06,-1.14600844258138e-08,2.01320955832485e-07,-7.59589073954231e-07,-6.96848025821494e-10,-2.44997415763398e-15,-1.46976288753446e-07,-0.000184720836616108,-2.66437209058115e-15,8.32759927584608e-08,1.27796633953815e-05,7.00439973887917e-08,3.21092762667951e-06,-0.0183159443678862,0.864764209578239,-2.26488927215371e-07,-5.50834388892554e-07,4.17072710626461e-06,2.64802031418715e-09,2.52839032247237e-07,-6.52838747044085e-06,-1.31615556607505e-10,-6.02959512697545e-09,-2.77363589484825e-07,-3.22361309749818e-10,-5.89250867404165e-07,1.56575231657145e-10,1.17506947750045e-10,2.83269094018746e-15,-1.0951417167492e-11,-2.97171745145721e-12,-1.01614292591517e-10,-1.22792020896396e-13,-3.9930254539926e-10,-1.47840262384727e-07,1.99575591588662e-08,-2.64610897135489e-16,1.5188231478671e-13,3.94845704485077e-08,-0.00488269780522453,1.67505588516481e-09,5.27514577734059e-13,-4.14850797133035e-08,-6.875983136255e-10,3.39302026735649e-16,-2.12879853723604e-12,-7.44978665952054e-13,-2.96429025752577e-12,-7.69025288842669e-13,2.8979234987654e-16,2.24771414497139e-15,1.83454174028962e-14,-2.54673851535611e-18,0.000619804453256921,2.97325639714403e-16,-1.79161898169892e-14,-5.97253454228538e-16,9.41591309149193e-12,-3.39397987870996e-14,-1.15467750644371e-16,3.92966756259653e-16,-5.97959777506602e-14,-6.29828675422962e-14,-3.02064457684419e-16,-3.41314785265553e-14,2.36385001648485e-15,1.52536501535539e-13,1.9734973871623e-16,7.42315738996917e-16,3.85481550430078e-13,2.71394192073987e-17,5.76316034804525e-16,-1.27319433496046e-16,-5.88196373503745e-16,-7.22187244068918e-16,-3.87751360535445e-12,-7.57025139975332e-16,1.20067164140758e-11,1.76486370064966e-16,-3.37864654784864e-16,-4.32965972163458e-16,-2.08393339818682e-11,1.88049752549597e-18,-1.14172523353256e-16,-1.92068276614215e-17
"t164",-0.0213650360807361,-0.0725571900534614,-0.254621964931613,0.0266888176843267,-0.00261152442351249,0.0635426695495819,-0.028093962345021,0.130792353605018,-0.0670008189211261,0.0025918451261874,-0.000701987999091804,0.00739100745745482,-4.12525560968495e-05,0.00115910640265803,0.00106774454464771,-0.358002753217382,-0.00134751661865914,0.00358037720767272,-0.00665854612173901,0.00568242022650058,-0.0136986444660102,0.0281115153319569,-0.00876839325644194,0.282658697493955,0.00940166718723989,0.000749377558107337,3.63130760228982e-08,-0.00176560980439976,-0.000441625063488896,-0.00243284936867907,-6.18493416618677e-05,-0.000514858302358102,-1.93740254441276e-05,0.00139193735248943,-0.00133248164950155,-3.09757873601975e-06,5.34586527167866e-08,-0.000872634987510572,0.000504720366564297,-4.73350058894971e-05,0.000115591067601569,-4.81061325299961e-08,-4.51804340526355e-06,0.0129949597833514,-0.00370509275770665,-0.0020677996817693,0.0469993464149128,-0.0302978056291627,3.31141371038755e-05,-4.63636969481329e-07,4.12404799341543e-05,-0.114335456521974,0.000588084293118734,-0.000221235811177131,-6.28314398051795e-05,0.000111763579461905,-0.241816315322113,-0.000385879067754629,-0.000161385425587762,0.000457829246059699,-1.08668581801919e-06,-0.000199052278741507,1.86812063204583e-06,0.0377572949229921,4.13059790959248e-05,2.29151137583959e-05,7.29562000679602e-07,1.0522956368357e-05,5.33377095475798e-06,-0.000196233598187923,-0.0231544234785152,-3.59731940414263e-09,-7.06849619257228e-07,-2.77393886911732e-07,2.94293652704225e-07,-2.56742755744017e-08,-1.11796205173344e-08,5.51558111325395e-06,4.08723765341604e-07,-2.90802740629416e-08,-1.58866387767031e-09,9.63492673292137e-07,1.06609401372462e-08,-1.49497479419068e-07,5.0615342650038e-07,4.35761642307816e-10,9.6359435312893e-16,8.59830827920512e-08,9.92912867598063e-05,8.75425885878954e-16,-4.14665125537358e-08,-5.94067434359463e-06,-3.1868046152581e-08,-1.37074798757373e-06,0.00770131403623974,-0.331749708307577,8.51111187721977e-08,1.93638512508393e-07,-1.43651174075873e-06,-8.68718283937198e-10,-7.46543539638123e-08,1.70847076254093e-06,3.24571645567997e-11,1.4432937106864e-09,6.16650428497678e-08,6.8671171830556e-11,1.08847107466279e-07,-2.52258935012252e-11,-1.800546907005e-11,-1.14261793332699e-15,1.48623799533767e-12,3.9755774070671e-13,1.16408198930634e-11,9.52751883400795e-15,1.90664353494672e-11,6.60271382057001e-09,-8.1978890700357e-10,1.65709863005313e-16,-4.30729077515101e-15,-1.37015282558336e-09,0.000140191021078848,-4.58953835411727e-11,-5.00469555789508e-15,1.55042721520224e-10,2.42774339572926e-12,-6.80123875877765e-16,-2.11914771844037e-14,-1.08674737794814e-14,-4.47961920287741e-14,-1.25195431108624e-14,-2.52965508387482e-16,2.51136879842785e-15,2.16970719726823e-15,-5.57314941893081e-16,7.26192652741765e-05,1.13894474026716e-15,-2.44605248479401e-15,-6.77048864172099e-17,1.31577421173043e-12,-6.79245050028596e-15,-2.42302838908001e-16,-5.23290720591312e-16,-1.10552236188986e-14,-1.033473787559e-14,-1.2933974583073e-15,-7.02046543823961e-15,-1.94559852672538e-15,2.87222270602746e-14,1.66108562897757e-15,4.34386474199204e-15,7.95587336158141e-14,7.93897832992191e-15,-1.36414062838271e-15,-4.29909274830148e-15,1.09718593761879e-14,-0.707106781186548,-9.87021633817342e-13,2.52224643951523e-15,3.51214760238761e-12,2.44330042185453e-15,-3.70498705040409e-16,-7.32486711902925e-17,-7.1017613368956e-12,-1.55046186672619e-15,1.98833002508032e-16,1.25598402654919e-16
"t165",-0.0213650360807361,-0.0725571900534615,-0.254621964931613,0.0266888176843267,-0.0026115244235124,0.0635426695495819,-0.0280939623450215,0.130792353605018,-0.0670008189211261,0.00259184512618726,-0.000701987999092346,0.00739100745745427,-4.12525560970277e-05,0.00115910640265834,0.00106774454464816,-0.358002753217383,-0.00134751661865951,0.003580377207673,-0.0066585461217393,0.00568242022650113,-0.0136986444660103,0.0281115153319575,-0.00876839325644128,0.282658697493957,0.00940166718723974,0.000749377558107344,3.63130759617739e-08,-0.00176560980439971,-0.000441625063488885,-0.00243284936867985,-6.18493416618738e-05,-0.000514858302357534,-1.93740254442943e-05,0.00139193735248902,-0.00133248164950139,-3.09757873620445e-06,5.34586528696761e-08,-0.000872634987509988,0.00050472036656356,-4.73350058893349e-05,0.000115591067601367,-4.81061325701455e-08,-4.51804340572085e-06,0.0129949597833515,-0.0037050927577072,-0.0020677996817692,0.0469993464149127,-0.0302978056291634,3.31141371036408e-05,-4.63636969493463e-07,4.12404799342155e-05,-0.114335456521974,0.000588084293118323,-0.000221235811177795,-6.28314398052144e-05,0.000111763579462107,-0.241816315322111,-0.000385879067757105,-0.000161385425586941,0.000457829246060139,-1.08668581817182e-06,-0.000199052278741557,1.86812063210298e-06,0.0377572949229891,4.13059790956041e-05,2.2915113758498e-05,7.29562000852706e-07,1.0522956367023e-05,5.33377095460794e-06,-0.00019623359818766,-0.0231544234785186,-3.59731958335222e-09,-7.06849618781992e-07,-2.77393888223129e-07,2.94293650306837e-07,-2.56742749078029e-08,-1.11796204801929e-08,5.51558111149019e-06,4.08723765485429e-07,-2.90802741209344e-08,-1.58866397707273e-09,9.63492673292868e-07,1.06609395465209e-08,-1.49497480450576e-07,5.06153427396163e-07,4.35761438888113e-10,7.43967652204527e-16,8.59830822686459e-08,9.9291286760942e-05,1.05115619351148e-15,-4.14665127485431e-08,-5.94067434371429e-06,-3.18680453481455e-08,-1.37074798734116e-06,0.00770131403623693,-0.331749708307576,8.5111119339266e-08,1.93638512874588e-07,-1.43651173515506e-06,-8.68718957115988e-10,-7.46543527057266e-08,1.70847075985845e-06,3.24572311179193e-11,1.44329437407307e-09,6.16650411289221e-08,6.86707094455934e-11,1.08847107884781e-07,-2.52266559824701e-11,-1.80063478746207e-11,-6.81252925222725e-16,1.48887558838455e-12,3.98004750304183e-13,1.16410514222933e-11,9.70787770715732e-15,1.90670609388059e-11,6.60271182157903e-09,-8.19787162384632e-10,9.28086850274063e-17,-5.67029900069159e-15,-1.37015357190663e-09,0.000140191021078388,-4.58949171920892e-11,-4.49854197039038e-15,1.55050167034698e-10,2.42454410072435e-12,3.94412267679491e-16,-2.28563862700924e-14,-1.29444018703219e-14,-4.49241001232916e-14,-1.21468055262324e-14,-1.72777442749025e-16,-5.84109262525605e-15,8.51214557836173e-16,5.12684704903824e-16,7.26192652812969e-05,-1.33283113881433e-15,-2.77282185504034e-15,6.33105256031937e-16,1.31445303615614e-12,-1.9201628543594e-15,4.76082807657143e-16,4.26469675972452e-16,-8.7508496297749e-15,-1.26620236714603e-14,1.33397431413448e-15,-5.49749080778469e-15,2.96558116660259e-15,3.20009035660536e-14,-1.56875117329067e-15,-3.80274064863878e-15,8.19925676395906e-14,-8.48430780378978e-15,1.0090099890303e-15,4.3309594143834e-15,-1.07100539764713e-14,0.707106781186547,-9.9427577665697e-13,-1.86403251274386e-15,3.51621349097254e-12,-2.55306806208607e-15,5.36685399499787e-16,2.68270106024899e-16,-7.10009177684547e-12,1.35166925624279e-15,-1.2453457585429e-16,-8.76348067393978e-17
"t62",-0.0211048201253034,-0.0707431581502943,-0.246233250272684,0.0248036749331584,-0.00242546197174806,0.0567231373970061,-0.0242981048949339,0.109200274689461,-0.0524372013246298,0.00201400868421535,-0.000523212136024088,0.00528558995365483,-2.58749398969452e-05,0.000708383456817493,0.000585271685902355,-0.18982250223816,-0.000662576685235264,0.00168723047726591,-0.00311234980932106,0.0026426330257438,-0.00515643904075119,0.00997916021519887,-0.00295127737034504,0.0700493272451006,0.00213740605552808,0.000100851695576703,4.32307436430576e-09,-0.000200993047752188,-3.25963134901646e-05,-0.000167167277240469,-8.39399458973694e-07,7.38245856188617e-06,3.37348138105495e-07,-0.000137094659915023,0.000188127401014295,7.48651985229426e-07,-1.77129162206929e-08,0.000319028182860336,-0.000203031964158051,2.06581483091136e-05,-5.22063482583506e-05,2.44037387311567e-08,3.88001929052426e-06,-0.0136254811453585,0.00417329219697193,0.00300254843059854,-0.0780475335364486,0.0549568787988537,-6.09980872099991e-05,9.00237672201462e-07,-9.43301350938568e-05,0.264136690624461,-0.00149262190427208,0.000580247895445099,0.000172125667080216,-0.000352440743769375,0.799421049442048,0.00137543513533263,0.000677855078599239,-0.00199972652887533,4.98620580305766e-06,0.0010952516819953,-1.09037084713384e-05,-0.242858253341057,-0.000273665750523123,-0.000154817429868636,-5.23020464952072e-06,-8.11702235995466e-05,-4.29013162856859e-05,0.00186384262720236,0.243186803878444,4.09545816589128e-08,8.11935339728428e-06,3.68563322316976e-06,-4.51732428208285e-06,4.18511385337827e-07,1.94643474543699e-07,-0.000138244335827057,-1.15519150156692e-05,1.22508011828891e-06,9.16314634105155e-08,-7.18835510317263e-05,-8.08889995073932e-07,-5.1147031461484e-06,8.99536424175249e-06,5.75482982491152e-09,3.11717983873358e-16,8.55462705655403e-07,0.000697964131164359,9.153309546228e-16,-2.09989543104842e-07,-2.1560183946353e-05,-1.02840561448326e-07,-2.92314322029148e-06,0.0145525012367005,-0.1762648578338,2.09272359418018e-08,-1.23633845710273e-07,1.29313856158519e-06,1.3124525995692e-09,2.08427692321001e-07,-7.24151115895404e-06,-1.60912510725053e-10,-7.68181028698474e-09,-3.84980477829977e-07,-4.66206862169378e-10,-9.4723533614169e-07,2.70150013459013e-10,2.06996403829239e-10,-6.00724003166615e-16,-2.01115842496063e-11,-5.47882745673459e-12,-1.95008390932372e-10,-2.58397959073288e-13,-8.47626729846934e-10,-3.14954718855551e-07,4.26892598956193e-08,-2.93766877442283e-16,3.30395703677221e-13,8.5044737942796e-08,-0.0105822395016708,3.63514872660285e-09,1.16428108642958e-12,-9.20047763415183e-08,-1.52520615035636e-09,2.18000784308129e-17,-4.77494256934815e-12,-1.68147130613522e-12,-6.67051542968006e-12,-1.72923492740472e-12,3.6690990033403e-16,1.20658410318371e-16,4.31292244374396e-14,-6.56754330336849e-17,0.00146066675901737,-9.12354637823785e-17,-4.34470609170571e-14,1.05513428459366e-16,2.22840935898314e-11,-7.88245818342491e-14,-5.94796291537505e-17,-1.25107304924191e-16,-1.39816916972732e-13,-1.52324690136655e-13,2.4935587155657e-16,-8.20623245843566e-14,5.91032600605732e-15,3.62268124115016e-13,-1.31575379164856e-16,2.24390748876944e-15,9.13744298961313e-13,2.42568449054874e-16,-5.30792508690484e-17,1.29615571031e-16,1.34181922179342e-16,-9.06554949582011e-16,-9.13347129821561e-12,2.2685854097641e-16,2.8018173297807e-11,-1.11127330941362e-16,-4.48125079266199e-16,2.22998158419423e-16,-4.78136513213871e-11,-3.37995933044805e-17,-2.57432414857222e-17,4.92921737549159e-17
"t68",-0.0206626648139911,-0.0676000082191951,-0.231520705368416,0.0212997255820382,-0.0020792953042561,0.0432988681966743,-0.0164890142637918,0.0625836472058922,-0.0181688221734642,0.00064159157236741,-7.51585615537086e-05,-0.000273731915757247,2.16984848012834e-05,-0.0007286272771935,-0.00115137159121487,0.437351578103117,0.00209650090398343,-0.00625953284752831,0.0118881906646163,-0.0102770926618057,0.0376105810443623,-0.0832343204472744,0.0272758059960838,0.201244791070191,0.123184998130648,-0.0256778561040384,-1.45129713270929e-06,0.0752589289532234,0.0437529303869545,0.293019127848796,-0.00557557585962999,-0.0249955866937395,-0.000895916017034697,0.0295404562800305,-0.0224643558022837,-3.64056298819523e-05,5.08049533393359e-07,-0.00776720868577701,0.00421717855130383,-0.000374883120965498,0.000895149258913329,-3.45404376304845e-07,-2.30459954606334e-05,0.0577752398838017,-0.0156332256727988,-0.00707421194786886,0.140223822567362,-0.0812324529005166,8.69835387684677e-05,-1.12978497961922e-06,7.39920075087219e-05,-0.200324455350159,0.000783854766079318,-0.000260346575097386,-6.03601958353192e-05,2.03823264845521e-05,0.0265900890661823,0.000236646869256871,0.000304691948290254,-0.00102122657737925,2.9162123078104e-06,0.000902997383694967,-9.66934856538228e-06,-0.234078516584409,-0.000267929161382579,-0.000152716207298387,-5.19646545282402e-06,-7.80489081642444e-05,-3.93117930860922e-05,0.000778799283062528,-0.0774107256426761,-5.54542907669065e-08,-1.22077216224417e-05,-2.07065957555793e-05,7.47638187946192e-05,-1.09531402451988e-05,-8.70808574379939e-06,-0.365362648304652,0.0116822825035716,-0.000108108784111772,-4.63271239643218e-06,0.00280710549802238,3.11697695339106e-05,5.10037350099209e-05,-6.13338455532941e-05,-3.25218728519796e-08,9.55323163337609e-16,-4.04441227639002e-06,-0.00267782786684094,1.92864203948926e-15,6.71823293381446e-07,5.81717471626513e-05,2.61799830775674e-07,6.02932155072958e-06,-0.028059594699614,5.79052158257354e-05,5.51189176301768e-08,4.68526241291261e-07,-4.1377555293201e-06,-3.34725886888865e-09,-4.09620261622972e-07,1.16347487167745e-05,2.37324440651399e-10,1.08750874991542e-08,4.94397816463987e-07,5.67031225521372e-10,9.67715686531976e-07,-2.3478607305186e-10,-1.69628873899768e-10,2.41867405870355e-17,1.43130602026217e-11,3.82298423768901e-12,1.13271560549847e-10,1.06294774291175e-13,1.28037235618435e-10,4.06834985013609e-08,-4.41267159270053e-09,1.11866197935705e-15,-2.07698984070186e-14,-4.78808522118552e-09,0.000111477975339239,-1.02219444540437e-12,1.78292915104369e-13,-1.86440988102461e-08,-3.12099472651291e-10,-1.47040074840197e-16,-1.64817716870516e-12,-6.68124631907089e-13,-2.68014627627595e-12,-7.19421768990131e-13,-3.85965257560794e-15,1.06369295528385e-14,9.87324498999129e-14,-1.54458763585361e-15,0.556842195386288,-3.79954164077449e-15,2.58793854424609e-13,-2.53667327892938e-16,-8.97001964245249e-11,3.03716831486438e-13,6.91867965260137e-15,1.29687156099693e-15,2.10355415630828e-13,2.26490091903474e-13,1.24305908792347e-15,1.07454071194095e-13,-7.20935781998614e-15,-3.64436322506904e-13,-2.22753922471048e-16,-3.02735877101399e-16,-7.7431759538596e-13,7.05882178356749e-16,5.02161775145867e-16,2.36988664598994e-16,1.42646293578218e-16,-3.59827129921294e-15,3.77459795774948e-12,2.28306108526655e-16,-5.29118572795399e-12,1.70276297946957e-16,-3.96749060983494e-16,-5.15739649971754e-16,-1.46568782321552e-12,2.05822415381955e-16,-3.89972885953813e-16,-1.25159360099767e-16
"t69",-0.0206006368094372,-0.0671844396565437,-0.229647964723779,0.0209329201987674,-0.0020431810781335,0.0421735702008322,-0.0159522631165827,0.0601081110882234,-0.0172315270006125,0.000607677856279809,-7.06463943078821e-05,-0.000255449857025636,1.98316337811895e-05,-0.000663420286795224,-0.0010329602333497,0.390736544055035,0.00185634463623027,-0.00551629115711566,0.0104673575606165,-0.0090438592801445,0.0324295661813567,-0.0714178599743377,0.0233056061944365,0.16853034902323,0.102685752933939,-0.0209656227529465,-1.18088501041058e-06,0.0611656020855952,0.0352461068981769,0.235782521523384,-0.00443242169764578,-0.0197498148883566,-0.00070741704372594,0.0229178645099398,-0.0172683584843998,-2.73897383973505e-05,3.75048664892846e-07,-0.00569274308265211,0.00306723074324822,-0.000270725714400147,0.00064440005456775,-2.45803399343912e-07,-1.52756649096474e-05,0.0368978863764423,-0.00983525174652422,-0.00418552334779861,0.0798612402420031,-0.0450118610345027,4.79587260032549e-05,-6.12094271030778e-07,3.77823065886839e-05,-0.101899520377476,0.000383989444724194,-0.000125797652209993,-2.86250340282802e-05,9.06411391205251e-06,0.0115571589508248,9.90346780259916e-05,0.000116742182540926,-0.000382711471988932,1.06220332799906e-06,0.000294638475622283,-3.03957237971988e-06,-0.069110800099553,-7.75857827365355e-05,-4.36573830355168e-05,-1.4282571333711e-06,-2.04264918972343e-05,-1.00029021637289e-05,0.000177152779910541,-0.0164615069134917,-1.11794430878818e-08,-2.44667779285746e-06,-3.77769505328728e-06,1.24727801458103e-05,-1.76279485683699e-06,-1.34868066899975e-06,-0.046695452303634,0.00141260910927484,-1.1183384665688e-05,-4.35785913164118e-07,0.000248142592705477,2.74536729567801e-06,1.68986948473254e-06,-3.019643835544e-07,3.9389383854204e-10,-1.87154260963849e-16,1.22707921886404e-07,0.000144538732113776,4.30611864272619e-16,-5.08822829531554e-08,-5.56037039320499e-06,-2.66607477808723e-08,-7.26410019213258e-07,0.00350592844987766,-8.80607185354073e-06,-8.72087514793582e-09,-8.34408825291138e-08,7.62127212670908e-07,6.65162615999619e-10,9.42613892702326e-08,-3.09295565909808e-06,-6.72220974057568e-11,-3.17465873870771e-09,-1.54863576518061e-07,-1.8453093417714e-10,-3.53442403307484e-07,9.43666906051574e-11,7.03925081295784e-11,1.70895503961868e-16,-6.37015581505147e-12,-1.71738305870564e-12,-5.50047990629543e-11,-5.84661595248095e-14,-8.21225641387324e-11,-2.64415766858268e-08,2.91243309867436e-09,-1.35144355029785e-15,1.32150699138625e-14,3.24839575601431e-09,-7.76249441821176e-05,7.14528833826511e-13,-1.35653559128913e-13,1.45011657447447e-08,2.42975309610341e-10,-5.30521267064695e-17,1.36592232172309e-12,5.66014081620099e-13,2.2729332553522e-12,6.12825648491539e-13,5.30285000503554e-15,-1.46745172328572e-14,-1.17479914590488e-13,2.34810778267877e-15,-0.800920859771815,5.49568142821836e-15,-4.07716890664451e-13,-2.74423261043626e-17,1.48181015634723e-10,-5.05367320013898e-13,-9.64163436540389e-15,-1.69014284136398e-15,-4.43910571474162e-13,-4.80377955320595e-13,-1.44175119788376e-15,-2.40194267590537e-13,1.62566584510194e-14,9.27465511668382e-13,6.94345299893638e-16,3.27513092019907e-15,2.1750571558164e-12,-8.38540911311091e-16,-4.37096262419958e-16,-3.83860213590115e-16,7.95849867361572e-17,4.12469159835188e-15,-1.779268969471e-11,-1.60721987423155e-16,4.97696924161218e-11,-2.57881259321353e-16,3.78521816162739e-16,6.9592234267594e-16,-7.89402604456668e-11,-7.08431311585399e-16,4.41487036105837e-16,1.71590923331305e-16
"t38",-0.0204899110636997,-0.0664420182601,-0.226300622659328,0.0202757571454641,-0.00197847691869556,0.0401529363357962,-0.0149868040213722,0.0556471774203108,-0.0155371420746136,0.000546350020366085,-6.24711909609152e-05,-0.000222266087153145,1.64253383917316e-05,-0.000544329179608005,-0.000815897744268138,0.305196146966963,0.00141466119526131,-0.00414773982211122,0.00785056127952971,-0.0067722614304189,0.0228376207603738,-0.0495146279830441,0.01593868701011,0.107523485489885,0.0644145123418309,-0.0121228967579117,-6.73012304347555e-07,0.0346887714885287,0.0192296327587146,0.127988780334881,-0.00227309510970094,-0.00982611613856785,-0.000350765060896921,0.0103333439861531,-0.00737248225326787,-1.01286947802189e-05,1.19243239470064e-07,-0.00169590171726751,0.000847537418934081,-6.93302367837162e-05,0.00015919013304554,-5.25375923596876e-08,5.88845340555421e-08,-0.0046639075485076,0.00174756654128734,0.00166749581445856,-0.043506650352082,0.0294722610577599,-3.23814023031906e-05,4.57830532880544e-07,-3.80313783037825e-05,0.104348042119933,-0.000460734338983591,0.000159271972073965,3.88791211963836e-05,-1.53351161389296e-05,-0.0210018948482087,-0.000201295287873198,-0.000300593582973412,0.00104108814654177,-3.09419630082275e-06,-0.00109676050736878,1.22227175872269e-05,0.314727617534042,0.000366723830135963,0.000211453055343174,7.44265706119492e-06,0.000116277530491811,5.98320969112503e-05,-0.00128030508148193,0.132575398088167,9.78593953802052e-08,2.16109877687044e-05,3.84455940056944e-05,-0.000144547340556168,2.14982838382551e-05,1.73572306867108e-05,0.779169100278907,-0.0253381164040287,0.000244636669746503,1.07217677587857e-05,-0.00658507134768884,-7.31755691823618e-05,-0.000136137265072693,0.000174616381474482,9.62375987873746e-08,-1.93653920658245e-15,1.24713119958753e-05,0.00870906954022046,-4.15172504862873e-15,-2.29475086601608e-06,-0.000207804171955479,-9.4854164870968e-07,-2.27900888250592e-05,0.107147431984193,-0.000235326496618622,-2.27211384002753e-07,-2.02306240894823e-06,1.81249042490593e-05,1.51768433127669e-08,2.00411720823158e-06,-6.22726122442749e-05,-1.32912084342956e-09,-6.23227276085825e-08,-3.00233367814262e-06,-3.5630010523979e-09,-6.83812655529454e-06,1.86738782263439e-09,1.41124096144152e-09,1.77673870558561e-16,-1.33165116665191e-10,-3.61437981553597e-11,-1.24798131038913e-09,-1.57516794356828e-12,-4.94008183309092e-09,-1.82861745488444e-06,2.46774643204519e-07,-5.536302361575e-16,1.89542333947167e-12,4.87912042857442e-07,-0.0602948720996001,2.06815366106052e-08,6.49876400107581e-12,-5.10783024169904e-07,-8.4658276198437e-09,4.70132103153211e-16,-2.61904757270542e-11,-9.18876265367968e-12,-3.64542410882716e-11,-9.44463423284539e-12,-1.27956435255832e-15,1.30590996172626e-15,2.44843133547406e-13,-8.56996945060335e-16,0.219231821475947,-1.57007718015447e-15,-9.53310200438831e-14,2.70020438423698e-16,6.38710045006318e-11,-2.29875609243202e-13,2.30744770174845e-15,4.79375594026227e-16,-5.04733614460323e-13,-5.50116097042661e-13,-2.81171327179885e-17,-2.97992428048511e-13,2.09167598222379e-14,1.32789994967907e-12,-2.87179804966237e-16,7.44076621262312e-15,3.34823820032425e-12,-3.94790969855916e-17,1.21923864583348e-16,2.45522027819012e-16,-3.79482064832559e-16,9.37784613066165e-16,-3.27058184423192e-11,-2.98843930366906e-17,9.74938950896981e-11,1.43764377960523e-16,-1.18953157841776e-15,-1.67318649514364e-16,-1.59551321689116e-10,1.21008387868055e-16,1.04585898055377e-16,-2.37239545037511e-17
"t26",-0.0199225778251633,-0.0625994970852816,-0.208856722449039,0.01670974275244,-0.00162709170110884,0.0285456630183003,-0.00909011199843784,0.0256825628842101,0.000240673152643076,-6.01466138820395e-05,8.9893540038688e-05,-0.00160212491915296,1.67409872703049e-05,-0.000495889856985954,-0.000501148334477286,0.167038621176338,0.000586415878115754,-0.00144227261079901,0.00263324798416618,-0.00222009563884639,0.00107716438670591,0.0010971278400197,-0.00132677597161406,0.0126535932816846,-0.0232038187609703,0.00917132275002805,5.5203107065316e-07,-0.0292037141618267,-0.0194844376617124,-0.132572637124474,0.00293829076646335,0.0140785059064488,0.000508140389553288,-0.019707590877143,0.0161068044530768,3.01227539665944e-05,-4.66538466559006e-07,0.00738841345723672,-0.00415581547644352,0.000381019195848221,-0.000921875931819679,3.72235378370306e-07,3.06594991079324e-05,-0.0829124182480412,0.0230166567894068,0.0112810351227685,-0.230923307852226,0.135882622167485,-0.000145818808999651,1.90524773644094e-06,-0.000124558894631038,0.336712814309067,-0.00127977327150361,0.000416709665139393,9.26835833148405e-05,1.43721331889973e-07,-0.132545642310529,-0.00056646033490716,-0.000584040357519062,0.00189703359086753,-5.21383890139251e-06,-0.0013832626323381,1.39397632188643e-05,0.299860962380727,0.000329165080931601,0.000182168026720494,5.60530859030845e-06,7.19279731425184e-05,3.2214740840506e-05,3.36217237560665e-06,0.148004311998508,4.66450932538886e-08,9.72100387881675e-06,7.08864562802746e-06,-3.51428344379234e-06,-6.62858247469065e-07,-1.49121395609572e-06,-0.249479893861777,0.00957997339027811,-0.000128076283562181,-6.4449016197237e-06,0.00426652497355942,4.76044176597649e-05,0.000150494365897004,-0.000234443611136884,-1.43177624540951e-07,7.74128268598726e-16,-2.05145964342675e-05,-0.0161296718990124,1.19052099479891e-15,4.69594402416861e-06,0.000462765138806133,2.16691053388049e-06,5.60161328115982e-05,-0.267849428920112,-0.00849970372610595,6.4374177228123e-07,6.11597003791255e-06,-5.59010070374669e-05,-4.90530619209941e-08,-7.13807762602748e-06,0.000246201691231476,5.5180271862447e-09,2.64998947467935e-07,1.35231153154253e-05,1.65750199402702e-08,3.52392056947131e-05,-1.0538575847204e-08,-8.22026105255969e-09,-5.47322991419502e-15,8.33706181945839e-10,2.2850310207678e-10,8.58368643372901e-09,1.23323418009485e-11,4.81259471428926e-08,1.81506302022519e-05,-2.50417273380083e-06,9.03151259218936e-15,-1.98506602892693e-11,-5.15493286558162e-06,0.662491016611079,-2.29238988421318e-07,-8.20121802022515e-11,6.71438990721673e-06,1.11467213040377e-07,-8.6543939905477e-16,3.85933125570958e-10,1.40985249402175e-10,5.6104828354991e-10,1.47038641969724e-10,-2.164301668237e-16,1.08213381089547e-14,-8.63215666661051e-12,3.13445546699844e-16,0.0194603212505477,-2.10010035946472e-16,-4.12597598082836e-11,-9.15936974306826e-16,1.11312321008585e-08,-3.67761317313377e-11,8.40462180670772e-17,-2.60969485578072e-17,-2.13905337211263e-11,-2.26012388366549e-11,4.73770726286979e-17,-1.07201544864144e-11,6.08662745311524e-13,3.69555816126697e-11,3.76756708254738e-16,1.82031952481966e-13,8.03314404858731e-11,4.38102068298269e-16,-1.52928064246961e-16,-2.86358092464627e-16,-4.83660713273017e-16,5.78945952115665e-16,-4.99267523043797e-10,-8.43719299616671e-16,1.15181161170019e-09,2.27419570745638e-16,-1.19101510189083e-14,-1.06966886324071e-16,-1.45819639717261e-09,-2.87346814848725e-16,-8.87642978657675e-17,-9.71244150778448e-17
"t23",-0.0194788465080005,-0.0595855351305168,-0.19514653501153,0.0138711856460331,-0.00134731692255934,0.0191325225267757,-0.00421268337617986,0.00017201100404102,0.0147878333595057,-0.000625946883345385,0.000244743327062563,-0.00319552444384037,2.32649947549853e-05,-0.000658344688290069,-0.000548702346862901,0.170415802001457,0.000479676697157217,-0.000962340173227938,0.00166834481172835,-0.0013578238400368,-0.00523559154766898,0.0164590527751115,-0.00674070036856064,0.016952207095982,-0.0490767832256291,0.016173877188954,9.55856531440315e-07,-0.0502768856021177,-0.0322638264382849,-0.218561638800829,0.00464694740028383,0.02187335796109,0.000788023978577645,-0.0292807606921035,0.0234800478405769,4.22573726123504e-05,-6.35736558382607e-07,0.00996607300707832,-0.00554753788293882,0.000503890959875996,-0.0012142310676659,4.83308428219333e-07,3.68027847016628e-05,-0.0958749647966097,0.0262246459154927,0.0121045494600005,-0.238504411896284,0.136380313239068,-0.000145569396643481,1.86552309842824e-06,-0.000113109273035228,0.30400872467699,-0.00107914777047706,0.00033960078677258,7.08595423026658e-05,2.70843132579342e-05,-0.17221501012286,-0.000562938359643155,-0.000482243004377574,0.00151590383049185,-4.00070969451694e-06,-0.000900949768814115,8.50255810761169e-06,0.159522382438705,0.000166050416691549,8.83344029998549e-05,2.33440239606628e-06,2.15878135170869e-05,6.51706354889362e-06,0.000609039884720275,0.133060440307735,2.36519943194017e-08,4.60346533178872e-06,-1.47494725695081e-06,2.33935604717628e-05,-4.30795079730732e-06,-4.11559919964312e-06,-0.292898230282088,0.0102939467299891,-0.000116475043858198,-5.4652188646539e-06,0.00348230566142914,3.87734642326399e-05,9.11057990446002e-05,-0.000123936113356388,-6.96693251670184e-08,1.27647901453959e-15,-9.10732715104748e-06,-0.00630919056214246,4.76285564449231e-16,1.61661467490777e-06,0.000139951822262362,6.27061892485137e-07,1.40437013651281e-05,-0.0646774031488321,-0.00576206373938798,1.12926484487891e-07,8.17199584711494e-07,-6.76969655879167e-06,-4.47931457317831e-09,-1.91132454690338e-07,-1.16595333088463e-05,-4.62880952083998e-10,-2.70789892070189e-08,-1.99493080128843e-06,-2.87894254241069e-09,-9.17731589126272e-06,3.60805545568099e-09,3.05803482226861e-09,5.67625904012554e-15,-3.68388324302126e-10,-1.03178504446238e-10,-4.61396406969267e-09,-8.3527727727787e-12,-4.51483733118605e-08,-1.74554592337421e-05,2.47862866406204e-06,-9.85420998567042e-15,2.04617120060281e-11,5.37051969864463e-06,-0.724260262906071,2.53275580827868e-07,1.05111508045678e-10,-8.99082930412904e-06,-1.49516305545731e-07,5.92210650604249e-16,-5.80417662974306e-10,-2.20465213631821e-10,-8.79862959911603e-10,-2.33106632339386e-10,1.72141667053723e-16,-8.60058142817466e-15,2.50739616870362e-11,-6.51558782308845e-16,-0.00039284910119596,1.79140322088595e-16,2.32160071486037e-10,8.67940632545935e-16,-7.12970940850865e-08,2.40342692549554e-10,4.69687451506118e-16,-2.87819304104434e-17,3.24239609195918e-10,3.62407948707301e-10,-6.67906057484528e-17,2.29627569910886e-10,-3.55825836323979e-11,-3.23508469433488e-09,-8.13448159799054e-16,2.17699006539473e-11,6.47990120913971e-09,-9.01011672395555e-16,3.34143124068473e-16,1.35550620205818e-16,6.03704436006537e-16,1.78055278391477e-16,-4.91183480139944e-09,1.82783867528447e-16,7.01714678076857e-09,-2.1340767446187e-16,-7.06362477599788e-14,-7.13569911349031e-17,-6.20417400306396e-09,-2.95785388874456e-16,9.96552186385649e-17,3.15174974549878e-16
"t11",-0.0183792888174205,-0.0521429789064042,-0.161365293679481,0.00695209983527674,-0.000665479006895826,-0.00355713753365081,0.00743834582319839,-0.0601365410028996,0.0484862784986376,-0.00193350181891672,0.000597406786842614,-0.00676633186081117,3.68025353589809e-05,-0.000986566386250887,-0.00060591250860166,0.160380662930682,0.000170095655792444,0.000297718101335649,-0.000834909106689694,0.000864052581815447,-0.0196097563156823,0.0508638050957431,-0.0187098092351007,0.0244411747195328,-0.102812306484216,0.0299466760958377,1.74298143359548e-06,-0.0912272400004182,-0.0565139480032612,-0.381231475460348,0.00776999799975631,0.0358630596896546,0.00128931352028779,-0.0454733597090604,0.035546595017097,6.04461054857174e-05,-8.66569059138372e-07,0.0133411075943114,-0.00728457766393212,0.000649947567746153,-0.0015537745110928,6.00728915580555e-07,3.77997369178348e-05,-0.0878636671753536,0.0228542737361609,0.00826671467721271,-0.133336297529495,0.0633497109996742,-6.50221674396536e-05,7.12836167084055e-07,-1.45240716863067e-05,0.033124807539593,0.000132725204130902,-8.14382530704288e-05,-3.27825994133968e-05,7.62679656997164e-05,-0.144780422146949,-0.000114131537633648,0.000192203490782329,-0.000790572223728498,2.71968138517186e-06,0.00124191693525455,-1.43159330307201e-05,-0.37836380150399,-0.000441782259518177,-0.000254750531269187,-8.91886211148854e-06,-0.000137129288018521,-6.97047296761637e-05,0.00150708242340955,-0.0732398008044219,-6.89851591245123e-08,-1.51909258141831e-05,-2.29052457462563e-05,6.51013957081448e-05,-8.33785376829148e-06,-5.54720477050051e-06,0.0229869912405895,-0.0032799456108009,9.85766964872149e-05,6.02062456264689e-06,-0.00435532797783875,-4.88171625152206e-05,-0.000244405072788635,0.000434598570809466,2.83552899819346e-07,-1.48225031538602e-15,4.32596901109344e-05,0.0365539296157956,5.95700732829537e-16,-1.12893583647817e-05,-0.00116828593483743,-5.55073293036596e-06,-0.00014953285217242,0.72179326954287,0.0181219449135412,-1.84948684393558e-06,-1.82087968263777e-05,0.000168143012287947,1.51032106492365e-07,2.30082108335193e-05,-0.000829819570635216,-1.89530113906537e-08,-9.18143627849354e-07,-4.77648758366034e-05,-5.91113487286286e-08,-0.000128707731040734,3.88886029760612e-08,3.03483059786056e-08,1.02375204475525e-14,-3.05792588985257e-09,-8.36593633744643e-10,-3.05694254512428e-08,-3.96345892435095e-11,-7.87772247750943e-08,-2.55533416211559e-05,2.77858987217696e-06,2.05747391838154e-15,1.23052205698387e-11,2.45519870284531e-06,0.178898156139887,-1.04904807545458e-07,-3.69928473148446e-10,4.37924379278242e-05,7.37160228442926e-07,-8.71603781302928e-17,6.21717013935926e-09,3.12373501903167e-09,1.27386472798363e-08,3.6670492939003e-09,-4.34242552763978e-16,3.09753351288473e-15,3.69055553127224e-10,8.40146714976735e-16,3.08640979861835e-05,-1.34775958934237e-16,2.02211532510568e-09,-1.12849141815487e-16,-5.91277492584938e-07,1.97955189846884e-09,-6.056748854934e-16,5.39784005494166e-16,2.23938513700382e-09,2.48614992017786e-09,-8.08705949160297e-17,1.53019023656473e-09,-2.24823137695044e-10,-2.02367407188761e-08,1.9915420859894e-16,1.31556828396798e-10,3.88899820898752e-08,3.0968358377443e-16,-1.20210835340983e-16,-1.47567730382429e-16,2.50346532778552e-16,4.30756785688013e-16,-2.54070051257226e-08,-1.48904425307259e-16,3.28257244651961e-08,-2.51164989181384e-16,-3.26416353699852e-13,3.90594357440662e-17,-2.59218490396331e-08,3.68629445048658e-16,-6.38959188702447e-19,-2.47820470414795e-16
"t9",-0.0170768370943067,-0.043414498907961,-0.121996305028429,-0.000862167602297364,0.0001041642216952,-0.0283426085168913,0.0198211395102645,-0.122201759778458,0.0809882856911169,-0.00318487211780216,0.000918957430958905,-0.00984746319355767,4.54824660948011e-05,-0.00117242085035257,-0.000535719011375499,0.111171738478934,-0.000234231569155146,0.00169318187410841,-0.00354274352951068,0.0032345774485119,-0.0305100636408761,0.0752811011275347,-0.0267330594353566,0.024181017038861,-0.127657805903266,0.0336542264847373,1.92865905627608e-06,-0.10042401189564,-0.0597920337184286,-0.401311093950804,0.00774013605837771,0.0347211321140358,0.00124430738890032,-0.0402422903109295,0.0299655948009414,4.49440577598881e-05,-5.65794843767198e-07,0.00823928922062172,-0.00421955700015438,0.000352923524146015,-0.000818332415228772,2.79922902104832e-07,1.24210313074958e-06,0.0222293936230647,-0.00881467117879997,-0.00903094897754574,0.23572029632278,-0.157812090366765,0.00017284403077143,-2.41091603811562e-06,0.000185169656697273,-0.504394392213078,0.00202910436693283,-0.000668113545673318,-0.000149050894747458,-3.06772501184043e-05,0.318412175326133,0.0011813954926304,0.00105114831568733,-0.0032296649858441,8.0741009137315e-06,0.000682610056983873,1.70802896334304e-06,0.508547172407361,0.00078596874680222,0.000532489198306323,2.84704150307262e-05,0.000695249802260959,0.000459151409965297,-0.0397873391260854,0.113287530428015,-2.44884021556018e-06,-0.000491361471334421,-0.000340131119212359,0.000703706712309127,-8.31796520673203e-05,-5.20020834510667e-05,-0.133470798301347,-0.00968782590525825,0.000394705211179437,2.35264654028912e-05,-0.0166143033837042,-0.000185948067570464,-0.000679322337565375,0.00100025756531994,5.74334615944807e-07,3.16716848374888e-17,7.50422984529977e-05,0.0495994544797183,1.18629150457727e-15,-1.12911986027793e-05,-0.000771467979453051,-3.04945864852957e-06,-3.05171351815586e-05,0.084926497252143,0.00163307913792853,1.07726625009793e-06,1.94084626568628e-05,-0.000206154081945218,-2.46960843778831e-07,-6.18210897723224e-05,0.00356976206981618,1.01230374012723e-07,5.45977580894054e-06,0.000371502915867756,5.39458746689442e-07,0.00213125900223355,-1.4470238588379e-06,-1.8005789123001e-06,-1.54984699569356e-11,-8.78858379230753e-07,-1.39731594593967e-07,-1.19187989763262e-06,-7.95239408412394e-10,-1.04741868911879e-06,-0.000338429100190278,3.72669306659868e-05,1.73542840842588e-16,1.83136005349449e-10,3.94832907579575e-05,-0.000842484390121946,-4.18207712258927e-07,-3.01232338447431e-09,0.000352726445071087,5.93409753157524e-06,-6.78713413870173e-18,4.77404773360953e-08,2.35640385062826e-08,9.59684310800507e-08,2.74896334134933e-08,-2.50956341031505e-16,-6.72549527618106e-16,2.20180129190196e-09,-1.55720736204529e-16,3.79226063390114e-07,6.29653796121305e-17,1.04628183117441e-08,-2.46880342273193e-16,-3.00206436395271e-06,1.00232183131624e-08,-1.83155648113343e-17,2.07357565162635e-16,1.04903202566779e-08,1.16081737681125e-08,-2.0756130474527e-16,7.04306588427079e-09,-1.0069456643448e-09,-9.01594379874518e-08,-1.71863472649728e-16,5.75342941148455e-10,1.69439181125965e-07,-9.01216867395421e-17,-8.5377047191591e-17,6.36935711489337e-17,-2.95184004463423e-17,6.99808923471735e-16,-1.01539583861312e-07,-1.41390260222546e-17,1.23110392198377e-07,-1.75962632950462e-17,-1.21713735545912e-12,-1.08069388417464e-16,-9.00967460379387e-08,-7.59747109833012e-17,-1.48153378187489e-17,-4.01404213947091e-17
"t15",-0.0412913568597029,-0.00870754385770058,-0.0222737163313299,-0.0114817501418227,0.00711906962668435,-0.044089491283689,0.0244828004072046,-0.13102193196971,-0.0415446339405769,0.000397357815839522,-4.11820341671421e-05,0.0327456562091871,-0.000874277911830135,0.0166657957578639,-0.00167932687078098,0.0153713413721084,-0.00317191394332741,0.014291341865694,-0.0440331576069437,0.038244229375408,-0.110581287869312,0.259807560824987,-0.0684305187215844,0.0188206158406211,-0.332207503543807,0.0760281924783532,-7.58629147925193e-05,-0.0154398491488088,0.00701278726307391,0.223322653965073,0.0351223448889128,0.101888218065855,0.0114698861116245,0.0027292756644034,-0.222617110851567,-0.000340463784172194,-2.46659046789381e-06,-0.0795913685175882,-0.035903171056454,0.00255986799229499,0.01148999179696,2.0006139388242e-06,7.41411982853276e-05,-0.085830314699024,-0.0360302082419325,0.00958773863270419,-0.0574954806495547,-0.00852888009092226,1.59635668715064e-05,2.19642713334564e-05,-0.00044382695922743,-0.0104977881660761,-0.00394364952556284,0.00454954523766883,-0.0021699118147161,-0.0729029867990808,-0.00305548882135759,0.3521778503539,0.127283616277226,-0.0040824081727558,0.000867959657627407,0.00292772857462113,-2.19225904515559e-05,-0.00277722739726018,0.000234403866129204,0.00023264786638459,2.00876226852392e-05,0.0125284436134564,0.000418090051493909,-0.00956771012758251,-1.17432558435998e-05,-5.76578974785324e-05,-0.000792257752351378,-0.00672470347287645,0.000256264458988964,-0.000130181775505276,-8.09916011402348e-05,-0.00189793658176214,-0.0243412221276781,0.00585426026423492,4.57460648536102e-05,-0.0323199224761955,-0.000258459414947123,-0.00139728862048113,0.00214384880996974,1.2641417092753e-06,4.80928390750644e-16,0.000170065364530565,0.116611398364377,3.12255815333513e-15,3.4278936988467e-06,-0.001843580055701,1.00372634759e-05,9.46585104334815e-05,-0.00471475962286535,-7.22968139327438e-05,5.05334901155996e-06,9.72535919659989e-05,0.00471219890908847,-1.44820946603286e-06,-0.000610968813832463,-0.194698589548771,-6.6860733700418e-06,-3.54359348273381e-05,8.14964145750205e-05,-1.14885645129714e-06,-0.00118592875144028,-2.18769314420025e-07,-6.0162382678692e-07,-9.5302259993302e-12,0.00109164337530931,-1.01365411770647e-07,-0.00120780747678353,-3.05415238757118e-07,-0.000297220457625039,-0.00101337979805348,0.000120444503725318,2.3649658916843e-15,5.74693818859448e-08,0.000149219941695092,-9.9181838035119e-06,-1.98731312880178e-06,-5.52475795820482e-08,0.658193929840697,0.0117617396713476,-3.85915199307462e-15,-2.81131922492742e-07,-9.8606408134146e-08,-2.70152154645769e-05,-1.03685454282112e-07,-1.94378737599527e-15,8.69773236562505e-15,-4.23680955026121e-09,-4.04342765175651e-16,8.40157889072159e-10,2.99542548910214e-16,4.83480902803216e-09,-5.49115992021819e-16,-1.53347418537964e-06,5.18804847449424e-09,4.26811446452602e-17,-2.43655940536478e-17,7.22426319716569e-09,2.08638239088635e-07,-2.30271232770511e-16,5.0876901964211e-09,-7.77020209095584e-10,-1.68809993221839e-06,3.90194147473033e-16,4.67206664322645e-10,1.38639551686927e-07,-1.7603655458962e-15,1.9190885448708e-17,-1.89276211216661e-16,-3.47685830943725e-16,-3.47632853836672e-15,-1.93814942369709e-06,-4.47759751280007e-16,2.30591597269209e-06,-7.96927669198758e-17,-1.25687154190928e-12,2.23363531586439e-16,-1.0002196482464e-07,-5.79814386800597e-16,1.67720392089501e-16,1.98652653899563e-16
"t16",-0.0412630496417894,-0.00869530187127433,-0.0222324756168185,-0.0114363002305786,0.00709064609579124,-0.0438250424953812,0.0242983111453217,-0.129818301660064,-0.0410440963291871,0.000392449548380358,-4.06023361300134e-05,0.0322312375982449,-0.000856423760677687,0.0163111973542636,-0.00163800328648776,0.0149786337455057,-0.00308448756459887,0.013882214715818,-0.0427638489680749,0.0371370910586104,-0.10687465033732,0.250814228780887,-0.0659975924927739,0.0180670667443551,-0.318565572530114,0.0725559775108158,-7.23402553843295e-05,-0.0147189522123423,0.00667161146557187,0.212402353940086,0.03331086546809,0.0964960633248382,0.0108611779571196,0.00257385995152544,-0.209490863691135,-0.000318789237702916,-2.29938558326774e-06,-0.0740718459169804,-0.0333537173452395,0.0023741572531827,0.0106485851558908,1.84914821017709e-06,6.74055077631771e-05,-0.0773630103534022,-0.0323630785527538,0.00849079396330337,-0.0504738207016807,-0.00744047816767932,1.39105601106068e-05,1.9063349540997e-05,-0.000380079893115366,-0.00898222731648681,-0.00334592591646203,0.00384817737585854,-0.00182777016470721,-0.0605436060943344,-0.00252484178348069,0.288638103379593,0.102377791217785,-0.00326839970566628,0.000690795737391025,0.0022786604868058,-1.69371717430134e-05,-0.00211973586735278,0.00017824997952907,0.000176484019625914,1.5126474211896e-05,0.00934975170070602,0.000310432539643069,-0.00696645029898124,-8.45501307016709e-06,-4.11567725415738e-05,-0.000564995560032144,-0.00472656360632805,0.000177775986085982,-8.98535275510684e-05,-5.56068709129322e-05,-0.00127145670573523,-0.0162007258169812,0.0038306137582448,2.96513009249844e-05,-0.0208271465967932,-0.000166497533619052,-0.000846579234747378,0.00125380029198318,7.22642089550967e-07,-4.62489919895014e-16,9.47442962514327e-05,0.0626854224191004,1.16103486750742e-15,1.77849915791831e-06,-0.000923827038961899,4.97234706386808e-06,4.52415966321914e-05,-0.00223326990492729,-3.23135390079454e-05,2.22708037500835e-06,4.08462515249473e-05,0.00194839519177534,-5.75839152732956e-07,-0.000220999694278988,-0.0619006493636055,-1.97466574448566e-06,-1.00555142014355e-05,2.07280312095499e-05,-2.72119245246611e-07,-0.000208994274827117,-2.5146374768337e-08,-5.52025055221369e-08,-4.56818141036641e-13,3.80439270986503e-05,-2.70757634514188e-09,5.86794941651528e-05,5.59909083643362e-08,0.000144064849592965,0.000522691372005952,-6.67028750791845e-05,-2.96184062674226e-15,-3.51207948365825e-08,-9.35735461556013e-05,6.97704060396448e-06,1.43342955140542e-06,5.64883844413358e-08,-0.746426426949297,-0.0133931199667707,4.60829260452325e-15,4.22294786832627e-07,1.63339728505257e-07,4.50779204720871e-05,1.77862730285019e-07,1.29572968631179e-15,-8.85175501435102e-15,2.13245653965681e-07,3.75853872021542e-16,5.04995130616792e-09,-1.86252947067952e-16,2.12545962114558e-08,3.55701058558298e-16,-5.9856643420549e-06,1.99330625203497e-08,-1.05473484938488e-16,2.72883063036976e-17,1.95783761694834e-08,5.58940425387984e-07,6.64421869449924e-16,1.29880031274515e-08,-1.82537569049054e-09,-3.90696121699643e-06,-2.43377800867329e-16,1.02887276614387e-09,3.02385282165818e-07,2.46936777182716e-15,2.38523424996576e-17,3.08973874455949e-16,5.75460779392379e-16,3.91131631328918e-15,-3.51311966062671e-06,7.01102218574242e-16,3.76861288388612e-06,-3.3378997400949e-17,-2.0381647612577e-12,-1.1721514584107e-16,-1.48090146378038e-07,7.9498507214045e-16,9.66469570315987e-17,8.36165164779611e-17
"t20",-0.0639838636226806,0.00577089026444686,-0.00339777712198368,-0.00900417117964791,0.0114122174532439,-0.0288433854174284,0.0177504006339685,-0.10980004395269,-0.0926893864800032,0.00154214334987174,2.27624042353769e-06,0.042660277991768,-0.000922070179905388,0.00691050983085939,-0.000790504185276184,0.00742738862835937,-0.00163989729045011,0.00864284582634869,-0.0350008492448769,0.0301541586954173,-0.0574994087414847,0.138396566924149,-0.0283821421205974,0.0103623925928899,-0.184952192876769,0.0461323131221884,-5.37730242209575e-05,0.00606579422510813,0.00412645749171433,0.132353971612589,0.0225009937089452,0.0694277853761579,0.00676926437997311,-0.0288490095535114,-0.0630378209467909,-3.85011588643568e-05,-1.60045546745507e-06,0.00400997295598918,-0.0149267737984567,0.00119277957993181,-0.00131578296524264,9.83333026064108e-07,3.95243977294458e-05,-0.0463856474492208,-0.019541718133737,0.00523053611305488,-0.0312655543668181,-0.00460985804107427,8.61539178153136e-06,-2.61707709754137e-05,0.000638075474155065,-0.00539613086105989,-0.00192922143779632,0.00216859971915735,-0.000988143506726413,0.13616639613975,-0.000208779572395059,-0.718549256950505,-0.288650783515136,-0.00850158398387345,-0.00207565009094056,0.00286447226785091,-2.07956639144435e-05,-0.0025500816532645,0.000213583901417148,0.000210928341791129,1.78714304891543e-05,-0.0376051099775091,0.000396413903713546,-0.00874902839393452,-1.07262191114433e-05,0.000191147266142501,-0.000723181915857293,0.0227825289435378,0.000241695432425471,-0.000122849568368183,-7.65777120553243e-05,-0.00181893011683346,-0.0233950048265984,-0.0209330953734717,4.60795957433863e-05,-0.032535461446346,-0.000815245796398958,-0.00148413237948273,0.00236239129215999,1.42765987180664e-06,-5.55711648445577e-16,0.000197590357237266,0.141048516369411,3.51904304664512e-15,-0.000185779453512677,-0.00241989870437166,-9.3407581891985e-05,-0.000706432903902513,-0.00662225889553234,-0.000109026410916396,7.75218283450053e-06,0.000156479781900475,-0.0246473340213888,-2.57815008879328e-06,-0.00123537521131323,-0.478251265887677,-7.61797409266083e-05,-0.000105218336238095,0.000296554383855906,-4.84040475142277e-06,-0.0114671552975301,5.61434949913141e-06,6.33985930517054e-06,4.67945770258848e-11,-0.0134490617276038,3.89260909127658e-07,0.0137701102800294,3.13957433990929e-06,0.0022959137260381,0.000411585544644834,-4.41136158164813e-05,1.54085754377601e-15,-3.71997683380856e-07,-4.46915061549433e-05,2.39085322028167e-06,4.54557470510382e-07,3.86801544474801e-09,-0.0176899060763026,0.000456154866094343,2.48846893322568e-16,-2.36640886610289e-08,-1.19824873601992e-08,-0.000224746552416093,-1.39747885519853e-08,-2.18932778506258e-16,-1.81027494523583e-15,-5.74361004304232e-06,-1.24763815812313e-16,-2.6781949782153e-10,2.33197806309644e-16,-6.50418981383533e-10,6.1698425240347e-16,1.13030172146706e-07,-3.4197600673952e-10,2.1209267537066e-16,4.28995928309487e-16,6.77129700742328e-10,5.78712499788323e-05,-8.07529541886856e-17,6.08172708651907e-10,-1.20556742559484e-10,-0.000214895195213786,-2.23634559956982e-16,8.53957975987295e-11,2.59114893080632e-08,2.96912881023894e-16,-3.34708415495277e-17,1.54090848138258e-16,-3.58326385122982e-16,-2.07530850716768e-15,-8.88238296782924e-05,-7.78559560695613e-16,7.02745385384138e-05,4.06456350314215e-17,-3.99990427677438e-13,-1.2862879393778e-16,-3.60022749566938e-08,-2.78550789624828e-16,9.46104584621781e-17,-2.24217867224279e-16
"t156",-0.0810032972220644,0.0159672973156461,0.00927929964633153,-0.00932827817978365,0.0176683584220816,-0.027776294204421,0.0219203558995527,-0.180465487175066,-0.317580685673682,0.00598045356517469,0.000100371443929881,0.232472508884376,0.0480145447084545,-0.0151366837898997,0.00113478981820677,-0.00986551572133969,0.00200487819636502,-0.0130191861469346,0.0721810571429697,-0.0609226575929106,0.0419204732666086,-0.100212777574555,0.00625673225665589,-0.00626896817477085,0.110428096519454,-0.0283338934189366,3.9864951562108e-05,-0.018200544855146,-0.00229316732456706,-0.0742133903826078,-0.0138688987583775,-0.046117411030197,-0.00368692414333971,0.0441291693932592,-0.0274889516129483,-0.000168133452977135,2.99276069231805e-06,-0.331209418355483,-0.0240230544700033,0.000934212677258471,-0.012625342247106,3.03521705663815e-07,4.68677644952355e-07,0.000682764931102448,0.000406594921622302,-0.000175286373574848,0.00114144635193381,0.000173222280807225,-3.2483600085208e-07,2.22778244481262e-06,-4.61493121716337e-05,0.000205619133237689,7.27712979906765e-05,-8.14264098691481e-05,3.68681273700908e-05,-0.00615226715114518,7.24528260069579e-06,0.0251060973604332,0.00630133432028459,0.000236617508538184,3.14306085021287e-05,-8.03326385856494e-05,5.7334380914324e-07,6.83986300486529e-05,-5.68713493854083e-06,-5.59313584474755e-06,-4.71760912097654e-07,-0.000682248150902548,-9.17516592224406e-06,0.00020208873348862,2.42462048410975e-07,6.92347152064031e-06,1.61096128679466e-05,0.000956507322566121,-4.83243615673201e-06,2.44376482875078e-06,1.51119151185241e-06,3.44790261927293e-05,0.000440926226550245,-0.0013921078296953,-7.48322262132814e-07,0.000533966634353397,-2.47506462805287e-05,2.19626896716975e-05,-3.25933440882344e-05,-1.88329119013054e-08,1.73469958778128e-17,-2.47898122134775e-06,-0.00165222336423831,3.47667031569278e-16,-1.89590255320546e-05,2.48418043114193e-05,-1.17385348974622e-05,-9.82335557448602e-05,6.14076593386225e-05,9.26119724414974e-07,-6.50138150076649e-08,-1.54530478549704e-06,-0.00473951196787602,1.23990448394735e-08,5.21104504722969e-06,0.00120729837634353,-1.20364166924141e-05,1.00566377217287e-07,1.77902333891276e-07,-7.9548533655432e-09,-7.31808853821304e-05,8.5241394563738e-08,1.36199436111598e-07,3.18733494387944e-12,-0.118958474637484,-1.88201201023075e-08,0.353752371912622,-2.3186806219462e-06,-0.000595410913649875,-5.8182238522205e-06,5.9662006464498e-07,-1.76664076451526e-15,7.76679238115333e-08,5.57938447269318e-07,-2.77405406980363e-08,-5.19147187753423e-09,-3.56370169425561e-11,0.000154664803162364,-9.17273891399626e-05,1.01534163187559e-16,1.73493128212041e-10,8.30629751275178e-11,2.04020562546006e-05,9.48840148920085e-11,6.94509860180454e-16,9.73437228303693e-16,1.27098183290763e-07,-4.22471159018299e-16,-5.48650522338446e-14,-1.49120976327305e-16,-7.44803428113584e-13,2.08868369090485e-15,1.83996084854472e-10,-5.80613063322406e-13,-2.40006395780879e-15,-1.65449897297671e-15,2.62249254270591e-12,1.84797163558973e-06,1.24266664500266e-15,2.6806108724926e-12,-6.3449960642293e-13,-8.94499880440865e-06,-3.38563533128799e-16,5.21519703421487e-13,1.60796342694388e-10,0.707106781186548,7.87128337524852e-15,2.83463212599695e-16,2.89975171038287e-16,8.68869706490398e-15,-5.70868174531366e-06,1.41821058686036e-15,5.48334441009316e-06,2.150374601699e-16,-4.5098498666598e-15,-1.41371467334093e-16,-5.97485067120295e-10,5.22767719659181e-16,-3.10081177585267e-17,1.98496733970002e-16
"t157",-0.0810032972220644,0.0159672973156461,0.00927929964633153,-0.00932827817978367,0.0176683584220816,-0.0277762942044209,0.0219203558995528,-0.180465487175066,-0.317580685673682,0.00598045356517463,0.000100371443929872,0.232472508884376,0.0480145447084547,-0.0151366837898998,0.00113478981820674,-0.00986551572133974,0.00200487819636522,-0.0130191861469347,0.0721810571429696,-0.0609226575929105,0.0419204732666083,-0.100212777574555,0.00625673225665609,-0.00626896817477221,0.110428096519454,-0.028333893418937,3.98649515620242e-05,-0.0182005448551459,-0.0022931673245671,-0.0742133903826076,-0.0138688987583775,-0.0461174110301969,-0.00368692414333954,0.0441291693932595,-0.0274889516129486,-0.000168133452977213,2.99276069231765e-06,-0.331209418355483,-0.0240230544700032,0.000934212677258495,-0.012625342247106,3.03521705744264e-07,4.68677644926862e-07,0.000682764931102031,0.000406594921621616,-0.000175286373574966,0.0011414463519332,0.000173222280807163,-3.24836000877399e-07,2.22778244505978e-06,-4.61493121715873e-05,0.000205619133237467,7.27712979906765e-05,-8.14264098693424e-05,3.68681273698532e-05,-0.00615226715114522,7.24528260165336e-06,0.0251060973604327,0.00630133432028409,0.000236617508538102,3.14306085023796e-05,-8.03326385857466e-05,5.73343809212107e-07,6.83986300487154e-05,-5.68713493872392e-06,-5.59313584423362e-06,-4.7176091183381e-07,-0.000682248150901975,-9.17516592283731e-06,0.000202088733487732,2.42462046511361e-07,6.92347152098003e-06,1.61096128682635e-05,0.000956507322566005,-4.83243615634343e-06,2.44376482856455e-06,1.51119151235035e-06,3.44790261931089e-05,0.000440926226550537,-0.00139210782969642,-7.48322261853364e-07,0.000533966634353491,-2.47506462797405e-05,2.19626896714964e-05,-3.2593344087735e-05,-1.88329123845558e-08,-7.61624743531833e-18,-2.4789812215531e-06,-0.00165222336423855,2.07556397829793e-16,-1.89590255320242e-05,2.48418043108152e-05,-1.17385348973751e-05,-9.82335557448074e-05,6.14076593389233e-05,9.26119725020899e-07,-6.50138159757168e-08,-1.54530478380454e-06,-0.00473951196787625,1.23990454893665e-08,5.21104504737895e-06,0.00120729837634406,-1.20364166925278e-05,1.00566377360039e-07,1.77902336327695e-07,-7.95485373532284e-09,-7.31808853816078e-05,8.52413950696413e-08,1.36199435708875e-07,3.18826218551404e-12,-0.118958474637484,-1.8820120188073e-08,0.353752371912623,-2.31868062273761e-06,-0.000595410913652389,-5.81822385186401e-06,5.96620065808871e-07,-1.68349806416403e-15,7.76679235347166e-08,5.57938446455407e-07,-2.77405394397113e-08,-5.1914705060782e-09,-3.56359095673952e-11,0.000154664803157706,-9.17273891408979e-05,-2.85590169234343e-16,1.73491854732892e-10,8.3064056704444e-11,2.04020562547392e-05,9.48844049594422e-11,-1.45388236985738e-15,-3.20563014207648e-16,1.27098182842017e-07,-3.19176774347099e-16,-5.33555587890096e-14,1.22358988394989e-15,-7.45189617433412e-13,-1.62957076704276e-15,1.83995278228385e-10,-5.81055598226798e-13,2.38110950725678e-15,2.34429103758343e-15,2.61876870883707e-12,1.8479716394413e-06,-1.54756452143503e-15,2.67842119711215e-12,-6.37174168312121e-13,-8.94499879975131e-06,-3.25936476920246e-16,5.16349112608899e-13,1.60779957977895e-10,-0.707106781186547,-7.88829215037121e-15,-2.60590616248674e-16,5.82416467582714e-16,-8.03830550565616e-15,-5.70868174409446e-06,-6.44762167655856e-16,5.48334441225216e-06,-2.5402578266499e-17,-5.05987856365635e-15,4.77188444871875e-16,-5.97484294175625e-10,2.33507674886379e-16,-2.8890259280928e-16,-1.79725936256133e-16
"t133",-0.0807960767882636,0.0158835398832213,0.00921520087602026,-0.0091905688601396,0.0174052800022673,-0.0271551979751181,0.0213047312106079,-0.174288549351987,-0.303331723689462,0.0057053702155684,9.51118298650479e-05,0.218881323906629,0.0443685231176243,-0.0139393044369715,0.00103103458212134,-0.00892917002708902,0.00179966197414286,-0.0116353357136762,0.0644557585605175,-0.054374639000857,0.0367077392992526,-0.0873466463898401,0.00543181558556186,-0.00533891022878107,0.0936283457636684,-0.0235438561569424,3.30136358168912e-05,-0.015055431280183,-0.00188041105748806,-0.0607877431529903,-0.0112238341267019,-0.0370945599699091,-0.00296358279276638,0.03484584740214,-0.0215032563967376,-0.000128638150279047,2.2447318812873e-06,-0.246542740140588,-0.0177368424582909,0.000684527156008325,-0.00921965291879417,2.18910912266274e-07,3.12319968209602e-07,0.000435763052453075,0.000254922507082533,-0.000101947173114186,0.000632358902853014,9.25705823947715e-05,-1.72444236661018e-07,1.15511586619493e-06,-2.20332889120789e-05,9.76307872386922e-05,3.26981290016976e-05,-3.58397557868578e-05,1.57700361517995e-05,-0.00237465669855091,2.69122924803633e-06,0.00873150092129807,0.00185585002928924,6.66220358518065e-05,8.33382823281856e-06,-1.64100014516276e-05,1.05823900718137e-07,1.04286650859271e-05,-8.12130704954555e-07,-7.63200991702264e-07,-5.5382341988621e-08,-6.43689866326747e-05,-7.47319439787716e-07,6.57550847441013e-06,1.20856399138337e-09,-1.10083378021794e-07,-2.92236858041091e-07,-5.0486504435947e-05,4.03487730060714e-07,-2.32748681772221e-07,-1.62341511120417e-07,-5.62012203840239e-06,-7.82435520837061e-05,0.000298897747500723,1.75902221912061e-07,-0.000132150689516669,6.14294266876842e-06,-8.20834685287287e-06,1.44056304156059e-05,9.12496787624224e-09,-2.2615331305338e-17,1.3168523646926e-06,0.00098077290175895,-6.54378815834265e-16,1.23804856458012e-05,-1.76105300222607e-05,8.53228911995668e-06,7.67638689898041e-05,-4.88039190166506e-05,-8.1280053197465e-07,5.83110834898779e-08,1.48433067906577e-06,0.00464698642876513,-1.27561379006027e-08,-5.92646658668438e-06,-0.00153076960216107,1.60639603790226e-05,-1.37634378857117e-07,-2.58743328418508e-07,1.19722535887797e-08,0.000122828404568592,-1.57728305028939e-07,-2.60765758569263e-07,-6.48668769985998e-12,0.246272902430081,3.93770442801678e-08,-0.811374500327555,6.12764126539885e-06,0.00200969934586869,2.00573232116245e-05,-2.10878181430211e-06,4.80269236748896e-15,-2.84598800715435e-07,-2.06441284536388e-06,1.07329347362808e-07,2.02881767354863e-08,1.61721330489319e-10,-0.000736052248694892,0.000437363897258799,1.62251526966975e-16,-9.4458271349715e-10,-4.74603771892044e-10,-0.000116995265529888,-5.51650399823471e-10,8.80555274235995e-16,-2.54951684619283e-16,-2.25742721760094e-06,7.97764566345867e-16,-1.01749880004657e-11,-1.18386665589384e-15,-2.48917496524051e-11,-4.58186339257468e-16,4.34592017941834e-09,-1.31585969547072e-11,6.78467130844062e-18,-7.94623802916485e-16,2.67470811107497e-11,1.84204028716531e-05,2.54312757429511e-16,2.42058215613198e-11,-4.86147618292202e-12,-6.63677843024817e-05,9.15118901984158e-16,3.48622194664639e-12,1.06012070273331e-09,-2.22029368482361e-16,7.69255005163373e-17,-1.51285155638363e-16,-9.69789398719207e-16,7.16418533184343e-17,-2.5976870434529e-05,-6.79426997801286e-16,2.01314491921787e-05,-1.62918199061629e-16,-1.90137861799927e-14,-4.35522987408771e-16,-1.77021936952087e-09,-1.04340598835254e-15,3.16688175598805e-16,1.21578354442459e-16
"t79",-0.0803620004914261,0.0157062500286534,0.00907864117378749,-0.00888797662902951,0.0168269191304491,-0.0257483385895644,0.0198774938354713,-0.159601753779023,-0.267905853468569,0.00501816026667778,8.16058787360139e-05,0.183045533308859,0.0339680807409393,-0.0104731912869834,0.000712606925563339,-0.00600650357502735,0.00113508505069174,-0.00706414174235791,0.0388420269324593,-0.0326140454678511,0.0177827288824765,-0.0395966556638675,0.00231128971699636,-0.00147019539262215,0.0221472344373631,-0.000874124760827877,-1.67040101487476e-08,0.000202345445551311,0.000222204550407688,0.0080377445442704,0.00332068541494646,0.0143759226457244,0.0011796367981301,-0.024652600689459,0.0193477851258801,0.000187673115196982,-4.78993374776975e-06,0.604848568061151,0.0504574223084733,-0.00223516645596254,0.0320216636108895,-9.56227267169425e-07,-1.44735936647388e-05,0.0133620104335382,0.00520231727475409,-0.00107486547617145,0.00565940442434821,0.000769898464604679,-1.4191158477501e-06,9.20915464820617e-06,-0.000165316711789115,0.000731033344176835,0.000242169411984005,-0.000265332967105595,0.000116997648528227,-0.0180973065011743,2.08367989941727e-05,0.0698287242196342,0.0164476800567264,0.00060933859910706,7.96402452945367e-05,-0.000193076003487024,1.35735789724595e-06,0.000158260489677528,-1.30731328652763e-05,-1.28030645950765e-05,-1.06673938157738e-06,-0.00152106205335923,-2.03011067691891e-05,0.000435210101266126,5.14809933345152e-07,1.45497887180525e-05,3.38179721711301e-05,0.00197556170263696,-9.84496175543415e-06,4.95334934601134e-06,3.047235244221e-06,6.79687153040098e-05,0.000864315200030698,-0.00269062619837942,-1.43557934629839e-06,0.00101978173665868,-4.72574297826286e-05,4.01958670022238e-05,-5.84040328539059e-05,-3.33236765700431e-08,3.50947464887608e-16,-4.32808582838155e-06,-0.00283548293608449,-5.95927842134411e-17,-3.20314558039049e-05,4.13822816453608e-05,-1.94684241472911e-05,-0.000160813045955774,0.000100217313215761,1.48382940233352e-06,-1.0374144236706e-07,-2.43428572990393e-06,-0.0074374979181728,1.92856378148401e-08,7.96579867625002e-06,0.00181814131497746,-1.80496082016224e-05,1.50651963598079e-07,2.66944768065281e-07,-1.1990845214178e-08,-0.000115721615958103,1.57071860546917e-07,2.83800768373906e-07,1.1616585366355e-11,-0.665171639487445,-1.78078853202257e-07,-0.172588411857888,-5.73569092521323e-07,-0.000133939897537154,-1.21006585680761e-06,1.11056629422193e-07,5.35651653171475e-16,1.17722521584223e-08,7.9046077892421e-08,-2.58577668478532e-09,-4.24147390039675e-10,4.13390141120245e-12,-2.91700222539021e-05,1.75754337137959e-05,4.57366238927906e-16,-7.27546286537296e-11,-4.24808586067414e-11,-1.05798688140839e-05,-5.17923926624971e-11,1.77695762929235e-15,-2.91842087500604e-16,-6.03236607026769e-07,-3.85255148588358e-16,-3.67504503832026e-12,5.10870628931837e-16,-9.90812641855089e-12,-1.45798391445331e-16,1.81139319353502e-09,-5.52107215303554e-12,-9.49550792474574e-16,-6.19327206372629e-16,1.33702581976721e-11,9.27262062713341e-06,4.26072647467526e-17,1.25559039335653e-11,-2.66533952228363e-12,-3.67693054140145e-05,1.17638606190343e-16,2.00275274686068e-12,6.13357322370263e-10,-3.33220430932282e-16,8.84044416678724e-17,-8.75115855630642e-16,-5.836801186543e-16,8.79651403727208e-16,-1.75448832355562e-05,-6.5784245586943e-16,1.50473087687561e-05,2.25189711849847e-16,-1.42577778162349e-14,-2.91312081386775e-17,-1.47380118527241e-09,-3.16881908776616e-16,3.9130155896293e-17,8.60999122247956e-17
"t80",-0.0803067153439731,0.0156840824640042,0.00906176210329314,-0.00885260798206155,0.0167593795999079,-0.0255929112595287,0.0197266226447555,-0.158123627216933,-0.264646691689383,0.00495556162204612,8.04447029852921e-05,0.180136210766081,0.0332644417324937,-0.0102470486332486,0.000694779083419278,-0.00585040833204389,0.00110322542280787,-0.00685808335580239,0.0377010356103854,-0.0316518505143794,0.0171737349330998,-0.0381954365049663,0.00222723983369955,-0.00140983756817187,0.0212141660199821,-0.000833062539794344,-1.59058618656652e-08,0.000192622297969069,0.000211066810338068,0.00763274675259241,0.00314394263654456,0.0135902095236137,0.00111497853499793,-0.0231995684581928,0.0181656456536201,0.000175260026947714,-4.45180153236346e-06,0.561129734634869,0.0467194859732985,-0.00206585036306316,0.0295722271088428,-8.8049931057556e-07,-1.30862861354811e-05,0.0119650477064206,0.00464017937907332,-0.000943353420918808,0.00491696904490143,0.000664022512688378,-1.22232918724601e-06,7.89503669781386e-06,-0.000139488374171435,0.000616182416528777,0.000202056555817558,-0.000220561932473766,9.67641153958769e-05,-0.0147084245839211,1.6829789267675e-05,0.0558219521704019,0.0128365049638503,0.000472701944864973,6.13064973859723e-05,-0.000144277583227144,1.00421352780921e-06,0.000115147238217678,-9.46306821610532e-06,-9.23615083181289e-06,-7.61640003734933e-07,-0.00107225203208105,-1.4207271118935e-05,0.000296016144338163,3.44352014484086e-07,9.60641789230652e-06,2.22965839129501e-05,0.00127376282804818,-6.21858942917441e-06,3.10370337644572e-06,1.89325273491754e-06,4.05629642594149e-05,0.000510207691724018,-0.00154270757936456,-8.09630144685732e-07,0.000569236189247391,-2.63632807141517e-05,1.99903782355413e-05,-2.70241033923301e-05,-1.46785014756066e-08,-5.01961489989091e-16,-1.79829388153871e-06,-0.00108053398921243,-9.39594967906296e-17,-1.11205868189435e-05,1.30031693336102e-05,-5.9068696443948e-06,-4.33928315067337e-05,2.62050304004678e-05,3.08570071155345e-07,-2.02429333101815e-08,-3.6918090739542e-07,-0.00102403461926163,1.98796374569358e-09,1.70280018250808e-07,-0.000154725510498605,2.58516957832123e-06,-2.61992990385213e-08,-6.80190666033174e-08,3.65666279675962e-09,5.69552211990114e-05,-1.1079986327665e-07,-2.25156281097664e-07,-1.12992244812911e-11,0.684339733417938,1.89654525915659e-07,0.24762655603444,1.32277141928399e-06,0.000884959626011624,9.07200805377525e-06,-9.82058258328349e-07,5.292565758952e-16,-1.37674096886372e-07,-1.00821359155182e-06,5.4580356011278e-08,1.04041029475577e-08,9.19495064787703e-11,-0.000429603982635422,0.000255526219004929,-4.78461468636194e-16,-5.86706941278382e-10,-3.00407832935053e-10,-7.41538042823214e-05,-3.51425894587396e-10,-2.09786452498119e-15,1.00032488316425e-16,-1.76207158827759e-06,2.98342475827624e-16,-8.63854549281199e-12,-4.99002636383421e-16,-2.17972733597435e-11,3.06580543733383e-17,3.86203327033385e-09,-1.171742619272e-11,8.05506938537038e-16,6.83267978516574e-16,2.52797612072361e-11,1.74516285459197e-05,-1.06165647194123e-16,2.31784166707634e-11,-4.74885649829373e-12,-6.50883631605513e-05,-1.89711383416899e-16,3.46537706298593e-12,1.05653339316268e-09,5.37196873631611e-17,1.44008154564304e-17,1.05333743088244e-15,7.10015979146406e-16,-1.16581184782674e-15,-2.74756161017044e-05,4.84265322519783e-16,2.21735543709737e-05,-2.86133978284988e-16,-1.9522495788057e-14,1.0089117466089e-16,-2.03754473425302e-09,2.1638342938373e-16,1.60521290309191e-16,-1.12866179475361e-16
"t41",-0.100164236696448,0.0291228484711147,0.027199992840816,-0.0288689027827997,0.0903811313638438,0.00587898754983134,-0.000466313972767478,-0.0145085322227241,-0.0691687675450816,0.00142612456192917,5.40209983195443e-05,-0.15936657568623,0.0114262128492345,-0.000207077835765436,3.14129175700284e-05,-0.000256271580846424,1.62520819456669e-05,0.000574204398361658,-0.00597961647752671,0.00608044785694671,0.0018184290685139,-0.0040152548911643,-0.00188741716909346,-9.43649351681924e-06,-0.0004479263426036,0.00102464738703803,-2.26015673133162e-06,0.00211434249795267,0.000100445319207857,0.00342239371648633,0.000975126637713559,0.00405928832822493,-0.00173361178703601,-0.0077764776305454,0.0141933571296567,-0.000897569687176202,5.89787374276704e-10,0.000499695104077658,-6.85282241627283e-05,1.61230577944548e-05,-0.00336677098394818,1.13111180339526e-08,1.2009227171594e-06,-0.00171397872994426,-0.000770202772586284,0.000256976166627201,-0.00173057668948774,-0.000277299487363757,5.26136400197005e-07,-1.35329958422013e-05,0.00206427888091504,-0.000425181904918359,-0.000175012825798701,0.000208237655188945,-0.000103323778577119,0.0435797310207213,-3.00367538747653e-05,-0.161794549115759,0.383375870676644,0.00378037536668704,-0.0012092461532042,-0.000182540444766718,9.60946639987079e-07,6.78774022195225e-05,-4.68517652831176e-06,-4.01347360913312e-06,-1.85028058273863e-07,0.00655637068465341,-3.24938035052742e-06,-9.04087648144203e-05,-2.27856850627055e-07,-8.36105026073952e-05,-2.74413930948217e-05,-0.113207600556701,-6.44588687098713e-06,1.86711540031376e-06,6.14452020228419e-07,-1.40641418213139e-05,-0.000247837397590803,0.00701920482929102,4.93847592628301e-07,-0.00043923551421327,0.000189474289662339,-3.70426216552445e-05,7.00379895720843e-05,4.65333318431895e-08,4.35327377972073e-17,7.11582762882359e-06,0.00580873466262286,4.03693746979982e-15,0.000434799084895219,-0.000132554899242162,0.00197992816671084,0.00349472849684296,-0.00048799106595373,-1.31016949857279e-05,1.11513241457502e-06,8.59039412837977e-05,0.866869262747424,4.98453845518732e-07,5.52553337277983e-05,0.00654034356815421,0.00242818027784663,3.81452863872096e-07,5.20729762556972e-07,-2.01851239917186e-08,-0.000115339694165419,7.85727138362231e-08,9.69623786414256e-08,9.08767230361599e-13,-0.00721137484211975,4.98563334072475e-09,0.00690451270248647,0.00121991913337116,0.00491256519847159,9.60985964791258e-06,-1.0596976802689e-06,6.01901396174047e-15,-7.66254788404245e-07,-1.1000499702098e-06,5.98240170990826e-08,1.14092705931886e-08,9.62713692962337e-11,0.000453523273233183,-0.0521127512728474,-1.56202854900893e-16,-6.85591036836387e-10,-3.49180753586912e-10,-0.000423982842232857,-4.06522620402266e-10,-1.19386786449248e-15,2.35831554222614e-15,-9.2608592902539e-06,1.75132605805793e-16,-9.22102653531009e-12,-1.46251918991177e-16,-2.29011294596268e-11,2.01332498808389e-16,4.02500492961352e-09,-1.21971723840032e-11,-5.84703308624677e-16,-9.4501678621008e-17,2.53657174373323e-11,0.00146149228098067,-1.69380396907727e-16,2.30261488968393e-11,-4.66800851193245e-12,-0.0050066159161432,5.22692384247888e-17,3.33514934559448e-12,1.01473670847843e-09,-1.94350320607924e-16,-7.85437227624158e-17,-8.71341715769199e-16,4.40482245236431e-16,-4.43725910925294e-15,-0.000109365062373184,-4.67437766051236e-16,0.00122123900571694,-1.63366279993452e-16,-1.74619965530469e-14,-2.64438196876622e-17,-1.66314248549286e-09,-9.25941609240377e-16,6.61551377314492e-16,-7.1114764184334e-17
"t180",-0.102988831220254,0.0308533301541782,0.0293653099131134,-0.0342190241834267,0.107299817382274,0.00768508082484004,-0.000660000803884741,-0.0225086971653726,-0.128292101865789,0.00270050560306428,0.000115940241479539,-0.390701816861092,0.0466509485698864,-0.000958431303189552,0.00029707337133611,-0.00340909024435439,0.00153370052993149,-0.0249056806683671,0.204131182700162,-0.183424107287812,-0.0104898727522097,0.019486234190686,0.00807383104574527,2.60122562514148e-05,0.00114424344018669,-0.00198379639400974,4.21141412048911e-06,-0.00389099803901047,-0.000169046955484777,-0.0056987441903716,-0.00145983417934257,-0.0057899055006609,0.00246005315609143,0.00975699480536021,-0.0168276516471274,0.000947742399124939,-5.70978721665307e-10,-0.000469558587733399,6.24865908480932e-05,-1.43175962690079e-05,0.0029560437772819,-9.54904822136498e-09,-8.42177536017737e-07,0.00112331051506434,0.00049334545037194,-0.000153252517182751,0.00100263850853638,0.000158354200936822,-2.99827989229431e-07,7.66537665336653e-06,-0.00116155523724,0.000239315018709413,9.92246155236964e-05,-0.000118611861729415,5.93289016602551e-05,-0.0261228090544126,1.83909800149235e-05,0.103353106252182,-0.281326243506769,-0.00290212021766611,0.000990997592323686,0.000214422414901141,-1.35409434432697e-06,-0.000149413139826787,1.26200272816434e-05,1.27358532712938e-05,1.33150171275849e-06,0.0729087351594438,-1.43879952908773e-05,-0.000113730246970312,-1.97250398933709e-07,-5.77203757958607e-05,-1.85277395485656e-05,-0.0562593980691785,-2.54854481046562e-06,6.8164099797025e-07,2.07281074573816e-07,-3.43451668656164e-06,-5.60852883242905e-05,0.00131999639280134,8.44168382956924e-08,-7.09498755308015e-05,3.05088557077735e-05,-3.54059969162452e-06,5.15819839286627e-06,2.92285435334636e-09,-3.17764710588931e-16,3.75537666440283e-07,0.000242182489232259,-6.65859042819262e-16,1.43636182571703e-05,-3.47003917978593e-06,4.79033167172813e-05,6.54002315726483e-05,-8.53479697554256e-06,-1.40014531042231e-07,1.03508810002781e-08,4.32200332722464e-07,0.00330201637924744,5.15666950682525e-10,-2.42490835835723e-07,-6.41478042688812e-05,-2.96956412167207e-05,-5.10854484439511e-09,-8.41001003543508e-09,3.56781590245441e-10,2.59309630331467e-06,-2.10881316319619e-09,-2.7546982965098e-09,-2.85379262980732e-14,0.000232030941055639,-1.63077688845535e-10,-0.000260156352834772,-5.766685491711e-05,-0.000387669002094086,-8.04881391609086e-07,9.5750795060974e-08,-4.04097489836423e-15,7.82154769229173e-08,1.16387577651055e-07,-7.62290249239211e-09,-1.52447957167977e-09,-5.26530203286244e-11,0.00624877190973159,-0.347862428561558,-8.41003757960026e-16,-1.19016397809614e-10,-4.40913359188238e-11,-5.24467550202966e-05,-4.66626420561275e-11,-1.69194437259041e-15,4.52456777873232e-15,-1.23659631470413e-07,-3.5882487280138e-16,-4.04779986249272e-14,5.36109655236101e-16,-5.86048738495672e-14,-4.46556649885022e-16,7.10480545923486e-12,-2.08242592684678e-14,-1.38514264725806e-16,3.94524527732728e-16,-4.47540360890356e-15,-3.11257949036594e-07,1.91943390846633e-16,-8.08742399357196e-15,1.9185607539918e-15,1.89860193006572e-06,1.52606661763809e-15,-7.42629148483393e-16,-2.25814050618112e-13,-6.30346800052172e-17,1.02498770285603e-17,3.39823362157019e-17,4.71370201040876e-16,6.89014898940003e-16,-2.07399382900293e-07,-5.14612512803227e-16,6.3135794240557e-06,6.28931247489536e-17,-2.78247338953542e-15,-2.70097078974856e-16,-1.89299320576403e-11,-0.707106781186547,-3.43597473862742e-16,9.15999993246516e-17
"t181",-0.102988831220254,0.0308533301541782,0.0293653099131134,-0.0342190241834267,0.107299817382274,0.00768508082484004,-0.000660000803884742,-0.0225086971653726,-0.128292101865789,0.00270050560306425,0.000115940241479579,-0.390701816861092,0.0466509485698865,-0.000958431303189566,0.000297073371336387,-0.00340909024435437,0.00153370052993163,-0.0249056806683671,0.204131182700162,-0.183424107287812,-0.0104898727522096,0.0194862341906858,0.00807383104574501,2.60122562514425e-05,0.00114424344018675,-0.00198379639400964,4.21141412041695e-06,-0.00389099803901055,-0.000169046955484656,-0.00569874419037157,-0.0014598341793427,-0.00578990550066096,0.00246005315608911,0.00975699480536016,-0.0168276516471274,0.000947742399124953,-5.70978729430905e-10,-0.000469558587733315,6.24865908483863e-05,-1.43175962689663e-05,0.00295604377728162,-9.5490482401238e-09,-8.42177535868822e-07,0.00112331051506404,0.000493345450371885,-0.000153252517182706,0.00100263850853651,0.000158354200936767,-2.99827989276797e-07,7.66537665386498e-06,-0.00116155523724051,0.00023931501870926,9.92246155239324e-05,-0.00011861186172973,5.93289016602595e-05,-0.0261228090544126,1.83909800149096e-05,0.103353106252181,-0.281326243506769,-0.0029021202176658,0.000990997592323607,0.000214422414901075,-1.35409434407738e-06,-0.000149413139826808,1.26200272817314e-05,1.27358532710539e-05,1.33150171268567e-06,0.0729087351594433,-1.4387995290435e-05,-0.000113730246970589,-1.97250398888078e-07,-5.77203757965118e-05,-1.85277395487416e-05,-0.0562593980691785,-2.54854481049338e-06,6.81640998179019e-07,2.07281074429506e-07,-3.43451668673245e-06,-5.60852883241082e-05,0.00131999639280165,8.44168381163503e-08,-7.09498755298262e-05,3.05088557073931e-05,-3.54059969082527e-06,5.15819839293219e-06,2.92285435141471e-09,-1.50726141752385e-16,3.75537666512626e-07,0.000242182489232384,1.2362314874052e-16,1.4363618257554e-05,-3.47003918021202e-06,4.79033167167374e-05,6.54002315724396e-05,-8.53479697597581e-06,-1.40014530936955e-07,1.03508809860046e-08,4.32200332735229e-07,0.00330201637924893,5.15667318934096e-10,-2.4249083637037e-07,-6.41478042691483e-05,-2.96956412172037e-05,-5.10854550264136e-09,-8.4100095110607e-09,3.5678158646598e-10,2.59309630295385e-06,-2.10881304371033e-09,-2.75469856653035e-09,-2.8412374789422e-14,0.000232030941056138,-1.63077633458898e-10,-0.000260156352836324,-5.76668549174975e-05,-0.000387669002094125,-8.04881391716639e-07,9.57507948146433e-08,-3.43266737368601e-15,7.82154770226167e-08,1.16387577462837e-07,-7.62290286969447e-09,-1.52447969733202e-09,-5.2653035523072e-11,0.00624877190973272,-0.347862428561557,-1.07773726848933e-15,-1.19016204618339e-10,-4.40916387915477e-11,-5.24467550203637e-05,-4.66625651709469e-11,-2.10426472329609e-15,4.03540099035554e-15,-1.23659630909765e-07,-5.3798550563146e-16,-3.98116937094968e-14,7.37039809988457e-16,-5.87930413717668e-14,-1.5383663850901e-16,7.10472219250802e-12,-2.10680556794783e-14,-5.31634608126833e-16,5.75633779233249e-16,-4.54264786052018e-15,-3.11257948753389e-07,-2.53864213056245e-16,-7.94798458276201e-15,1.88136436090431e-15,1.89860192942497e-06,6.77987926502889e-17,-1.03252638643941e-15,-2.26368728449555e-13,-3.33490975340227e-16,1.40500097364139e-16,2.56038480226975e-16,2.22066310813966e-16,-2.05934726860248e-15,-2.07399383063953e-07,3.03664360377466e-16,6.31357942598677e-06,-2.55308000937548e-16,2.64991201943325e-15,5.0916909153925e-16,-1.89318512039058e-11,0.707106781186547,2.40272738036411e-16,1.83177253618965e-16
"t148",-0.102741307267302,0.0307013182339535,0.0291748153800691,-0.0337449883414172,0.10580060089101,0.00752394425508398,-0.00064262949309323,-0.021787107656941,-0.122906406422086,0.00258429642367172,0.000110259910774672,-0.369358005941518,0.0433463867641522,-0.000887728596159343,0.000271773662721381,-0.00310781299257878,0.00138762958651129,-0.0224433938717091,0.183812029722437,-0.165089454538559,-0.00927874569721199,0.0171642236813426,0.00708616696886258,2.24373035027647e-05,0.0009830442777959,-0.00167373593452194,3.54243795758576e-06,-0.00326959436026997,-0.000140945598350712,-0.00474670190016852,-0.00120296353424386,-0.00474527573068338,0.00201499868002652,0.00786684744532044,-0.013455740231448,0.000743207115776757,-4.40051113641059e-10,-0.000359498323461216,4.75025392020489e-05,-1.08127515171079e-05,0.00222587786752752,-7.11362848275223e-09,-5.86451704049474e-07,0.000754414753405569,0.000326462934260127,-9.53544601002207e-05,0.000599893919427982,9.20723485357267e-05,-1.73417899292956e-07,4.35224833507765e-06,-0.000618757817104101,0.000126948911555994,5.04895921927817e-05,-5.94338149097831e-05,2.91070310404467e-05,-0.0118996609816678,8.15422992506143e-06,0.0437885686545693,-0.10680135792118,-0.00107084263011891,0.000352334744105521,6.56103364779226e-05,-3.92776732781845e-07,-3.94817204235134e-05,3.23702582619124e-06,3.20204648820012e-06,3.14508715926301e-07,0.0158851813372807,-2.9877103590399e-06,-1.92308967062876e-05,-2.9097922087264e-08,-7.57493137084727e-06,-2.39918898585002e-06,-0.00577369732129579,-2.01193223282881e-07,4.766116374706e-08,1.25573234987197e-08,-6.26171160201948e-08,-4.0867483722595e-07,-2.74594524436999e-05,-3.04502789799327e-09,3.21877993079159e-06,-1.4001550244314e-06,4.91026254123257e-07,-9.71216813497062e-07,-6.39861662315082e-10,2.93024601536054e-16,-9.47393504872082e-08,-7.17966469697268e-05,1.0448851588171e-15,-4.85614215292258e-06,1.30778391887847e-06,-1.86469893181479e-05,-2.7905251485421e-05,3.71911281813169e-06,6.8862024283633e-08,-5.22449551562198e-09,-2.36470464155891e-07,-0.00185018829063587,-3.05332585885214e-10,1.60671610234628e-07,4.78436822565279e-05,2.33901290527009e-05,4.13181879160872e-09,7.24694455999015e-09,-3.18450722528032e-10,-2.58396885322032e-06,2.31297143207289e-09,3.12275666867405e-09,3.48636495196086e-14,-0.000283388439774274,2.01172318498819e-10,0.000349577243026527,8.80637264429358e-05,0.000730188699538006,1.54268205564134e-06,-1.87321272883748e-07,8.80011665292185e-15,-1.57566770631377e-07,-2.36311343602622e-07,1.60408334844153e-08,3.23356639874523e-09,1.2538869346925e-10,-0.0154212247020694,0.859699523181105,2.45949413064554e-15,3.23906513732179e-10,1.24142399712221e-10,0.000148040629780302,1.32976995134525e-10,4.82166640170848e-15,-1.02485942760223e-14,6.47749085620019e-07,1.08126611047419e-15,3.77733990462349e-13,-1.57572213409952e-15,7.61667059311815e-13,5.81616599687562e-16,-1.18555306197199e-10,3.54121503713493e-13,1.15309199704537e-15,-1.19331910297834e-15,-3.77869271788421e-13,-2.09576807992731e-05,2.76594786634141e-16,-2.73495900135045e-13,3.42500542020014e-14,3.24325761089965e-05,-1.70825053047702e-15,-1.15244033256244e-14,-2.83469688694415e-12,8.24372471026232e-16,-2.6602859139899e-16,-1.39920459832602e-16,-4.93271200505399e-16,2.03130561785497e-15,-1.26482751056957e-06,3.82474144659966e-16,2.77329534610054e-05,3.91246989771486e-16,-2.7500209078666e-16,-2.36039476274375e-16,-6.20955262035927e-11,-9.19426653789339e-16,4.19348469526581e-16,6.78906048652534e-17
"t88",-0.101964173479844,0.0302235465186106,0.0285756967868866,-0.0322494283924619,0.101070405102267,0.00701401427501501,-0.000587529673366327,-0.0194926183972836,-0.105706968659848,0.00221300674467637,9.20636491711877e-05,-0.300815514889827,0.0326574471356845,-0.000658732298186124,0.000189408752687442,-0.00212555226741768,0.000909896747930961,-0.0143769643992715,0.117226020252747,-0.104995124388106,-0.00528054025232779,0.00948547686218246,0.00381517674468057,1.05129377988844e-05,0.00044447759315263,-0.000630132827718698,1.28801410991873e-06,-0.00117462102087604,-4.59047380785716e-05,-0.00152552498702204,-0.000330062385876019,-0.00118758544647202,0.000498912157240424,0.00138691630167519,-0.00185728664963736,3.41412416921421e-05,1.69923223314168e-11,2.57137805168839e-05,-5.08950629476979e-06,1.52097145717303e-06,-0.000346600020584398,1.50312539551114e-09,3.42474908348613e-07,-0.000604358313678555,-0.000291698746821667,0.000124133814279628,-0.000949122179056947,-0.00016553235589678,3.18810006780216e-07,-8.63517830133267e-06,0.0015577069634543,-0.000324269464273788,-0.000148055172351516,0.000182928060818398,-9.55571248903529e-05,0.0482357003308693,-3.55083095608388e-05,-0.213984394286414,0.674377743439247,0.00719541684259695,-0.00256188450173164,-0.0006421798038133,4.24357122635827e-06,0.0005031601453203,-4.34104965636694e-05,-4.44192301390192e-05,-4.8386691759439e-06,-0.278211134880557,5.64037236005496e-05,0.000492850500231012,9.03360973125016e-07,0.000275528468613607,8.88343816068209e-05,0.28871487079288,1.38832898156764e-05,-3.7986268511867e-06,-1.18263334748931e-06,2.18090215269195e-05,0.000366187041520948,-0.00926091126660259,-6.16097827918179e-07,0.000530488657092247,-0.000228426747184777,3.40755515303666e-05,-5.73752137212967e-05,-3.57419297099448e-08,1.12624795087952e-16,-5.12182333873174e-06,-0.00386372435589702,-2.39319595664237e-15,-0.000270186623662041,7.76761950054194e-05,-0.00113967233867626,-0.00191023919890789,0.000263543697506518,6.5931162783454e-06,-5.52579931413028e-07,-4.05511276726853e-05,-0.403317620637372,-2.24189752001242e-07,-2.31714588201893e-05,-0.0025446684879734,-0.000912349676276955,-1.40909847317396e-07,-1.84677355655178e-07,6.99811779517076e-09,3.72473975134291e-05,-2.38604281592599e-08,-2.88333180319632e-08,-2.61586602351092e-13,0.00204618359756919,-1.40588136506627e-09,-0.00184785237053214,-0.00030343081273635,-0.00112092584873189,-2.18670830373635e-06,2.40768482748233e-07,-2.22936658620974e-15,1.74455257192446e-07,2.5085720735743e-07,-1.38548213388101e-08,-2.65763569457607e-09,-3.6385309357775e-11,0.002338232804239,-0.125806363265726,-5.08261062848176e-16,5.80633714665404e-11,3.46967622683178e-11,4.24392618708218e-05,4.16882506366532e-11,-4.83329396615523e-16,9.82061629626101e-17,8.5980485860556e-07,-2.9567535219581e-16,6.41840557482135e-13,3.77243356522813e-16,1.36463784066246e-12,-1.7195534964713e-16,-2.18945150204375e-10,6.53969561067048e-13,-3.94209263336946e-16,3.48198463498143e-16,-7.70703799716187e-13,-4.28673492842062e-05,-3.09509847862407e-16,-5.69321770716585e-13,7.30763411208816e-14,6.91898421776113e-05,-5.39325855544193e-18,-2.45117011608256e-14,-6.14830105230557e-12,-6.40508813446021e-17,2.24262816794635e-16,2.33540390144334e-16,-4.87490893879134e-16,4.89360480597838e-16,-2.87189960883512e-06,-9.05795174544398e-17,6.40063933047717e-05,-1.97238008473294e-16,-9.99088907196158e-16,-1.44920489279564e-16,-1.43631200683059e-10,3.31614438202498e-16,-2.60760238017945e-16,-2.202555130242e-16
"t98",-0.104830493739124,0.0321674825166025,0.0311829121517992,-0.0421265413121191,0.132581421937053,0.0140894237476427,-0.00556774375586198,0.0227647126016923,0.000186080833149742,6.92521510373044e-05,1.30693122583329e-05,-0.0531087886621604,0.00223736101049863,-1.16910899574462e-05,-5.97572442218863e-05,0.000992401327030107,-0.000855680387270574,0.018976478319591,-0.164738130561173,0.153392464202226,0.0441094334372138,-0.174662487235956,-0.406205923051967,9.11021050938599e-05,0.00341682141580653,-0.00396570663952445,8.09349966138468e-06,-0.00738847069383963,-0.00029862601597368,-0.0100023707943052,-0.00261730290433404,-0.0252249854255221,0.209026741386436,0.0115265584259585,-0.0196715291595303,0.0137586103990499,-5.96976750236227e-10,-0.000482542015110971,6.30624296828891e-05,-1.42149440042856e-05,0.00291398814415359,-9.17848629664824e-09,-7.05874796681424e-07,0.000883132895645095,0.000378239207268594,-0.0001062165788751,0.000652577030911157,9.84289206469452e-05,-1.84792703810521e-07,4.58450564738907e-06,-0.00202699976646229,0.0001272398460853,4.91877126871952e-05,-5.71757291099118e-05,2.74913652419462e-05,-0.0104159376761852,6.90377877421433e-06,0.0347452655489238,-0.0676802343473033,-0.000624902692346989,0.000180297415039027,8.55685950766974e-06,1.93757507215676e-08,1.71859478813596e-05,-1.88124972122083e-06,-2.19740637816236e-06,-3.31633146965433e-07,-0.0259917299968143,6.1239344984127e-06,8.84633844092098e-05,2.13261051755211e-07,8.10947099994645e-05,2.68040709022507e-05,0.134763444133565,1.12540710059186e-05,-4.18781380435841e-06,-2.04883945568034e-06,-2.54201433422041e-05,-0.00029956271347977,0.00427901252607437,2.29344265294358e-07,-0.000176266893769256,7.54375787399518e-05,-5.12674553936954e-06,6.34465458439204e-06,3.31790652311186e-09,1.44286051323556e-15,3.95311346532769e-07,0.000232842708565273,-1.62074413174958e-15,1.23643210750946e-05,-1.34619972766122e-06,-0.301698750885369,8.11101796534466e-05,-1.03644909449562e-05,-1.82637494743916e-07,1.42531314191385e-08,8.31095759073308e-07,0.00769508491310038,3.59204040017784e-09,2.47081367792156e-07,1.57730493328401e-05,-3.667076499099e-05,5.37522982423317e-10,4.32089690199575e-10,-1.16544443637834e-11,-8.31639959675279e-09,-5.47955241294099e-12,-6.52690586040033e-12,-9.24220008268305e-16,-4.10759486864625e-08,7.39408093943222e-14,6.91763622910711e-07,-0.740625984613565,1.94813889784799e-05,3.94686929805488e-08,-4.54006936906337e-09,-2.44429151960198e-15,-3.49103225683881e-09,-5.09560636741124e-09,2.99048424912129e-10,5.80252876997145e-11,6.75298005262424e-13,-9.36670391155081e-06,0.000350688223895873,3.56863526974636e-16,-4.81070627669604e-12,-2.60458740350151e-12,-3.1777683091673e-06,-3.09266460639564e-12,5.16205837335135e-16,8.8985922716896e-17,-1.28729401905545e-07,-2.04856273080394e-16,-1.6641538407719e-13,-8.02797991807176e-16,-4.62231828876093e-13,8.84911000113442e-16,8.52854557809035e-11,-2.6173479345231e-13,-2.98265834969799e-16,2.73090644140694e-16,6.74009378040866e-13,0.000423023254292084,1.49211823409985e-16,6.36294063770769e-13,-1.45222487599747e-13,-0.00155022920944198,-1.28098045054542e-15,1.04027226557283e-13,3.20075545928722e-11,3.55502990156171e-16,3.6237942689168e-16,4.18653408563454e-16,2.02714292948198e-16,2.50033818118266e-16,-4.42040565041451e-06,1.91030555971446e-16,0.000491992706708711,3.47787989609364e-17,-5.0729736270791e-16,3.92616428169309e-16,-9.93533050969164e-11,-8.39910419926491e-17,4.62922816800411e-16,6.30755067467363e-17
"t99",-0.104857122216386,0.0321842519961502,0.0312043310938975,-0.0421885400465557,0.132778235494906,0.0141209104745849,-0.00558340103056247,0.0228428916262009,0.00018692147104987,6.95730027300762e-05,1.31384413367114e-05,-0.0534228339927982,0.00225464552299545,-1.17852771606249e-05,-6.03159973145636e-05,0.00100204511639538,-0.000864670621007353,0.0191837951498879,-0.166550754093563,0.155087673421307,0.0446766465208162,-0.176984677086549,-0.411758493979072,9.25113386785925e-05,0.00347109008921875,-0.00403610958488163,8.23971007884918e-06,-0.00752271845561713,-0.000304291912687756,-0.0101931699668062,-0.00267011714496242,-0.0257480546041309,0.213373968649892,0.0117848813413212,-0.0201290450709441,0.0141059111337644,-6.13096131059619e-10,-0.000495895083254032,6.48526413750488e-05,-1.46279290823359e-05,0.00299951001836454,-9.45776574624147e-09,-7.32095940573621e-07,0.000919078014162144,0.000394180074042102,-0.000111323660222894,0.000686377398866621,0.000103791225013238,-1.94950359800007e-07,4.84438500391693e-06,-0.00215372153388304,0.000135242650342105,5.24644568592052e-05,-6.10623047762758e-05,2.94110545451349e-05,-0.011209665442474,7.44554015547766e-06,0.0376022662755132,-0.0738360063352897,-0.00068310393916022,0.000197594395728405,9.46965785811115e-06,2.15124079197765e-08,1.91843074087759e-05,-2.10346464062915e-06,-2.45964357671645e-06,-3.72437360369127e-07,-0.0293083502041868,6.92126628417077e-06,0.000100877975500904,2.44452056753948e-07,9.33280084021157e-05,3.0860879874314e-05,0.156217707241614,1.31266172260875e-05,-4.89637957208357e-06,-2.40153945270014e-06,-3.01502774654658e-05,-0.000356430402518103,0.00513393245331648,2.76452852245347e-07,-0.000213087941377465,9.12110428231299e-05,-6.39430975380122e-06,8.06065972982458e-06,4.26668743303507e-09,-3.13973496676465e-16,5.15465976498199e-07,0.000309631075897648,-2.33945312376031e-15,1.6772332137514e-05,-1.86287024955055e-06,-0.420281500368283,0.000115400843462474,-1.48253863942835e-05,-2.70634696571581e-07,2.13057067053282e-08,1.28070081738211e-06,0.0119778619725452,5.73585933697149e-09,4.2067316663791e-07,2.94686007610832e-05,-7.24558883856692e-05,1.09580932576741e-09,9.62895920725922e-10,-2.75899792157441e-11,-2.59897890353064e-08,-2.79978443739199e-11,-4.59120915927407e-11,-3.96312915145077e-16,4.1969988739338e-06,-2.86617465535523e-12,-2.28552216087821e-06,0.668394364310582,-2.18134774339883e-07,1.00877341722982e-09,-2.9630948009899e-10,2.9932414821468e-15,-4.06152394272093e-10,-6.57322782359263e-10,5.44341152014516e-11,1.11822006579869e-11,2.1890243973808e-13,-3.29400506404731e-06,0.000123732003485218,-4.61676273609962e-17,-2.02284452755881e-12,-1.15267866031698e-12,-1.40834880918202e-06,-1.39054106978365e-12,-8.97905640710624e-16,4.53847029402432e-16,-8.20100702040662e-08,5.01162957684917e-16,-1.17529250220905e-13,2.06950373872321e-16,-3.32660472603851e-13,-1.00597449012031e-15,6.24723304771396e-11,-1.89975514449026e-13,-2.01658171493545e-16,1.8483828184115e-16,5.19538168183235e-13,0.000327242139813404,-3.17725474265188e-16,4.98517689073854e-13,-1.15296655336911e-13,-0.00123143124604816,6.0280293188374e-16,8.29766469145119e-14,2.57243723122014e-11,-2.46439153805955e-16,-1.23068103901432e-16,-2.52947364344136e-16,3.66435849655418e-16,4.60569082871842e-16,-3.69947828240896e-06,-3.90181930940811e-16,0.000422361788965845,2.2467265298411e-16,-4.1882257871819e-16,-5.00824943327142e-16,-8.75650502357283e-11,2.57606436182556e-16,6.44928289387003e-17,-1.76386005179862e-16
"t96",-0.104655399316067,0.0320571859081977,0.0310420115645886,-0.0417183724258234,0.13128568260188,0.0138819718951278,-0.0054645252201361,0.0222490056858131,0.000180529543708192,6.71331089862632e-05,1.26124534379275e-05,-0.051032033036627,0.00212285202415655,-1.106689758745e-05,-5.60494982382172e-05,0.000928383985503188,-0.000795954264948568,0.0175986027175817,-0.152690072112118,0.142124283099743,0.0403322906551473,-0.159191978378062,-0.369200641837606,8.16932850383682e-05,0.00305434360226343,-0.0034945817502715,7.11477790967885e-06,-0.00648973188675978,-0.000260664443410207,-0.00872388346786984,-0.0022630198145847,-0.0217142298083216,0.179847066536406,0.00978983022063177,-0.0165930036679616,0.011417058619984,-4.88103011306435e-10,-0.000392294871034492,5.09545753292571e-05,-1.14199199167632e-05,0.00233501728040614,-7.28576549308164e-09,-5.2697478071778e-07,0.000637018270945406,0.00026893577101368,-7.0990723071912e-05,0.000418577840747693,6.12066343093746e-05,-1.1424935164978e-07,2.776599009013e-06,-0.00114031401050013,7.1222330606652e-05,2.616652888387e-05,-2.98332787735509e-05,1.39613291049324e-05,-0.0047862794493672,3.05259371019984e-06,0.0143603119647435,-0.0233777711038023,-0.000205130416414365,5.51989907230854e-05,1.88487329061025e-06,3.70263943718717e-09,2.44041613085399e-06,-2.38592175444921e-07,-2.56571653202465e-07,-2.853775087944e-08,-0.0012450488203166,1.59523083992329e-07,-5.33171089386387e-06,-2.37657138815522e-08,-1.22878546623856e-05,-4.17859141653708e-06,-0.0303502828065149,-3.25882576540583e-06,1.31891125661235e-06,7.00127382976385e-07,1.19513456076584e-05,0.000151381600532644,-0.00256631725670932,-1.4991869190184e-07,0.000121180237749637,-5.20080215675885e-05,5.50119029351667e-06,-8.3702688060231e-06,-4.94070512109533e-09,-1.29027466008156e-15,-6.68896238249642e-07,-0.000464426143932063,4.82485440208728e-15,-2.87056263681304e-05,3.59573822858007e-06,0.842677112034754,-0.000259400204653747,3.4259048462792e-05,7.42225626303042e-07,-6.08029292340973e-08,-4.17129383885342e-06,-0.0406772762093279,-2.15819736996678e-08,-2.01203850631702e-06,-0.000194255228341014,0.000575625994344704,-9.66008648645223e-09,-1.14838606416089e-08,4.09250321643524e-10,1.71805054753962e-06,-8.19367732244429e-10,-8.6648184479776e-10,-5.30184480058404e-15,4.07227528268946e-05,-2.59937280174637e-11,-1.09188963769687e-05,0.0686560297581631,5.52022633634383e-05,1.14002550287949e-07,-1.33485618373673e-08,-4.4494356425862e-16,-1.04550355660967e-08,-1.53185919538361e-08,9.10461339567042e-10,1.76975489220426e-10,2.07664865882365e-12,-2.86240945792087e-05,0.00107149208819737,-2.15132869183534e-16,-1.44527505941313e-11,-7.78245106649731e-12,-9.48451301050358e-06,-9.21946477532667e-12,3.15556591442277e-16,-2.89915660922624e-16,-3.38028882539296e-07,-3.5761714557011e-16,-4.1023824962072e-13,5.3882168724216e-16,-1.09185467280099e-12,3.27227202619161e-16,1.98844461621155e-10,-6.0566028459993e-13,4.57744031042277e-16,-3.85270495724401e-16,1.47125279480173e-12,0.000921311767773712,2.32629450146716e-16,1.37189241485196e-12,-3.05101177021413e-13,-0.00324581248215716,5.32626774736703e-16,2.14390766271019e-13,6.57552371927106e-11,2.53378047709862e-16,-7.74697731452871e-17,-2.78461515859969e-16,-4.65769711141339e-16,-1.04083408558608e-17,-8.43061094047437e-06,2.63568492080179e-16,0.000888131923993713,-6.69609137644313e-17,-1.38534226569325e-15,2.24173824881049e-16,-1.68030219756645e-10,3.92047505570758e-16,1.58227937866096e-16,3.06959919625113e-16
"t182",-0.110035616810781,0.0356634772404906,0.0358401405366887,-0.0590611094804282,0.186564623227912,0.0255484639591235,-0.0131839575595402,0.082476035457292,0.123266466514002,-0.00235756102523117,-6.18236730455242e-05,0.134282710124516,-0.00222899110734051,1.03571879214251e-05,3.57912339759318e-05,-0.000539217733165291,0.000382223877458272,-0.00768401590569382,0.0655176960608884,-0.0603328421798814,-0.0116831856487443,0.0421700677676065,0.0905771667610874,-1.36576188783785e-05,-0.000463984163479128,0.000312271901642104,-5.63748830293735e-07,0.000491959803417093,1.24899821847391e-05,0.000383872331170364,-4.54984556134929e-05,-0.00447128952000419,0.0563841450490578,-4.22388889098624e-06,-0.000919698635303952,0.474598690634067,6.34877939498276e-11,3.44764008836079e-05,-3.04728365396485e-06,4.69619864204086e-07,-7.98578378214436e-05,9.82462659926357e-11,-3.10594530426335e-08,5.37872704746162e-05,2.52256954151407e-05,-9.16661865056276e-06,6.2821353124735e-05,1.01235671864334e-05,-1.9223158790274e-08,4.95973459026864e-07,-0.0163801029461797,9.43394833094035e-06,5.83424714918498e-06,-6.95130291635669e-06,3.43460953247727e-06,-0.00139727055147293,9.4566738226623e-07,0.00491062842724522,-0.0101719722752924,-9.51971421224124e-05,2.79221267718963e-05,1.40121824259082e-06,3.22600765052748e-09,2.93640314864016e-06,-3.23861734594811e-07,-3.80141922901003e-07,-5.82036158777017e-08,-0.0046396397154954,1.10333493018511e-06,1.64899792494556e-05,4.04955459393317e-08,1.56124539578737e-05,5.1679255433468e-06,0.0265722218756021,2.26289145133858e-06,-8.48330974540171e-07,-4.18232584448512e-07,-5.37260781581592e-06,-6.38865072732119e-05,0.000934054230623885,5.07065346160952e-08,-3.92779089121931e-05,1.68173903114111e-05,-1.24065277134757e-06,1.61226836796614e-06,8.71762300542013e-10,-8.67208317942008e-17,1.08222939861335e-07,6.834454993859e-05,1.52327513112388e-16,4.08105787747028e-06,-1.02705578056418e-06,0.00204994131144874,2.07097326304104e-05,-2.7684141655893e-06,-5.68387373098712e-08,4.55059074484326e-09,2.87151346916915e-07,0.00272406342200808,1.34991302428808e-09,1.07525898357652e-07,8.57280789492466e-06,-0.00070847531141392,3.56392055995045e-10,3.72860451213863e-10,-1.22258413935964e-11,-3.76091469495021e-08,1.24587160012723e-11,1.12383207039344e-11,4.33136439136041e-17,-3.27676627253845e-07,1.92338625198792e-13,2.19527532185557e-08,2.94533989813467e-06,9.67952022831885e-07,2.10248170783023e-09,-2.60300202182748e-10,-1.12529105034474e-16,-2.19505011332474e-10,-3.27688912246313e-10,2.11040861435724e-11,4.17182894200713e-12,6.03563343260049e-14,-8.80871003319794e-07,3.3043233179042e-05,-1.53967209162194e-17,-5.07577758036143e-13,-2.84779620742773e-13,-3.48220378758412e-07,-3.41949280695963e-13,-6.51131535129267e-16,-4.49293380277993e-16,-2.00916420635084e-08,1.82137032221502e-16,-3.03602629148081e-14,-4.49874310572315e-16,-9.08115326406017e-14,-9.99595822574851e-17,1.74659045906744e-11,-5.37627430909852e-14,4.16237377145162e-16,5.75894293721342e-16,3.35576600788725e-13,0.0140393185327265,-3.49008324363923e-16,1.30047490009037e-13,-7.24093560379945e-14,-0.00870040828786494,-1.34394413605477e-16,1.46615551230845e-14,5.09525245346448e-12,5.82867087928207e-16,3.50355996159906e-16,-6.80542153020557e-16,7.26146420446921e-17,-8.59989163215502e-16,-1.56434824035855e-06,-4.82140407905749e-15,0.390154167508503,1.70584646230829e-15,6.31029545090848e-16,1.00372346167289e-16,-2.30768149814958e-13,-6.99527241687647e-16,0.707106781186546,1.22065708803306e-15
"t183",-0.110035616810781,0.0356634772404906,0.0358401405366887,-0.0590611094804282,0.186564623227912,0.0255484639591235,-0.0131839575595402,0.0824760354572919,0.123266466514002,-0.00235756102523114,-6.18236730455124e-05,0.134282710124515,-0.00222899110734048,1.03571879214164e-05,3.57912339759617e-05,-0.00053921773316526,0.000382223877458655,-0.00768401590569365,0.0655176960608881,-0.0603328421798815,-0.0116831856487443,0.0421700677676062,0.0905771667610867,-1.36576188784583e-05,-0.000463984163479118,0.000312271901642288,-5.63748830338928e-07,0.000491959803417069,1.24899821849036e-05,0.000383872331170432,-4.54984556133903e-05,-0.00447128952000411,0.0563841450490581,-4.22388889058031e-06,-0.000919698635303712,0.474598690634066,6.34879270442205e-11,3.4476400883679e-05,-3.04728365366517e-06,4.69619863940733e-07,-7.9857837821609e-05,9.82464286450771e-11,-3.10594531167946e-08,5.37872704745798e-05,2.52256954149949e-05,-9.16661865071325e-06,6.28213531246838e-05,1.01235671862048e-05,-1.92231587545993e-08,4.95973458983606e-07,-0.0163801029461797,9.43394833105137e-06,5.83424714909883e-06,-6.9513029160484e-06,3.43460953191081e-06,-0.0013972705514722,9.45667382084084e-07,0.00491062842724576,-0.0101719722752923,-9.51971421222786e-05,2.79221267718633e-05,1.40121824230557e-06,3.2260075059237e-09,2.93640314866662e-06,-3.23861734732071e-07,-3.80141922856943e-07,-5.82036158627359e-08,-0.00463963971549498,1.10333493041972e-06,1.64899792493051e-05,4.04955460280194e-08,1.5612453957434e-05,5.16792554286886e-06,0.0265722218756016,2.26289145137133e-06,-8.48330974681248e-07,-4.18232584880694e-07,-5.37260781554531e-06,-6.38865072731682e-05,0.000934054230623748,5.07065346648311e-08,-3.9277908912232e-05,1.68173903112109e-05,-1.24065277154889e-06,1.61226836849527e-06,8.71762276771337e-10,-5.97928106181258e-19,1.08222940025881e-07,6.83445499384408e-05,4.34398598080999e-17,4.08105787730989e-06,-1.0270557806342e-06,0.00204994131144846,2.07097326295031e-05,-2.76841416567127e-06,-5.6838737579187e-08,4.55059075125273e-09,2.87151347017626e-07,0.00272406342200897,1.34991292509869e-09,1.07525898253985e-07,8.57280789465318e-06,-0.000708475311413617,3.563918702746e-10,3.7286057679158e-10,-1.22259844752489e-11,-3.76091472582829e-08,1.24587113544495e-11,1.12381846009864e-11,2.19781082305941e-16,-3.27676627239967e-07,1.92200360410921e-13,2.19527527120164e-08,2.94533989775303e-06,9.67952023153641e-07,2.10248152568426e-09,-2.60300121084425e-10,2.14033411469652e-16,-2.19504325730408e-10,-3.27689121714173e-10,2.11045113676644e-11,4.17202503013442e-12,6.03320552912421e-14,-8.80871003392653e-07,3.30432331795741e-05,8.09160569713426e-17,-5.07922289534472e-13,-2.84921501090779e-13,-3.48220378633934e-07,-3.42156289619041e-13,-3.2856668113217e-16,-7.87347617658973e-16,-2.00916416984705e-08,-1.68352542899232e-17,-3.12050732476088e-14,6.80261326931778e-17,-9.05468865135945e-14,-8.38846997141634e-17,1.74659215042283e-11,-5.36535567324358e-14,-6.31787535665288e-16,-2.88719768718726e-16,3.35487392972786e-13,0.0140393185327259,-5.81366850590018e-16,1.30089258897732e-13,-7.20900065115504e-14,-0.00870040828786518,-1.79530131537143e-16,1.48438828825084e-14,5.09505331263045e-12,6.94539911694214e-16,3.05568621418164e-16,-6.37615416997975e-16,4.79009332432861e-17,-1.0243542125643e-15,-1.56434824030155e-06,-3.60924378436247e-15,0.390154167508501,1.56667320530167e-15,1.37749115494187e-15,-2.75677279604353e-16,-2.28592643945758e-13,-1.92120624964431e-16,-0.707106781186548,-1.1407212114979e-15
"t179",-0.109918092244029,0.0355854780934291,0.0357370038612377,-0.0586993247617305,0.185412026845036,0.0253123200371927,-0.0130313430929208,0.0813160430969699,0.121005870060929,-0.00231326154715376,-6.05044248071708e-05,0.131095329008525,-0.00216085800143402,1.00279012038439e-05,3.44838659460933e-05,-0.000518806242965651,0.000366675964594439,-0.00736004920761278,0.0627373167426227,-0.0577621901552615,-0.0111119079420594,0.0400451660154547,0.0858979179991004,-1.28698752574559e-05,-0.000436590547862218,0.000291946516477453,-5.26494887652365e-07,0.000459286366130615,1.16288336217329e-05,0.000357282602149255,-4.21910441346688e-05,-0.00413861535743156,0.0521784775488857,-3.8882624618904e-06,-0.000844311009611099,0.432957445156957,5.76008900271132e-11,3.12152214616522e-05,-2.75301867692836e-06,4.2341670657023e-07,-7.19369200299235e-05,8.82162747485135e-11,-2.73549945308702e-08,4.69147003257248e-05,2.19181515494372e-05,-7.8441462630169e-06,5.32704871095092e-05,8.52976695119804e-06,-1.61781939427008e-08,4.15747432747773e-07,-0.0135519263227115,7.7986392402348e-06,4.7845647460161e-06,-5.68441058884781e-06,2.79789348302999e-06,-0.00112383007851287,7.57282753572827e-07,0.00390472542618491,-0.00796302342926684,-7.42458800815954e-05,2.16747150317676e-05,1.06920474079899e-06,2.44823104569945e-09,2.20896035740001e-06,-2.42992927982093e-07,-2.84731124074388e-07,-4.33725963566504e-08,-0.00343625233119137,8.14382399801253e-07,1.20171925951081e-05,2.9303577989484e-08,1.12378046125147e-05,3.71775418138853e-06,0.0189504503768508,1.60160439972097e-06,-5.98695081595272e-07,-2.94284039603044e-07,-3.73012361355881e-06,-4.42035713932405e-05,0.000640646853627387,3.46144320708587e-08,-2.67359764822721e-05,1.1445528602162e-05,-8.20875446358034e-07,1.05110818751205e-06,5.63235131437797e-10,1.45462570607222e-16,6.92438112363331e-08,4.31740318643974e-05,-2.02939856284259e-16,2.54758596671645e-06,-6.34148197761335e-07,0.00126133088115936,1.26104830008606e-05,-1.68149799619106e-06,-3.39954150056082e-08,2.71216340292988e-09,1.69192242917227e-07,0.00159936926304343,7.85870033905461e-10,6.14453074466499e-08,4.79451244556495e-06,-0.000392027192401586,1.96153831076047e-10,2.02513497052194e-10,-6.58947739758871e-12,-1.97621954365138e-08,6.39154803031266e-12,5.71535160303759e-12,-1.81849155409783e-16,-1.63290970463942e-07,9.56259948562034e-14,1.06398159670749e-08,1.37104721194964e-06,4.18275205085144e-07,9.02499195168383e-10,-1.10852674478981e-10,-1.23309337241604e-16,-9.24082764634458e-11,-1.37522670551685e-10,8.73051045520434e-12,1.72034380590115e-12,2.39408584732073e-14,-3.40323311589022e-07,1.27580796861386e-05,-8.57699330978116e-17,-1.8766082200835e-13,-1.03581995123504e-13,-1.26342914906717e-07,-1.23726645553555e-13,4.62932655055588e-16,1.46735922024188e-15,-5.11722487705875e-09,-2.06612112930308e-16,-3.90009205486486e-15,8.00542979645007e-16,-1.10146572039008e-14,2.44133917041817e-16,1.71065245302415e-12,-5.03893716981068e-15,-9.87280172232659e-17,2.13737880908082e-16,-1.56904239153786e-14,-0.000777954963118032,1.57862279445042e-16,-1.20232273810095e-14,1.2303092996013e-14,0.00163739332471497,4.11680121800725e-17,-4.03262571193496e-15,-1.38202500116723e-12,-1.34462753431652e-15,-5.5192436822187e-16,1.47478573452746e-15,2.67279554694954e-16,2.44899586721026e-15,1.32995293049894e-06,8.95519517363029e-15,-0.833686845905482,-3.46794086892186e-15,-2.0269196159456e-15,2.6172745181284e-16,-5.2085516726464e-11,1.21604115665974e-15,3.97920512297479e-16,7.44770863663743e-17
"t110",-0.110101846143858,0.0357091887012872,0.0359020526665219,-0.0593038907955258,0.187339469638246,0.0257245058133722,-0.0133069457953158,0.083491362707757,0.125545872023774,-0.00240290187441994,-6.32931659735738e-05,0.138129134911205,-0.00233278014370001,1.08807885665281e-05,3.82554706333969e-05,-0.000579629277677127,0.000416494926124998,-0.00844082584993237,0.0720843692731893,-0.0664455998882364,-0.0134539218282619,0.0492193221468707,0.107057133530096,-1.74533766054419e-05,-0.000606960481462875,0.000473364930213506,-8.8434983319686e-07,0.000781331304023792,2.22108892884471e-05,0.000694486635559756,-0.000105779849008943,-0.0127222303006348,0.164898221196235,-0.00215460553682983,0.00320195658713207,-0.253084213263001,-3.97348637660106e-12,1.09749962181639e-06,-3.29842293785368e-07,7.68154121722495e-08,-1.47337419312468e-05,2.42124391849905e-11,-1.23874273345377e-08,2.21660622555311e-05,1.03506321809388e-05,-3.30530826338346e-06,1.74703578385981e-05,1.66221216258301e-06,-2.5832488483793e-09,-5.12832594626546e-09,0.448510007181906,0.000160902671517998,9.56115972877868e-06,-9.63458063311961e-06,4.10582060747272e-06,-0.00130791517569866,8.44821538472512e-07,0.00414259959048414,-0.00788987401509056,-7.2733657768572e-05,2.09689160976704e-05,9.99439348116924e-07,2.26931381533774e-09,2.02332943885887e-06,-2.21856150332334e-07,-2.59433302363037e-07,-3.92900458078809e-08,-0.00309271660075971,7.3047627867551e-07,1.06529012928068e-05,2.58207626118064e-08,9.85920939755985e-06,3.2601905532687e-06,0.0165045837838313,1.38680795375178e-06,-5.17278579316723e-07,-2.53699461954688e-07,-3.1841042313688e-06,-3.76383373101255e-05,0.000542014302191636,2.91839664199895e-08,-2.24940615282276e-05,9.6284383979756e-06,-6.76080277810476e-07,8.55714912921415e-07,4.55191246182633e-10,3.12942480377982e-16,5.55081920465468e-08,3.42298668201471e-05,2.41599184263822e-16,1.99827289858324e-06,-4.92316326168514e-07,0.000975946698609082,9.65694764747417e-06,-1.28438559355757e-06,-2.55494266358748e-08,2.03052210617152e-09,1.25044959466184e-07,0.00117719572375335,5.72614414287604e-10,4.37350631713852e-08,3.31308812791947e-06,-0.000266673046828389,1.32345739766519e-10,1.33778712134197e-10,-4.29770690153364e-12,-1.23100186242425e-08,3.79173298492477e-12,3.32632050498009e-12,8.04471424524641e-17,-9.05408935481661e-08,5.3168096739376e-14,5.47191595940549e-09,6.17195052579622e-07,1.30568523954745e-07,2.69340993952483e-10,-3.12376726048502e-11,-6.14531295154524e-16,-2.37494664960538e-11,-3.44040709549659e-11,1.90295110398531e-12,3.61345427592284e-13,2.00418194126448e-15,-1.62815810104966e-08,5.88378107728871e-07,5.63897434727284e-17,1.53590167690512e-14,1.33534951657713e-14,1.71257384085022e-08,1.87624730781501e-14,2.24923304165248e-15,7.87130777224476e-17,9.38419574817845e-09,-7.95410941404882e-17,3.31687802224145e-14,1.85858267580103e-16,1.40099490880251e-13,-1.68764672359007e-16,-3.39294254584482e-11,1.07660602760134e-13,1.87218216326204e-15,-1.20090584228491e-14,-9.34928340613896e-12,-0.761308945131641,2.54826956420751e-14,2.30222027439798e-12,-3.61003119978958e-13,-0.0387534768865034,5.06333759273257e-15,4.37385814398898e-14,1.4953717084043e-11,-2.0272412221134e-15,-3.72062523029318e-16,-1.78361032747816e-16,-1.80765525928121e-15,-1.32446137390829e-15,-1.60581482664771e-06,7.76957817580752e-16,0.0161478598800204,3.22208660390173e-16,3.68932202260496e-17,-4.90757074848072e-16,-2.54237070306841e-11,4.53630188967935e-16,3.6438061767466e-16,8.45937193021904e-18
"t111",-0.110246451292395,0.0358053998676867,0.0360294697139643,-0.0597542793001289,0.188774528753416,0.0260208009539062,-0.0134996339379304,0.0849663046673205,0.128458329815147,-0.00246005980852008,-6.50101938469972e-05,0.142314081052455,-0.00242484961697898,1.13283871900254e-05,4.00781860280986e-05,-0.00060831414293191,0.000438751920363379,-0.00890954494703502,0.0761153384766303,-0.0701773026178273,-0.014330600808171,0.0525330050930116,0.114463135351226,-1.88158268975168e-05,-0.000655577751948096,0.000515621268993623,-9.64643012373617e-07,0.000852670614634617,2.43258427898626e-05,0.000760962153083167,-0.000116472212268237,-0.0140425728058398,0.182060698587197,-0.00239564622464541,0.00357320944757902,-0.284834102607861,-4.50528360900771e-12,1.24786955652163e-06,-3.76151817884935e-07,8.7841511770139e-08,-1.68691877431625e-05,2.78445047681838e-11,-1.46328465998888e-08,2.65447884981347e-05,1.24631892602055e-05,-4.06809894841552e-06,2.1789455129922e-05,2.09272121967034e-06,-3.25781810350903e-09,-6.50585403730351e-09,0.580239508898336,0.000208420273202066,1.25355934682275e-05,-1.26869422259864e-05,5.43845910125384e-06,-0.00176693266346559,1.14915280267219e-06,0.0056979077503447,-0.0111261608965347,-0.000103190028187044,2.99778924492937e-05,1.46983085905206e-06,3.36797462153236e-09,3.04779661854191e-06,-3.35682442876531e-07,-3.93690174433888e-07,-6.014862345522e-08,-0.00478507759209945,1.13691869334327e-06,1.69564253335586e-05,4.16208413040343e-08,1.60445747808453e-05,5.31096471200551e-06,0.0273147844994985,2.32746782414758e-06,-8.72795317674006e-07,-4.30440571023996e-07,-5.540349915834e-06,-6.5921208156777e-05,0.000965455103723127,5.24643247188639e-08,-4.06656304376274e-05,1.74122058171072e-05,-1.29389169157514e-06,1.6887810530235e-06,9.15695339996198e-10,1.00350032774321e-16,1.14033859893814e-07,7.23218533377999e-05,-3.31547830733036e-17,4.3363428537833e-06,-1.09556298695e-06,0.00218942498635566,2.2203610272509e-05,-2.97088208501975e-06,-6.13509337818018e-08,4.9184673259136e-09,3.11746700395619e-07,0.00296149306969384,1.47250056743487e-09,1.18169587477441e-07,9.50524404717563e-06,-0.000789044511344976,3.97817863459509e-10,4.18556681935217e-10,-1.37693475279553e-11,-4.28283033291482e-08,1.43392239796797e-11,1.29847421047124e-11,1.02963334509787e-16,-3.8211938879068e-07,2.24118893321651e-13,2.5929616962253e-08,3.54541278652087e-06,1.20779733390603e-06,2.63206395741122e-09,-3.27144438708876e-10,7.05039074143302e-16,-2.77453558450385e-10,-4.14840118853621e-10,2.69091578446873e-11,5.3288700322784e-12,7.93196324043832e-14,-1.16276883194502e-06,4.36320395922952e-05,6.75435921699627e-17,-6.86396717357329e-13,-3.8790907602047e-13,-4.74867625979113e-07,-4.68046887935913e-13,-4.02067940813606e-15,-5.82867087928207e-16,-3.32143395273981e-08,-3.59167494753103e-17,-6.52759096775313e-14,-2.38757098222217e-16,-2.24520145534259e-13,2.00938154814404e-16,4.87648183552375e-11,-1.52660118314646e-13,-1.72281137718605e-15,1.029766539575e-14,8.10029006998098e-12,0.644760276854541,-2.18169614987058e-14,-1.76107452951139e-12,2.22415243249344e-13,0.0229852395824152,-4.38965581824862e-15,-2.1467941627943e-14,-7.27961899202496e-12,1.92641042007224e-15,5.41714638840056e-16,1.24730014781105e-16,1.3504132615672e-15,1.17831092105725e-15,2.33610075715894e-07,-8.75263139820653e-16,0.000821457724670337,-2.22677008403516e-16,2.70410065858473e-16,1.55353553798954e-16,-6.11733336512363e-12,-9.41087485717418e-17,-2.34539170744979e-16,7.29662116759452e-17
"t123",-0.110274477701537,0.0358244068422132,0.0360549391172934,-0.0598493794706422,0.189077809787633,0.0260867004988168,-0.0135441727205255,0.0853214199467465,0.129209948014404,-0.00247491844022191,-6.5475240637668e-05,0.143491946489606,-0.00245374167159276,1.14716081217527e-05,4.07068959256216e-05,-0.000618418766422532,0.000446951630529564,-0.00908634617255147,0.0776425114260208,-0.0715949412590131,-0.0146988277467475,0.0539585774754461,0.117715165539341,-1.94755001213139e-05,-0.000679649029168948,0.000538753108474467,-1.00933766629413e-06,0.000892604334262241,2.55617078191352e-05,0.000800019666526954,-0.000123136376475905,-0.0148904132419941,0.193117610309183,-0.0025649931876146,0.0038462372776067,-0.310849925699426,-4.98573794418698e-12,1.38890314317804e-06,-4.21382512355139e-07,9.90281460431272e-08,-1.90729605885356e-05,3.18358288996992e-11,-1.8411764795837e-08,3.61416926891733e-05,1.76805967380313e-05,-7.5810505146169e-06,5.90627664899964e-05,1.0854610946307e-05,-2.12448665105267e-08,6.25495729696345e-07,-0.480236124279025,-0.000152837936908602,-2.33705812764855e-06,9.69188739698373e-07,2.0050473921595e-07,-0.000460959828936091,3.5444638361512e-07,0.00209660260096158,-0.00504987086346672,-4.83469561721769e-05,1.45307351375936e-05,7.76608009826155e-07,1.81390336951882e-09,1.68353744845785e-06,-1.86626868083478e-07,-2.19754017318132e-07,-3.39438294034861e-08,-0.00273129758984468,6.52602297993794e-07,9.90341914372268e-06,2.44929925683705e-08,9.48807254841962e-06,3.14219910302726e-06,0.0162684225971727,1.39279502744537e-06,-5.23111971807249e-07,-2.58370457342954e-07,-3.34337035458277e-06,-3.98223831648098e-05,0.000584483096608449,3.17898946077443e-08,-2.46517709712751e-05,1.05556418214262e-05,-7.85515711010788e-07,1.02425212352625e-06,5.5478547932201e-10,-8.79687374381759e-16,6.89862176053583e-08,4.36460560292e-05,1.93988846181041e-16,2.60994908099506e-06,-6.57551455378178e-07,0.0013128382957814,1.32740052598061e-05,-1.77474217929942e-06,-3.64708315114988e-08,2.92040744937265e-09,1.84370182168959e-07,0.00174923876093491,8.67047157496925e-10,6.90864072076173e-08,5.50857276569901e-06,-0.000455213736551475,2.28978745269874e-10,2.39516179378072e-10,-7.85109825158469e-12,-2.41405456683635e-08,7.99104728548483e-12,7.20544554672574e-12,2.75217320984848e-16,-2.09929280695076e-07,1.25487030739702e-13,1.40470955657321e-08,1.88099890478105e-06,6.15786938361337e-07,1.33707548678752e-09,-1.65468244358105e-10,-3.96294961363355e-15,-1.39452656043597e-10,-2.08146213806493e-10,1.33953718343266e-11,2.64960625597117e-12,3.84525215871545e-14,-5.57132354462447e-07,2.08984818812997e-05,-3.75634226045377e-16,-3.18928038190884e-13,-1.81444491677681e-13,-2.19573898006912e-07,-2.15627413012898e-13,0.707106781186549,-3.32908613870364e-14,-1.2529070266638e-08,2.54528434568512e-15,-1.42299366734377e-14,-4.72329634511447e-15,-5.71846867411909e-14,-1.41823850292135e-16,1.11751998713855e-11,-3.34189874022864e-14,-5.62279818909346e-15,1.44839069623471e-15,5.00237339175018e-13,0.0334665992742309,8.37784181358612e-17,-9.04513704197809e-15,-2.47974209381649e-14,-0.0030918151092459,-2.04704355935354e-15,5.60547240372464e-15,1.97257642620303e-12,-8.5044818409763e-16,-3.90721481410106e-16,7.32100052267059e-16,-5.33592283695998e-16,3.8597597340484e-17,-4.83248108526361e-07,-7.10396696453672e-16,0.00645873724510985,2.98241877310051e-16,3.39513966316675e-18,7.76315924876516e-16,-1.26572240644225e-11,6.1105634441283e-16,2.39341609606583e-16,1.73043471680713e-16
"t124",-0.110274477701537,0.0358244068422132,0.0360549391172934,-0.0598493794706422,0.189077809787633,0.0260867004988167,-0.0135441727205255,0.0853214199467465,0.129209948014404,-0.00247491844022194,-6.54752406376993e-05,0.143491946489606,-0.00245374167159276,1.14716081217724e-05,4.07068959256689e-05,-0.000618418766422544,0.000446951630529643,-0.00908634617255152,0.0776425114260211,-0.071594941259013,-0.0146988277467475,0.0539585774754462,0.117715165539341,-1.94755001215593e-05,-0.00067964902916891,0.000538753108473752,-1.00933766614868e-06,0.000892604334262227,2.55617078190973e-05,0.000800019666526898,-0.00012313637647621,-0.0148904132419944,0.193117610309183,-0.00256499318761445,0.00384623727760673,-0.310849925699426,-4.9859519181561e-12,1.38890314312252e-06,-4.21382512339526e-07,9.90281457521002e-08,-1.90729605890308e-05,3.18358555210977e-11,-1.841176492102e-08,3.61416926891386e-05,1.76805967377781e-05,-7.58105051514263e-06,5.90627664903295e-05,1.08546109470001e-05,-2.1244866376186e-08,6.25495729464014e-07,-0.480236124279027,-0.000152837936908267,-2.33705812730335e-06,9.69188739858388e-07,2.00504739341256e-07,-0.000460959828935845,3.54446383722673e-07,0.00209660260096134,-0.00504987086346748,-4.8346956171781e-05,1.45307351376526e-05,7.7660800912717e-07,1.8139034722546e-09,1.683537448264e-06,-1.86626867843937e-07,-2.197540176632e-07,-3.39438288291156e-08,-0.00273129758984607,6.52602298149614e-07,9.9034191439985e-06,2.44929926702855e-08,9.48807254849711e-06,3.14219910315688e-06,0.0162684225971721,1.3927950275655e-06,-5.23111972124267e-07,-2.58370457541779e-07,-3.3433703544106e-06,-3.98223831650832e-05,0.000584483096608724,3.17898947775557e-08,-2.4651770971664e-05,1.05556418225377e-05,-7.85515711237674e-07,1.02425212296984e-06,5.54785167266344e-10,4.74900078591531e-16,6.89862175901659e-08,4.36460560290066e-05,-2.53735635798199e-16,2.60994908391953e-06,-6.57551455567778e-07,0.00131283829578235,1.32740052573501e-05,-1.77474218003148e-06,-3.6470830871169e-08,2.9204062980577e-09,1.84370183184789e-07,0.00174923876093341,8.67047429247322e-10,6.90864058083663e-08,5.50857276741638e-06,-0.000455213736547846,2.28979925816962e-10,2.39515053786481e-10,-7.85329190746412e-12,-2.41405435658787e-08,7.9907751524336e-12,7.20628619643271e-12,-1.17099844560874e-16,-2.09929284072582e-07,1.21056605003814e-13,1.40470934398285e-08,1.88099890239407e-06,6.15786945238059e-07,1.33707422564355e-09,-1.65468819418937e-10,3.66735502425622e-15,-1.3944867426084e-10,-2.08144528305795e-10,1.33949596206606e-11,2.6454960692522e-12,3.81636391211391e-14,-5.57132357685564e-07,2.0898481889508e-05,4.53419969511539e-16,-3.2210101259987e-13,-1.77938138653182e-13,-2.19573905454067e-07,-2.15900504058389e-13,-0.707106781186546,3.29588786818213e-14,-1.25291299363571e-08,-2.54604369893654e-15,-2.39018874137464e-14,4.49850903272088e-15,-5.72924746483443e-14,-2.08414978405275e-17,1.11752187365033e-11,-3.52778778615176e-14,5.41845789034006e-15,-4.71593964572901e-16,4.98882546398302e-13,0.0334665992742247,-2.15155749133469e-15,-9.91969856001815e-15,-2.44604435972973e-14,-0.00309181510924673,1.49085378230548e-15,5.84063193740937e-15,1.97152472299067e-12,1.06446969294627e-15,3.54245653159063e-16,-7.06540303061776e-16,6.84759999559706e-16,4.2934406030426e-17,-4.83248108795812e-07,3.44970777158882e-16,0.00645873724510853,-3.03559350977475e-16,4.95208450582054e-16,-5.77811158443034e-16,-1.2656150812692e-11,2.60208521396521e-17,-5.44531441514028e-17,-2.01734595653388e-16
"t85",-0.108004419143445,0.0342993483682206,0.0340230142017295,-0.0524563818342054,0.165510563182919,0.0210819013205618,-0.0102170101148124,0.059233260551251,0.0754425203675689,-0.00141481426829615,-3.27713142263406e-05,0.0617063858807614,-0.000510104980134608,1.88445169035089e-06,-6.67374416029091e-07,4.37798812757097e-05,-8.61325945397404e-05,0.00236538772072924,-0.0212106801017396,0.0201316237835224,0.00885372562812241,-0.0370558779081547,-0.0896361016298844,2.24538207582465e-05,0.000850187939525436,-0.000932704874330198,1.83402177824823e-06,-0.00164788491228517,-5.30040279751237e-05,-0.00168235851303236,0.000297876167357889,0.0382958326241469,-0.499786871112982,0.00742242977839363,-0.0108960069360449,-0.0893204566325784,-3.10556132144961e-10,-0.000247000999487632,3.1958202867999e-05,-7.16282923531932e-06,0.00146571709569817,-4.59865876830331e-09,-3.56975340674521e-07,0.000451544919586918,0.000194287653561876,-5.55907093154315e-05,0.000345393050304314,5.25097562398763e-05,-9.8724644854784e-08,2.46174205021068e-06,-0.0069200075596386,6.73474706171448e-05,2.69614057662984e-05,-3.14600558358292e-05,1.51987124195051e-05,-0.00584358931906881,3.89210718908847e-06,0.0197411234194962,-0.0391130635581985,-0.000362604299973344,0.000105153543371198,5.08437865812876e-06,1.15815913669231e-08,1.03722741766254e-05,-1.13868719184374e-06,-1.33257969215741e-06,-2.02261549507688e-07,-0.0159615554135388,3.77519430684468e-06,5.53349263560231e-05,1.34498355755042e-07,5.14647103305096e-05,1.70219397797947e-05,0.0864760714859411,7.28886674858007e-06,-2.72197786513471e-06,-1.33663963112484e-06,-1.68692006047632e-05,-0.00019968861719928,0.0028859255359723,1.55681946234145e-07,-0.000120129631557828,5.14239590137279e-05,-3.64547204832769e-06,4.62822625834803e-06,2.46382229716777e-09,-6.24403935783975e-17,3.00302099419586e-07,0.000184543663778266,-3.36683326494968e-16,1.06948071768286e-05,-2.60397332515638e-06,0.0051357881241459,4.97856860641177e-05,-6.57933881430787e-06,-1.23564154595149e-07,9.63266082600238e-09,5.42340287498403e-07,0.00490650307938859,2.08339096308545e-09,5.55677706671212e-08,-4.34649818987188e-05,0.766256389709483,7.24664570445043e-09,3.02845849974469e-09,-8.19367367598651e-11,-1.88334016826275e-07,5.54572547234533e-11,4.86315644220066e-11,-2.95503866339094e-15,-1.34919349777628e-06,7.90723436553553e-13,8.63929610042842e-08,1.11243608258912e-05,3.51117773429157e-06,7.6086754431659e-09,-9.39543881388859e-10,1.63464968905748e-15,-7.89557989676703e-10,-1.17766573332371e-09,7.55640218366022e-11,1.49242911975719e-11,2.14667092929429e-13,-3.11661695060177e-06,0.000116901684825614,-1.97977148677472e-15,-1.7911814508009e-12,-1.00147698895366e-12,-1.22570514750224e-06,-1.2054856990982e-12,1.82380504363673e-15,-1.26960074398053e-16,-7.19025410867761e-08,-2.69387834566987e-16,-1.15786286808417e-13,-1.15940369522251e-15,-3.57119514996895e-13,9.5017106536822e-17,7.07745528849557e-11,-2.18767940130774e-13,-3.09756170324285e-15,5.30646479994771e-16,1.17217580043391e-12,0.0159000893023117,1.77786755984575e-15,1.23370589430825e-12,-1.38364517593082e-12,-0.263339962309541,-2.90490170879199e-15,-2.40848011346813e-13,-5.8982813675812e-11,-1.08257586922678e-15,-3.12181035038708e-16,-5.51336787668091e-17,2.45555792848298e-16,6.1409211049579e-16,-7.93077470405217e-08,1.45075782980207e-17,0.00183463734986303,1.18180180470325e-16,-4.57140165081567e-16,1.36565661595143e-16,-3.07787715399157e-11,-8.03176969377262e-16,1.20738911905041e-16,1.18544027599139e-17
"t86",-0.107870547842447,0.0342122430549216,0.0339092886118872,-0.0520825368236466,0.164320884580632,0.0208548411409397,-0.0100790359242186,0.0582601641395081,0.0738230141342899,-0.00138368842310025,-3.19515225818398e-05,0.0599872860289054,-0.000491741889787102,1.81384931825874e-06,-6.38579357514941e-07,4.18210386815382e-05,-8.19854651089458e-05,0.00224725738918646,-0.0201443130033334,0.0191153470303535,0.00833918817528624,-0.0348350276277614,-0.0841249413510909,2.09078400789466e-05,0.000790228243988934,-0.000859967945603202,1.68874023731806e-06,-0.00151667000457426,-4.86170782689413e-05,-0.00154244740554019,0.000271834273728932,0.0348661698748583,-0.454910602170131,0.00671073760323718,-0.00981690029231301,-0.0798246902135881,-2.75578590733086e-10,-0.000218595534059278,2.82025888195598e-05,-6.3044655828217e-06,0.00128856702956154,-4.02576753325379e-09,-3.04582801990181e-07,0.000380254495244911,0.000162759453128793,-4.56020641642682e-05,0.000279752486656142,4.21496177730554e-05,-7.91179420093915e-08,1.96170763492557e-06,-0.00541208164291705,5.26091943278888e-05,2.08191412698024e-05,-2.41922848691113e-05,1.16222790574268e-05,-0.0043854352302017,2.90198137797328e-06,0.014564712820277,-0.0281850635291278,-0.000259811334917706,7.48046019655756e-05,3.52265762413781e-06,7.95656676183981e-09,7.02888142447547e-06,-7.68488444946815e-07,-8.96934158075169e-07,-1.35050332464082e-07,-0.0105553448000373,2.48318417643459e-06,3.56734149369985e-05,8.57481943935764e-08,3.25380372458658e-05,1.07523654414877e-05,0.0538847561485239,4.48818988442272e-06,-1.66858420364493e-06,-8.15592283289569e-07,-1.00838656718775e-05,-0.000118748571692531,0.00169385405809736,9.07429517950487e-08,-6.972951977986e-05,2.98421637270812e-05,-2.0364789541991e-06,2.54233354806163e-06,1.34175506586108e-09,-2.40334453899334e-17,1.62322549613768e-07,9.91670419488414e-05,1.49923238318532e-16,5.74736370194234e-06,-1.40893849021096e-06,0.00278981065483228,2.75540522422709e-05,-3.66465197733417e-06,-7.32546350683586e-08,5.83741874044609e-09,3.64779782079921e-07,0.00345787894384145,1.72125857531621e-09,1.46593641708038e-07,1.86653366154095e-05,-0.124651082681555,-7.08780733480907e-10,-2.60750677497554e-11,-1.5788639409492e-12,-1.1416864569621e-08,3.75347894541824e-12,3.2406285271406e-12,7.2890251469117e-16,-8.03941106793798e-08,4.55074154620481e-14,3.75486733372732e-09,1.42129304792418e-07,-1.89282755303584e-07,-4.58069667266803e-10,6.3641187263673e-11,-8.59768450371116e-17,6.21799375467194e-11,9.62729890924795e-11,-7.22710622900677e-12,-1.47406345213808e-12,-3.13972392219231e-14,5.05826354554699e-07,-1.90460806448309e-05,2.63539970470725e-16,3.69772657910888e-13,2.2320542429809e-13,2.74305700203369e-07,2.75127083891736e-13,-7.75904588697387e-16,1.86921875547363e-15,3.96808612831752e-08,4.80642472373964e-16,1.01157363735505e-13,-1.27320964597914e-15,3.80136294273617e-13,6.51404722954141e-17,-8.35479837982094e-11,2.62590617331008e-13,7.74861343426877e-15,-3.93205879618465e-16,-2.34671408438969e-12,-0.03265209506146,-4.08908218262401e-15,-2.85058653745565e-12,4.13539296171014e-12,0.832298868256202,7.13065470908719e-15,9.47611532529913e-13,2.43743409048707e-10,2.65000694998907e-15,3.04905921876608e-16,5.92271607605397e-16,-1.0335206561464e-15,-2.10270169331839e-15,-7.96340044900002e-06,-5.12897685739838e-16,0.0111879672174112,-1.08645615593297e-16,-2.12411085596515e-15,-1.9249281484793e-16,-9.63801947457968e-11,-4.00070601647151e-16,-4.2910381322398e-17,-1.17746200468456e-16
"t87",-0.108054109516229,0.0343317055825176,0.0340652807064064,-0.0525956440165509,0.165953750738767,0.0211666744804607,-0.0102686105896521,0.0595978528351293,0.0760512442819842,-0.00142651752391635,-3.30801509796511e-05,0.0623552071592419,-0.000517072689498589,1.9112672817763e-06,-6.78352935829483e-07,4.45275271283624e-05,-8.77191489908977e-05,0.00241063631624048,-0.0216192351285737,0.0205210434160455,0.00905194256598518,-0.0379125258272525,-0.0917642697979,2.305399295148e-05,0.000873493670128121,-0.000961133744613945,1.89085681275485e-06,-0.00169923289711793,-5.47248459619833e-05,-0.0017372564171082,0.000308127829701114,0.0396481839480561,-0.517485258050601,0.00770445260008329,-0.0113246992267328,-0.093115055146971,-3.24606506005146e-10,-0.000258434196865426,3.34730506801411e-05,-7.50973904642863e-06,0.00153737565099025,-4.83114113330942e-09,-3.78665670516267e-07,0.000481373215968575,0.000207536131495504,-5.98631563425666e-05,0.000373783421591338,5.7026851109556e-05,-1.07285858367947e-07,2.68121024847871e-06,-0.0075935551347275,7.39381503410115e-05,2.9739114251409e-05,-3.47602657941942e-05,1.68318496143329e-05,-0.0065224218525022,4.35624137815191e-06,0.0221955037995355,-0.044434497977283,-0.000412995724870761,0.000120159678028602,5.88257956240222e-06,1.3455147820845e-08,1.21328531031798e-05,-1.33475202045791e-06,-1.56418653321686e-06,-2.38410128480319e-07,-0.0189111780124609,4.48590313334827e-06,6.65032491595487e-05,1.62718049675494e-07,6.25832680601318e-05,2.07109347475013e-05,0.10614465195182,9.0190292403651e-06,-3.37873079957101e-06,-1.66465051820252e-06,-2.13423017469981e-05,-0.000253721387479981,0.00370888209666084,2.01377868338574e-07,-0.00015602109188142,6.68035285584982e-05,-4.95723879979408e-06,6.4813706982257e-06,3.52161205657466e-09,8.32403909275214e-18,4.39973387693543e-07,0.000280738934279936,5.07702666632508e-16,1.69675461660177e-05,-4.32920808622088e-06,0.00868399132029929,8.92478964610522e-05,-1.19865426555483e-05,-2.54865032185383e-07,2.06072464494304e-08,1.35204943530754e-06,0.0130163748088647,6.72975179594242e-09,6.25611388338633e-07,8.89717790364818e-05,-0.630254108516353,-3.69569071197852e-09,-1.47305454049658e-10,-9.36697316185848e-12,-8.11051548638489e-08,3.26453104889732e-11,3.0629740583815e-11,2.80958258065535e-15,-9.52815850472494e-07,5.60966569432838e-13,6.74835712050764e-08,9.52533189583701e-06,3.31602152469023e-06,7.2320103638307e-09,-8.99572211697248e-10,-1.1384932469735e-15,-7.63573860052268e-10,-1.141879453514e-09,7.41134026979035e-11,1.46772096887071e-11,2.17669418998664e-13,-3.19692293184598e-06,0.000119957147818121,1.2442749994047e-15,-1.87817847580739e-12,-1.06268427020735e-12,-1.29814853204276e-06,-1.27741600633551e-12,-1.56237154335356e-15,-1.79251145177028e-15,-8.52434094111542e-08,-1.79374856132532e-16,-1.48243830405681e-13,2.23390609266278e-15,-4.75163006331616e-13,-1.55184360985349e-16,9.63835113066899e-11,-2.98875954274166e-13,-3.87664773406133e-15,2.62637583966353e-17,1.83483556590353e-12,0.0250810934250132,1.46355303512611e-15,2.02120648527046e-12,-2.48922717574787e-12,-0.484298097644923,-3.49386201892564e-15,-4.86569865280493e-13,-1.21811942680578e-10,-1.33194236889844e-15,-1.38131601750762e-17,-4.63875928058399e-16,5.43546733260142e-16,1.26851654180804e-15,1.7299865458134e-06,3.78947538490478e-16,-0.000454615015284875,2.81849145594152e-17,-5.679249591748e-16,1.33954393005861e-16,-1.35975491662773e-11,-1.36587789689724e-15,-1.7833290266178e-16,1.31155921132831e-16
"t60",-0.104530968470323,0.0320106461068047,0.0310105972593161,-0.0421323730531765,0.132632807816681,0.0145107602142056,-0.00605829425916327,0.0283935587807036,0.0182135812354319,-0.000299744958557054,-6.97662050649357e-07,-0.0129852428046753,0.000885453605151901,-4.6585716379002e-06,-2.31696610141716e-05,0.000377952140825262,-0.000310309077413049,0.0066713280195024,-0.0575592262035873,0.0533879106571048,0.0128826955932521,-0.0484391870331427,-0.107403849830355,1.81445892564159e-05,0.000627020963865029,-0.000434048755578317,7.79780410877092e-07,-0.000678835133477399,-1.66478169355843e-05,-0.0005081584418069,5.26802889893558e-05,0.00445665388945772,-0.0548826706146086,-0.000431583617228982,0.00157808356045654,-0.00770681827792402,1.42435294445215e-10,0.000128766210567468,-1.8719844776042e-05,4.61485870861952e-06,-0.000982039379008563,3.50687247750565e-09,4.68985567117398e-07,-0.000720126932412279,-0.0003317452310101,0.000120323435522502,-0.000844741476409226,-0.000138993391071105,2.64923776732617e-07,-6.91996954780122e-06,0.00540925579465531,-0.000226504164471679,-9.59905913581355e-05,0.000115089970128219,-5.76450709773432e-05,0.0248709732395112,-1.72059744723138e-05,-0.0926324855083283,0.20811890964681,0.00198620601422386,-0.000597085667168549,-3.27696455420878e-05,-7.76141841653524e-08,-7.39369920574247e-05,8.26590241399869e-06,9.78866414755204e-06,1.53885133657912e-06,0.126602657633454,-3.06384417934121e-05,-0.000488818870016002,-1.24455799759297e-06,-0.000492979392668572,-0.000163654390110426,-0.879562706207194,-7.78597587913862e-05,2.96202095579807e-05,1.48258910473743e-05,0.000203903441293272,0.00246751945803017,-0.0377297143317973,-2.09852033768959e-06,0.00164968501720377,-0.000706925533690499,6.03740103698078e-05,-8.48279504200742e-05,-4.81358314951543e-08,-1.25038136891165e-16,-6.29929739842211e-06,-0.00426746964701058,-2.4714999151906e-15,-0.000272402115530499,7.29963935465884e-05,-0.148668923506419,-0.00159727962446627,0.000216757516399696,4.89016701815514e-06,-4.00248537994416e-07,-2.71812157978486e-05,-0.263907079027328,-1.38405355912141e-07,-1.25525557794246e-05,-0.00117348939846905,-0.00914529888127378,-5.72259204635825e-08,-6.67593961995208e-08,2.35565472319624e-09,9.59011693591741e-06,-4.45335681046475e-09,-4.66610470256301e-09,-3.18994962920724e-14,0.000214654149135127,-1.36630229273188e-10,-5.57855826174392e-05,0.00262280422051315,0.000270144022856845,5.55464098977304e-07,-6.47197383052281e-08,4.85974935624885e-16,-5.03508758789668e-08,-7.36448274464411e-08,4.34344553612532e-09,8.42876498340985e-10,9.66767730998221e-12,-0.000132408072922268,0.00495520548744128,2.00325221175772e-16,-6.57449503440668e-11,-3.52046766139008e-11,-4.288751233569e-05,-4.16256268714662e-11,8.28710561058878e-17,-1.58564567726005e-16,-1.41430852258142e-06,-1.89203926332564e-16,-1.64030356138156e-12,-5.87532081055385e-18,-4.30425849788098e-12,-5.58540356523636e-16,7.76982452688072e-10,-2.36369590257151e-12,-2.94191265405108e-16,-4.65219754008102e-18,5.62674360553932e-12,0.0103286098747645,-4.46028545854874e-16,5.12701758457918e-12,-1.21840092082204e-12,-0.0337996329109986,2.28413702143071e-16,7.41405901471867e-13,2.28370555115548e-10,3.88144377749811e-16,8.26319294441394e-18,5.47331871873813e-17,-3.19342638317994e-16,3.22766986748935e-16,-2.82096148591827e-05,-2.1718331407243e-16,0.00702190957844193,-4.63596312270742e-17,-4.93055457707909e-15,-2.05889122812852e-16,-5.04032596259155e-10,-3.77302356024956e-17,3.47411317309049e-16,-2.28997547225376e-16
"t81",-0.0986076319511167,0.0280757804109877,0.0258057997349719,-0.023896847605644,0.0745406844915361,0.0026928467424448,0.00149529619395414,-0.0278873074429151,-0.0841623317563406,0.001683572024853,5.3151311175565e-05,-0.122968571730496,-0.0054622497275702,0.00019591421457443,-0.000174933645254932,0.0024318666230143,-0.00154520585133786,0.0293118624439562,-0.246834449489422,0.225471592732051,0.0126927163436828,0.0251985576949536,0.25998014976959,-0.00393529913713816,0.064383325544543,-0.0155086565034333,2.89448266955029e-05,-0.0257102611085352,-0.000865452557099265,-0.0283757450903848,-0.00562399179308098,-0.0195820191902773,0.0019938114036131,0.0260982982359941,-0.0402327583317769,0.000642062117495068,-9.0431930262662e-10,-0.000696165151794038,8.64366646161387e-05,-1.85833537783285e-05,0.00373011813363339,-1.08753869424311e-08,-4.79743624689639e-07,0.000392976432923867,0.000133616914759875,1.05104737534731e-06,-0.000149436253560545,-3.78558387154797e-05,7.62695386725419e-08,-2.34318533388744e-06,0.000331444313883362,-0.000109975597494075,-5.23906949850232e-05,6.50810464878539e-05,-3.39977560275685e-05,0.0162223883636007,-1.14693031604447e-05,-0.0629711602409045,0.131236856148677,0.00116289713801897,-0.000291071189995314,0.000100128853935099,-1.25505518488368e-06,-0.000324013178765644,3.47291930009844e-05,4.10323767391395e-05,7.0728942053721e-06,0.826285734451065,-0.000309922944607638,0.00180641808057315,1.81349019660968e-06,0.000399015328045178,0.000124408302549066,0.219108019001037,4.5411174507716e-07,1.80028605462023e-06,1.77113187890552e-06,6.13093160900862e-05,0.000820770897588771,-0.0149936139172259,-8.91153808500624e-07,0.000724401857983968,-0.000310969837041056,3.17186971884312e-05,-4.61288732880771e-05,-2.64307178309222e-08,9.22802432727407e-16,-3.46793801456974e-06,-0.00233160265437292,-1.32971115954618e-15,-0.000146134795659089,3.78216487469084e-05,-0.00037873623324601,-0.00080686797015063,0.000108343683890786,2.26817415398695e-06,-1.81873706325227e-07,-1.14177800309455e-05,-0.107737880975736,-5.22289865082857e-08,-3.70874442788243e-06,-0.000198716414434618,-0.000171289533553607,-2.62014695798389e-09,5.53313387629032e-09,-4.04003281468459e-10,-5.52927716868795e-06,5.5428399022513e-09,7.55983561931135e-09,8.16083565405502e-14,-0.000678558390921957,4.79573815517976e-10,0.000783848510027954,1.10077971322148e-05,0.000849065424020186,1.68755346137417e-06,-1.89530584037909e-07,1.16031433481751e-15,-1.40607595285598e-07,-2.0323346785079e-07,1.1398649713782e-08,2.18895334002593e-09,2.14439850271242e-11,-0.000146758605211808,0.00262517715458182,-3.09227632197794e-16,-1.44423590282971e-10,-7.54854112608778e-11,-9.18123420106644e-05,-8.85855962110316e-11,-5.19908452892667e-16,2.94035629178069e-16,-2.52110076902772e-06,-3.50849689767769e-17,-2.76775304064447e-12,-1.15435110350734e-17,-7.13480675975102e-12,1.78285645240414e-16,1.27715093231964e-09,-3.88083822347972e-12,-1.49275782670722e-16,-9.63165167303496e-17,8.70602082856916e-12,0.000188502191183421,-5.89747089789539e-17,8.04586981587062e-12,-1.67183780984368e-12,-0.000696564315977702,-2.55995746444181e-17,1.2284875333256e-12,3.75188334230964e-10,7.16440795578421e-16,4.23672802387113e-17,1.32643175923157e-16,-1.58726728882951e-16,5.48172618408671e-16,-4.41390416301976e-05,7.98711779427762e-17,0.000223376417506493,-7.81230142397109e-17,-7.55021217836975e-15,-2.02179084460731e-17,-7.76330194357175e-10,2.18575157973078e-16,-9.38974926823604e-17,8.53766817272603e-17
"t173",-0.0990638769894859,0.0283438859463729,0.0261316288341678,-0.0245542578853958,0.0766096525387654,0.00280721597996731,0.00157623400556724,-0.0297564976491499,-0.0917682612501092,0.00184002626093984,5.88771943687506e-05,-0.13799802750204,-0.00637377572147995,0.000230291373208337,-0.000211755300299822,0.00296896787709563,-0.00192196608879391,0.0368275094237224,-0.310710998074366,0.284153336072112,0.0167347333276828,0.0335997061324265,0.35006892967901,-0.00556405055501015,0.0920974145587257,-0.0234331150903098,4.41522992571245e-05,-0.0393444564759655,-0.00135799602626202,-0.0446693427127761,-0.00917605639241198,-0.0325519945227115,0.00332129413317837,0.0460074294812846,-0.0731775167089115,0.0012626287627772,-1.91799412130378e-09,-0.0015223348053736,0.000195523475497244,-4.34318243190541e-05,0.00884886883873819,-2.73025742040409e-08,-1.91641323541411e-06,0.00231779692739957,0.000980739480014509,-0.000263748402987883,0.00158282390768866,0.000234960218634966,-4.39866753944365e-07,1.08051276224586e-05,-0.00090061741963524,0.000290913777497129,0.000109632083366865,-0.000126381284317976,6.00590783027486e-05,-0.0217179502755397,1.41017243458358e-05,0.0680451316469739,-0.109548181676131,-0.000916457338308356,0.000213778488241449,-5.76874127620739e-05,6.71776536978218e-07,0.000154447260606197,-1.59998142342008e-05,-1.8488910063644e-05,-2.98406356248183e-06,-0.322413045651609,0.000115825456438779,-0.000574934779401482,-5.28035359778981e-07,-0.000108647740629397,-3.36327905983292e-05,-0.0530188643450183,-9.95835091914185e-08,-3.80150671967895e-07,-3.59572773802163e-07,-1.03767655012755e-05,-0.000132374749678143,0.00213002849294229,1.17901940715769e-07,-9.16941050469046e-05,3.92629505788693e-05,-2.43787058159578e-06,2.54101767081051e-06,1.13440482964839e-09,-3.71814600985039e-16,1.06254846428217e-07,3.6713991581068e-05,2.65565331261367e-16,4.33393394713168e-07,3.02051643387142e-07,-4.28193190740722e-06,-1.6831964362091e-05,2.50015957964757e-06,8.15701341454894e-08,-7.04776658386494e-09,-5.41970327075426e-07,-0.00539246533272111,-2.92748662712504e-09,-2.53278607259482e-07,-1.612153818846e-05,-1.49032334179557e-05,-2.35411566874507e-10,5.3449524005985e-10,-4.05304241706569e-11,-6.18225554888108e-07,6.73926843604495e-10,9.44152231955242e-10,1.05958270270117e-14,-8.97317990416271e-05,6.38839750126034e-11,0.0001108321585255,1.68600338477931e-06,0.000145286221335408,2.91145498487744e-07,-3.30104186598359e-08,1.1049588219714e-16,-2.48158872922472e-08,-3.59937609604663e-08,2.05035991397012e-09,3.95077340688364e-10,4.0542222899155e-12,-2.81165449351056e-05,0.000503201456523644,-2.98889511233541e-16,-2.8630494357956e-11,-1.51318875811978e-11,-1.84198988110863e-05,-1.78270549846954e-11,-2.85451691665526e-16,-1.47451495458029e-17,-5.87640344683924e-07,3.31740491303303e-16,-6.97053526010905e-13,1.5506920363515e-15,-1.85344475735845e-12,2.31561039030293e-16,3.36808731078719e-10,-1.02597458998053e-12,5.70350304419496e-16,9.28105599315006e-16,2.46087376957202e-12,5.34348862551546e-05,-7.23665255443346e-16,2.31047067938907e-12,-4.91172897828656e-13,-0.000206109633796795,1.82584704983352e-16,3.70517726726018e-13,1.13376434651181e-10,9.28077059647592e-16,1.21905784475326e-16,-1.95036222654311e-16,-1.73065548848453e-15,-2.61249355482107e-15,-1.45209173800792e-05,-0.707106781186548,7.8498982904431e-05,3.34371569747747e-14,-8.41257657582494e-15,-1.99572997910641e-15,-2.96229159908387e-10,3.86843335142828e-16,-5.84338688957488e-16,-4.74501029851242e-17
"t174",-0.0990638769894859,0.0283438859463729,0.0261316288341678,-0.0245542578853958,0.0766096525387653,0.00280721597996734,0.00157623400556722,-0.0297564976491499,-0.0917682612501092,0.00184002626093984,5.88771943687164e-05,-0.13799802750204,-0.0063737757214799,0.00023029137320835,-0.000211755300299715,0.00296896787709577,-0.00192196608879391,0.0368275094237224,-0.310710998074366,0.284153336072112,0.0167347333276829,0.0335997061324266,0.35006892967901,-0.0055640505550102,0.0920974145587259,-0.0234331150903098,4.41522992573475e-05,-0.0393444564759655,-0.00135799602626197,-0.0446693427127761,-0.00917605639241183,-0.0325519945227116,0.00332129413317851,0.046007429481284,-0.0731775167089112,0.00126262876277729,-1.91799421526557e-09,-0.00152233480537341,0.000195523475497285,-4.3431824319317e-05,0.00884886883873898,-2.73025742059238e-08,-1.91641323567461e-06,0.00231779692739975,0.000980739480014696,-0.000263748402987908,0.00158282390768841,0.000234960218635333,-4.39866753858483e-07,1.08051276223189e-05,-0.000900617419635263,0.000290913777497417,0.000109632083366873,-0.0001263812843181,6.00590783028836e-05,-0.0217179502755395,1.41017243455235e-05,0.0680451316469733,-0.109548181676131,-0.000916457338307923,0.000213778488242061,-5.76874127621728e-05,6.71776537234791e-07,0.000154447260606426,-1.59998142340899e-05,-1.84889100639144e-05,-2.98406356251459e-06,-0.322413045651609,0.000115825456438833,-0.000574934779401414,-5.28035358988814e-07,-0.000108647740628781,-3.36327905983207e-05,-0.0530188643450182,-9.95835097179071e-08,-3.80150671994163e-07,-3.59572773852205e-07,-1.03767655012721e-05,-0.00013237474967781,0.00213002849294237,1.17901940400605e-07,-9.16941050466199e-05,3.92629505785152e-05,-2.43787058120761e-06,2.54101767046847e-06,1.13440482570312e-09,-3.40825905629496e-16,1.06254846009667e-07,3.67139915805545e-05,2.96057085337969e-16,4.33393393100877e-07,3.02051643964805e-07,-4.28193190820519e-06,-1.68319643611387e-05,2.50015957965147e-06,8.15701351858898e-08,-7.04776651054069e-09,-5.41970327446893e-07,-0.00539246533272064,-2.927486733471e-09,-2.53278607522157e-07,-1.61215381899865e-05,-1.49032334179002e-05,-2.35410898944983e-10,5.34495295584554e-10,-4.05299857472505e-11,-6.18225555769347e-07,6.73926635776491e-10,9.44152066173953e-10,1.07333793294789e-14,-8.97317990425153e-05,6.38836855814453e-11,0.000110832158524209,1.68600338511238e-06,0.000145286221335122,2.91145498577949e-07,-3.30104184308525e-08,3.01429010593806e-16,-2.48158855904155e-08,-3.59937609535274e-08,2.05036102332579e-09,3.95076591748608e-10,4.05389071039797e-12,-2.81165449340925e-05,0.000503201456523371,5.09733695489618e-16,-2.86317279733523e-11,-1.51322738400802e-11,-1.84198988131822e-05,-1.78268608134037e-11,7.50113673474885e-16,-1.12757025938492e-17,-5.87640344046492e-07,-4.25111968982596e-16,-6.9724087614631e-13,-1.53171174742647e-15,-1.85151941928209e-12,-2.73722416117975e-16,3.36810209930483e-10,-1.02569115750979e-12,-3.98657865313403e-16,-7.95099358963051e-16,2.46042349024539e-12,5.34348862569222e-05,6.71662370015904e-16,2.31024104536894e-12,-4.92575856286885e-13,-0.000206109633795755,-1.67296743660988e-16,3.69522525481674e-13,1.13375446075641e-10,-8.52616588442601e-16,-6.39920601517825e-17,3.10536067190835e-16,1.80773901570212e-15,1.35134958778593e-15,-1.45209173819687e-05,0.707106781186547,7.84989829199034e-05,-3.33765437030985e-14,2.72358281424545e-15,2.06623138512473e-15,-2.96226959628498e-10,-5.34294830600857e-16,6.54724087541331e-16,7.40650915741673e-17
"t36",-0.0989870436517302,0.0287757426247044,0.027284265972049,0.0166829197801409,-0.0435693982012995,-0.000656698989034811,0.00206151343069899,-0.0230835657651709,-0.046715736658812,0.000888785156155463,1.83934970170773e-05,-0.00818883140355816,-0.0562849913660621,8.80135449454427e-05,-0.000101845659289007,0.00119647410409117,-0.000467766515157744,0.00591441771437723,-0.0472837994179537,0.0334678943991513,-0.0107078591461743,0.0340613808391983,0.0171762256655378,0.00332905956077103,-0.0661732045832096,0.0358079997746533,-9.13030825644061e-05,0.106303330558494,0.00189154598489135,0.0657943869485305,0.0198248151611,0.0812891829153256,0.00418908566861453,-0.186227784743538,0.385846913157548,0.00189068547615197,1.48093767145053e-06,-0.0536854990183543,0.00294073975851369,-0.000225055770753087,-0.0646591566650401,-3.29554684407312e-07,-6.99203452427536e-06,0.00643046775678369,0.00247458066768298,-0.000468777658448189,0.00226827665734148,0.00028472319462662,-5.1597258623355e-07,-0.000154332826935352,-0.000117577848318069,0.000160785900641912,2.24127348726459e-05,-5.82501642166496e-06,-1.36675866295608e-05,0.275302662657708,5.07178906812913e-05,0.0809875046580237,-0.00876428243576936,0.000134994766049556,-0.0261652499762716,-4.35734978440913e-05,2.47728689641104e-07,1.62652896424304e-05,-9.9533785094393e-07,-7.39933334061046e-07,3.52690952444992e-09,0.00137927243654333,1.85448342913385e-06,-0.00014226681760971,-2.55524421810451e-07,-0.00118209297534871,-2.32318864467416e-05,-0.0142401011330086,1.21778899919468e-05,-7.31415012120148e-06,-5.36499425425737e-06,-0.000310249776177741,-0.00570939955682305,0.81492964037169,-2.20058123027977e-05,0.00955605615340857,0.0249059100141187,0.000101695788687511,-0.000115237921192019,-5.88393431175395e-08,9.09743727504946e-16,-6.92747377991346e-06,-0.00409017061514624,2.57169572242025e-16,-0.00469571664638356,5.22197497004934e-05,-0.000121850341279116,-0.0155486419173709,0.000116332292888681,1.79989542398802e-06,-1.29956628242693e-07,-4.73724884168003e-06,-0.0329140605175516,1.25620732429345e-10,3.96994078403725e-06,0.000910035547179168,-5.14019254679161e-05,6.90625559614439e-08,1.10254284923044e-07,-4.60289137650904e-09,-3.18302245238961e-05,2.46992756354077e-08,3.1698813408019e-08,3.14460073984054e-13,-0.00255492325590294,1.78417326162625e-09,0.0026772917949316,3.35048126705317e-06,0.0312301802405488,2.61489881181118e-06,-4.12221225139751e-07,3.99702109203216e-14,-4.9722096534561e-06,-4.88643794728343e-07,2.80251034943772e-08,5.39319487510072e-09,5.22254558034919e-11,-0.000259123879403342,0.000753905835186332,-5.45353423807411e-16,-3.53786620642106e-10,-1.89489783036964e-10,-0.00283212056153693,-2.12731400058035e-10,1.03072132643361e-16,8.46545056276682e-16,-6.66573478368157e-05,2.43996159333514e-16,-6.08181387196094e-12,-2.14550692167669e-16,-1.54927835866608e-11,-3.12699300584026e-16,2.75785565738429e-09,-8.37359173360276e-12,-7.44681293060578e-16,6.79729174062621e-16,1.83539239443633e-11,5.76668458104276e-05,-2.1842217199719e-16,1.68784747751227e-11,-3.47356438249835e-12,-0.000214354301385267,1.28610115214391e-16,2.54101338609116e-12,7.75155974022494e-10,-5.95010152260045e-16,7.62574238804571e-18,-1.30471062433676e-16,9.03376889841588e-17,3.10515502199848e-16,-0.000852176139438962,-2.22597015225045e-16,7.05912929106374e-05,-1.25698985998407e-16,-1.44482951167078e-14,5.33176616519342e-18,-1.50368272911275e-09,-2.51534904016637e-16,7.66890375585586e-17,-1.26452424282088e-16
"t37",-0.0991202408899904,0.0288553833320415,0.0273838954432186,0.0168142885907438,-0.0439154911056051,-0.00066460090637133,0.00209287795415195,-0.0235146905039657,-0.0478739812353278,0.000911406670882739,1.89309542025324e-05,-0.0084577556404307,-0.0587378821064171,9.20249916172958e-05,-0.000107294570745947,0.00126321760007388,-0.000496176608189347,0.00628933496458513,-0.0503046799776712,0.0356164337070356,-0.0115208627259227,0.036745862894412,0.0185727902192808,0.00364050227124491,-0.0725542069329169,0.0397361640533671,-0.000101525621942891,0.118286315646524,0.0021159181464287,0.0736485660357707,0.0223552028343627,0.0920094429097955,0.00474350061101121,-0.213213521308322,0.44436442111149,0.00220822251953984,1.75188595331317e-06,-0.0638221510323363,0.00351467008217159,-0.00027032634147024,-0.0778395383949546,-4.00014922768667e-07,-8.96016713555928e-06,0.00849955872705423,0.00331378280979896,-0.000664548223641669,0.00334203643874903,0.000432053572917084,-7.87299121060145e-07,-0.000240200586931672,-0.000196695607683904,0.000270320379724513,3.96549472255149e-05,-1.0510848764455e-05,-2.53565477505687e-05,0.567349234476955,0.000108956739489911,0.187436389500613,-0.0249919118159812,0.000409741669003539,-0.0867220360793967,-0.000230117159464137,1.65778153330644e-06,0.000202975084353831,-1.71158913753146e-05,-1.70409668728062e-05,-1.54015208244878e-06,-0.0227093240593116,-1.95054768849145e-05,0.000599615469036393,7.81766206652858e-07,0.00295498502707626,5.69163502600536e-05,0.0262743281159849,-1.80536802583146e-05,1.0030580204974e-05,6.8047596090282e-06,0.000282825953378355,0.00480047000064435,-0.559534027914854,1.35577219329571e-05,-0.00551296028645126,-0.0143150480566656,-2.95891820467511e-05,2.19008723585491e-05,8.16112006798903e-09,-7.32725019505162e-16,6.24126502003818e-07,0.000143477347193666,-5.89995695759864e-16,-4.23794082198498e-05,2.33624005014662e-06,-6.72714047985495e-06,-0.00131338824503237,1.05949604521254e-05,2.30809660047493e-07,-1.76743177612654e-08,-7.56490658220058e-07,-0.00548170406694145,2.28850499692324e-11,8.4513794407612e-07,0.000221579000342731,-1.32093581387397e-05,1.81906707029157e-08,3.06899326540491e-08,-1.31844469157433e-09,-9.88886228735567e-06,8.16296276266284e-09,1.06836236379922e-08,1.10032489560466e-13,-0.00089754171508543,6.3009125482016e-10,0.000986720001699248,1.30643265630614e-06,0.0131443789169528,1.10673999061811e-06,-1.75595532028033e-07,1.69789970309324e-14,-2.13706860644754e-06,-2.10513741336418e-07,1.22003611228473e-08,2.3531899031367e-09,2.35027105224912e-11,-0.00011764071069887,0.000342385746837795,1.00063737079611e-16,-1.64260933151598e-10,-8.86201267356302e-11,-0.00132522233944215,-9.97417599723807e-11,7.76065878469035e-17,-5.03069808033274e-17,-3.43140054894395e-05,-1.90974441807657e-16,-3.28052862652584e-12,1.58757359211801e-16,-8.51828974348377e-12,1.63937859027054e-16,1.53042326164407e-09,-4.65255736836604e-12,3.3896760500491e-16,-2.633332773029e-16,1.06087009158927e-11,3.33877799885851e-05,5.11355138828391e-17,9.84573013904381e-12,-2.05496520085899e-12,-0.000127203072845401,-2.43872843573487e-16,1.52308141904931e-12,4.6552011361391e-10,2.60208521396521e-16,-5.03347035408275e-17,7.64268533943826e-17,2.13475654582232e-16,-1.97758476261356e-16,-0.000536506698790635,1.78725754157666e-16,4.60488596223615e-05,1.63525073029271e-17,-9.79225308445612e-15,7.63002728892473e-17,-1.0238809019375e-09,2.81025203108243e-16,2.45037392088157e-16,4.11760183372251e-17
"t83",-0.110272676664382,0.0366051099661699,0.0381703587376074,0.0479996097938038,-0.12772596166444,0.00850050225094012,-0.00433685921166857,0.0220896709897701,0.0146600615421297,-0.000241161924877479,-1.05168782842858e-06,-0.00120080554275963,-0.219723758905476,-0.00109195687563058,8.74952174960628e-05,-0.000828516054957,0.000236628085246444,-0.00350845409902107,0.0525312731178475,0.0257528023971407,0.0018664311315874,-0.00482100169753368,-0.00195051656272549,0.000148693078369793,-0.00646245218185528,0.0349029245858317,-0.000178947537318712,0.299717977711438,-0.00296155066141477,-0.0881729884095605,-0.0113606514246502,-0.0374029024612274,-0.00188838307544214,0.0563937889735309,-0.100997775872778,-0.0003814550427892,-2.54300049985643e-07,0.00890615755768743,-0.000497398681368569,6.03204167522697e-05,-0.00546577016964243,3.15118864384696e-08,4.29991235262288e-07,-0.000275028825413089,-8.82173923829437e-05,3.13521673571274e-06,3.13656884220904e-05,9.13075173549069e-06,-1.85256218088589e-08,1.60254792824572e-05,-1.84001444457037e-05,2.73989409212919e-05,1.39229849922343e-05,-1.81541577258515e-05,1.05041852021697e-05,-0.0431728203677198,-6.15128270712445e-06,-0.00679689566926411,6.90926430257505e-05,6.06592583829533e-06,-0.185966349476503,2.71498011679199e-06,-1.13391024962359e-08,-1.52543276283126e-07,-1.43694313093322e-08,-3.15384981659263e-08,-7.39185796647362e-09,-0.000190660949344914,-2.05998848685921e-07,1.3966952424318e-05,3.85139138575977e-08,0.865168977715541,-2.24037805195761e-05,-0.000407946668529197,6.29787962535752e-08,-1.20833622581941e-08,4.08127820480161e-09,1.50789096683632e-06,2.92984042480093e-05,-0.00462817392007978,1.69769924321045e-07,-0.000763920323829848,0.0619823733828047,9.30260908509498e-08,-3.73455704770812e-07,-2.86331395597199e-10,-9.70591261280273e-16,-4.77505737736976e-08,-4.31329868746146e-05,-2.90212280794967e-16,-0.0191545915173324,1.08854725062768e-06,-3.30351773290827e-06,-0.0596106030749712,-1.0511790401505e-05,-9.89287377039551e-09,3.88209125689347e-10,-8.97893684551938e-09,-9.54033428489454e-05,6.06777702110651e-13,3.10917190732545e-08,9.42042037970457e-06,-5.86291530214466e-07,8.22046905159512e-10,1.44037233636358e-09,-6.30499398943449e-11,-4.98622699341561e-07,4.30015393922161e-10,5.71529780573894e-10,6.42877868230365e-15,-4.98148116175393e-05,3.51554108297661e-11,5.78805639180266e-05,8.55564510349183e-08,0.00565718937771856,-2.76119079888754e-07,7.17456915752535e-09,-3.16330057046731e-13,-0.000121291992199499,-2.95050184024453e-09,3.69796299918429e-10,7.67979883923827e-11,1.23784812327776e-12,-6.86733497370223e-06,2.00755852577447e-05,2.02772517337829e-16,-1.80033623930722e-11,-8.49829678632077e-11,-0.034185614469329,2.0665541017625e-11,3.57385002803443e-16,-1.91686944095437e-16,-0.000165848897410708,-1.10178172530612e-17,-1.75155029369378e-13,1.41780050108137e-16,-4.69920482463592e-13,1.1825711771358e-17,8.56622307809918e-11,-2.6092733049622e-13,-7.52105771085827e-16,2.02576869368621e-16,6.27900697405879e-13,1.98077739611297e-06,-1.67390755783794e-16,5.90032037985078e-13,-1.25667116508793e-13,-7.79738963827787e-06,3.59942564332294e-16,9.47909643658117e-14,2.8994268791438e-11,3.03576608295941e-16,-7.9132545774228e-17,3.48476161978756e-16,9.38398967207328e-17,3.64291929955129e-17,-0.00183980642474509,-4.48063871259625e-16,3.20113749434922e-06,5.80453569281759e-17,-7.23085565563201e-16,4.04040493301061e-17,-7.60535069166748e-11,3.48679418671338e-16,-1.0641846506237e-16,2.69793405032605e-17
"t154",-0.110782724905504,0.0369544908560353,0.0386520149150471,0.0493186366503131,-0.131267207180343,0.00886095049775537,-0.00457113612770928,0.02356665976416,0.0159806565483133,-0.000263498998003579,-1.16455322302263e-06,-0.00134694092266296,-0.256178658489291,-0.00128240009322511,0.000105778730979392,-0.0010101142924596,0.000293842422758192,-0.00440014755617017,0.0660052497667222,0.0323956814131614,0.00245436770414315,-0.00641012736427994,-0.00261847235884245,0.000209374999285781,-0.00920387652519137,0.0524314671504421,-0.000271309322314436,0.455833316564068,-0.0046149241096314,-0.137830214140146,-0.0183847605600326,-0.061629765878375,-0.00311778939010546,0.0983253646248026,-0.181459180843964,-0.000738415660822655,-5.28899523885258e-07,0.0190661721285011,-0.00109935458248489,0.000137476468643505,-0.0126326432600292,7.67907594032439e-08,1.59912784914033e-06,-0.00143062426814824,-0.000548745517847692,0.000108241449992183,-0.00056627107922793,-7.78411866392192e-05,1.43983824779738e-07,-9.49202849008306e-05,5.98103571453229e-05,-8.6488867003541e-05,-3.41516585751774e-05,4.11389516990483e-05,-2.15477063441972e-05,0.0664438931530057,8.6779738166648e-06,0.00841135129253393,-6.60295973938171e-05,-5.47594778353699e-06,0.156606054119652,-1.80413161281678e-06,7.01868596039392e-09,8.45019571312638e-08,7.7060139212911e-09,1.65608102498907e-08,3.64721735435107e-09,8.74120003545513e-05,9.07107433990384e-08,-5.30040088169391e-06,-1.34737331439552e-08,-0.284826418801679,7.32802442899858e-06,0.000120816397428003,-1.70966977163997e-08,3.17340503710196e-09,-1.03573781644617e-09,-3.27422413785861e-07,-6.10878225358179e-06,0.000868704768641758,-3.00739980263382e-08,0.000130599771353685,-0.0105751126324823,-1.09147209351136e-08,3.50682951955983e-08,2.31438993376707e-11,4.51089182889538e-16,3.22995347931302e-09,2.22851601680216e-06,-7.67560223140809e-17,0.000727289159606666,-2.85658344856103e-08,7.49544582789863e-08,0.000743195467202206,1.06154014447614e-07,-3.635053456158e-11,2.58266393200146e-12,-1.43299983693934e-10,-1.78576537084984e-06,1.52344525405793e-14,1.186858185787e-09,4.88434787469794e-07,-3.40674163147403e-08,5.02520703949674e-11,9.83989850117752e-11,-4.55667539358867e-12,-4.21270859238265e-08,4.07954803700308e-11,5.62275070321622e-11,1.12847679029627e-15,-5.28938233512743e-06,3.7691535090652e-12,6.70799093796179e-06,1.09828707101078e-08,0.000833736245543121,-4.11060475241642e-08,1.08056496563036e-09,-4.84890369503536e-14,-1.85656792951479e-05,-4.53541278318259e-10,5.79288518195997e-11,1.20811869351849e-11,2.05802659117092e-13,-1.16074809652922e-06,3.3953717773396e-06,-6.76520349059337e-17,-3.16984385991654e-12,-1.5161583306955e-11,-0.00610475721597437,3.70283625538825e-12,-1.88270018000017e-15,2.24126273096203e-15,-3.52964624623723e-05,-8.45031637226399e-16,-4.13349909855754e-14,-7.185010199698e-16,-1.13192726134033e-13,-1.35579012259804e-15,2.09924282817964e-11,-6.50998911488941e-14,-1.15780866466048e-15,-1.42815892581202e-15,1.64325350608631e-13,5.26529694480652e-07,7.66244893835144e-16,1.57864559369603e-13,-4.17888469088237e-14,-2.17437822225577e-06,-0.707106781186547,3.45341479937193e-14,8.28839156596234e-12,-1.06685493772574e-16,7.61760492783384e-16,1.53245140446129e-15,3.22137866721078e-16,-1.795438797636e-15,-0.000576840265298516,-7.24002461136879e-17,1.07879309815969e-06,1.44195965962976e-16,7.4031361683159e-16,-2.35619398618352e-16,-2.80248287683887e-11,-7.25114412958305e-16,1.177652621852e-16,5.50834954129634e-17
"t155",-0.110782724905504,0.0369544908560353,0.0386520149150472,0.0493186366503131,-0.131267207180343,0.00886095049775537,-0.00457113612770932,0.02356665976416,0.0159806565483133,-0.000263498998003605,-1.1645532230645e-06,-0.00134694092266301,-0.256178658489291,-0.00128240009322512,0.000105778730979399,-0.00101011429245955,0.000293842422758164,-0.00440014755617018,0.0660052497667222,0.0323956814131615,0.00245436770414322,-0.00641012736427989,-0.00261847235884248,0.000209374999285791,-0.0092038765251913,0.0524314671504421,-0.000271309322314833,0.455833316564068,-0.00461492410963137,-0.137830214140147,-0.0183847605600325,-0.0616297658783749,-0.00311778939010549,0.0983253646248025,-0.181459180843964,-0.000738415660822596,-5.28899523892795e-07,0.0190661721285009,-0.00109935458248487,0.000137476468643448,-0.0126326432600297,7.67907594606918e-08,1.59912784860616e-06,-0.00143062426814819,-0.000548745517847907,0.00010824144999228,-0.000566271079228272,-7.78411866391212e-05,1.43983824800787e-07,-9.49202849011185e-05,5.98103571452358e-05,-8.64888670033814e-05,-3.41516585754469e-05,4.113895169931e-05,-2.15477063441922e-05,0.0664438931530058,8.67797381693541e-06,0.00841135129253381,-6.60295973936367e-05,-5.47594778368358e-06,0.156606054119652,-1.80413161319625e-06,7.01868608176358e-09,8.45019576308642e-08,7.70601395148614e-09,1.65608102923372e-08,3.64721728738973e-09,8.74120003543934e-05,9.0710743169567e-08,-5.30040088163666e-06,-1.34737329253801e-08,-0.284826418801679,7.32802442927912e-06,0.000120816397428966,-1.70966975281822e-08,3.17340507038548e-09,-1.0357376823346e-09,-3.27422413910761e-07,-6.10878225345993e-06,0.000868704768641775,-3.00739970844774e-08,0.000130599771353937,-0.0105751126324832,-1.09147208836953e-08,3.50682957289716e-08,2.31430590277033e-11,2.01118678085708e-16,3.22995366215016e-09,2.22851601677787e-06,-6.29010868301124e-19,0.000727289159605118,-2.85658345938137e-08,7.49544583900086e-08,0.000743195467201322,1.06154014589861e-07,-3.63506473186059e-11,2.58303939650774e-12,-1.43299762733531e-10,-1.78576537057835e-06,1.52561775592478e-14,1.1868586647062e-09,4.88434787049991e-07,-3.40674149531153e-08,5.02514767468441e-11,9.83999504124947e-11,-4.55683875066881e-12,-4.21270861736267e-08,4.07971428111032e-11,5.62275591755104e-11,9.93266599172128e-18,-5.28938233541887e-06,3.76885800637496e-12,6.70799093948488e-06,1.09828687949731e-08,0.00083373624554326,-4.11060481764203e-08,1.08056472970797e-09,-4.85420306009141e-14,-1.85656792961026e-05,-4.53541600976826e-10,5.79274198053703e-11,1.20793579403301e-11,2.05379067151653e-13,-1.16074809723699e-06,3.39537177988271e-06,1.23678769477555e-16,-3.16996764022925e-12,-1.51608478909273e-11,-0.0061047572159723,3.70476136815384e-12,1.81491619013387e-15,-2.60381993744119e-15,-3.52964624603085e-05,8.03484272916753e-16,-4.02837485591334e-14,6.52914343602284e-16,-1.13467418918827e-13,1.43437820336651e-15,2.09929495662009e-11,-6.30866344407399e-14,1.53448978979877e-15,1.30770750778569e-15,1.68639868779533e-13,5.26529704404225e-07,-8.50623899138017e-16,1.60153110255945e-13,-2.75777105551668e-14,-2.1743782336619e-06,0.707106781186547,1.93414514378174e-14,8.26422925318676e-12,1.99493199737333e-16,-6.76910443778023e-16,-1.68684935913956e-15,4.72859475534788e-17,1.55778168142717e-15,-0.000576840265295895,3.0632601896224e-16,1.0787930979255e-06,-2.710417219405e-16,-9.56553706801157e-16,2.09260298595352e-16,-2.80246509592325e-11,5.3256010712488e-16,1.86076806673911e-16,-2.61798061893277e-17
"t73",-0.110366072247874,0.0366717738021568,0.038264633918884,0.0482909780376445,-0.128509751184439,0.00859011848393699,-0.00440060972278842,0.0225331519550163,0.0151325963766463,-0.000249308456090959,-1.09763970492011e-06,-0.00126706810343054,-0.242867639228154,-0.00122117861493855,0.000103939990513037,-0.00100686667644299,0.000305616093321442,-0.00472085655216126,0.0712865643619443,0.0351366137231686,0.00353953870179832,-0.0106013898444683,-0.0051018808853537,-0.000863723539099075,0.0171870303550848,-0.016306834124683,6.65460750116867e-05,-0.103279406119531,0.000561476396250235,0.0154358057310767,0.000730404933643252,0.00115585836308263,5.26745766188091e-05,0.000950814986076079,-0.00209277723719007,2.17907334136038e-06,1.5831093217342e-08,-0.000812078802694603,6.29738083557396e-05,-9.88248166556435e-06,0.000993556488785707,-8.03078444440743e-09,-4.78629829900688e-07,0.000600832468180894,0.000259002422035782,-7.62167381315247e-05,0.000489807558136211,7.70208484938851e-05,-1.45847044836939e-07,0.000104179912562213,-8.44169447594329e-05,0.000123972107558246,5.67473193619561e-05,-7.20339338993969e-05,4.048217697273e-05,-0.158206796172116,-2.2470863118588e-05,-0.0250601745259494,0.000278790489523644,2.54651114215676e-05,-0.831859358699414,1.94135269582156e-05,-1.13644666407049e-07,-1.05299736592563e-05,8.23171829369257e-07,7.80929000490954e-07,6.14095170788931e-08,0.000773342814862099,6.11554634946509e-07,-1.49739404308128e-05,-2.24803581576772e-08,-0.281890478556561,6.76905064331491e-06,2.28396119441492e-06,1.13552378359569e-08,-2.88106398842967e-09,1.1950261674614e-09,7.30337306850638e-07,1.53205586834795e-05,-0.00281158926226164,1.09743933102461e-07,-0.000510404305906357,0.0414864431426296,7.70593427454641e-08,-3.30912343305469e-07,-2.62253636649449e-10,-5.82309952636362e-16,-4.51021715401971e-08,-4.21685226097328e-05,1.76103410526139e-16,-0.019249056501018,1.11872847758214e-06,-3.41768144687671e-06,-0.0628354974844254,-1.11279354226167e-05,-1.07329045194579e-08,4.23395874303365e-10,-9.95494006327424e-09,-0.00010629093089142,6.8395195565893e-13,3.58745099648354e-08,1.11551961238607e-05,-7.0298368790347e-07,9.91809589394226e-10,1.76470249818306e-09,-7.79328176625039e-11,-6.34880629081166e-07,5.63586016951973e-10,7.57183844400647e-10,8.29244182678019e-15,-6.7759079753084e-05,4.79996758259342e-11,8.18425980623635e-05,1.29022067550666e-07,0.0100179115342466,-4.98049432985301e-07,1.32437296532012e-08,-5.91344159827031e-13,-0.000232140801039474,-5.70583182785134e-09,7.53002673127383e-10,1.58356230092836e-10,3.26945241287009e-12,-2.03959417877098e-05,5.99358760410471e-05,2.20531482309836e-15,-9.38645093221656e-11,-6.70450160325347e-10,-0.281298074796997,2.0422046105218e-10,1.40370670484356e-15,1.60700446005801e-15,-4.54735668891631e-05,-2.70640278466353e-16,-1.05135518346788e-13,1.89521547289609e-16,-3.12471471528681e-13,-8.28072929745885e-17,5.94649974877334e-11,-1.82379961640892e-13,-4.50793084677708e-16,-2.40141388582305e-16,4.97245023341154e-13,1.57578645499641e-06,2.50216780801888e-16,4.77712105187807e-13,-1.04593910763117e-13,-6.52970324723246e-06,5.74674265948837e-16,8.0483674684867e-14,2.47795172103821e-11,-2.13370987545147e-16,-9.26333574012353e-17,-1.74849986694793e-16,1.48632224342195e-16,-2.72785266597353e-16,-0.00167210643234759,5.04779783890604e-17,3.0056801683086e-06,-2.3361154337113e-16,-7.59212562183988e-16,1.56743113964156e-16,-7.3527212259266e-11,-3.64725610824124e-16,6.13628371450455e-17,-3.89190782358589e-17
"t162",-0.111542528630631,0.0374826562940168,0.0393869198471308,0.0514253442701751,-0.136927519206871,0.00946469340349511,-0.00497885317602101,0.0262518465734196,0.0185892049468588,-0.000308038733160291,-1.40254854529729e-06,-0.00167325665518148,-0.355130211120294,-0.00182120961723175,0.000168066368548539,-0.00166782709190689,0.000534226301212498,-0.00850106566667219,0.129095477449391,0.063853985848496,0.00740287567604739,-0.0230077116001576,-0.0114416974756656,-0.00230623236648617,0.0479916293105165,-0.0573698017577427,0.000244720193924011,-0.385661447398053,0.0023776467254303,0.0664978586500483,0.00387050637667008,0.00692927736663523,0.000320407122278751,0.0094087901797602,-0.0308404379392565,-0.000220534612099782,-2.01015391659374e-07,0.00773712395386184,-0.000473676691953627,6.21723738330105e-05,-0.00582650088036888,3.77527634038132e-08,1.00564688800411e-06,-0.000975659642707821,-0.000384963405137488,8.38731610945729e-05,-0.000463031743220462,-6.60276050047665e-05,1.22934516052043e-07,-8.29116867119536e-05,5.63744279097084e-05,-8.19245860097691e-05,-3.39809968026488e-05,4.16914714876917e-05,-2.24009989033617e-05,0.0758633807443547,1.02765393343481e-05,0.0106338268217272,-0.000100783489694889,-8.8662592621757e-06,0.27634909977627,-5.44513894015124e-06,3.02123925475511e-08,2.56731338206355e-06,-1.9555899816287e-07,-1.82393951299851e-07,-1.36293653438199e-08,-0.00016136589897332,-1.23267336979199e-07,2.64431450627215e-06,3.68051767101613e-09,0.0435421685284225,-1.0390205448922e-06,-3.17609863910787e-07,-1.44274713270026e-09,3.53343430189058e-10,-1.41209806447673e-10,-7.22236959092848e-08,-1.44261362902996e-06,0.000231812718183791,-8.37562047858989e-09,3.70882518933781e-05,-0.00300607129418225,-2.98439288028401e-09,7.40591200970825e-09,3.34557617747075e-12,1.14546814428286e-16,1.18692058975354e-10,-4.33183381887137e-07,-2.94331924194494e-16,-0.000423003151762305,3.63994697980311e-08,-1.22508926891918e-07,-0.00287031948001131,-5.34474209932124e-07,-6.68489243127457e-10,2.77363578644592e-11,-7.56232598721538e-10,-8.41620794653046e-06,5.96191895305665e-14,3.71782982652442e-09,1.37316382853997e-06,-9.33470772273852e-08,1.3654502429726e-10,2.64483527926665e-10,-1.22355297306126e-11,-1.14940434690902e-07,1.15288712062254e-10,1.61509924297219e-10,2.27374752034102e-15,-1.58870782635684e-05,1.13984316006094e-11,2.16839300780855e-05,4.04382187874086e-08,0.00422417951743133,-2.15636207244463e-07,5.91778054771092e-09,-2.67079080327985e-13,-0.00010861490866204,-2.70328015528065e-09,3.78130074127347e-10,8.05772383088684e-11,2.04234207022815e-12,-1.36594256299749e-05,4.02531731931808e-05,1.71781091149391e-15,-7.75182654950469e-11,-6.00542904947236e-10,-0.253545140816882,1.88527504746941e-10,1.92335287059337e-15,2.20830298491848e-15,0.00012863133053697,-3.42217196760691e-16,7.7566425504827e-14,9.83254234055353e-16,1.68530005218142e-13,-7.13408468923758e-16,-2.79253118025402e-11,8.25197928652072e-14,-3.28028842076686e-15,-4.71938114364979e-15,-1.34265801330757e-13,-4.14422610375371e-07,-1.46234408533189e-15,-1.12696469859027e-13,2.08572152028631e-14,1.22965472949046e-06,5.63973200501719e-16,-1.24798738543026e-14,-3.93133344888524e-12,1.44849410244063e-16,2.80783929043852e-17,-1.26696848221262e-14,0.707106781186548,1.06078340555982e-14,0.000109793790323021,-2.36865088794723e-15,-3.34378037888591e-08,-4.19995656248939e-16,8.13195638681439e-16,-2.62574972921662e-16,-3.39685853230354e-12,2.34187669256869e-16,-3.08011751312375e-17,3.0451288882506e-17
"t163",-0.111542528630631,0.0374826562940168,0.0393869198471308,0.051425344270175,-0.136927519206871,0.00946469340349509,-0.00497885317602099,0.0262518465734195,0.0185892049468588,-0.000308038733160273,-1.40254854523779e-06,-0.00167325665518148,-0.355130211120294,-0.00182120961723174,0.000168066368548535,-0.00166782709190686,0.000534226301212547,-0.00850106566667215,0.129095477449391,0.0638539858484959,0.00740287567604756,-0.0230077116001577,-0.0114416974756656,-0.00230623236648615,0.0479916293105164,-0.0573698017577428,0.000244720193923754,-0.385661447398053,0.00237764672543034,0.0664978586500483,0.00387050637667003,0.00692927736663543,0.000320407122278887,0.00940879017976019,-0.0308404379392566,-0.000220534612099375,-2.01015391764528e-07,0.00773712395386173,-0.000473676691953471,6.21723738329625e-05,-0.00582650088036946,3.77527634956515e-08,1.00564688743384e-06,-0.000975659642707849,-0.000384963405137231,8.38731610948063e-05,-0.000463031743220255,-6.60276050047518e-05,1.2293451625613e-07,-8.2911686711836e-05,5.63744279094542e-05,-8.19245860095574e-05,-3.39809968025946e-05,4.16914714872829e-05,-2.24009989033402e-05,0.0758633807443548,1.02765393344174e-05,0.0106338268217279,-0.000100783489694993,-8.86625926194151e-06,0.276349099776271,-5.44513894110707e-06,3.02123927753454e-08,2.56731338199069e-06,-1.95558998331111e-07,-1.8239395117571e-07,-1.36293653656614e-08,-0.000161365898973524,-1.23267336652312e-07,2.64431450584975e-06,3.68051770484323e-09,0.043542168528422,-1.03902054465416e-06,-3.17609863615884e-07,-1.44274759500407e-09,3.53342863720317e-10,-1.41209784513861e-10,-7.22236961295947e-08,-1.4426136290517e-06,0.000231812718183424,-8.37562055191975e-09,3.70882518939554e-05,-0.00300607129418329,-2.98439274932594e-09,7.4059117123387e-09,3.34605709059095e-12,1.80161664931376e-16,1.18692358438771e-10,-4.33183381783053e-07,4.19666739655154e-17,-0.000423003151764722,3.63994703154124e-08,-1.2250892737764e-07,-0.00287031948001173,-5.34474209316731e-07,-6.68490175541325e-10,2.77366841960782e-11,-7.56232742332586e-10,-8.41620794629063e-06,5.93844786067064e-14,3.71783026303777e-09,1.37316382873599e-06,-9.33470769978718e-08,1.36545044836114e-10,2.64484013323977e-10,-1.22343239936117e-11,-1.14940435239075e-07,1.15288341746226e-10,1.61509916274123e-10,2.46283221595772e-15,-1.5887078262701e-05,1.13983447763442e-11,2.16839300800215e-05,4.04382193147645e-08,0.00422417951743215,-2.15636207688552e-07,5.91777903069524e-09,-2.66844024312198e-13,-0.000108614908661913,-2.70327929225572e-09,3.78128945689726e-10,8.05764309712732e-11,2.04279875757078e-12,-1.36594256307659e-05,4.02531731927142e-05,2.11211429200903e-15,-7.75179958810717e-11,-6.0054296514248e-10,-0.253545140816884,1.88527565583388e-10,7.57513322420554e-16,-1.66533453693773e-16,0.000128631330536151,1.28185633739966e-16,7.72819308547668e-14,-8.88751886728391e-16,1.69920301380843e-13,-1.60160944057985e-16,-2.79260928617853e-11,8.52106556023741e-14,1.86405621539501e-15,4.79207923577867e-15,-1.33486720754663e-13,-4.14422607007582e-07,1.62289805249716e-15,-1.14642585653585e-13,2.02600349521922e-14,1.22965472818933e-06,5.29242021227625e-17,-1.37946559709644e-14,-3.92729273580861e-12,-5.46437894932694e-17,-1.71772518735542e-16,1.26724771921916e-14,-0.707106781186548,-1.07865105736238e-14,0.000109793790299306,1.28230955123631e-15,-3.34378040731369e-08,1.73323215488579e-16,-7.10840031751441e-16,4.81008909633247e-16,-3.39735509689854e-12,-6.41847686111419e-17,1.03220805677926e-16,-1.52810700147643e-16
"t92",-0.110841742368279,0.0370002925701146,0.0387198784165166,0.0495698649115475,-0.131944701282554,0.00894898159190169,-0.00463888673047985,0.0240724792081489,0.0165746715131126,-0.00027383066295229,-1.22554945369954e-06,-0.0014382206061398,-0.290774883015298,-0.00147782476401038,0.000131612906556239,-0.00129280922293166,0.000405045740781707,-0.00636961574955136,0.0965134493655237,0.0476724783205367,0.0052463329398185,-0.0160981114674731,-0.00791765923553449,-0.00151189321816278,0.0310652782903055,-0.0350265619826093,0.000147930460047528,-0.232346983717859,0.00139573829256118,0.0389060899184722,0.00218354736882118,0.00383670885417907,0.000177040812678542,0.00491808514263935,-0.0156452397613132,-0.000104046353565613,-8.8652515554921e-08,0.00332298773181496,-0.000197648495639664,2.52421128184753e-05,-0.00233654343193181,1.44593525393798e-08,2.77360214523432e-07,-0.000216956225064686,-7.74860577383539e-05,9.89611226454956e-06,-3.17419504204325e-05,-2.24609448331008e-06,3.42130531386502e-09,-5.24669055575763e-07,-3.6000701783448e-06,5.59340852810536e-06,3.76551576299196e-06,-5.25139419926907e-06,3.27704642385574e-06,-0.0161998389708615,-2.43068080976738e-06,-0.00290832782999565,3.57518739485044e-05,3.31683734506628e-06,-0.110095022254131,2.64858019763414e-06,-1.55355653943339e-08,-1.43464781973517e-06,1.11874879725102e-07,1.05924612426458e-07,8.2672607572803e-09,0.00010285935512562,8.06803556183594e-08,-1.89904046095542e-06,-2.77228142655725e-09,-0.0339389511664053,8.12768154878886e-07,2.62029233736097e-07,1.24397354092989e-09,-3.09632560152651e-10,1.25788003896943e-10,6.90238024228171e-08,1.40258437229248e-06,-0.000235138396098903,8.68543298381972e-09,-3.89684096924027e-05,0.00316078914759481,3.5364044521398e-09,-9.28684062428422e-09,-4.33565684111109e-12,-2.31883373862666e-16,-1.5913101136347e-10,6.06073056087439e-07,3.91354410189055e-16,0.000614665613531151,-5.46905128765698e-08,1.8598124737132e-07,0.00449122447950548,8.4227781174586e-07,1.09902455777515e-09,-4.60284507721888e-11,1.29290938331661e-09,1.45187427859944e-05,-1.04756637915443e-13,-6.84746676574881e-09,-2.65456213583218e-06,1.84633008263761e-07,-2.73124584902659e-10,-5.43592272655654e-10,2.55320050604654e-11,2.51765879557414e-07,-2.63602104289787e-10,-3.74828305238262e-10,-5.80025432628302e-15,3.81397828206759e-05,-2.74892738293186e-11,-5.43804479896538e-05,-1.07558344605851e-07,-0.0123711174991182,6.36561616376707e-07,-1.76331237662468e-08,7.97536669591911e-13,0.000327974065005193,8.19189907011117e-09,-1.16454354536291e-09,-2.49047559051224e-10,-6.64792251520107e-12,4.51657898128191e-05,-0.000133182704284714,-6.69560876502536e-15,2.67478744905125e-10,2.10266315581634e-09,0.888689487116705,-6.63503591725473e-10,-4.31675657669885e-15,-3.75307424027582e-15,-0.000573299168335277,4.23189031527766e-16,-4.06513364636929e-13,-2.37444266779215e-16,-9.65066333697719e-13,1.02245799611358e-15,1.66559214337392e-10,-5.03486669369035e-13,2.06817893871254e-15,1.70846545835201e-16,1.00632037967376e-12,3.15158639941707e-06,-4.02275052053186e-16,9.10622749758895e-13,-1.83938272929669e-13,-1.12911421922887e-05,-1.20851651695879e-15,1.32340827690321e-13,4.02968650201757e-11,3.37403716077489e-16,4.52290112938873e-16,2.11952432181986e-16,-1.0950189029628e-15,3.40873163029443e-16,-0.00222603394300518,1.37815978769183e-15,3.56014505169906e-06,5.58896940231773e-16,-7.65365591492578e-16,-5.68915867474129e-16,-7.7787230432988e-11,-4.42354486374086e-17,2.31240161474419e-17,9.76831056232386e-17
"t108",-0.113742758209873,0.0390932329979847,0.041703893701512,0.0593351976948393,-0.158245784210581,0.0122481043395558,-0.00725240380271254,0.0456382973720574,0.0580812511493878,-0.00107344973429014,-1.99038547134304e-05,0.00870270983187456,0.226154479096106,0.000901978864403565,-2.78943410220966e-05,0.000169790603901669,3.24853195595174e-05,-0.00374922734662627,0.113199738430871,0.127574650638964,4.78247702017296e-05,-0.000648348546032933,-0.00048634028363657,-0.000179977783967826,0.00384806453083667,-0.00333336703765392,1.15065746911364e-05,-0.0164142038160199,-2.26274586728281e-05,-0.00128411697533628,-0.000919089314135393,-0.00414540226126458,-0.000215366577327321,0.0111785103530048,-0.0248712001452918,-0.000152311309473062,-1.76564417692326e-07,0.00845835372135571,-0.000783987812665407,0.000258534784934071,-0.11129391000036,-4.73658292671461e-08,-4.28337676449354e-08,7.74246983256026e-06,1.02481931927093e-06,-1.39503728974406e-07,3.98763963097254e-06,9.89314612704229e-07,-1.99230366188883e-09,6.27477939871744e-06,-1.99028447842151e-06,2.96649852656993e-06,1.51233937144831e-06,-1.96790407681555e-06,1.13197818434866e-06,-0.00442241454324057,-6.106049940122e-07,-0.000627755411066074,4.55939886640942e-06,3.41132544661392e-07,-0.00761766633912453,-2.26270921912164e-07,2.29818022826471e-09,3.81326831377753e-07,-3.41805787732887e-08,-3.52437220208524e-08,-3.46973939489658e-09,-5.50130065534459e-05,-4.86443984468787e-08,1.59277567414473e-06,2.26859616926341e-09,0.0135115009225786,-2.41244079641964e-07,2.96773217002308e-05,-1.0574795487623e-08,2.56721278042463e-09,-1.08244903314858e-09,-9.92490375517218e-07,-2.4601916879409e-05,0.00821467281552878,-5.4906855503208e-07,0.00436083479578054,-0.368971136490406,1.28384771625502e-07,-3.19649584309213e-07,-1.66950150811124e-10,3.42302311889469e-15,-8.12960605208364e-09,5.51229038544712e-05,-1.54653786742709e-16,0.723217567705838,7.1593502585576e-06,-1.87567562995187e-05,-0.304669757653351,-5.49919099804191e-05,-9.61739169320918e-08,5.60557995258353e-09,1.20170343691598e-07,0.00073154246902295,-2.10752179988527e-12,-3.99578182132055e-08,-5.41512439554545e-06,2.35187207207013e-07,-2.75370703138182e-10,-3.02600580869709e-10,9.83245883434365e-12,1.61469427442489e-08,1.64880294781114e-11,3.27890212023331e-11,1.35171402169524e-15,-4.62790429142657e-06,3.40983174763366e-12,7.32698657670032e-06,1.33148264445243e-08,0.000788675753701944,-3.27420501540325e-08,4.28666930348421e-10,-6.20780895223409e-14,0.310868469890497,-2.23796207997687e-09,1.14409588953309e-10,2.26085955504075e-11,2.86110016317013e-13,-1.5187376452442e-06,4.43036582805419e-06,7.33018600405828e-16,-2.83758289887259e-12,-6.92964330494197e-12,-0.00245654259843548,5.06912721764309e-13,2.50418867653819e-15,6.65591713688851e-16,-0.000307975465433762,-8.40293817088848e-16,-5.94077738391707e-14,-9.6198067352154e-16,-1.52726568261117e-13,-6.11021821709423e-16,2.78921372218362e-11,-8.55103530115299e-14,-1.134942691589e-15,-4.71101530814324e-16,2.09038983226082e-13,6.61102610948171e-07,-6.47149996824284e-17,1.98122382367804e-13,-4.25236045271887e-14,-2.66107560317869e-06,9.23451918614061e-16,3.23318063208045e-14,1.00532078457305e-11,-5.3852321907355e-16,-1.23422774626333e-16,-2.17283190446637e-16,-7.9372895960774e-17,-7.32920668600201e-17,-0.0272071122239505,3.72802630343702e-16,9.94528303097569e-07,-4.12196261598069e-16,-5.95082200932169e-17,-3.06802607444741e-16,-2.52090756039033e-11,-4.76398434590131e-16,4.02097957489805e-16,1.10892143083871e-16
"t129",-0.114236252034539,0.0394433345706865,0.042197746964467,0.0608666543559344,-0.16236667831454,0.0127363220114872,-0.00762093308390412,0.0485108960401745,0.0630131375350558,-0.00116718583837556,-2.191939942519e-05,0.00970290768283444,0.261682698798558,0.00105100643772279,-3.34279193079882e-05,0.000205142117905284,3.9956807542923e-05,-0.00465631934169486,0.140843382252333,0.158908007399478,6.2219756060503e-05,-0.000852740728172025,-0.000645752118423741,-0.000250570887853563,0.0054185692959029,-0.0049520024673103,1.72541408925395e-05,-0.0246908901751948,-3.48860922771736e-05,-0.00198612816680263,-0.00147269148112169,-0.00676629263677949,-0.000352255521715358,0.0193431128935583,-0.0444034820971613,-0.0002941408667386,-3.68166838232712e-07,0.018196310441345,-0.00174615129258899,0.000595514380649475,-0.26033716858657,-1.17499176479013e-07,-1.75051105495419e-07,4.96393612837162e-05,8.61797598198429e-06,3.45961819047915e-06,-2.73321042856957e-05,-4.3911584910732e-06,8.29936707469202e-09,-2.14392467268941e-05,4.14362874833567e-06,-6.01697781150859e-06,-2.4335203101543e-06,2.93695063921745e-06,-1.53417897354545e-06,0.00448680355911867,5.65467052500955e-07,0.000504988376151712,-2.74016361809844e-06,-1.91711854797844e-07,0.00393822538499927,8.6666783576648e-08,-8.00095946073632e-10,-1.13603738146001e-07,9.71333401085766e-09,9.70845971774646e-09,8.69831935570975e-10,1.22798742769497e-05,1.01619248578486e-08,-2.55605216942321e-07,-3.10029700805077e-10,-0.00162145107965523,2.85352753470387e-08,-2.76408673134752e-06,7.7111936432582e-10,-1.68528170016124e-10,6.31574444889621e-11,2.76919580549737e-08,5.08443630259253e-07,-2.57942837167517e-05,-3.1907928093456e-09,4.83097265259451e-05,-0.00419608234771349,7.38138702911216e-09,-2.50311094444956e-08,-1.50439624295869e-11,-1.16058123571911e-15,-8.30682308940207e-10,6.45286761617649e-06,6.91689210459355e-16,0.094089344084199,1.01307906763765e-06,-2.71994661530262e-06,-0.0473017534005805,-8.67033540223285e-06,-1.65407553429369e-08,9.81894610096856e-10,2.22678382402007e-08,0.000137805479264283,-4.1350210234351e-13,-8.43917594888708e-09,-1.2393637839796e-06,5.58779593307476e-08,-6.66338628951103e-11,-7.6551555980959e-11,2.55112694889346e-12,4.54873846488651e-09,5.02602024177867e-12,1.02921917704416e-11,-2.30802721965869e-15,-1.56234390072309e-06,1.16048309663799e-12,2.76717251354803e-06,6.24333405460642e-09,0.0012532030938743,-7.861347416354e-08,3.25495403893927e-09,-1.492577228016e-12,-0.86308221331978,4.36016789340243e-09,-8.33630528973214e-11,-1.4049201318167e-11,-2.20232764128465e-14,3.77027386706807e-08,-1.01817631702542e-07,-1.31829060217586e-15,-1.82974983016339e-13,-5.97901524212969e-13,-0.000215276362430583,4.89193320421034e-14,-1.33570074494386e-15,-6.35125632642008e-16,-6.90306651170544e-05,9.53213145035183e-16,-1.34297954701434e-14,1.83368566555363e-15,-4.21177750014728e-14,1.34599647431931e-15,7.83209510701183e-12,-2.3224124260122e-14,2.97445577238931e-15,1.6944481209868e-15,6.46960563328294e-14,2.03984322046758e-07,-5.03803500317372e-17,6.25668310733172e-14,-1.37569361644551e-14,-8.63011581560494e-07,-7.48061930220045e-16,1.06838799853884e-14,3.3356761634535e-12,2.90024081139872e-16,-9.26060522596878e-17,2.65594411634543e-16,1.85510242254196e-16,-9.54314752221741e-16,-0.00986567276427642,1.29502354678807e-15,3.84625151880161e-07,3.97037688499017e-16,1.04998933094558e-16,5.47456090927653e-17,-1.0532469319445e-11,-1.99493199737333e-16,-2.43367617575335e-16,-2.58468868802064e-16
"t138",-0.114470851112274,0.0396097970625529,0.0424325849734333,0.0615952776849562,-0.164327298697598,0.012968720340354,-0.00779642558171214,0.0498793847859675,0.065364348868179,-0.00121187670227408,-2.28807748999656e-05,0.0101801793346648,0.278656219390817,0.00112221948950372,-3.60743940627064e-05,0.000222053306963765,4.35328053178877e-05,-0.00509058961581702,0.154078450766568,0.173910089524594,6.91200383814508e-05,-0.000950744507487905,-0.000722206862955192,-0.000284467128943351,0.0061728699830065,-0.00573035557972544,2.00185262758072e-05,-0.0286719643152591,-4.0785511556509e-05,-0.00232399037916129,-0.00173931563940642,-0.00802900624268045,-0.000418209552366428,0.0232809117527805,-0.0538289849350909,-0.000362668028384928,-4.60845050406106e-07,0.022908544974379,-0.00221195447649603,0.00075872095606064,-0.332535404271276,-1.5149540924485e-07,-2.3940817700927e-07,7.00770225942069e-05,1.23252247413684e-05,5.22311863102325e-06,-4.27120779124964e-05,-7.03749656333266e-06,1.33626887105587e-08,-3.50878041874342e-05,7.17469955629756e-06,-1.04571285835767e-05,-4.38796331536834e-06,5.36828342672308e-06,-2.85718456316974e-06,0.00892366029300055,1.15190194575725e-06,0.00107099439449907,-6.40502331249355e-06,-4.59550164338745e-07,0.00975561926363018,2.45101286380984e-07,-2.37163868291311e-09,-3.65425874041111e-07,3.20677167047876e-08,3.26160106005842e-08,3.08541897537883e-09,4.67153496937311e-05,4.02935687508276e-08,-1.20742429472981e-06,-1.64169367390752e-09,-0.00945364616489447,1.68195102752937e-07,-1.96206679905745e-05,6.68617168597153e-09,-1.59661388569112e-09,6.61983279366105e-10,5.64302619886496e-07,1.3738274566342e-05,-0.00438628215061691,2.86358818108978e-07,-0.00224257148932051,0.189594504402498,-5.79111090305892e-08,1.35369594303429e-07,6.81347661134354e-11,-5.64732653421887e-16,3.19202153020196e-09,-2.06121730856029e-05,2.50835216512261e-16,-0.258872338229931,-2.46505771417357e-06,6.38096214168864e-06,0.100049706611201,1.79086691870776e-05,2.98030898524546e-08,-1.71810416557879e-09,-3.55668455775178e-08,-0.000214246703178533,6.02289686687397e-13,1.08424537923804e-08,1.39017756890531e-06,-5.88506794516323e-08,6.80573419013214e-11,7.26290971215729e-11,-2.32353848315311e-12,-3.63717623467347e-09,-3.58254697033157e-12,-7.05112604724523e-12,4.29533720514407e-16,9.77406751491092e-07,-7.1834206711941e-13,-1.53815992874921e-06,-2.95083420892572e-09,-0.000448521585616102,2.7470293555501e-08,-1.10562508443251e-09,5.00767438556418e-13,0.281425405414423,-1.4061461097066e-09,2.55579067024586e-11,4.25929959840332e-12,5.21806082858822e-15,-9.13410255765079e-09,2.46134592382131e-08,5.49681890620373e-16,3.71870185503448e-14,1.17703518355956e-13,4.21152764684398e-05,-1.03265740126053e-14,6.30876891078626e-15,1.75076966812959e-15,3.23763234215368e-06,5.40483621255401e-16,-8.73910319110216e-15,4.47858947232098e-15,-3.42208849283968e-15,5.98572174244311e-15,5.56609337613867e-13,-7.63341941604134e-15,0.707106781186546,-5.79063752921399e-15,4.95009442507202e-15,2.82768903170436e-08,8.69348667184744e-16,8.48200709227032e-15,6.70088823364061e-16,-1.53407971900115e-07,-1.49648822611386e-15,2.46839180997164e-15,6.60890274255775e-13,2.3526102940763e-15,1.08656403528987e-15,-3.72090430552113e-15,2.54476620933316e-15,-1.15575951586955e-16,-0.00268189940480929,-4.5647110706182e-17,1.26317692560442e-07,-3.26640016408568e-17,-4.41314790654459e-16,-4.96740864347502e-17,-4.17882690798878e-12,1.28803218091278e-16,-4.35463659244911e-16,7.14850474008698e-17
"t139",-0.114470851112274,0.0396097970625529,0.0424325849734333,0.0615952776849562,-0.164327298697598,0.012968720340354,-0.00779642558171214,0.0498793847859676,0.065364348868179,-0.0012118767022741,-2.28807748999204e-05,0.0101801793346649,0.278656219390817,0.00112221948950372,-3.60743940627309e-05,0.000222053306963731,4.35328053178773e-05,-0.00509058961581709,0.154078450766568,0.173910089524594,6.91200383814192e-05,-0.000950744507487928,-0.000722206862955182,-0.000284467128943291,0.00617286998300644,-0.00573035557972549,2.0018526275367e-05,-0.028671964315259,-4.07855115564977e-05,-0.0023239903791612,-0.00173931563940643,-0.00802900624268045,-0.000418209552366263,0.0232809117527805,-0.0538289849350909,-0.000362668028384961,-4.60845050409264e-07,0.0229085449743789,-0.00221195447649601,0.000758720956060344,-0.332535404271276,-1.51495409193123e-07,-2.39408176519569e-07,7.00770225943491e-05,1.23252247412513e-05,5.22311863100709e-06,-4.27120779124186e-05,-7.03749656354201e-06,1.33626889298005e-08,-3.50878041875361e-05,7.17469955612361e-06,-1.04571285837358e-05,-4.38796331507059e-06,5.36828342667924e-06,-2.85718456375357e-06,0.00892366029300044,1.15190194545974e-06,0.00107099439449902,-6.40502331299489e-06,-4.59550164464513e-07,0.00975561926363014,2.4510128645124e-07,-2.37163882011509e-09,-3.654258739238e-07,3.20677170471549e-08,3.26160105828948e-08,3.08541881692247e-09,4.6715349693893e-05,4.02935685116729e-08,-1.20742429478228e-06,-1.64169328392e-09,-0.00945364616489553,1.68195102584544e-07,-1.96206679912211e-05,6.68617174538581e-09,-1.59661432984724e-09,6.61983420905945e-10,5.64302619557766e-07,1.37382745666865e-05,-0.00438628215061812,2.86358817669847e-07,-0.0022425714893204,0.189594504402498,-5.79111084857878e-08,1.35369593863419e-07,6.8135266913354e-11,-7.60681685178687e-16,3.19202184207102e-09,-2.0612173085831e-05,-7.28728666513482e-16,-0.258872338229931,-2.46505771340853e-06,6.38096214226717e-06,0.100049706611201,1.79086691860818e-05,2.98030897166041e-08,-1.71810330528939e-09,-3.55668451942142e-08,-0.00021424670317905,6.02891633136214e-13,1.08424553477091e-08,1.39017756829556e-06,-5.88506794065611e-08,6.80575783836029e-11,7.26286104892862e-11,-2.32207180865312e-12,-3.63717628237836e-09,-3.5835452833632e-12,-7.05106025141995e-12,9.54687108556759e-16,9.774067528329e-07,-7.17259986976216e-13,-1.53815992812688e-06,-2.95083426096743e-09,-0.000448521585617687,2.74702946917449e-08,-1.10562473976464e-09,5.03729327880631e-13,0.281425405414417,-1.40614716528584e-09,2.55571906953439e-11,4.25860020668691e-12,6.16459632434326e-15,-9.13410242928125e-09,2.46134609508189e-08,2.48004686510461e-17,3.73913449200792e-14,1.17141517289409e-13,4.21152764719837e-05,-8.69665519374169e-15,-6.05267816961271e-15,-1.05688027773887e-15,3.23763233708486e-06,-9.22933308105908e-16,7.84355219662913e-15,-5.40300900943179e-15,-1.01055858695237e-15,-6.86099155572636e-15,5.62376317389535e-13,3.47905484667432e-15,-0.707106781186548,4.59623265235805e-15,1.23359879440361e-14,2.82768862767295e-08,-8.97566417940853e-16,9.61256864850848e-15,-5.58825465912669e-15,-1.53407959225461e-07,1.28252140612623e-15,2.04775053674438e-15,6.52971139615197e-13,-1.93399983527964e-15,-8.66632850922386e-16,3.48805961527487e-15,-2.12732733571549e-15,6.48786580015326e-16,-0.00268189940481238,-8.51920016520791e-16,1.2631769289912e-07,-1.01692669754261e-16,6.24476194280187e-17,1.88304782582254e-17,-4.17905857488798e-12,-2.05131051034257e-16,6.91743985947279e-16,-1.9402005221404e-17
"t94",-0.113111068577892,0.0386431282403164,0.0410672453762218,0.0573349535268531,-0.152862305980924,0.0116021086523139,-0.00675987131702235,0.0417567749006251,0.0512853619624877,-0.000944011328421972,-1.70864107638654e-05,0.00728791961516683,0.174070411129676,0.000682024554668217,-1.95023948665617e-05,0.000115751714257266,2.08641580825734e-05,-0.00232499388280494,0.0697191764964771,0.0782362773216418,2.41725356414986e-05,-0.000308898661517661,-0.000219110936893476,-5.59587747534724e-05,0.00105765318950507,-0.000299144259149566,6.30813401805313e-07,-0.000702873869460833,1.22955133569e-06,8.65232551326484e-05,0.000201399037343962,0.00126067866593608,6.75909255659501e-05,-0.00670975849704968,0.0193431831340729,0.000196568489732825,3.3547703230854e-07,-0.0184717322096146,0.00198109747831287,-0.000746990066383627,0.341229842375572,1.80316146029104e-07,7.65901761316972e-07,-0.000534162894945236,-0.00018863600967731,2.75192226715155e-05,-0.000119630646042869,-1.42715870326319e-05,2.56965837140346e-08,-5.64598799624639e-05,6.53713854645011e-06,-9.17509681027588e-06,-2.58304546504045e-06,2.67551274954614e-06,-1.09991564623942e-06,0.000494488885400548,-5.28428386409536e-08,-0.000214817745415864,3.31063339002323e-06,2.70750181516254e-07,-0.00662253633954129,-2.44793118532641e-07,2.60766272662053e-09,4.61286891257083e-07,-4.2046469824701e-08,-4.38111890590743e-08,-4.44157758058357e-09,-7.27043843057879e-05,-6.53560727252471e-08,2.26334444805964e-06,3.31680189976996e-09,0.0201671576912231,-3.60866359730702e-07,4.58947580916032e-05,-1.68390387630225e-08,4.13434384232568e-09,-1.7639398250492e-09,-1.71152824556717e-06,-4.31014547721127e-05,0.0150374302791661,-1.03201514154852e-06,0.00833872490387966,-0.706248775904632,3.17894196062893e-07,-1.06290780953702e-06,-8.0456955929024e-10,-1.53807871215309e-15,-1.42643131014413e-07,-0.000170359022354148,3.49004720460426e-16,-0.512043501184881,-2.36346630487689e-07,-1.81432568010207e-06,-0.113284848801437,-2.31517144963312e-05,-6.15990231959872e-08,3.79547459204861e-09,9.30909256631097e-08,0.000584929925977091,-1.79663224422828e-12,-3.7547549088497e-08,-5.48336504643568e-06,2.44907465797125e-07,-2.90347058214297e-10,-3.27887506621379e-10,1.08006968310316e-11,1.84423415973368e-08,1.9402137577074e-11,3.89595165894876e-11,6.79031551477444e-16,-5.61832306303963e-06,4.15267485252347e-12,9.14904177186924e-06,1.74054597681331e-08,0.00142198105022315,-7.02352469146312e-08,1.85302210384199e-09,-6.99039988424878e-13,-0.00589113987922861,-7.35830060687799e-10,9.64847650017885e-11,2.0099252198195e-11,3.22727453090852e-13,-1.74987342707795e-06,5.1085454290398e-06,1.18510980089488e-15,-3.39748836326557e-12,-8.3756107405926e-12,-0.00297088154026508,6.14961048919435e-13,-1.16988258787194e-15,1.2793585635329e-17,-0.000400435803864064,3.93197809204809e-16,-7.46199976808803e-14,7.46824550871757e-17,-2.06423400303874e-13,1.17266839823926e-16,3.79390309858223e-11,-1.15477852545578e-13,6.38613780858803e-16,3.54446331205461e-16,2.94651668511431e-13,9.31496554426403e-07,5.09347618155167e-16,2.81556964780936e-13,-6.20799386482818e-14,-3.87684012619539e-06,-6.798738955051e-16,4.88941991054856e-14,1.50152718881978e-11,-6.39462441331951e-16,5.57461152954814e-16,-6.38025365286718e-16,3.31552900201259e-15,-1.04170144732407e-15,-0.116958010529521,-1.20364362921765e-15,1.0751345654863e-06,2.56810246067555e-16,-6.0608678329293e-17,7.01312119749038e-17,-3.12372914298596e-11,-7.67344087576616e-17,3.28056979630147e-16,9.00502565922249e-18
"t117",-0.113542431790683,0.0389465133415463,0.0414928725388922,0.0586198784235949,-0.156318268647397,0.0120005086712716,-0.00705398789925836,0.0439921935127273,0.0549451943783719,-0.00101319896511683,-1.85278074257766e-05,0.00798064157368345,0.19619471814241,0.000772814419453992,-2.25675977244706e-05,0.000134752507946178,2.46069158553255e-05,-0.00276117111183898,0.0829064509503571,0.0931095455778219,2.96567490636964e-05,-0.000381810428951772,-0.000272571500704595,-7.18228541546794e-05,0.00136743470312561,-0.000399921030292919,8.48118212764566e-07,-0.000946806139588171,1.68082761545015e-06,0.000118502544851801,0.000281557263342406,0.0017810267301159,9.56000427297587e-05,-0.0097881387495136,0.0286879262452537,0.000303317717129201,5.36779378365562e-07,-0.0299752050889259,0.00326423196090456,-0.00124858981781914,0.574048285399944,3.10646457575502e-07,1.54909991945984e-06,-0.00118833181650584,-0.000437285786394588,7.70057501172744e-05,-0.000384081294667395,-5.12502580099988e-05,9.43098041251391e-08,-0.000224569878162801,3.62575289181139e-05,-5.22215393456224e-05,-1.97886154780819e-05,2.34537758476085e-05,-1.19995290743348e-05,0.0335501145309072,4.19305840940534e-06,0.00371798480815038,-2.03458026657526e-05,-1.43276452028404e-06,0.0297438341716076,6.95184086684338e-07,-6.59042805059706e-09,-9.84601213433953e-07,8.56506752494137e-08,8.66274049040569e-08,8.06255996681315e-09,0.000119827488612474,1.0233840211214e-07,-2.96288104705087e-06,-3.95932231071023e-09,-0.022524213769905,4.00238966220971e-07,-4.58523797045115e-05,1.54091604095117e-08,-3.66214154765838e-09,1.5114453643788e-09,1.26832780210836e-06,3.08017508476237e-05,-0.00980894702301023,6.41242880529823e-07,-0.0050316701863532,0.425453748156545,-1.44201913850466e-07,4.1569580924153e-07,2.87132112099318e-10,-6.6152072927476e-17,4.60475418948143e-08,4.8059475331071e-05,-1.32504282455925e-16,0.12680602264138,5.16255922330223e-08,3.80334958755306e-07,0.0208915743721399,4.13479736987153e-06,8.92584457758941e-09,-5.22434359892814e-10,-1.07080189547957e-08,-6.33699474112873e-05,1.66844196252916e-13,2.30096234873941e-09,1.54908685383597e-07,-3.21331013480225e-09,1.68485421850721e-12,-3.80767301377959e-12,2.29632428319294e-13,9.41373726800337e-10,1.48632845681531e-12,3.32404844476644e-12,2.85123299674316e-17,-5.88723970847398e-07,4.45181966128873e-13,1.18330295804687e-06,2.81101458343008e-09,0.000301999565568804,-1.52060406601387e-08,4.10123550029749e-10,-1.55466361406615e-13,-0.00134428695383658,-1.69252786671971e-10,2.29933827511873e-11,4.82697566795966e-12,8.61628017054054e-14,-4.80249793090477e-07,1.40364081687762e-06,-5.52568528528277e-16,-1.00556162243562e-12,-2.54042524516434e-12,-0.000902719762612853,1.88504280688325e-13,5.79409746695528e-16,1.62088224786583e-17,-0.000170879841306423,-4.38586333647175e-17,-3.86230760915374e-14,-4.95660506599907e-18,-1.17046556955088e-13,-1.09245892060969e-16,2.25813538603636e-11,-6.95494832286751e-14,1.0994366086229e-15,-2.24437708691572e-16,2.2548110547171e-13,7.23333922672611e-07,9.8279615261153e-17,2.31732018675309e-13,-5.81249749586783e-14,-3.75212210027259e-06,2.03655105360054e-15,5.27568430528938e-14,1.67342958168673e-11,-3.87602276663568e-17,-4.14893729996765e-16,-9.29589080766641e-16,9.18888430263043e-15,-2.87931570946975e-15,-0.599334192636261,-8.24166243803683e-16,-1.38228598131169e-06,-4.83356820679834e-17,2.4184944126117e-16,-9.42146322866454e-17,5.97258228524035e-12,4.22838847269347e-17,-1.87323623258131e-16,8.00650400057167e-17
"t118",-0.113328912851081,0.038796575449979,0.0412827231879907,0.0579883445564718,-0.15461980662823,0.0118055604314431,-0.00691054754142523,0.0429058826697057,0.05317771392879,-0.000979807571298574,-1.78347662707058e-05,0.0076487558949377,0.185703415853467,0.000729842555418193,-2.11273505451505e-05,0.000125843014139599,2.28596807842598e-05,-0.00255802630084421,0.0767673030120077,0.0861873797964779,2.71299152468899e-05,-0.000348297728612412,-0.000248050083862822,-6.46181560475349e-05,0.00122706662442743,-0.000354721994606874,7.50821308443738e-07,-0.000837649232567297,1.47976676821078e-06,0.000104262448536207,0.000246076232254384,0.00155139339465925,8.32435065159696e-05,-0.00844181375736534,0.0246195080307576,0.000257331349282399,4.50865084676709e-07,-0.025082924242116,0.00272058178023696,-0.00103680791088528,0.475901612453326,2.56013609717525e-07,1.23198428682389e-06,-0.00092819685117247,-0.000339124470202532,5.80386426659089e-05,-0.00028455325794808,-3.75134090991523e-05,6.88815560128254e-08,-0.000162782064255832,2.56336297599938e-05,-3.68616063196586e-05,-1.37557879230704e-05,1.62143280305566e-05,-8.23451872307218e-06,0.0224616878667463,2.78340609573681e-06,0.00243421105945094,-1.2917332635163e-05,-9.02929847473757e-07,0.0185701500029071,4.19377639297909e-07,-3.93225431434386e-09,-5.77102956221759e-07,4.99351423520294e-08,5.03282676014039e-08,4.6353625204112e-09,6.80294754069431e-05,5.76940056019063e-08,-1.62677002697769e-06,-2.14200589952968e-09,-0.0120507632638484,2.13878378625367e-07,-2.40569526867355e-05,7.9549998299234e-09,-1.87898838901215e-09,7.70577229830037e-10,6.28239932227049e-07,1.51437382060135e-05,-0.00473126096187726,3.06101033419415e-07,-0.00238675353111802,0.201740086943302,-6.41931953503626e-08,1.78904477426269e-07,1.21019727610936e-10,-3.68771449498186e-17,1.89710623691806e-08,1.92107400997239e-05,-2.42089314923547e-16,0.0492622189698518,1.9528244538546e-08,1.42646842528609e-07,0.00763586904990649,1.50182138099084e-06,3.1184551913953e-09,-1.80892516678774e-10,-3.59963043334114e-09,-2.11069212685533e-05,5.41641436319668e-14,7.13105274854831e-10,4.52381661430069e-08,-9.10497222991431e-10,4.70068804920678e-13,-1.02296336583019e-12,6.04297080786047e-14,2.28593113405298e-10,3.34187663690388e-13,7.26432192089293e-13,-4.82260256211305e-17,-1.19989701201882e-07,8.98240224554188e-14,2.18115266644066e-07,4.41769503790879e-10,3.33232612539655e-05,-1.61709594456369e-09,4.16806108399261e-11,-1.54753517464606e-14,-0.00012751029557402,-1.57461585545589e-11,1.94779088691366e-12,4.00091501338092e-13,4.78729719400392e-15,-2.26245921147034e-08,6.56528536304704e-08,-3.29547020908256e-16,-2.40201602123583e-14,-3.96674371164367e-14,-1.35831831032953e-05,2.54094007602485e-15,-1.86290270661101e-16,-1.56884054358652e-16,2.19899891159872e-05,-1.65146083486681e-16,8.26563210237774e-15,1.4694856911788e-16,3.48525828304595e-14,9.50889126849322e-17,-7.38623702131735e-12,2.34422980303572e-14,-1.86853010583986e-15,-3.73154876848459e-17,-1.13113321242151e-13,-3.69103446674208e-07,-5.17887028624508e-16,-1.27832659682348e-13,3.73580428933156e-14,2.480599608716e-06,-9.95950243925264e-16,-3.89306541628855e-14,-1.25840604043692e-11,9.91990777715612e-16,1.53067489655353e-16,1.51928856854939e-15,-1.34306835478881e-14,4.23446000485939e-15,0.791165700610057,8.88245363167823e-16,3.14779741000239e-06,-7.69325613103119e-17,-7.31397547851083e-16,2.02202138447269e-16,-4.3149059520721e-11,2.00143721040824e-16,-2.16350321528584e-17,-2.82911040091892e-17
"t65",-0.111311148304779,0.0373681258301041,0.0392702994119209,0.0517817163283615,-0.13792014884914,0.00983531167980376,-0.00542673611487205,0.031355687975707,0.0333206041407514,-0.000602212755108336,-9.67914158592672e-06,0.00357141050768867,0.0334633121199774,8.08561866563078e-05,5.55100597650956e-06,-5.2595613230058e-05,-2.07022968758217e-05,0.00338588899965679,-0.109235069142686,-0.128322594902912,0.00101742351990006,-0.00278850979330041,-0.00125010369405248,-0.000140830101836932,0.00245146137560211,-0.000700262468180071,1.81764142151597e-06,-0.00231815794737167,-5.24737763861406e-07,-1.19685203163102e-05,0.000116912577158962,0.000779510309546407,4.18740842291912e-05,-0.00381693668753922,0.009986680194007,7.38476610398172e-05,8.16728111487432e-08,-0.00354822299855655,0.000270680534855444,-6.3141518426918e-05,0.0208691336997453,-4.53006983413945e-09,-4.71622943370059e-07,0.000525661530319393,0.000216810181666327,-5.40707197205961e-05,0.000315396464341888,4.62664727753556e-05,-8.65043993521751e-08,0.000597280519948221,-4.08371465924419e-05,5.93290473469262e-05,2.43206475406963e-05,-2.95854450951048e-05,1.56516077375439e-05,-0.0483421934954974,-6.228515141273e-06,-0.00577945850845575,3.44439763574839e-05,2.4683714740291e-06,-0.05230011169343,-1.29722299711864e-06,1.24687194549884e-08,1.89420962466822e-06,-1.65371852196905e-07,-1.67591412204081e-07,-1.56633467493742e-08,-0.000233094357420694,-1.98842833662238e-07,5.65437704108901e-06,7.40027856051609e-09,0.0411915004687347,-7.29985668686977e-07,7.94828135738013e-05,-2.50914751888202e-08,5.79151010832765e-09,-2.31050920624873e-09,-1.55997013200028e-06,-3.49703338872714e-05,0.00839283569176579,-4.35699473109733e-07,0.00283403161680198,-0.23674219769816,-1.50358040897203e-07,9.42093519625121e-07,9.00929575044563e-10,3.38427623219169e-15,1.89119194766933e-07,0.00023519443859163,8.75596944335673e-17,0.220913160493272,-9.62626877409867e-06,3.32136105009543e-05,0.900359150915557,0.00017776495213958,4.78675013177669e-07,-3.02769485544587e-08,-8.28627330965267e-07,-0.00541399065776673,1.83878594024356e-11,4.93429494915392e-07,0.000101571622264021,-5.53846481734108e-06,7.3336254483839e-09,1.13712324477487e-08,-4.6854546291279e-10,-3.14776991773135e-06,2.41355740618376e-09,3.0932629818081e-09,3.13407508401883e-14,-0.000249908388628031,1.74682935429171e-10,0.000266244504360461,3.55198789384753e-07,0.0202142021889777,-9.74534909110869e-07,2.4955497829565e-08,1.45270043080687e-11,-0.00333425051765204,-9.96555806062269e-09,1.21622203573448e-09,2.50967537687548e-10,3.59849218284274e-12,-1.89094549580167e-05,5.51397267729561e-05,-6.00268723819167e-16,-3.40761257136091e-11,-8.20664750871894e-11,-0.0290601449918219,5.98369367868902e-12,-2.12094559684731e-15,-1.96175541089527e-15,0.0256478394551562,-2.81653859191438e-16,-4.88176339630275e-13,-1.13852567005556e-15,-1.26222095714559e-12,-2.52700329835434e-16,2.26041694910417e-10,-6.87225104568315e-13,-3.36807004094733e-17,-3.24171662067562e-16,1.54487732251707e-12,4.85771304754139e-06,-6.23648460162787e-16,1.42919413317086e-12,-2.9702335398748e-13,-1.83641071960046e-05,8.16017221963466e-17,2.19239251708999e-13,6.70024957418651e-11,2.48499137933678e-16,1.2430677955449e-16,3.24823694535773e-16,-7.78180689053085e-17,-4.27609336828283e-16,-0.0173827502819245,-7.58184232331439e-16,6.38163920795799e-06,4.42212161166961e-17,-1.3393375455544e-15,2.53120822230118e-16,-1.41662859123436e-10,8.19656842399041e-17,-5.02451005188475e-16,2.16402754446932e-16
"t114",-0.112940116126098,0.0385065686355837,0.040860797073541,0.0564749354975628,-0.150537870293325,0.0112500195461224,-0.00644372024708122,0.0388159685793959,0.0445220753238086,-0.000811489112140251,-1.3701235249319e-05,0.00530876481446407,0.0581068608418254,0.000144805957690339,1.13199975924536e-05,-0.000111617190532381,-4.81144920862382e-05,0.00828508805876048,-0.269950422367503,-0.319085434834138,0.0032836045259135,-0.0096890018003331,-0.00464797891975757,-0.000786067238556442,0.0154478965638476,-0.0104251390502934,3.49313869538245e-05,-0.0493575343946209,-6.36338057016204e-05,-0.003582860428983,-0.00236828201308536,-0.0102846270344673,-0.000532114189627683,0.0247102150153266,-0.0515285274027936,-0.000259189772164338,-2.24109892539432e-07,0.00899692049048624,-0.00063512115544231,0.000138599493766507,-0.0445363116690568,8.78289215781461e-09,5.89534331505719e-07,-0.000557116918501062,-0.000216721974197303,4.41706162734451e-05,-0.000233708266561895,-3.28226622853961e-05,6.1430281896091e-08,-0.520488196405103,2.27747187322469e-05,-3.28832564947114e-05,-1.26719210099195e-05,1.50782924699968e-05,-7.74617212325712e-06,0.0217883795921631,2.72258684075582e-06,0.00240830100764835,-1.29955984738087e-05,-9.10510892303956e-07,0.0187631053785447,4.22788690539666e-07,-3.9479814195286e-09,-5.73319115470617e-07,4.94005584710583e-08,4.9639595001872e-08,4.52472609913698e-09,6.53911142715664e-05,5.4899645011282e-08,-1.47344728889699e-06,-1.86983060426141e-09,-0.0101751245094466,1.79890835125067e-07,-1.88934780271052e-05,5.78438355590752e-09,-1.3199805819445e-09,5.20497724566208e-10,3.33924519421453e-07,7.39091504343043e-06,-0.00171812785016148,8.7701469324704e-08,-0.000564717163430029,0.0471470628823902,2.72291279659071e-08,-1.62801153400629e-07,-1.51434667160364e-10,-1.05809573251605e-15,-3.08744400438031e-08,-3.69964559194186e-05,-8.23434369656172e-18,-0.0336037781124429,1.42090962515575e-06,-4.8568598116517e-06,-0.128067893803991,-2.51199408337679e-05,-6.50280153235614e-08,4.07706502187951e-09,1.08478437771684e-07,0.000702716724763593,-2.3388327185181e-12,-6.01161223886444e-08,-1.17976064242581e-05,6.28775735209308e-07,-8.23256593542809e-10,-1.24204187205644e-09,5.03923216315884e-11,3.22202967023046e-07,-2.36356484145157e-10,-2.98285674992345e-10,-2.83035958661021e-15,2.32675422383024e-05,-1.61867117169504e-11,-2.36906605864018e-05,-2.97498290759146e-08,-0.00153961047105344,7.36766396901983e-08,-1.87055647837484e-09,4.76439316513109e-12,0.000246941142934479,7.3574420384262e-10,-8.85516285948837e-11,-1.8216883871267e-11,-2.50765596784621e-13,1.30618684788912e-06,-3.80740079924209e-06,-7.75322004182345e-16,2.30737622154616e-12,5.53318689470321e-12,0.00195862642287943,-4.02850312846529e-13,-2.90864847330239e-14,-4.71669144713749e-14,0.685900559867685,-5.3840644570857e-16,-8.79287961885744e-15,-7.90096457720899e-16,1.66871801004554e-15,-4.15354738494374e-16,-1.2585960919298e-14,-3.59981802803026e-16,-2.55091516393662e-15,5.64814984695566e-16,7.96319390636291e-15,2.84413802281697e-08,-4.19171632800304e-16,1.10263670108802e-14,-3.63571708427991e-15,-2.16169853261648e-07,-1.05864687842275e-15,2.14598338285719e-15,1.01182091676554e-12,-5.87637577487143e-17,1.59761003756942e-16,5.58371682074681e-16,-2.68868584734838e-16,6.33174068731535e-16,-0.000533741730701222,-4.93506744150282e-16,2.87573032462917e-07,-7.0932338600141e-16,-4.55797551892515e-16,-6.36318241301069e-16,-9.31101029610915e-12,-5.64652491430451e-16,-8.8360827812908e-17,1.14591253366976e-16
"t115",-0.112891479078778,0.0384725683402495,0.0408132879795881,0.0563346360092844,-0.150160670261052,0.0112076959424739,-0.00641327781945606,0.0385925146871601,0.0441862048667979,-0.000805213353811453,-1.35805434315173e-05,0.00525659985144383,0.0573656217760449,0.000142881834386119,1.11462036642856e-05,-0.000109838508368273,-4.72877714482924e-05,0.00813727486352542,-0.265101136575095,-0.313329257180504,0.00321510636997632,-0.00948034003412986,-0.00454519548588211,-0.000766516323522464,0.0150539478611266,-0.0101298457221023,3.39256063759283e-05,-0.0479286452812712,-6.17153549723063e-05,-0.003474298769922,-0.00229265083411207,-0.009947743301436,-0.000514636263113201,0.0238402812115087,-0.0496511758097733,-0.00024900760421892,-2.14746050750666e-07,0.00861252277694279,-0.000607348309822631,0.000132410162610878,-0.0425291600047899,8.37394509628694e-09,5.56734121423943e-07,-0.000523531258301347,-0.000203254426880222,4.10958741119883e-05,-0.000216379740958842,-3.02834706606024e-05,5.66423422606376e-08,-0.478866368643256,2.08004238721798e-05,-3.00185849038998e-05,-1.15152419874748e-05,1.36793820335772e-05,-7.01183778271311e-06,0.0195747005513551,2.43954151953833e-06,0.00214867583187493,-1.14824466794705e-05,-8.02586767931603e-07,0.0164893285013192,3.6740330748694e-07,-3.4182791017589e-09,-4.93439422075831e-07,4.24410085157951e-08,4.25958192456129e-08,3.86885226610319e-09,5.56711569141707e-05,4.66259110428092e-08,-1.23988109463529e-06,-1.56522063268338e-09,-0.00848370782706205,1.49923385401678e-07,-1.56420950783364e-05,4.76077376739686e-09,-1.08393987564916e-09,4.26417782587753e-10,2.70635647578975e-07,5.97326854480241e-06,-0.00137849537775633,7.0084366048268e-08,-0.00045017687724394,0.0375791164927384,2.11683726127952e-08,-1.24835093037535e-07,-1.15119171929986e-10,-3.08678851168308e-16,-2.32474183379669e-08,-2.75007737864158e-05,1.75287039082894e-17,-0.0246717922287848,1.03104825172775e-06,-3.51091545041857e-06,-0.0915097248900392,-1.789824272548e-05,-4.5513543917193e-08,2.84165545875626e-09,7.45633338011622e-08,0.000480901792553997,-1.58349798431986e-12,-3.97238112610639e-08,-7.56587385753339e-06,3.9701870466972e-07,-5.1567935130443e-10,-7.62286311301386e-10,3.05529079717515e-11,1.8719184452249e-07,-1.31436030678167e-10,-1.63117929340357e-10,-1.58374070151877e-15,1.22060560033338e-05,-8.44119981212825e-12,-1.16787262512785e-05,-1.32168567548718e-08,-0.000530955077290415,2.47030679557947e-08,-6.05574569764906e-10,1.52622208092345e-12,7.57260324288683e-05,2.22175342576639e-10,-2.4779311306837e-11,-5.00643999862401e-12,-4.93399687889983e-14,2.17891795453728e-07,-6.30840664786643e-07,7.9640663544962e-16,1.9017189395565e-13,2.80428227416029e-13,9.47192807322921e-05,-1.61617534930541e-14,3.0783524812019e-14,5.02434465560198e-14,-0.727136411638271,5.05590471335544e-16,1.64868119156836e-14,1.08304428066844e-15,5.29923124153488e-15,4.77081630515156e-16,-1.46475279821923e-13,4.71159959327836e-16,2.84532267266041e-15,-4.47533191024495e-16,2.66953224526941e-14,8.60679000836648e-08,4.35697782707116e-16,2.91613034480792e-14,-7.41274065174376e-15,-5.01927332520065e-07,8.92529086997274e-16,8.16798243844912e-15,2.14178497257456e-12,-6.35342473076506e-17,-1.86323206565118e-16,-7.47822163681264e-16,2.66398931962508e-16,-6.25367813089639e-16,-0.000888573189270964,4.53634645675712e-16,4.27529794709542e-07,7.50425019734109e-16,-5.59941055949806e-18,4.8189585998234e-16,-1.25685837063481e-11,-1.86482773667507e-16,1.06509733733238e-16,-1.23547736561348e-16
"t104",-0.11291491409871,0.0384889435892825,0.0408361630019268,0.0564020980728081,-0.150342040352761,0.0112280197117958,-0.00642788105610747,0.0386995826427611,0.0443468050038776,-0.000808213499371289,-1.36381654309949e-05,0.0052814733888029,0.0577176925358274,0.000143795068655659,1.12284426433717e-05,-0.000110679432743645,-4.76778656821573e-05,0.00820694742237679,-0.267386414610441,-0.316041579060088,0.00324722590269538,-0.00957806255010004,-0.00459327982825148,-0.000775612394177065,0.0152369869111144,-0.0102661662627279,3.43893904749778e-05,-0.0485872777824393,-6.25969591438003e-05,-0.00352416735236393,-0.00232723865274011,-0.0101014455543422,-0.000522608414894451,0.0242341926634027,-0.0504977414111457,-0.000253550469309717,-2.18879155528174e-07,0.00878143608852287,-0.000619491155271692,0.000135102960080995,-0.0434004266072218,8.54990820181822e-09,5.69763838466142e-07,-0.000535911122295788,-0.000208008634160502,4.1816934997628e-05,-0.000216678652410173,-2.88260880328703e-05,5.24819689563943e-08,0.499889221865333,2.27189498793181e-05,-3.27232969653053e-05,-1.24244968037645e-05,1.47349938867316e-05,-7.54219665704692e-06,0.0210314747813405,2.62191944561986e-06,0.00231146223333729,-1.23924977333085e-05,-8.67012100314122e-07,0.0178352659379334,3.99412338503613e-07,-3.72259131459562e-09,-5.3894608039221e-07,4.63968441483249e-08,4.65938310123403e-08,4.23963209388268e-09,6.11419709450095e-05,5.12722022515328e-08,-1.37006199948052e-06,-1.73438522918512e-09,-0.00942067455741215,1.66519691454831e-07,-1.74360353573165e-05,5.32387686843702e-09,-1.21365270448181e-09,4.78063442421564e-10,3.05227868211419e-07,6.74733235802796e-06,-0.00156348889480757,7.96683324920051e-08,-0.000512443483942549,0.0427802520432015,2.44426976366549e-08,-1.4529109887079e-07,-1.34655752290274e-10,4.38664203334769e-16,-2.73445202112884e-08,-3.25924271900651e-05,9.87322858396699e-16,-0.0294537580783128,1.23949401587203e-06,-4.23025825307261e-06,-0.111025833464945,-2.17524264228405e-05,-5.59122279580469e-08,3.49974794849244e-09,9.2610856301984e-08,0.000598901619548076,-1.98648567123956e-12,-5.05485013508396e-08,-9.80876295797201e-06,5.19768688458688e-07,-6.78533130682575e-10,-1.01610020664643e-09,4.10466003339942e-11,2.58492534455437e-07,-1.86782129801159e-10,-2.34392388737982e-10,-8.40811679638426e-15,1.80338420058381e-05,-1.25206029812558e-11,-1.80005406629647e-05,-2.19062366475786e-08,-0.0010599886744938,5.03852682597061e-08,-1.26876040153646e-09,0.707106781177673,0.000165471943648411,4.91367961293412e-10,-5.82034679784058e-11,-1.19180409237954e-11,-1.53706049037181e-13,7.87360401960369e-07,-2.29301013737228e-06,3.29437536388537e-15,1.29946989253383e-12,3.02678424405431e-12,0.00106903587095469,-2.15606445135805e-13,3.07652176794856e-15,4.88975179790962e-16,0.00878856022419285,-1.40128840904341e-15,2.15062342934225e-15,2.11901435588949e-15,3.82850083016292e-15,-6.26452401271051e-16,-7.69942920184064e-14,1.72000627851826e-16,1.69787655931403e-15,-6.68111430738152e-17,1.75721313246265e-14,5.62239146447298e-08,1.53529484182658e-15,1.98794215443764e-14,-5.37427634895836e-15,-3.54140859462097e-07,3.47162692584723e-16,4.90132396203501e-15,1.55764851429534e-12,-5.31259064517897e-17,-3.48370014610975e-16,4.59207445666176e-17,2.07521695611e-16,4.14165229889463e-16,-0.000705729810659399,1.94678925425477e-16,3.55586818303455e-07,-7.47287096495018e-17,-7.02248931427924e-17,1.37334375224782e-16,-1.08991991321951e-11,-3.15285991758785e-16,4.02342779624062e-16,1.34327754026151e-17
"t120",-0.112914914098692,0.0384889435892697,0.0408361630019089,0.0564020980727551,-0.150342040352619,0.0112280197117799,-0.00642788105609593,0.0386995826426764,0.0443468050037502,-0.000808213499368893,-1.36381654308546e-05,0.00528147338878299,0.0577176925355449,0.00014379506865494,1.12284426432908e-05,-0.000110679432742878,-4.76778656817289e-05,0.00820694742232014,-0.267386414608581,-0.316041579057881,0.00324722590266905,-0.00957806255001995,-0.00459327982821204,-0.000775612394169611,0.0152369869109621,-0.0102661662626135,3.43893904744804e-05,-0.0485872777818857,-6.25969591430731e-05,-0.00352416735232195,-0.00232723865271069,-0.0101014455542113,-0.000522608414887911,0.0242341926630638,-0.0504977414104136,-0.000253550469305712,-2.18879155672139e-07,0.00878143608837219,-0.000619491155260653,0.000135102960078695,-0.0434004266064319,8.54990873805436e-09,5.69763838758151e-07,-0.000535911122282442,-0.000208008634155362,4.18169349964754e-05,-0.000216678652403244,-2.88260880323564e-05,5.24819689153709e-08,0.499889221848256,2.27189498786247e-05,-3.27232969646284e-05,-1.24244968030872e-05,1.47349938858224e-05,-7.54219665677821e-06,0.0210314747803918,2.62191944522434e-06,0.00231146223322567,-1.23924977320639e-05,-8.67012100231289e-07,0.0178352659369417,3.99412338636645e-07,-3.72259089378033e-09,-5.38946080579344e-07,4.63968442636637e-08,4.65938310781819e-08,4.23963071553095e-09,6.11419709405025e-05,5.12722023430327e-08,-1.37006200044329e-06,-1.73438478260225e-09,-0.00942067455662856,1.66519691458898e-07,-1.74360353556147e-05,5.32387835162559e-09,-1.21365261538686e-09,4.78063518319316e-10,3.05227867959884e-07,6.74733235820356e-06,-0.0015634888946445,7.9668332393593e-08,-0.000512443483887183,0.0427802520385345,2.44426971374323e-08,-1.45291098477855e-07,-1.34657554859547e-10,-7.62778059360664e-16,-2.73445207986507e-08,-3.25924271859833e-05,-1.1060326823715e-15,-0.0294537580734627,1.23949401517024e-06,-4.2302582536867e-06,-0.111025833444343,-2.17524264197347e-05,-5.59122283155626e-08,3.49975005225997e-09,9.26108569821302e-08,0.000598901619415428,-1.98347814575453e-12,-5.05484995534357e-08,-9.80876295270799e-06,5.19768690932766e-07,-6.78533120707068e-10,-1.01610340895951e-09,4.10422419028824e-11,2.58492533141384e-07,-1.86782519687036e-10,-2.34392546230206e-10,3.88214128998869e-15,1.80338419950013e-05,-1.25225140294628e-11,-1.80005406533652e-05,-2.19062311103413e-08,-0.0010599886671346,5.03852211324735e-08,-1.26887446849546e-09,-0.707106781195423,0.000165471945787292,4.91340820894109e-10,-5.8184132967383e-11,-1.19373479624021e-11,-1.55850541139125e-13,7.87360409050183e-07,-2.29301012776148e-06,-3.05550477344041e-15,1.29500358775285e-12,3.02565358868917e-12,0.0010690358719169,-2.20540943566736e-13,-4.13472395371215e-15,-1.57989940574588e-15,0.00878856022755248,1.51422639352119e-15,4.48339282366206e-15,-1.89651694359035e-15,3.29176696819045e-15,6.9953343435011e-16,-7.69949425397098e-14,-1.43522956648663e-16,-1.75292230038014e-15,1.26478786360896e-16,1.65156076477584e-14,5.62239159206588e-08,-1.31219083216944e-15,1.95832327574464e-14,-5.59886512321959e-15,-3.54140859270459e-07,-5.70286041852671e-17,4.76541810798321e-15,1.55777706001541e-12,2.7972416050126e-16,3.48502207240839e-16,1.97202234281112e-17,-8.82478934575973e-17,-1.98625837999344e-16,-0.000705729810748652,-3.18813571437459e-18,3.55586818536667e-07,5.74038630536354e-18,3.44667086465921e-16,-1.6384866965757e-16,-1.08992609317189e-11,5.40366362766775e-16,-2.58692943442452e-16,5.3592852935792e-17
"t45",-0.10241960610614,0.0311486298831941,0.0305765033786066,0.0260651878035618,-0.0687786009781659,0.00206656949790526,0.000165735973805163,-0.00971371986388715,-0.0283322768274608,0.000549302062880248,1.23723420817452e-05,-0.00586981485475382,-0.0676265009272146,-6.40427440396191e-05,-6.74030078377675e-05,0.000821974927775031,-0.000338262950844964,0.00440817689694213,-0.0367236031257772,0.0225988139895236,-0.00834289199526926,0.0268313577871644,0.0136526259287296,0.00275807342637601,-0.0553752487720361,0.0324663645512706,-8.77606836090864e-05,0.106998097288784,0.0015002527634298,0.0530328707682711,0.0170538901924307,0.0710213945216563,0.00366552117330911,-0.168634031643316,0.355047693066149,0.00180527196829781,1.46560777804162e-06,-0.0540383147931558,0.00304233049846648,-0.000263635050122321,-0.0498004329704938,-3.34101237979605e-07,-8.26458395512602e-06,0.00826590504163926,0.00330161068229785,-0.000749861440917321,0.00420560776468147,0.00060300304775365,-1.12317356966864e-06,4.32655204009691e-05,-0.000504958321903942,0.000732021749624103,0.000293778351712286,-0.000354535661016905,0.000185427304351374,-0.544416801432822,-6.83268110808002e-05,-0.0595339937742985,0.000216190777693873,9.0486305900821e-06,0.165784906224438,-4.93377945599872e-05,3.88911280474126e-07,5.28815836902284e-05,-4.56727664507034e-06,-4.61216620914782e-06,-4.32161850230069e-07,-0.00658412531144831,-5.73448829215314e-06,0.000181474873589218,2.36662870065941e-07,-0.0295053797034235,1.80415045214208e-05,0.00783388325786202,-5.22076446989039e-06,2.85759474337304e-06,1.90454051384362e-06,7.04642638558661e-05,0.00114627126689088,-0.115833868642651,2.5437534170071e-06,-0.00132140180249513,0.0304654178761336,2.51545540264292e-06,-8.34225048397194e-06,-5.77436843296811e-09,-7.80031296882745e-16,-8.57787103598192e-07,-0.000635496719789463,-1.59013381468197e-17,-0.0163446576624858,1.09191445178811e-05,-2.69004028213143e-05,-0.0549221517759768,1.64607148338473e-05,4.31991993450663e-07,-3.21944957082305e-08,-1.27766020362312e-06,-0.00908330162973676,3.64886775853804e-11,1.27367674141302e-06,0.000323507676843809,-1.91687075946995e-05,2.63687711233955e-08,4.45941723719838e-08,-1.92428370389203e-09,-1.48623888427506e-05,1.28691346250853e-08,1.722323200618e-08,1.87423682461636e-13,-0.00154321408420827,1.09464246210742e-09,0.001914601495363,3.36519028396043e-06,0.661792367593343,-4.39355471991178e-05,2.1338721470851e-06,2.97111688039167e-12,0.000670710293813889,1.05833408892099e-06,-3.69277641473244e-08,-6.48890349312219e-09,-2.31101479155917e-11,8.87623296534079e-05,-0.000255670008542335,-3.04551605645785e-15,5.99857292761112e-11,2.96340819044101e-11,0.00272553244614462,2.24450152542144e-11,3.16204676801847e-15,-4.11129463806503e-16,-6.40246652543859e-05,-5.50214845782768e-16,-1.30821048438534e-12,-1.04534245564068e-15,-3.66692435896615e-12,7.41581317227972e-16,6.80446351607883e-10,-2.07772085533643e-12,-4.43755432035397e-16,1.18453735473771e-15,5.26221090763361e-12,1.66226538812298e-05,-2.83038413474585e-16,4.97885845947993e-12,-1.06778040634742e-12,-6.64402704317266e-05,-1.243363360158e-16,8.09107705820864e-13,2.48056522588261e-10,-8.88178419700125e-16,-6.77374391059716e-17,-1.3035462512902e-16,3.00064512877725e-16,-3.52148865623292e-16,-0.00143716142860338,1.70664140099394e-16,2.71442189493347e-05,9.48592984651246e-17,-5.67203037336553e-15,4.30506650901807e-17,-6.26157125932156e-10,-7.80625564189563e-17,-4.845052717951e-18,8.91144046909436e-17
"t46",-0.102359654793571,0.0311112310429402,0.0305281488536838,0.0259770115741328,-0.0685439199984134,0.00205597051267338,0.000164667615022584,-0.00963735015073783,-0.0280399087942426,0.000543490131481702,1.2223092252982e-05,-0.00579075616625059,-0.0664409230190884,-6.28726895183206e-05,-6.59775162419971e-05,0.000803921858415691,-0.000330243383127475,0.00429959762245196,-0.0358127275810061,0.0220358732818501,-0.00810195555546727,0.0260309155835757,0.0132341928416452,0.0026627605866655,-0.0534120108815796,0.0311845983071916,-8.42371686991848e-05,0.102678214966847,0.00143710571316764,0.0507891031271037,0.0162922917996914,0.0677657118487454,0.00349701414474849,-0.160306982064539,0.336883741934412,0.00170542619581223,1.37919547684894e-06,-0.0507774581043801,0.002854262119025,-0.000246977789682599,-0.0466236843465106,-3.12052043733744e-07,-7.6073148454765e-06,0.00755051340903728,0.00300654720647611,-0.000674261349351614,0.00375202931239972,0.000534940563850562,-9.95376717396288e-07,3.82049405337381e-05,-0.000440517012543083,0.000638102840611924,0.000254126432352152,-0.000305827558235554,0.000159345606763619,-0.461803086414672,-5.7692728993225e-05,-0.0498896465655955,0.000178040692962868,7.41974123595959e-06,0.135192817530874,-3.9398858112499e-05,3.08413778053168e-07,4.14557913320599e-05,-3.56789228354915e-06,-3.59461167254019e-06,-3.34460262858237e-07,-0.00505194925770817,-4.3786431211285e-06,0.000135979180570179,1.75410081933083e-07,-0.0216860411178659,1.32482241044405e-05,0.00567139781882143,-3.73121106051009e-06,2.03209333455526e-06,1.34728762346401e-06,4.86425620360382e-05,0.000786143278225301,-0.0780916534937521,1.69858810665415e-06,-0.000877160103833544,0.0202164419219948,1.5671017896589e-06,-5.00781040176567e-06,-3.38329231418654e-09,2.74809553328294e-16,-4.88875013489358e-07,-0.000348381382541483,6.41095449914861e-17,-0.0086159537146895,5.53574251024603e-06,-1.34616270917945e-05,-0.0263783573993107,7.82416531898335e-06,1.91784005911487e-07,-1.40543565280021e-08,-5.26076196260173e-07,-0.00366855256669557,1.4033077784402e-11,4.33274596719997e-07,9.2055875552513e-05,-4.89219299179236e-06,6.32883381468998e-09,8.95519973046686e-09,-3.40885943403905e-10,-1.37942530976237e-06,4.93068875320551e-11,-5.31677821615038e-10,-2.021038473894e-14,0.000182954924949234,-1.43832362862539e-10,-0.000486333578000471,-1.65572138584313e-06,-0.74840033503666,5.30281743586804e-05,-2.7805523926702e-06,-3.94831212116641e-12,-0.000975664419910118,-1.58582789776653e-06,6.34263027229562e-08,1.14933087065166e-08,6.5945888444634e-11,-0.000298466440492882,0.000865536667775647,3.7737659990018e-15,-3.44021928445668e-10,-2.1471681285012e-10,-0.0201260773303949,-1.78457026456763e-10,-3.35031801496113e-15,4.1286418728248e-16,-0.000279696047477377,5.14468239090077e-16,-3.6771176381567e-12,1.32973044796661e-15,-9.18546316245261e-12,-9.12114998652673e-16,1.62139693858643e-09,-4.91713473323857e-12,9.38937223251324e-16,-1.5205468197768e-15,1.04996153237709e-11,3.29616649758754e-05,5.17069445553888e-16,9.61405033105586e-12,-1.96770662817202e-12,-0.000121309899862783,1.01388329991697e-16,1.43403763633457e-12,4.37199878242697e-10,1.31058358610048e-15,1.81961666410835e-16,8.54951532332265e-17,-2.60311415730623e-16,2.25514051876985e-16,-0.0022531761732285,-1.05675707407661e-16,3.96740510961136e-05,-4.6648555209779e-17,-8.6895338304121e-15,-6.49916931343818e-17,-8.53259047401897e-10,-1.14491749414469e-16,-1.70700250953985e-16,1.78399780061632e-16
"t17",-0.0513872810934567,-0.0021791750569964,-0.013689921568638,-0.0102390728399902,0.00896030109560334,-0.0364894027517468,0.0209299931817882,-0.118007805856363,-0.0629536340574841,0.000894940858346254,-2.00574594861804e-05,0.0356667399741752,-0.000843077926827384,0.011269515120385,-0.00116121067436941,0.0106718488885662,-0.00223112100470319,0.0105660331488096,-0.0362566453955501,0.0313668345543133,-0.075977330349725,0.179127764050699,-0.0434021369564086,0.012820394801288,-0.226178176475287,0.05239209301815,-5.55324056277499e-05,-0.00375313419377132,0.00471205872801607,0.150305958947899,0.0240978256029834,0.071323408965907,0.00756106004405104,-0.0116904291971361,-0.112540144747951,-0.000141690762001802,-1.57743263411892e-06,-0.0260124577040896,-0.0189153501987493,0.00139288189078504,0.0032949022019065,1.09119577338111e-06,3.82141474912458e-05,-0.0423419060138759,-0.0174362491490262,0.00425201645006238,-0.0239623962801443,-0.00338330358303334,6.27285806293029e-06,-8.02980870648866e-06,0.000225599097285898,-0.00343608262008792,-0.00114877941581656,0.00125892029050966,-0.000553507677623303,0.0565463667718018,-0.000100078686344613,-0.311489002557691,-0.131222219953182,-0.00319838080452999,-0.000964397874170188,0.00067233371829578,-4.2428501919521e-06,-0.000393375817671179,2.97071865596096e-05,2.72053129875265e-05,1.72657077667483e-06,-0.0192347349046597,2.66058243758904e-05,0.000144503593986866,6.2496950633921e-07,0.000102672530308599,6.79219187780105e-05,0.0124476478154685,-4.31249422596898e-05,2.41689672059687e-05,1.64705403360981e-05,0.000540767471368522,0.00747509462166992,-0.0124036438006221,-1.76209349259917e-05,0.0131491106961955,-0.00010697889257948,0.000865771738534647,-0.00159787461330834,-1.04767550227453e-06,8.64845400819211e-16,-0.000157379632807315,-0.124072410018868,-3.14167054807176e-15,-6.74158782939408e-05,0.00249668705949232,-4.82611940644841e-05,-0.000407457304746801,0.00757603951027886,0.0001366221192565,-9.91573559007017e-06,-0.000216660167671904,-0.0193382478384977,3.67322311900828e-06,0.00193797448021996,0.827704541111959,2.86817615229493e-05,0.000194960525555961,-0.000579986491798182,9.7575211196165e-06,0.0254421818282941,-1.35577031126095e-05,-1.57626719040425e-05,-1.22019068254338e-10,-0.00489976050421714,-1.05617462729037e-06,0.00535454721670623,1.29313692252137e-06,0.000995354436890342,-0.00168430392628912,0.000184154961949541,3.12168247568936e-15,-1.6222103728504e-07,0.000193520218230869,-1.07266983671193e-05,-2.05561872551601e-06,-1.96535743186346e-08,0.0931332225915046,0.00203110991805834,-1.00865979074211e-15,1.379194133792e-07,7.23481952348129e-08,-0.000112612964797451,8.54550505723762e-08,9.19432351234713e-16,1.11152406723214e-15,-2.89411370867559e-06,-1.51844074902962e-17,6.69190976416989e-09,-4.36286938999711e-16,2.85914456488351e-08,-2.12511441839342e-16,-8.0912637441719e-06,2.69606732993515e-08,-1.43071397204538e-16,-5.59682119305197e-16,2.66183753937045e-08,3.05037581931817e-05,-3.86541234501737e-16,1.7632361665466e-08,-2.46851304790458e-09,-0.000114385573995817,1.75860368208684e-16,1.38466297300967e-09,4.06594158019493e-07,3.78169717762944e-16,1.50817241611361e-16,-5.53948272661988e-17,-1.08892952907329e-16,6.90419943438769e-16,-4.84295332663702e-05,5.67766573806242e-16,3.88944061342426e-05,9.63458000753418e-17,-2.58777471649191e-12,-5.89240584262129e-17,-1.81547458927723e-07,5.3776427755281e-17,-1.55410901716257e-16,-8.67101411563235e-17
"t13",0.0269255315996617,-0.048244049444796,0.00832451823618205,-0.0191111010565123,-0.00444477572425546,-0.0751873574913466,0.0498521396997025,-0.0156415477428094,0.00971956697362549,0.0031293901172368,-0.00163016684758378,0.00238442491216904,-0.000193021964023946,0.0472879297439263,-0.00342676093917589,0.00773941068411239,-0.0049769067672316,0.0155294734983963,-0.0124483537126549,0.0113020235389382,-0.103504703139179,0.200816313813953,-0.0821357219173906,-0.0108330339711886,0.0749240457717247,-0.0752461782014845,-4.5600781479424e-05,-0.00142435556328221,0.0187616267489611,0.00943418132468264,-0.0491749096797386,-0.199232455503423,-0.0163723908497947,0.147269412988706,0.104400570446175,6.10151143320276e-05,-4.04809939731514e-05,0.00254311701404291,0.0686099666657179,-0.0185517011374157,-0.001299087532994,8.85929616662548e-06,-0.000106965335473148,0.141685451144178,0.164252652334763,0.0019798308249744,0.0420033865610211,0.215305460993062,-0.000274974027696507,-2.02747498108828e-06,2.46803961268785e-05,-0.0184718570484061,0.0573198435117839,-0.00422325310069522,0.0266126110110538,0.000375660425567149,-0.00322185693794671,0.00169379045095824,-0.000602972688647944,0.326291075684839,5.72240894568209e-05,0.525305241989582,0.0137251686280775,-0.00345927300259761,0.00973139594805844,-0.0185628865744328,0.000627041248358218,0.000898496567955428,-0.0192255639767441,-0.0157198742598858,-2.01183700780086e-05,-7.25021653497375e-06,-0.010601442665962,-0.00101876073408348,0.000534512213679212,-0.00121473905429278,0.00112786613430027,-0.00723473904767074,-0.163427442294048,0.00126984693346135,-7.194168294251e-05,-0.166934900783136,-0.00192763670179644,-0.00440989510315448,0.00502964914943682,-4.25199209887097e-05,9.21867794012769e-16,0.000251157945644605,0.112856648019411,2.2231363870784e-15,-2.82225267703165e-05,-0.0880023339709763,-8.59373303173372e-06,-4.82287638650378e-05,-0.00563657980548758,-8.76937541703328e-05,-3.21834510206035e-06,-0.0184337016459334,-0.00125410594214108,1.33909805872047e-06,0.0278211914559798,0.0406472470017939,1.42952345398563e-06,-4.81877657307792e-05,-0.000629719830362178,-1.01655253221478e-05,-0.511848048080957,-2.62166374632618e-05,-2.07071724124051e-05,-8.43784001849437e-11,2.40966692417743e-05,-5.18403458463299e-07,7.94183834883222e-07,3.34691535597287e-09,8.32562815620056e-06,0.0783569843200403,0.000170107243700235,-1.88782284002913e-15,-1.98076090671867e-10,-0.00921679680683567,3.47063943252884e-06,2.58088208704755e-06,2.73969683895473e-08,-0.000617276608494005,-1.03758611741701e-05,-3.3429202216643e-16,-5.48334150516122e-07,-2.82887984392164e-07,-1.51713285010689e-07,-6.85761958840549e-06,-7.72138496421673e-16,8.6909646146438e-16,-2.15763426025427e-09,-1.57175943915776e-16,-1.7187534000207e-09,-1.67072855973213e-16,-3.25969291137262e-07,-4.15666827898865e-16,0.000100032261145725,-3.37363883439382e-07,2.88180440472658e-18,3.12780080761035e-17,-4.92989360263028e-07,-4.5756131305196e-09,-1.61662925340897e-16,-3.63160044661876e-07,6.10962450755028e-08,2.64138326893786e-08,1.72504294294637e-16,-4.126041065829e-08,-0.000108020941058804,-3.0964814046186e-16,8.19495662407549e-17,-1.39289378098263e-16,-1.39348157844205e-16,2.63677968348475e-16,7.63012603587857e-09,-2.6618109730316e-16,5.00919701855104e-09,-1.6712848942945e-17,-3.93382566812993e-10,6.3541053978194e-17,-8.32876244441592e-06,-1.45716771982052e-16,3.48303021339308e-17,-1.18050698377412e-16
"t14",0.0282645163058317,-0.0580929497212918,0.0149545598651151,-0.0162351840853871,-0.00378674559195409,-0.0730930970280018,0.0621008438416082,-0.0055822569643303,0.0073692475957823,0.00374264152833644,-0.00129893731517818,0.00194604205895697,-0.000163831467167565,0.0403491604999401,-0.00298033849055514,0.00676707170444639,-0.00440331306440581,0.0138313889608616,-0.0111014288966532,0.0100872331853783,-0.0958359996861081,0.188214350664321,-0.0779343792321578,-0.0116964709088612,0.0889942445863388,-0.0734674246754611,-9.94707409558332e-05,0.00155619565521924,0.0141145491282091,0.00724678391281038,-0.0426180256263512,-0.180726472982426,-0.014937014404216,0.125663414624347,0.0968546083799505,6.40418605057382e-05,-5.31197220426502e-05,0.00566800148094929,0.0518697209535783,-0.0198862837472655,-0.0014986935986754,1.29434993735673e-05,-7.12770907271566e-06,0.0500905101667734,0.0667975725655076,0.0185817434519855,0.0212422187307741,0.113642956283201,-0.000145932673684474,-1.09351556708905e-06,1.38222247771072e-05,-0.0103696664551717,0.0340005449333446,0.0120238701220995,0.0141582581890706,0.000207920998100155,-0.0017859368221571,0.000938562030268977,-0.000331444795147781,0.17882084072308,3.12279884914086e-05,0.281112943728306,0.00663079818916797,-0.00181427854733912,0.00508982868063632,-0.00711200646403785,0.000323198539688188,0.000458986293765976,-0.00547602517618994,-0.00773160306475959,-9.734146760817e-06,-3.46197641799217e-06,-0.0050548338612819,-0.000474523300933723,0.000243505405453232,-0.000548525282430386,-9.1818273643099e-05,-0.00309035095592018,-0.0689172029622575,0.000517093864541206,0.000108797300380188,-0.0657633240511965,-0.000758825023415498,-0.00149152246630675,0.00153353677081492,1.53590118731448e-05,5.19081118061973e-18,6.47912989732555e-05,0.0252351840387107,1.06992741115249e-15,-5.47514632974797e-06,0.0511780738781111,-6.98435816591514e-07,-3.57150818528797e-06,-0.000368783707892498,-8.08536076437293e-08,5.11309768419154e-08,0.0158925406253074,0.000117432286388931,-1.94825162941161e-07,-0.0290013265328905,-0.0188123162585583,-8.29074980489608e-07,3.11215870782153e-05,0.000525861733102989,9.81336352823534e-06,0.803465123534872,6.89040799697754e-05,6.77108149626819e-05,4.51228973113755e-10,-0.000154239569161739,3.76019620256068e-06,0.000108016035781734,1.61960580224996e-08,-8.1047611403376e-06,-0.238218964925682,-0.00226835734451151,6.64166667183858e-15,-2.05851126489794e-09,0.029742780448888,1.85621735216404e-05,1.27669406361947e-05,8.08931099402406e-08,-0.00168518084519118,-2.82474747225828e-05,-8.96130329167956e-17,-1.28278585875289e-06,-6.35372692544413e-07,-3.39785235095189e-07,3.16066708139723e-05,1.47664184870152e-15,-2.59948312875125e-15,-3.39891516947586e-09,1.5523241512554e-16,-2.41971764500248e-09,2.72634771557942e-16,-4.42004833225493e-07,-2.0707473084557e-15,0.000133249727946171,-4.48253257364173e-07,-2.67133915080329e-16,6.48289303210744e-17,-6.11775792220549e-07,-5.66266903056752e-09,9.71439397326715e-17,-4.44183323586286e-07,7.31179000919487e-08,3.14812276215267e-08,2.35333541338702e-16,-4.84836480379242e-08,-0.00142860095392433,6.24500451351651e-17,1.41873622855765e-16,6.51213386700353e-17,-3.70886912762789e-16,-4.38885039422132e-16,8.41052599396749e-09,2.69679573210766e-16,5.30511980135692e-09,-2.3856735795579e-17,-4.15197923096358e-10,-1.20993537268949e-17,-8.4536826268208e-06,3.12250225675825e-17,-2.34478007713171e-16,9.06986535008715e-17
"t53",0.0339579227704868,-0.0986304376990263,0.0415381744479505,-0.00772875692695347,-0.00186198933689576,-0.0959432502708992,0.180472727787301,0.0658113050441759,-0.00540422525047191,0.0882335933646156,0.00077136020234301,-0.000729724455481142,1.29793251942603e-05,-0.00182690501446477,-0.000196045508917953,0.000634509970748627,-0.00067019828824073,0.00253566807233077,-0.00210054669737227,0.00194559615700181,-0.0335313196076267,0.075115093250497,-0.0349139013439287,-0.0107564539606298,0.108667200834387,-0.108881871546246,-0.000541730799275406,0.0242661184175389,-0.0198785825157719,-0.00896466489143784,0.0202809050552921,0.0591628980558966,0.00470066511185854,-0.00108082313795612,0.00606866146241551,1.60603799702655e-05,-2.65213002326477e-05,0.00470411950456981,0.000224119848685652,-0.00821463345763031,-0.000735896033068306,9.38418826852129e-06,0.000131996111618945,-0.107060272699287,-0.109678431727827,0.0225299281342031,-0.0218979890827272,-0.11064312452297,0.000141851287443153,1.07661996569643e-06,-1.88195242088716e-05,0.0147843027333836,-0.136525647297344,-0.850196994551396,0.0368186088289794,7.2124283089273e-05,-0.00039240290038587,9.83406393606345e-05,1.32516190835645e-06,-0.0031380472249757,-9.72500590432439e-07,-0.0175715383510745,0.0115495407209806,0.000150828385857554,-0.000524858855051622,-0.0300452773386263,-2.31796008812219e-05,-4.44648313265032e-05,-0.0357126534955995,0.000532372477430054,7.1316823061396e-07,2.6167812955655e-07,0.000383246196736999,3.78221762948761e-05,-2.13296977659896e-05,5.45992657859272e-05,0.227714816884039,0.000224121059734026,0.00509563318577917,-3.9455080978216e-05,-0.000375169050090693,0.00511878976253205,5.90885712486551e-05,0.000125854692586707,-0.000138432081847988,-4.6839881897271e-05,-1.92841772655421e-17,-6.8016065930961e-06,-0.00324065400793502,-5.15358516876669e-17,1.06685044901831e-06,-0.0831939545367795,-4.02589338591858e-07,-1.99842905381673e-07,-1.30323606464659e-05,1.81693658686186e-09,-1.56383007907118e-09,-0.0183787940502542,-3.76830584209505e-06,1.27156053010384e-08,0.211267260638868,-0.000268597876445438,1.64984004150215e-09,-2.15308248066131e-07,-7.95638536214839e-06,-1.80843328057932e-07,-0.0209102913657618,-2.1543173061202e-06,-2.23720199945957e-06,-1.64103978647653e-11,5.76528364943686e-06,-1.42969731385977e-07,-4.82512122302638e-06,-1.03559166797496e-09,-4.53934117839352e-06,-0.0615959489472454,-0.000347461817504573,2.35936457792085e-15,-1.7731917542017e-10,0.00827890695901248,1.09433392674659e-06,6.94294386921104e-07,1.8096724521493e-09,-3.02133627006276e-05,-5.02142933120515e-07,-1.09916594600185e-16,-1.31168723370269e-08,-5.3816363898472e-09,-2.83803492266188e-09,1.18607063849886e-05,-4.02771423947523e-16,-7.255480938273e-16,2.99824987055983e-12,6.8556455801636e-17,2.77692712574718e-12,-1.02362343917138e-16,3.66214906829741e-10,-1.5059522789183e-15,-7.86626272147439e-08,2.47179333117468e-10,2.91409547673849e-16,-1.16298981763373e-16,-6.33218196244458e-10,-6.35767127115381e-12,1.38054775546949e-16,-6.78215854460699e-10,1.74869055469873e-10,8.1028490069978e-11,-1.21966447826229e-16,-1.58065534786366e-10,-0.000240202324513189,5.12177106282152e-16,2.58607952549084e-17,-9.16054788002601e-17,5.14189937190294e-16,-7.57206797263876e-16,6.26743672422787e-11,-1.02779191246975e-16,6.06515380453809e-11,-2.63056212985473e-17,-4.91582998420318e-12,-7.38278929525204e-17,-1.47868405305602e-07,-5.89805981832114e-17,6.57893487595848e-17,8.89075609427619e-17
"t43",0.0344963852485857,-0.101947939966481,0.0434181244988278,-0.00856190676312776,-0.00206481514537182,-0.113555386380905,0.22637051261613,0.0887422308844185,-0.00854740728913302,0.142415699667167,0.00142095411173146,-0.00157915043121263,7.61288874254872e-05,-0.0173422330264638,0.000978952392567817,-0.00207492986229839,0.00117269594251181,-0.0034271631353404,0.00271424407713841,-0.00244599766420929,0.016987909111317,-0.0307118024205742,0.0117797198692082,0.00096560951606828,-0.00502930054194382,-0.0138886366940229,-8.47136460645006e-05,0.00403426698474389,-0.00493817092294107,-0.00233157522628057,0.008603009257736,0.0333112632830296,0.00274052203392642,-0.00790831757072922,-0.00731294978409369,-3.42588943622773e-06,1.44599482891721e-06,-9.38968083242994e-05,2.10569291090581e-06,-0.000260816648274148,-2.98187948386949e-05,6.36468681036597e-07,2.07738791549865e-05,-0.0193034903408659,-0.0205385992175197,0.00465744833834171,-0.00468068430947418,-0.0240249158565225,3.08710087938852e-05,2.35864571537189e-07,-4.16505347040632e-06,0.00327235380912906,-0.0301625887368513,-0.187480293433222,0.00809062111163349,1.55449150521285e-05,-8.37875982890911e-05,2.06229835300136e-05,2.63398072377491e-07,-0.000613890930461292,-1.86125337113963e-07,-0.00303999986349157,0.00191848762025003,2.31907767895025e-05,-7.85922757704315e-05,-0.00441729744918651,-3.20906107193311e-06,-5.65270210848244e-06,-0.00429506520806274,4.76407860513031e-05,4.77299032981566e-08,1.18239163138299e-08,1.62869912603516e-05,-6.01643089959136e-07,3.33830630369646e-06,-1.8447876878367e-05,-0.382957111639946,3.66401812871935e-05,0.00064615185198694,-2.6321179631237e-06,-1.58233818565945e-05,0.000145579682732871,1.6356283329383e-06,-1.25302044594378e-05,2.41882886244183e-05,1.06170357553905e-05,-3.02611307759139e-16,1.96903148370869e-06,0.00124895003540016,1.93541074169848e-16,-5.25823441519309e-07,0.0509774872675316,2.64099890484593e-07,1.60878808029773e-07,1.10257587689824e-05,-2.10122926512773e-09,1.9483719626972e-09,0.0295700898339263,6.59598981017835e-06,-2.76284301222106e-08,-0.828379388248268,0.00405983092379807,1.30614933872849e-07,-4.38098955718736e-06,-6.02136866488162e-05,-1.02916058516942e-06,-0.0693721109429235,-5.4003997209508e-06,-5.20155647680926e-06,-3.40169777895142e-11,1.16131411503897e-05,-2.83152881252479e-07,-8.40966046524935e-06,-1.55664226994534e-09,-5.7466888611111e-06,-0.0770892155234651,-0.000429220915047562,1.46129447734052e-15,-2.15161717921772e-10,0.00999928243934961,1.29507720890399e-06,8.18072306770622e-07,2.01282989027707e-09,-3.30799916283247e-05,-5.49451903172297e-07,-4.09264536150868e-16,-1.38106507869509e-08,-5.59696443375223e-09,-2.94896524627617e-09,1.22831626013231e-05,7.02149890419638e-16,-4.18502038579405e-16,2.68678057651826e-12,-2.5419328407176e-16,2.33529081489214e-12,3.28418409647091e-16,3.00731005374028e-10,-1.53288377775988e-15,-6.38554347251333e-08,2.00318221586893e-10,-1.09604910139353e-15,3.06361790434884e-16,-4.89728978977221e-10,-4.90855526695891e-12,-6.95623877781204e-16,-5.19113719163179e-10,1.31734167206136e-10,6.08555115073081e-11,9.88360710623595e-17,-1.17458487472882e-10,-0.000178110510593784,-5.59882001871514e-16,-7.59266251612481e-17,1.41603291912521e-17,-2.02187343259967e-16,6.4401609045639e-16,4.43232015488997e-11,-1.16923156226275e-16,4.1531802872025e-11,6.25673975668376e-17,-3.35697155734144e-12,2.0794684908859e-17,-9.77900027100687e-08,-3.94215909915729e-16,1.36574516175758e-16,-1.22130136977112e-16
"t97",0.0349941815104662,-0.105016344757169,0.045157481928881,-0.00933421064865595,-0.00225283506805911,-0.129921293892556,0.269118376641386,0.110162135553116,-0.011502303427038,0.193392263652874,0.00203511932439299,-0.00238658443994325,0.000137395510839787,-0.0324648872364641,0.0021490528496551,-0.00479255357540017,0.00305361259339104,-0.00957693510586615,0.00769019148005128,-0.00699043703363776,0.0724478654525973,-0.149016726810602,0.0648791230060169,0.0158211019409932,-0.15397382624735,0.140619555127984,0.00069852507833369,-0.031306556796601,0.0263043434401644,0.0119380328798519,-0.0308988173318753,-0.103656085820405,-0.00840318317177036,0.0173929692455048,0.0139365051783158,4.91598328401137e-06,-1.68092341772924e-06,0.000101464674480526,-2.11191972664376e-06,0.000244758384705225,2.71880616551218e-05,-5.24283626863142e-07,-9.82167907158309e-06,0.00695349858305042,0.0066202373667332,-0.000918553710388761,0.00063648439796739,0.00233257219978073,-2.79060536976299e-06,-1.59656412492416e-08,-6.95594198804302e-09,1.91319913518413e-05,-0.00136697704418958,-0.01108333184115,0.000627023728377922,2.14419701920427e-06,-1.33008908161265e-05,3.97449445171429e-06,7.14780621739741e-08,-0.000178829537284598,-5.90384764225898e-08,-0.00128240693473415,0.000881707654792873,1.22119291281657e-05,-4.30950767802994e-05,-0.00248725429833621,-1.95646824924868e-06,-3.79550623255415e-06,-0.00304543960276857,4.17925379474389e-05,4.75273542379501e-08,1.30230483742779e-08,1.81392245391266e-05,-8.02825030298687e-07,5.32366548980021e-06,-3.16806019683025e-05,-0.713192577150475,0.000106960165728177,0.00219054017602427,-1.48562358435463e-05,-0.000136971949630971,0.00184874140808579,2.13308779897194e-05,4.75078353178154e-05,-5.62940358570878e-05,-2.01212091374789e-05,3.84035397439408e-16,-3.12087607759618e-06,-0.00163742880005735,-1.1096798322938e-16,5.95919645845789e-07,-0.0514793311266163,-2.57905963023386e-07,-1.43106319925764e-07,-9.60363488812033e-06,1.62576407956687e-09,-1.47049331936177e-09,-0.0206801630223279,-4.51172505981992e-06,1.79603197117925e-08,0.486498006888844,-0.00214890777350207,-6.59639864342589e-08,2.16309824601965e-06,2.81821617317104e-05,4.67738842191013e-07,0.0288016299017691,2.07587982193727e-06,1.94788731319876e-06,1.21705143243663e-11,-4.10256246521218e-06,9.92579639549616e-08,2.76088748280175e-06,4.64384128373574e-10,1.47436508302269e-06,0.0195384574471799,0.000107247693140201,-3.92469250868739e-17,5.26842899644289e-11,-0.00243523222615164,-3.07788336909379e-07,-1.93375464143022e-07,-4.40381290484948e-10,7.07071711154861e-06,1.17335088766629e-07,1.62857148303155e-16,2.77256981433337e-09,1.0999137451068e-09,5.78618515624304e-10,-2.3957782170357e-06,-5.53702108485752e-16,-6.39679281766448e-16,-3.72470619419427e-13,-1.27509795097307e-16,-2.54700774360295e-13,-4.85013608042034e-16,-2.92179127097639e-11,6.98586726725501e-16,5.81831269535343e-09,-1.80754704552557e-11,4.13652016309775e-16,-1.87801840870828e-16,3.13348464641143e-11,3.09197193673269e-13,2.39695461047767e-16,2.99714090148278e-11,-6.29887700031372e-12,-2.79085965898844e-12,-1.59024429437343e-16,4.57046357441627e-12,6.67576326688718e-06,-3.664603343001e-16,1.31550481257312e-16,2.95141869411171e-16,-4.38448643145369e-17,-1.96023752785379e-16,-1.41206382524295e-13,5.34255294401649e-17,1.00009920050298e-12,4.33168968062097e-17,-8.92087425962814e-14,-6.55665961243609e-17,-5.78025839508261e-09,8.67361737988404e-18,3.09649265976793e-16,3.59904650904332e-16
"t142",0.0351339452660869,-0.105880859624838,0.0456486027107233,-0.00955452538081303,-0.00230648035562666,-0.134636817578067,0.28152877385748,0.116431537892857,-0.0123795384923897,0.208548869679198,0.00221930470312224,-0.00263072096954992,0.000156366641483274,-0.0371680348682994,0.00251921124282885,-0.00565644140948259,0.00365778399897036,-0.0115632605318678,0.00929904166284696,-0.00846070985838159,0.0908255345263813,-0.188446612582237,0.0826647183393175,0.0209174400398994,-0.205353607228345,0.19526679933744,0.000976705378429505,-0.0438760606206421,0.0375365533963722,0.0170752374749201,-0.0453323664694475,-0.154079500934153,-0.0125090390110167,0.0269205116802264,0.0220305869562451,8.18039789849561e-06,-2.93438024210923e-06,0.000180500488454485,-3.83507918099574e-06,0.000453219230082788,5.07895600219796e-05,-1.01207539315433e-06,-2.39500949566637e-05,0.0197115754766742,0.0200951058719523,-0.00393804848870527,0.00368207782409234,0.0180667998558324,-2.30384170225807e-05,-1.71576302894486e-07,2.8146963991107e-06,-0.00220224507986549,0.019554974304455,0.120080629861753,-0.00510301929393273,-9.38822605830916e-06,4.99857193565628e-05,-1.20957101602728e-05,-1.50616340757054e-07,0.000349796519158261,1.05736151450182e-07,0.00173283278504989,-0.00110030987923983,-1.35106715371336e-05,4.60695742550496e-05,0.00260081635182128,1.91822066538857e-06,3.45482491758212e-06,0.00266325233711239,-3.16691602103153e-05,-3.33942322397127e-08,-8.65945354386779e-09,-1.1991422373666e-05,4.86187518926665e-07,-2.99257316048376e-06,1.73208083323409e-05,0.379002005313326,-5.01573859934511e-05,-0.000995430604010298,6.23663850075516e-06,5.51190989345991e-05,-0.00072521501607728,-8.35553212069151e-06,-1.45396419986712e-05,1.5159328972997e-05,5.0103558428827e-06,3.45312831889826e-16,7.13809014844135e-07,0.000334628432363992,2.25638621956573e-17,-1.09452188712011e-07,0.00855020524371788,4.1468487227414e-08,2.08366234179771e-08,1.36464112537871e-06,-1.98037788425032e-10,1.72706329105337e-10,0.00214787126104463,4.50491742346425e-07,-1.62655787877745e-09,-0.0349017646425507,0.000112125833639625,2.85487489010076e-09,-8.43434493956268e-08,-8.12625688553016e-07,-1.08779745776131e-08,-0.000176568669413499,1.73007146989306e-08,2.57178560976112e-08,2.63411657768587e-13,-9.84062904808847e-08,2.5219479155889e-09,1.03108271634275e-07,2.5260266101057e-11,1.18141301315891e-07,0.00160491923669415,9.06037981402048e-06,3.60005740413136e-17,4.62589963085137e-12,-0.000215888029902233,-2.84957167866369e-08,-1.80699648921347e-08,-4.64803457640835e-11,7.71398098654841e-07,1.28173366902712e-08,-3.44720554439197e-16,3.28368673406664e-10,1.33679799096911e-10,7.04548324012794e-11,-2.93776621904822e-07,-1.01023042795124e-15,7.80625564189563e-17,-6.25811211544121e-14,2.24258187560216e-15,-5.04544322987854e-14,-2.16602756176655e-15,-5.9200553733838e-12,6.90356020733215e-15,1.21041044374992e-09,-3.77781025016064e-12,4.8139079988459e-15,0.707106781186547,7.29680603591375e-12,6.09984813853236e-14,-6.16273132695648e-15,7.16744908866793e-12,-1.56780481287445e-12,-6.99563772524597e-13,-1.05815381752914e-15,1.17697735026751e-12,1.72820908520758e-06,2.77729228503887e-15,-7.87287464657051e-16,-6.98151362934963e-15,4.59148905033492e-15,-1.21430643318376e-17,-4.14691067943118e-14,9.53068556505234e-16,3.22383504440527e-13,-1.52761697605456e-16,-2.86624418535834e-14,-2.09489534510658e-16,-2.08010005964612e-09,-1.05818132034585e-16,-5.75758824234693e-16,-6.08199273469764e-16
"t143",0.0351339452660869,-0.105880859624838,0.0456486027107233,-0.00955452538081304,-0.00230648035562665,-0.134636817578067,0.28152877385748,0.116431537892857,-0.0123795384923897,0.208548869679199,0.0022193047031222,-0.00263072096954995,0.000156366641483259,-0.0371680348682994,0.00251921124282888,-0.00565644140948257,0.00365778399897034,-0.0115632605318678,0.00929904166284699,-0.00846070985838162,0.0908255345263812,-0.188446612582237,0.0826647183393175,0.0209174400398996,-0.205353607228345,0.19526679933744,0.000976705378429509,-0.0438760606206422,0.0375365533963722,0.01707523747492,-0.0453323664694475,-0.154079500934153,-0.0125090390110166,0.0269205116802265,0.0220305869562452,8.18039789858582e-06,-2.93438024211121e-06,0.000180500488454499,-3.83507918110849e-06,0.000453219230082872,5.07895600219111e-05,-1.01207539327959e-06,-2.39500949566744e-05,0.0197115754766744,0.0200951058719521,-0.0039380484887052,0.00368207782409234,0.0180667998558323,-2.30384170225749e-05,-1.71576303064954e-07,2.81469639938718e-06,-0.00220224507986558,0.0195549743044551,0.120080629861753,-0.00510301929393235,-9.38822605802206e-06,4.99857193564136e-05,-1.20957101608539e-05,-1.50616340621745e-07,0.000349796519158351,1.05736151407153e-07,0.00173283278504996,-0.00110030987924007,-1.35106715370139e-05,4.60695742549811e-05,0.0026008163518212,1.91822066525954e-06,3.45482491690254e-06,0.00266325233711216,-3.16691602102693e-05,-3.33942319508812e-08,-8.65945308485894e-09,-1.19914223734615e-05,4.8618751924065e-07,-2.99257315997201e-06,1.73208083323469e-05,0.379002005313327,-5.01573859934268e-05,-0.000995430604010522,6.23663850159227e-06,5.51190989350198e-05,-0.00072521501607718,-8.3555321209724e-06,-1.45396419980465e-05,1.51593289726614e-05,5.01035584349973e-06,-6.22993370609099e-16,7.1380901483537e-07,0.000334628432364047,-1.23826553077016e-16,-1.09452188533252e-07,0.00855020524371853,4.14684865265857e-08,2.0836623207359e-08,1.36464112602012e-06,-1.98037122508057e-10,1.72706848370098e-10,0.002147871261045,4.50491741953076e-07,-1.62655821284265e-09,-0.0349017646425515,0.000112125833638597,2.85487541130639e-09,-8.43434493573578e-08,-8.12625688739709e-07,-1.08779736828413e-08,-0.000176568669413537,1.73007150716319e-08,2.57178559371154e-08,2.63609060840391e-13,-9.84062898737315e-08,2.5219483840193e-09,1.03108273370733e-07,2.52602383454814e-11,1.1814130377659e-07,0.00160491923669412,9.06037981555701e-06,-7.28183606354533e-17,4.62308398779141e-12,-0.00021588802990215,-2.84957170824073e-08,-1.80699663606052e-08,-4.64791975997003e-11,7.71398098543818e-07,1.28173345183974e-08,2.92180627122739e-16,3.283689135134e-10,1.33680146647235e-10,7.04550433734696e-11,-2.93776620629827e-07,9.55210791439957e-16,2.94035629178069e-16,-6.18277526869487e-14,-2.090958106454e-15,-4.72104993987088e-14,2.46900316739363e-15,-5.91825374955158e-12,-7.22117506535511e-15,1.21041510451822e-09,-3.77176815408370e-12,-4.7446355775241e-15,-0.707106781186547,7.31830019829361e-12,8.31003492472553e-14,6.21065512686584e-15,7.16877805456305e-12,-1.56562567873962e-12,-6.99273992388946e-13,1.33055890058766e-15,1.17652000054511e-12,1.72820908482947e-06,-1.67400815431762e-15,7.64887642486892e-16,6.7630523839412e-15,-4.59213544371554e-15,4.26741975090295e-16,-4.13730464818296e-14,-9.43635066954931e-16,3.22033632399465e-13,5.61066175794709e-17,-2.91245473632317e-14,2.19955938881486e-16,-2.08009973980648e-09,2.94902990916057e-17,3.92655453364768e-16,3.77964145954598e-16
"t150",0.0345425272903147,-0.102203221686233,0.0435524322080045,-0.0085988196815718,-0.0020737090242572,-0.113839815974277,0.226074551298804,0.0880043123845305,-0.00829318249889768,0.137734565049498,0.00134361832503291,-0.00144973698801641,5.94316973118719e-05,-0.0128763590711055,0.000519834376839926,-0.000926751553242176,0.000248085162134801,-0.000162480805148325,3.5110391196122e-05,2.22317738247466e-05,-0.0241238556150529,0.0635181001149147,-0.0331727829561928,-0.0158163062443934,0.174719250369319,-0.266216718049123,-0.00143181112070474,0.0658897101625923,-0.0676215436344982,-0.0314730952056366,0.106911126917022,0.412050043439215,0.033922570990872,-0.107143838798898,-0.109534082812199,-7.79517684758168e-05,7.84781460413503e-05,-0.0121231518392803,-0.000507581766313287,0.0167190740276248,0.00143306035168249,-1.57823057897459e-05,-0.00011864875169396,0.0765005511941163,0.0721963537079621,-0.0110765279707134,0.00921302810039323,0.0419751504456395,-5.28466216135035e-05,-3.76867257578852e-07,5.41185634499442e-06,-0.00420032863352338,0.0345575420624147,0.206609537254739,-0.00847275460806063,-1.38646287027918e-05,7.0911840290159e-05,-1.60754467847153e-05,-1.72567671594571e-07,0.000386284309884822,1.11373664141196e-07,0.00151848377807366,-0.000904940841074432,-9.96593382550697e-06,3.28358592179054e-05,0.00181160560120477,1.24420383540592e-06,2.04504032170556e-06,0.00149348026045268,-1.41190760537274e-05,-1.27925111299219e-08,-2.91256908518284e-09,-3.97362714828977e-06,1.24168261882645e-07,-5.66601745493082e-07,2.84695559648924e-06,0.0525385897320336,-1.15550718038554e-06,6.5529457358747e-06,-5.12934618715048e-07,-6.7909054642139e-06,0.000107401928692024,1.24919873209978e-06,5.78040714723054e-06,-8.05281264449832e-06,-3.07980597990078e-06,2.68385583375196e-16,-5.04514382194432e-07,-0.00027818575511505,-2.44101581377416e-16,1.04220393596501e-07,-0.00913893507732513,-4.59090181817489e-08,-2.55467025470561e-08,-1.7136851055923e-06,2.86920271429811e-10,-2.58366117978851e-10,-0.00356470302744927,-7.72045511998045e-07,3.01224117368953e-09,0.0771046634601787,-0.000311981851787017,-9.08410889447312e-09,2.89358498502672e-07,3.47980444650008e-06,5.48270441777668e-08,0.00273769433475964,1.50386961070517e-07,1.24540171110887e-07,5.84337737188867e-13,-1.77676199274927e-07,4.00956192164176e-09,3.8611109963552e-08,-1.41556872560594e-11,-1.71485003909795e-07,-0.00242587036435109,-1.43200448152593e-05,-1.41896913806612e-15,-7.75350780157246e-12,0.000367419182125283,5.17196487007148e-08,3.32437549247917e-08,1.01636664984612e-10,-1.7663942039394e-06,-2.94021146880058e-08,2.83751367331356e-16,-8.43148710622801e-10,-3.55967470201614e-10,-1.88105865091198e-10,7.92184755702746e-07,-6.54666551665983e-16,5.74003735168138e-16,2.72523951963424e-13,-1.36708645007737e-15,2.85280181639216e-13,-4.65089560424525e-16,3.96326324633097e-11,-1.8809852519736e-15,-8.7162328739034e-09,2.74834270330989e-11,-9.71171550539205e-16,6.33378993277431e-15,-7.76275847211961e-11,-7.58944692825301e-13,0.707106781186548,-8.50096512904326e-11,2.26932709979917e-11,1.0591616064729e-11,9.11041045794778e-16,-2.11495964911019e-11,-3.22999268535609e-05,-1.4306725292304e-15,-4.12667427576496e-16,-7.14699104708112e-16,1.6708000095215e-15,-1.34866618740903e-15,9.43879908551994e-12,-7.71014434479046e-16,9.95347413939739e-12,1.04683216996851e-16,-8.13198944466467e-13,-1.71893310604181e-16,-2.69853795642022e-08,3.18484388167617e-16,4.78003150757177e-17,-2.71275132276865e-17
"t151",0.0345425272903147,-0.102203221686233,0.0435524322080045,-0.00859881968157179,-0.00207370902425722,-0.113839815974277,0.226074551298804,0.0880043123845305,-0.00829318249889765,0.137734565049498,0.00134361832503294,-0.0014497369880164,5.94316973119017e-05,-0.0128763590711055,0.000519834376839926,-0.000926751553242173,0.000248085162134776,-0.000162480805148325,3.51103911961354e-05,2.22317738246782e-05,-0.0241238556150528,0.0635181001149147,-0.0331727829561927,-0.0158163062443933,0.174719250369319,-0.266216718049123,-0.00143181112070479,0.0658897101625922,-0.0676215436344982,-0.0314730952056364,0.106911126917022,0.412050043439215,0.033922570990872,-0.107143838798898,-0.1095340828122,-7.79517684757513e-05,7.84781460412901e-05,-0.0121231518392802,-0.000507581766313283,0.0167190740276247,0.0014330603516825,-1.57823057896647e-05,-0.000118648751693925,0.0765005511941163,0.0721963537079621,-0.0110765279707136,0.00921302810039315,0.0419751504456394,-5.28466216134459e-05,-3.76867257458644e-07,5.41185634478993e-06,-0.00420032863352322,0.034557542062415,0.206609537254739,-0.00847275460806036,-1.38646287030158e-05,7.09118402904563e-05,-1.60754467840662e-05,-1.72567671543071e-07,0.000386284309884392,1.11373664122937e-07,0.00151848377807357,-0.000904940841074385,-9.96593382608195e-06,3.28358592177867e-05,0.00181160560120471,1.24420383528341e-06,2.04504032102759e-06,0.00149348026045263,-1.41190760536699e-05,-1.27925112779019e-08,-2.91256941754094e-09,-3.97362714839871e-06,1.24168262100488e-07,-5.66601745617684e-07,2.84695559623211e-06,0.0525385897320335,-1.15550718109349e-06,6.55294573591609e-06,-5.1293461895837e-07,-6.79090546382225e-06,0.000107401928691943,1.24919873193115e-06,5.7804071473692e-06,-8.05281264473655e-06,-3.07980597974655e-06,-1.76550013869028e-16,-5.04514382203754e-07,-0.000278185755114253,5.64386164133464e-17,1.04220392924529e-07,-0.00913893507732561,-4.59090177182524e-08,-2.5546703376398e-08,-1.7136851057439e-06,2.86919823132541e-10,-2.58366193532155e-10,-0.00356470302744922,-7.72045512286965e-07,3.0122393548255e-09,0.0771046634601796,-0.000311981851787233,-9.08410719574816e-09,2.8935849845526e-07,3.4798044465001e-06,5.48270450195548e-08,0.00273769433475983,1.50386960580278e-07,1.24540171248841e-07,5.83890267370112e-13,-1.77676199056244e-07,4.00956159784543e-09,3.86111091978613e-08,-1.41566064426613e-11,-1.71485004797198e-07,-0.00242587036435167,-1.43200448155625e-05,1.56335814323607e-15,-7.753743665502e-12,0.000367419182126183,5.17196487598715e-08,3.32437550641352e-08,1.01632069085997e-10,-1.76639420488168e-06,-2.94021147569611e-08,-2.41628399868889e-16,-8.43147977749884e-10,-3.55967426827068e-10,-1.88106623377539e-10,7.92184753755327e-07,7.29642434239121e-16,-1.93787585804628e-16,2.7143784235215e-13,1.36041181616234e-15,2.88136729103064e-13,3.55907598964317e-16,3.96366035032412e-11,1.68767392967485e-15,-8.71623012633181e-09,2.74812197551562e-11,1.07992184081512e-15,-6.24808480928818e-15,-7.76103723785507e-11,-8.0607061074321e-13,-0.707106781186548,-8.500969589307e-11,2.2696251777925e-11,1.0583231265573e-11,-9.0868497680688e-16,-2.11540716255528e-11,-3.22999268540614e-05,1.60999956855951e-15,4.61186702595604e-16,6.90718577944018e-16,-1.63905122837918e-15,1.33692969889188e-15,9.43807596502253e-12,6.18065139587747e-16,9.95322053773298e-12,-1.59455672551493e-16,-8.13007766827892e-13,1.29783928346309e-16,-2.69853796421936e-08,-3.73778698964378e-17,2.93724400066583e-17,4.13682030948706e-17
"t27",0.0352445845601794,-0.11060028289942,0.0509122639573523,0.00194846229579585,0.000392097646258446,-0.0355000444555368,0.0714621033844243,0.0240211540046935,-0.00274946788703299,-0.0501815951512743,-2.74674837422759e-05,0.00018192659741067,-3.66245698777284e-05,0.00972327762540148,-0.000901600476881635,0.00215985964691732,-0.00156497326469135,0.00519303437343293,-0.00421074727334588,0.00385028062329084,-0.0469156258316157,0.0988063585729001,-0.0437078123844281,-0.0109972035696443,0.107844568334929,0.00186238148263763,-6.74588783596349e-05,0.00326161377956505,-0.000156204638242022,0.000221388792284172,-0.0133359325879637,-0.0822174722854822,-0.00709442490945526,-0.0119819735753766,0.023155731351114,3.37659866042768e-05,-5.03677092988567e-05,0.0101404817970462,-0.0428772632433323,-0.00414163239873189,-0.000527438419582152,8.6208457585623e-06,0.000106591715984451,-0.0786496154751746,-0.0786061006251727,-0.0603156138123518,-0.00539642169211397,-0.0275454904724049,3.47171718128736e-05,2.42322584698755e-07,-2.54112339744943e-06,0.00190243042311348,-0.0089005983817024,-0.035486628229452,0.000355840095068593,-7.26979712511143e-06,5.49634052923222e-05,-2.01583920737061e-05,-4.73223785830978e-07,0.00124251317433112,4.34464962628176e-07,0.0118536596359609,-0.0280928118395323,-0.000150982953144184,0.000687788685998794,0.0803411719683762,1.68292796056334e-05,5.68376826646597e-05,0.105188998867269,-0.000349106459680487,-5.89376381929588e-07,-2.39114167773815e-07,-0.000353339534999633,-3.87324024898345e-05,2.21657364289302e-05,-5.18953031731417e-05,-0.00296498161768374,-0.00035104625176947,-0.00811631795285628,6.65956586860545e-05,0.00162720170307981,-0.00913396816904869,-0.000105566468266282,-0.000278571635588257,0.000344114594899397,0.000225532939691956,-2.07543324963355e-16,1.98683575343123e-05,0.0107890621995226,1.71018613601659e-15,-4.15311498496861e-06,0.399820911373994,2.12451061789437e-06,1.70871445266394e-06,0.000139357178240378,8.72154180559664e-09,-3.82155486230751e-09,0.0675792582097606,-1.04128225219126e-05,1.61167567469157e-09,-0.0179308485539371,-0.0015870494325604,-8.54238048819392e-08,3.47815969301262e-06,6.96895073764961e-05,1.4160625456346e-06,0.148198107379443,1.56624308590477e-05,1.65811107394445e-05,1.26878231615097e-10,-4.51796447748509e-05,1.12996440149575e-06,4.13506993007309e-05,1.02435280951996e-08,5.98572155639323e-05,0.834680617333139,0.00486737131912462,-2.60595273631978e-14,2.63296098686215e-09,-0.112916476587065,-1.72215428362026e-05,-1.10835735811625e-05,-3.60125171081712e-08,0.000648053568253849,1.08035952195874e-05,1.83086503521214e-15,3.53788678376001e-07,1.5874323306846e-07,8.42935509502523e-08,-0.000171595811025921,-6.66123964140279e-16,7.20864340442162e-15,2.45070016812151e-10,2.54032025430104e-16,7.27070365719173e-11,-4.93035353924196e-16,7.48545186923303e-09,2.60034123622164e-14,-1.44445979949771e-06,4.47198511893702e-09,8.88125867119883e-16,1.29058047171838e-16,-7.91607189505963e-09,-7.83963473023445e-11,-5.55189530430326e-16,-7.88418597657486e-09,1.82708447928059e-09,8.29928862050198e-10,5.72071889812865e-16,-1.51236982702559e-09,-0.00226738363644446,2.80157841370254e-16,5.69614521991152e-18,-6.37233373346886e-17,-5.74527582896962e-16,9.90527104782757e-16,4.44960977351999e-10,-4.38250380644997e-17,3.57726515944068e-10,1.5795298186928e-16,-2.85346880772688e-11,-5.58097648613763e-17,-7.12947316474982e-07,1.97758476261356e-16,-1.13795059021857e-16,-3.82234047893105e-17
"t71",0.0419357059568887,-0.164620257794953,0.0897849727192014,0.0293695812150639,0.00674087382682688,0.0839897720250831,-0.0912917120742392,-0.0212883796870082,0.00224129332248974,0.0444746932091344,-3.17521468007215e-05,1.45625902889164e-05,-6.85882368398573e-07,0.000304760080865392,-8.45391064922176e-05,0.000247557018370926,-0.000257754875340459,0.00101169712090413,-0.000845375924165557,0.000787406271572848,-0.0181605225421324,0.0444742600162856,-0.0224565046595257,-0.0118841221122582,0.145974195898592,0.269328955949912,0.000614476895295325,-0.0218039981924378,0.000321328669377022,-0.000412690329999237,0.00835206768476178,0.0102447301400993,0.000441874423594973,-0.198729267632445,-0.102538153789443,-6.92065469086623e-05,0.000106178583541707,-0.0261200358947363,0.220836601855609,-0.0204914056599665,-0.000976508708746577,2.65772514044094e-07,-8.16096721695045e-05,0.081418772739064,0.0958182462014606,0.435804607380714,-0.0152940380278088,-0.0375766012075823,4.31687086812994e-05,2.28946972178522e-07,-1.3003983947378e-06,0.000944922157485957,-0.00342827850822474,-0.0126386929825404,0.00011503703736018,-1.80660951284864e-06,1.27098302300233e-05,-4.22900211299176e-06,-8.79817944228478e-08,0.000230331209891687,8.20258560054913e-08,0.00437858995324744,-0.180890048395853,1.31631278934511e-05,-3.11273317577903e-05,-0.00213369651719511,1.58255027310808e-07,2.67614547303386e-06,0.00908821831265506,1.1502766756771e-05,4.74004730995417e-09,1.26799315561831e-10,-1.52216156904856e-08,-2.2840785393087e-07,1.8715726905847e-07,-4.70725717714779e-07,-2.84178791283422e-05,-3.82282758613819e-06,-9.02577594306461e-05,8.42277826110672e-07,0.0250432507234221,-5.28309361950549e-05,-6.33062118892221e-07,-2.14977905831166e-06,2.27933259805166e-06,0.00242395163032844,0.707106781186548,9.72329322091173e-08,3.78308368124657e-05,-5.95488318316549e-15,-8.0873551601239e-09,5.32967101813422e-05,-1.18570100959836e-09,-5.45133413213551e-09,-5.58612279068053e-07,-1.14890316878224e-10,7.00496865478306e-11,-0.00068889104486806,2.78343774732463e-07,-3.65796341483787e-10,-0.000588426908088729,-2.77934792600829e-05,-1.25591950533283e-09,4.75457471689068e-08,8.17977387570979e-07,1.54222912211387e-08,0.0013147008341044,1.18893945478732e-07,1.19673014770314e-07,8.39767080910563e-13,-2.92158671977294e-07,7.20284694768382e-09,2.33688202972565e-07,4.86308354696874e-11,2.14978421632273e-07,0.00293015905965434,1.66427048549191e-05,-3.57977610425355e-16,8.75532969266886e-12,-0.000331689906471052,-5.313937250645e-08,-3.3853299969269e-08,-9.42558837754094e-11,1.61609129568224e-06,2.68897771393134e-08,9.75247263646241e-16,7.71837617848139e-10,3.31124925898972e-10,1.75354668560326e-10,0.000883446616114674,1.70317998786688e-16,-2.92214169528293e-15,1.99090068805647e-13,-4.63707176181923e-16,1.77757114583343e-14,2.88399909954117e-16,3.01867509260685e-13,-5.9241676625669e-16,8.35004834373598e-11,-3.21388028969266e-13,2.24047596855829e-16,-6.37711005344993e-16,3.53074537448182e-12,3.63693585881189e-14,-3.95963685997638e-16,4.11356069514443e-12,-1.15179577310034e-12,-5.39291112038476e-13,3.79108397399375e-17,1.080272550321e-12,1.64701355903873e-06,-1.11022302462516e-16,2.40770840834553e-16,-2.17587606399129e-16,-1.60939159892599e-17,7.97972798949331e-17,-4.02262424759048e-13,-1.45207336764887e-16,-3.06597954490007e-13,-6.12911562831427e-17,2.36136228665378e-14,3.33864417237515e-16,3.51351229577537e-10,-7.63278329429795e-17,6.19286764682524e-17,1.65420282987383e-17
"t72",0.0419357059568887,-0.164620257794953,0.0897849727192014,0.0293695812150639,0.00674087382682688,0.083989772025083,-0.0912917120742391,-0.0212883796870082,0.00224129332248978,0.0444746932091344,-3.17521468007855e-05,1.45625902889134e-05,-6.85882368404387e-07,0.000304760080865458,-8.45391064922115e-05,0.000247557018370912,-0.0002577548753405,0.00101169712090408,-0.000845375924165653,0.000787406271572817,-0.0181605225421324,0.0444742600162857,-0.0224565046595257,-0.0118841221122582,0.145974195898592,0.269328955949911,0.000614476895295321,-0.0218039981924377,0.000321328669376884,-0.000412690329999145,0.00835206768476191,0.0102447301400995,0.000441874423594914,-0.198729267632444,-0.102538153789443,-6.9206546908638e-05,0.000106178583541726,-0.0261200358947364,0.220836601855608,-0.0204914056599665,-0.000976508708746623,2.65772513973539e-07,-8.16096721696465e-05,0.0814187727390633,0.0958182462014605,0.435804607380713,-0.0152940380278086,-0.037576601207582,4.31687086811235e-05,2.28946972663751e-07,-1.30039839444409e-06,0.000944922157486799,-0.00342827850822469,-0.0126386929825404,0.000115037037359909,-1.80660951293148e-06,1.27098302302592e-05,-4.2290021129536e-06,-8.79817939787586e-08,0.000230331209892103,8.20258568770137e-08,0.00437858995324761,-0.180890048395852,1.31631278940314e-05,-3.11273317569462e-05,-0.00213369651719543,1.58255027928635e-07,2.67614547413064e-06,0.00908821831265559,1.15027667555783e-05,4.74004536402811e-09,1.26798863388538e-10,-1.52216186347789e-08,-2.28407853054835e-07,1.87157266644603e-07,-4.70725716769637e-07,-2.8417879129042e-05,-3.82282758969611e-06,-9.0257759431628e-05,8.42277827735782e-07,0.0250432507234197,-5.2830936199049e-05,-6.33062120965341e-07,-2.14977905179734e-06,2.27933257753414e-06,0.00242395163062965,-0.707106781186549,9.72329243884181e-08,3.78308368129895e-05,6.14104266133424e-15,-8.08734879598124e-09,5.32967101811807e-05,-1.18570340351676e-09,-5.45133091612081e-09,-5.58612281443324e-07,-1.14894079927125e-10,7.00538297768284e-11,-0.000688891044860769,2.78343774629247e-07,-3.65798979154007e-10,-0.000588426908087728,-2.77934792584141e-05,-1.25591936903676e-09,4.75457475489502e-08,8.17977383381649e-07,1.54222910042127e-08,0.00131470083410347,1.18893945211856e-07,1.19673015592824e-07,8.40194956969867e-13,-2.92158672910575e-07,7.20284532641617e-09,2.33688202682866e-07,4.86292395240895e-11,2.14978420788343e-07,0.00293015905965322,1.66427048548566e-05,1.32477463915616e-16,8.75711317850647e-12,-0.000331689906470864,-5.31393733235047e-08,-3.38533001339119e-08,-9.4254751973744e-11,1.6160912967092e-06,2.68897779130001e-08,-1.05990100942166e-15,7.71838171817851e-10,3.31123293495382e-10,1.75354242865284e-10,0.000883446616113911,-6.97043730434328e-16,1.71043734731313e-15,1.98432301558809e-13,4.76491130728056e-16,1.81417381117654e-14,-2.29223291438095e-16,3.01125105211207e-13,6.77317221761019e-16,8.3500592291258e-11,-3.21286088554064e-13,-3.00272566818608e-16,6.1540297251778e-16,3.53043706126529e-12,3.58589060409174e-14,1.08247291407874e-16,4.11343549181636e-12,-1.1510306228281e-12,-5.39070673408019e-13,-1.59847609403788e-16,1.07991356611125e-12,1.64701355903255e-06,-4.59701721133854e-17,-1.11322340237943e-16,1.90219540711911e-16,4.9825547746728e-17,-1.89084858881472e-16,-4.02182085378067e-13,-2.21535163615488e-16,-3.06803193961258e-13,1.00550210022171e-16,2.43317409412074e-14,-1.69557571092191e-16,3.51351126795171e-10,-5.55111512312578e-17,5.28212923832298e-17,4.89478256147843e-17
"t149",0.0435085020818684,-0.177830321347365,0.0995346526447186,0.0372056192385313,0.00855929775196979,0.123661311490223,-0.15331497380309,-0.0421592206802461,0.0064604996623424,0.134746623960984,-0.000135532652099042,0.000101561081621531,5.80410428501519e-06,-0.0018442315447364,0.000244382371161864,-0.000625278227628418,0.000514791125240076,-0.00182436514736609,0.00149769993220839,-0.00138006517799702,0.0232458292023302,-0.0538749770002535,0.0260872796435376,0.0120705877501082,-0.146178793850178,-0.282543172902741,-0.000666701513722321,0.023985855705375,-0.000416512054059607,0.000551724297675249,-0.0221813292071984,-0.131727006595332,-0.01139788977425,-0.116506865310615,-0.0277641375520099,-2.46270114072963e-06,-3.01680345215184e-06,0.00107093109208915,-0.0111554616516256,0.00116259496845484,5.74937389479645e-05,-1.70708545785891e-08,4.97457275881259e-06,-0.00422802162938968,-0.00460363095751815,-0.0140679337346195,0.000351382936781101,0.000621678659437809,-6.64667392862147e-07,-2.61381183238023e-09,-2.09884822596849e-09,2.30830259649421e-06,-3.61808380182527e-05,-0.000170836327080379,2.02255499643018e-06,-5.79855329628856e-08,4.78078991426184e-07,-2.00471691583909e-07,-6.66011305480718e-09,1.952732313129e-05,8.06504466590576e-09,0.000847332324987997,-0.0482320497280634,8.54887585621886e-06,-3.50835442968618e-05,-0.00463618214455759,-1.92867902970361e-07,-1.12332810735423e-06,-0.00277863550578215,-1.68699191941193e-06,-5.25832051945924e-10,-1.17158289253272e-11,1.38051932397894e-09,1.57914335947862e-08,-1.02897920739586e-08,2.36793796713074e-08,1.2997870940781e-06,9.8381607659126e-08,1.75576761579963e-06,1.17507927881394e-08,0.0049834684177978,9.88138023151502e-06,1.09463793492765e-07,5.36826911181764e-08,-5.03532169413739e-08,-0.0104126527567375,-1.92052131190408e-15,-5.36273589147847e-11,-4.78156097251381e-08,-2.23370480987739e-16,-2.19224152372627e-12,9.75018678610264e-08,-2.73660955008026e-12,-1.99870100515037e-11,-2.2199573646367e-09,-6.53661803504124e-13,4.23059756691304e-13,-4.85439913662431e-06,2.04014306013148e-09,-2.90704047464574e-12,-5.30339735440174e-06,-2.71937587279988e-07,-1.2547648110528e-11,4.77820462528106e-10,8.24128271049697e-09,1.54371827410355e-10,1.23150383987587e-05,9.67244934425409e-10,9.0126736496522e-10,4.60366442559033e-15,-1.67934986056162e-09,3.93215588657916e-11,5.60338057203902e-10,-2.37754260723477e-13,-6.52156792464557e-09,-9.93055810476623e-05,-6.41333105342364e-07,2.89158211487348e-15,-4.06506545958838e-13,1.60930432104999e-05,3.22101100869512e-09,2.15734679200611e-09,1.33655555591051e-11,-3.10124398147926e-07,-5.22765262848945e-09,-2.20145974807585e-14,-5.65409779951994e-10,-9.82808257359918e-10,-6.59885198208158e-10,-0.865522273839876,3.84217501680105e-16,1.15554267543505e-14,2.72469964935485e-14,4.45965807002133e-16,4.97518692910148e-15,1.33749730598931e-15,3.24056865461672e-14,9.95575808994621e-16,8.81136266381310e-12,-3.43107331012438e-14,-8.64774920999191e-16,-7.82857769009108e-16,3.5765633144458e-13,3.38575332050131e-15,1.04077909271075e-15,4.13930672913841e-13,-1.1488028406265e-13,-5.40491655880333e-14,1.25986549685421e-15,1.08293916165785e-13,1.64792616448529e-07,-2.73652628335341e-16,1.47848794774346e-17,-1.08195421160659e-16,-9.00476374601712e-17,6.85215773010839e-17,-4.08082855701819e-14,-6.99643335498284e-17,-3.17940118677029e-14,-4.9442934131796e-16,3.14342256765712e-15,-6.83803547539879e-16,3.8692105509136e-11,-7.45931094670027e-17,9.18643642560007e-17,6.06342494672282e-17
"t177",0.0436134938033477,-0.178712223450163,0.100185581371007,0.0377290404175594,0.00868076368539854,0.126313352582024,-0.157464720636541,-0.0435572387167552,0.00674390010809484,0.140812261505524,-0.000142521766795635,0.000107435129073265,6.24687029866894e-06,-0.00199120181689502,0.000267141616205336,-0.000685915847721633,0.000568994981985954,-0.0020245562733919,0.00166329011289546,-0.00153336019881289,0.0262797701458311,-0.0611621831482287,0.0297225502276322,0.0139928910535119,-0.170136258242067,-0.334841425165801,-0.000792496058600533,0.0285404542067072,-0.000499471151793338,0.000662269557086804,-0.0269120559506207,-0.160688141986989,-0.0139120817046106,-0.144456050839334,-0.0347098273627137,-3.13907928356765e-06,-3.91230295031774e-06,0.00139799662353451,-0.0146652875092012,0.00153842891643967,7.6302194831753e-05,-2.28981495679156e-08,7.13471935001137e-06,-0.00628537441093047,-0.00694476790151378,-0.0225547826537154,0.000585567212795915,0.00106566800908237,-1.14526442919802e-06,-4.58669430769005e-09,-3.92161242867249e-09,4.3307912152013e-06,-7.07145311381424e-05,-0.000338970862126071,4.09712517662476e-06,-1.2631099636411e-07,1.06928015925628e-06,-4.68718729261866e-07,-1.73273088655002e-08,5.22256367476975e-05,2.23603187785379e-08,0.00271543909654287,-0.162710584629576,3.15316525005306e-05,-0.000133128277211145,-0.0179309921826825,-7.91545196613521e-07,-4.97659140741638e-06,-0.012880747921634,-9.47615409991037e-06,-3.35023444620122e-09,-8.30565168312937e-11,9.90623229342349e-09,1.39558195747999e-07,-1.14242186270881e-07,2.91333318699929e-07,1.80069758442536e-05,3.17696075785145e-06,8.63899512165162e-05,-1.68452083364808e-06,-0.228541663587764,-0.000320505441614613,-3.49259695775116e-06,-4.42581415206351e-07,2.97460002931024e-07,0.0523582642065755,1.10098440520239e-14,2.32077294945991e-10,1.74717924968093e-07,1.56920839718599e-17,6.98824818059148e-12,-2.77726142386425e-07,7.54071111108701e-12,5.01042298505004e-11,5.44611409225224e-09,1.41500504889647e-12,-8.91324264120267e-13,9.43850366711983e-06,-3.87174624002021e-09,5.21626226892416e-12,8.491438291621e-06,3.86378895123399e-07,1.68736689757248e-11,-6.2572232475028e-10,-1.01269368938997e-08,-1.83116392704558e-10,-1.30835487480371e-05,-9.33791922519395e-10,-8.41962982786517e-10,-4.11627624246936e-15,1.45675386684085e-09,-3.37731562932581e-11,-4.42134290984386e-10,1.64659952339719e-13,3.6891252455827e-09,5.52240006572412e-05,3.49561759389622e-07,-1.34298542214308e-15,2.15139225937708e-13,-8.45860774790087e-06,-1.63487475250343e-09,-1.08653029705607e-09,-6.01407039791875e-12,1.34792733245959e-07,2.26903306040083e-09,8.71370670527169e-15,2.23540017432641e-10,3.76029892259638e-10,2.51865328635239e-10,0.327320062001294,-9.72358714915317e-16,-4.39752401160121e-15,-5.27894924937111e-15,-2.09925353176549e-16,-7.66747776381749e-16,-1.16352265329747e-16,-3.59062517945371e-15,-6.05185554372631e-16,-6.78794260383642e-13,2.64942080318957e-15,3.29359195901052e-16,6.20154356614214e-16,-1.40161591100779e-15,-1.54742755067994e-16,-3.37929910243263e-16,5.68291006158676e-15,-4.76709168626831e-15,-2.39394550190231e-15,-3.40835152106856e-16,6.68455172094515e-15,1.09882153412582e-08,7.21644966006352e-16,6.45024518709987e-17,-8.38823306736601e-17,4.10095888196703e-16,-3.36536354339501e-16,-6.38096346594619e-15,-2.02879469069909e-15,-6.78916558388698e-15,3.97500034241611e-16,1.46599254085329e-15,0.707106781186547,1.14975431519254e-11,-3.60822483003176e-16,-4.29118996715428e-16,-7.78373149253045e-17
"t178",0.0436134938033477,-0.178712223450163,0.100185581371007,0.0377290404175594,0.00868076368539855,0.126313352582024,-0.157464720636541,-0.0435572387167552,0.00674390010809486,0.140812261505524,-0.000142521766795557,0.000107435129073297,6.24687029867439e-06,-0.00199120181689507,0.000267141616205291,-0.000685915847721709,0.000568994981985989,-0.00202455627339193,0.00166329011289539,-0.00153336019881283,0.0262797701458312,-0.0611621831482288,0.0297225502276322,0.0139928910535117,-0.170136258242067,-0.3348414251658,-0.000792496058600637,0.0285404542067074,-0.000499471151793306,0.000662269557086963,-0.0269120559506207,-0.160688141986989,-0.0139120817046106,-0.144456050839334,-0.0347098273627137,-3.13907928345858e-06,-3.91230295032522e-06,0.00139799662353452,-0.014665287509201,0.00153842891643975,7.63021948318892e-05,-2.28981495349774e-08,7.1347193498868e-06,-0.00628537441093049,-0.00694476790151352,-0.0225547826537153,0.000585567212795976,0.0010656680090822,-1.1452644291513e-06,-4.58669427003827e-09,-3.9216128491803e-09,4.33079121541294e-06,-7.07145311380236e-05,-0.000338970862126103,4.0971251765474e-06,-1.26310996485975e-07,1.06928015942975e-06,-4.68718729149109e-07,-1.73273086295778e-08,5.22256367477174e-05,2.23603185578485e-08,0.00271543909654324,-0.162710584629576,3.1531652500528e-05,-0.000133128277211329,-0.0179309921826824,-7.91545196449619e-07,-4.97659140704688e-06,-0.0128807479216346,-9.47615409996327e-06,-3.35023439025639e-09,-8.30565351568515e-11,9.90623242856929e-09,1.39558196004738e-07,-1.14242186363689e-07,2.91333318813706e-07,1.80069758441658e-05,3.17696075780027e-06,8.63899512164476e-05,-1.68452083353218e-06,-0.228541663587764,-0.000320505441614576,-3.49259695771422e-06,-4.42581415720094e-07,2.97460002383611e-07,0.0523582642065758,1.15826192901318e-14,2.32077279892521e-10,1.74717925099932e-07,1.93413556041339e-17,6.98802218118973e-12,-2.77726141636374e-07,7.54096091126755e-12,5.01045838154047e-11,5.44611453937721e-09,1.41436103280601e-12,-8.91348395188962e-13,9.43850366706155e-06,-3.87174621356567e-09,5.21636246326035e-12,8.49143829090807e-06,3.86378895080031e-07,1.68734855426932e-11,-6.25722643265162e-10,-1.01269368283732e-08,-1.8311650517444e-10,-1.30835487481343e-05,-9.3379222584867e-10,-8.41963256080003e-10,-4.4430886023778e-15,1.45675344009888e-09,-3.37734915188289e-11,-4.42133950978585e-10,1.64049329676175e-13,3.68912517576686e-09,5.5224000657085e-05,3.4956175985236e-07,-1.21666556123304e-15,2.14687290850264e-13,-8.45860774722866e-06,-1.63487458466893e-09,-1.08652990803078e-09,-6.01398068701818e-12,1.34792733620659e-07,2.2690326371283e-09,8.25236967104213e-15,2.23539626676014e-10,3.76029449050496e-10,2.5186449900543e-10,0.327320062001295,5.59403531540397e-16,-4.58574150874469e-15,-6.32408118013156e-15,-2.77953658560984e-16,-1.75900960464048e-15,-1.49425439460305e-15,-2.49606887622097e-15,-1.93259792589779e-16,-6.78733545061982e-13,2.75101224081736e-15,3.75113665053449e-16,1.23753550874271e-16,-1.55372608767572e-15,2.91331900010433e-16,-5.61059609249285e-16,5.24146020640034e-15,-4.71305267829938e-15,-2.66015101656539e-15,7.72376896850316e-17,6.58660040740819e-15,1.09882162583849e-08,8.67361737988404e-17,-7.72923353512518e-17,3.43806670711565e-16,-3.74003851822476e-16,6.07153216591882e-17,-6.07825421938823e-15,1.96410609282606e-15,-7.19205511118259e-15,-1.01461191166017e-16,-4.31168625520927e-16,-0.707106781186546,1.149668706589e-11,3.33066907387547e-16,9.08497037747668e-17,5.68224482113095e-17
"t101",0.0432426845651213,-0.175596346792023,0.0978852251599129,0.0358772368393774,0.00825102352579003,0.116920625540094,-0.14275560592014,-0.0385975081533586,0.00573695199465485,0.11925699354563,-0.000117661893642784,8.65232212752115e-05,4.66660507903528e-06,-0.00146641183574153,0.000185728204497916,-0.000468894821374976,0.000374787825449644,-0.00130687491077783,0.00106958824166837,-0.000983704177334677,0.0153740280458092,-0.034951984599149,0.0166406804756349,0.00705816556541979,-0.0836604042890577,-0.145584167230495,-0.000337075842199244,0.0120488589309603,-0.000198758117476689,0.000261505466773513,-0.00973579923139636,-0.0554568403891577,-0.00477591680872401,-0.0426709524166998,-0.00938611360836362,-6.66426412785585e-07,-6.30857945341222e-07,0.000198430586256597,-0.0017801054022031,0.000157451237080204,7.1644481950639e-06,-1.44686325689883e-09,-8.88101332600487e-07,0.00139128871422159,0.00180721456847241,0.00941636330941083,-0.000300841303148541,-0.000620618660690543,6.81191509186752e-07,2.9273497719303e-09,3.07171684035866e-09,-3.43248038839079e-06,6.24571774073028e-05,0.000310494905084183,-3.93481245410159e-06,1.40291280726571e-07,-1.24392180993194e-06,5.85623194281765e-07,2.50388633802473e-08,-7.79752712666035e-05,-3.47494630978309e-08,-0.004841313387597,0.302285766077974,-6.2460238006152e-05,0.000268676150932781,0.0366282008831369,1.6755096647811e-06,1.09828572183858e-05,0.0290803792496483,2.32379531349305e-05,8.58802973223785e-09,2.19970426170051e-10,-2.63268497351564e-08,-3.90807344464138e-07,3.34563080781058e-07,-8.67596069002751e-07,-5.45540129442527e-05,-1.03837344921248e-05,-0.000287812845849445,5.8895072515181e-06,0.819892597205334,0.00116781459488669,1.27370143601826e-05,1.87469929195539e-06,-1.36063208336494e-06,-0.250925973569459,-5.46955928298758e-14,-1.16948176010008e-09,-9.40276734862078e-07,1.39860181175592e-16,-3.99926302543625e-11,1.68255185907997e-06,-4.65216268286106e-11,-3.26579844080807e-10,-3.59740449770631e-08,-1.01485571248755e-11,6.51672036954538e-12,-7.35715350408174e-05,3.0787939103976e-08,-4.35424442281396e-11,-7.91629119792848e-05,-4.13320903285257e-06,-1.94169784460227e-10,7.48051423415778e-09,1.33767002091492e-07,2.57234122907511e-09,0.00023170583245634,2.18385418355509e-08,2.22709132378651e-08,1.59343348108147e-13,-5.59012538307868e-08,1.38309652435192e-09,4.6202862712813e-08,1.00173272454818e-11,4.74420958318445e-08,0.000650890730911595,3.72678296076557e-06,2.75485237366579e-17,1.98582713289164e-12,-7.54542212967778e-05,-1.22967750986087e-08,-7.86632303065527e-09,-2.38753746183971e-11,4.28931213797279e-07,7.15289513990996e-09,4.23144119810184e-15,2.98940383327926e-10,2.91698046048499e-10,1.85215619071669e-10,0.190970048113424,2.37391287033998e-16,-1.77809156287623e-15,4.09612362152917e-14,-2.39220661611049e-17,3.36015937296708e-15,6.63549274356059e-16,6.74900953062684e-14,-1.32032523684348e-16,1.88169614438738e-11,-7.24888636326215e-14,9.12070547635759e-17,-3.89708184756665e-17,8.19030395465977e-13,8.40436424067673e-15,-8.47677324701661e-17,9.60494100670417e-13,-2.71491062299112e-13,-1.27305572360974e-13,-1.1343514176354e-15,2.56802237691444e-13,3.9184400158225e-07,5.3256010712488e-16,1.02614251550568e-16,-1.75328257989109e-16,4.67460525761051e-17,-4.33680868994202e-17,-9.84768907044686e-14,-8.62113328602598e-17,-7.69454487105359e-14,-4.16622057488928e-17,5.84304113733938e-15,-2.52449575469265e-16,9.06675457369027e-11,-1.83880688453542e-16,-1.19880348152944e-16,-7.94147366775949e-18
"t135",0.0432891013923911,-0.175962234973369,0.098144118647271,0.036041135644256,0.0082888856115535,0.117518195006685,-0.143398457300231,-0.0387022001176221,0.00571544552490025,0.118693566663659,-0.000116311639658545,8.47917712630328e-05,4.38763236184634e-06,-0.00136371454356777,0.000163103676832631,-0.00040300711791864,0.000304304948304795,-0.00102202406985726,0.000830054376448646,-0.000759690779887449,0.00902645694406202,-0.018399040430133,0.00778693679314196,0.000544520617258949,0.0039279995837133,0.126384432819392,0.000358476047509292,-0.0136640740071697,0.000353106070773006,-0.000489876424783089,0.031349747127791,0.232379273875818,0.020599932772023,0.405767457981582,0.143111853647859,5.78670319619402e-05,-6.66016751257572e-05,0.0149769919797064,-0.115966289412198,0.00997514957294327,0.000460311743090271,-1.12159170771862e-07,1.96708447702576e-05,-0.0151071393800521,-0.015987884043185,-0.0454309119186721,0.00110932566615004,0.00194405308949058,-2.07590793857385e-06,-8.13656511661372e-09,-6.52502852184134e-09,7.1787157579651e-06,-0.00011316691804305,-0.000535956940862845,6.37585514542594e-06,-1.86828525996618e-07,1.55504233057165e-06,-6.63500750441252e-07,-2.31157259622701e-08,6.86818402153352e-05,2.88765676862958e-08,0.00327395277289084,-0.191711631960216,3.57377093497049e-05,-0.00014907696899854,-0.0199184763429215,-8.57834759155433e-07,-5.22777640965085e-06,-0.0132870679451651,-9.06936778983565e-06,-3.05767663928225e-09,-7.28818558922189e-11,8.65451530977295e-09,1.13240132683964e-07,-8.5858619616741e-08,2.11869190999918e-07,1.26242602970252e-05,1.79992796781037e-06,4.54813197326907e-05,-6.9041532420652e-07,-0.0767961950174382,-9.18331914217285e-05,-9.90524113207771e-07,2.6911417178216e-07,-6.31336001938796e-07,-0.28883477372946,-6.1105868047497e-14,1.32175558650129e-08,9.15572135608191e-07,-1.34612636824137e-16,2.28891936370991e-11,-7.15767757569084e-07,1.83407776813138e-11,1.05715943987925e-10,1.11619258855796e-08,2.49629735827629e-12,-1.52999661549922e-12,1.48782636078437e-05,-5.95827262051332e-09,7.6030933157884e-12,1.11073291878108e-05,4.50137819099053e-07,1.85794964147263e-11,-6.69503654346361e-10,-1.00731876076855e-08,-1.7426876161545e-10,-1.05307463285761e-05,-6.00926903988517e-10,-4.81977437489116e-10,-1.73295008371359e-15,4.97016946696127e-10,-1.0008249667025e-11,2.97220665614051e-10,2.52346754603394e-13,2.44532730978447e-09,3.47806028088283e-05,2.07169805763207e-07,-1.53885580433438e-15,1.17638455919867e-13,-4.47300360261268e-06,-7.68983937887279e-10,-4.97256805467383e-10,-1.67649130539876e-12,3.0284602419578e-08,5.04911486210423e-10,1.09788384986628e-15,1.66597410220887e-11,8.03089133198832e-12,4.38055795500847e-12,0.000743783723815729,4.34223377253182e-15,-5.8673768968398e-15,7.61734251894422e-15,1.40862514165372e-14,5.70940864030867e-15,0.707106781186548,1.8690304071099e-14,2.47853349993506e-14,3.78756664161546e-12,-6.33061116888018e-15,-4.82215586903811e-15,2.34635325814468e-15,1.84217602584576e-13,2.07722527160558e-15,-1.11109636119721e-16,2.23030152534875e-13,-6.67191910598052e-14,-2.97717202826168e-14,-6.62254398896622e-16,6.52704151071513e-14,9.92680452455659e-08,7.11724516128109e-16,-3.64129644744045e-17,5.82937095439715e-16,-1.25727564838599e-15,1.15510899456606e-15,-2.87861572144214e-14,1.40335826627546e-15,-2.40850091606792e-14,-4.08666326689208e-17,2.1743920955282e-15,-7.25973379650253e-16,3.27339223706469e-11,-2.15322551455621e-16,4.84012891631961e-16,6.28693687096834e-18
"t136",0.0432891013923911,-0.175962234973369,0.098144118647271,0.036041135644256,0.00828888561155351,0.117518195006685,-0.143398457300231,-0.0387022001176221,0.00571544552490026,0.118693566663659,-0.000116311639658546,8.47917712630227e-05,4.38763236184176e-06,-0.00136371454356776,0.000163103676832638,-0.000403007117918654,0.000304304948304854,-0.00102202406985713,0.000830054376448711,-0.000759690779887479,0.00902645694406205,-0.0183990404301329,0.00778693679314203,0.00054452061725902,0.00392799958371329,0.126384432819392,0.000358476047509446,-0.0136640740071697,0.000353106070772952,-0.000489876424783093,0.0313497471277908,0.232379273875818,0.0205999327720229,0.405767457981582,0.143111853647859,5.78670319622804e-05,-6.66016751257339e-05,0.0149769919797063,-0.115966289412197,0.00997514957294322,0.000460311743090259,-1.12159170742244e-07,1.96708447702941e-05,-0.0151071393800521,-0.0159878840431849,-0.0454309119186717,0.0011093256661501,0.00194405308949075,-2.07590793863768e-06,-8.1365651545488e-09,-6.52502874650158e-09,7.17871575794016e-06,-0.000113166918043178,-0.000535956940862697,6.37585514550502e-06,-1.86828525957532e-07,1.5550423306406e-06,-6.63500750362755e-07,-2.31157258967843e-08,6.86818402155681e-05,2.88765677145029e-08,0.00327395277289059,-0.191711631960215,3.5737709349969e-05,-0.00014907696899895,-0.0199184763429216,-8.57834760012631e-07,-5.22777640977375e-06,-0.013287067945165,-9.06936778954107e-06,-3.05767664123381e-09,-7.28816812124258e-11,8.65451499327825e-09,1.13240132798781e-07,-8.58586192597132e-08,2.11869191043905e-07,1.26242602972297e-05,1.79992796794877e-06,4.54813197325985e-05,-6.90415324611157e-07,-0.0767961950174373,-9.18331914214557e-05,-9.90524112572766e-07,2.69114171819046e-07,-6.31336001962469e-07,-0.288834773729461,-6.13382550827657e-14,1.32175560928182e-08,9.15572135598e-07,3.72535581652654e-16,2.28883390335302e-11,-7.15767757753757e-07,1.83415990728797e-11,1.05714410349647e-10,1.11619259632084e-08,2.49684008277878e-12,-1.52998251282416e-12,1.48782636071385e-05,-5.9582729995504e-09,7.60160538646816e-12,1.11073291868179e-05,4.50137818350195e-07,1.85776307779143e-11,-6.6950394738588e-10,-1.00731881379917e-08,-1.74267151591105e-10,-1.05307463283293e-05,-6.00928097734073e-10,-4.81978691291848e-10,-2.67405393083088e-15,4.97015206768481e-10,-1.00082497720571e-11,2.97222030841426e-10,2.53873311262254e-13,2.44532478227966e-09,3.47806028079701e-05,2.07169806943307e-07,2.20935193670396e-15,1.14083937481656e-13,-4.47300360332625e-06,-7.68984009661463e-10,-4.97254991268923e-10,-1.67821297170304e-12,3.02846028931575e-08,5.0490903927454e-10,-9.56350150427549e-16,1.66590043257707e-11,8.03244947106471e-12,4.3798288745755e-12,0.000743783723813152,-4.42766119677447e-15,5.27486040957648e-15,5.67808071647288e-15,-1.43962174545408e-14,-4.01870377253477e-15,-0.707106781186548,7.55834169784939e-15,-2.47413265989264e-14,3.77052843157991e-12,-2.30580825090541e-14,4.57213034570334e-15,-2.41813939990168e-15,1.8711686634347e-13,1.65753124591115e-15,8.13612004908916e-17,2.23953615170785e-13,-6.50346862879167e-14,-3.22938400806471e-14,3.69037333959726e-16,6.40127739522253e-14,9.92680451802292e-08,2.21068822969794e-16,-1.138619674639e-16,-4.42897534065861e-16,8.33067585658633e-16,-1.45196354939259e-15,-2.85882496603614e-14,-1.27418773100196e-15,-2.52579397284555e-14,-1.87676306774866e-16,1.86702501851561e-15,6.18963333365543e-16,3.27343638984292e-11,2.02312125385795e-16,-9.353715165465e-17,1.8402983311111e-18
"t100",0.0431296522548329,-0.174632114573533,0.0971666457300053,0.0352721152971487,0.00811049168287158,0.113710989842314,-0.137553061852894,-0.0367757438284012,0.00534125885109705,0.110724228209377,-0.00010739674638561,7.75269080451257e-05,3.89662138917269e-06,-0.00120457409832385,0.000141016698684734,-0.000346292578328552,0.000258009021215087,-0.000860354034415068,0.00069781376655902,-0.000638128712749267,0.00734623574739944,-0.0148582379641483,0.0062462984383008,0.000422636230770969,0.00302527990463752,0.0939275216204427,0.000264800356605576,-0.0100727773898834,0.000256207578817512,-0.000354723694349311,0.0222016607197415,0.162701921031872,0.0144049700123546,0.274303405576543,0.0949991332370839,3.67583711850261e-05,-4.0619074202602e-05,0.00898978063741999,-0.0684133869827071,0.0057893278268276,0.000265194329867654,-6.28765908115596e-08,9.12845922476387e-06,-0.00624012728565234,-0.00627312418845135,-0.0139624156743473,0.000282006696298829,0.000419641088110492,-4.33604697750991e-07,-1.49981722108878e-09,-6.59998661280104e-10,6.87384781766862e-07,-4.8357326782223e-06,-1.25334901341325e-05,-1.90124346655046e-08,1.74857708375056e-08,-1.95658374664174e-07,1.18817351697515e-07,6.99640638761496e-09,-2.29078633192696e-05,-1.07737367673072e-08,-0.0017174408844974,0.11028513217618,-2.35755902376761e-05,0.000102201056014533,0.0139960509697916,6.47314320955009e-07,4.27912628521874e-06,0.011358971941273,9.03828916099783e-06,3.29972572120471e-09,8.33134225472416e-11,-9.95347172460429e-09,-1.42592966662276e-07,1.16677555736869e-07,-2.96164838566101e-07,-1.8162495629898e-05,-2.93595217004981e-06,-7.65419633441404e-05,1.25649585191897e-06,0.145678361045598,0.000178594641634419,1.92904778167024e-06,-6.64086241523376e-07,1.75617310743265e-06,0.863648716444903,1.83961281441497e-13,-4.27075018399969e-08,-3.27336494690238e-06,-3.46095322217445e-16,-8.99262051321287e-11,3.06853767209731e-06,-8.0846370830584e-11,-5.06843088254777e-10,-5.46179089093522e-08,-1.38685518418728e-11,8.74740202323662e-12,-9.37727711328941e-05,3.87173345451459e-08,-5.3211818356488e-11,-9.21039643927067e-05,-4.61419716961766e-06,-2.13272522129807e-10,8.15616524119168e-09,1.43486453720241e-07,2.73621398321267e-09,0.00024072281692219,2.22848285383917e-08,2.25957579641075e-08,1.61696408080126e-13,-5.60181100033117e-08,1.3837566985181e-09,4.56053262589025e-08,9.68797611577976e-12,4.40791777025362e-08,0.000602104401635115,3.42846266841956e-06,-1.10963338454698e-15,1.81116733378694e-12,-6.86379908985244e-05,-1.1043596244572e-08,-7.04219517588889e-09,-1.98903897039582e-11,3.42807021445728e-07,5.7051538377437e-09,5.37827653128971e-17,1.68464361575145e-10,7.84441905006794e-11,4.26758194053875e-11,0.00717853148105267,-1.09427889133603e-16,4.88649919139217e-16,4.39895351337208e-14,3.70719847975534e-16,3.85791659035517e-15,-8.49231960146549e-16,6.83556290412775e-14,1.35602263662359e-16,1.89975866526741e-11,-7.28902201361617e-14,1.59864240795546e-16,3.65657708043098e-16,8.18780094477206e-13,8.65715677686181e-15,-5.92945926735232e-17,9.58734205386951e-13,-2.70269000511672e-13,-1.26974993612869e-13,5.97668530106156e-16,2.55117686491562e-13,3.89637320988111e-07,-7.0272563809648e-16,2.683948103334e-16,-1.04739673368948e-16,3.29145847407138e-16,-4.77048955893622e-18,-9.76927109900324e-14,2.57564914558999e-16,-7.61980132853515e-14,3.53790254128327e-16,5.98237997580814e-15,1.48059849375606e-16,8.9989442397906e-11,9.10729824887824e-18,1.65777948309773e-16,7.71605826493749e-18
"t78",0.0424988827557823,-0.169360990056969,0.0932886623356693,0.0322035573220706,0.00739859056323298,0.098423230551817,-0.113955683838446,-0.028949301981985,0.00380144237473927,0.0778795985219223,-7.03113948037242e-05,4.70011806180711e-05,1.75394316035999e-06,-0.000504006924189664,3.95823871563192e-05,-8.18877277148821e-05,3.36815653429919e-05,-5.71925154750309e-05,3.75088080114088e-05,-2.91862422072122e-05,-0.00274665036974042,0.00805636725023547,-0.00458078106135581,-0.00345988511338638,0.0450055463017969,0.105348917015757,0.000251383838822278,-0.00906443099012585,0.00015555698394312,-0.000204862284313092,0.00702798295260264,0.0342910011848493,0.00287810608203555,-0.0159456230421603,-0.0170310457926041,-1.6498419433275e-05,2.78180494002111e-05,-0.00697576318081726,0.0598409991644238,-0.00560433313711956,-0.000267885257330663,7.33811312422549e-08,-2.11853609632829e-05,0.0194563515869603,0.0219297271310044,0.0775255971950936,-0.00211720489450614,-0.00398780924706985,4.31164247798256e-06,1.76289215244408e-08,1.60666253298678e-08,-1.78107442199995e-05,0.000301286577274104,0.00146162294833765,-1.79434723120747e-05,5.79753112079653e-07,-4.97879966186981e-06,2.22907708677259e-06,8.55272858472922e-08,-0.000259540417751305,-1.11931248160765e-07,-0.0137680686104777,0.82405541879405,-0.000158384142009594,0.000665915420174918,0.0894043990032291,3.8996117922381e-06,2.40393494301119e-05,0.0613669598079292,4.18982790878889e-05,1.39229118917544e-08,3.2511389969739e-10,-3.8498018659e-08,-4.73366492685125e-07,3.25523460870157e-07,-7.61178989274558e-07,-4.22913388953444e-05,-2.76095155022564e-06,-3.45280244206137e-05,-1.68918167944832e-06,-0.434397480429328,-0.000801285213836724,-8.85466786346042e-06,-4.91081720375876e-06,4.33693893634439e-06,-0.13671195280572,-2.84471044753215e-14,1.8374812697225e-07,6.57260545815948e-05,9.94548396729047e-17,-1.3367465412219e-08,8.49355600306021e-05,-1.87023061100355e-09,-8.36078691908585e-09,-8.51453730614667e-07,-1.69233074223066e-10,1.02459281100914e-10,-0.000986435143901766,3.96145077164204e-07,-5.13471881360053e-10,-0.000804079365486512,-3.69859598099353e-05,-1.65198138356945e-09,6.21957020127274e-08,1.05636234979912e-06,1.97793938356947e-08,0.00165153843937657,1.4684992300807e-07,1.46989651714846e-07,1.02234354411788e-12,-3.5450908760469e-07,8.72619826018541e-09,2.79421419465894e-07,5.70981872893839e-11,2.45862239782654e-07,0.00334443769453268,1.89520115757744e-05,2.22928170739541e-16,9.93864866289568e-12,-0.000376180124232904,-6.0039263655989e-08,-3.82174745676565e-08,-1.0522566127601e-10,1.79874589528034e-06,2.99255210221491e-08,6.6139877729269e-16,8.55077058452743e-10,3.72103248458641e-10,1.98206418472041e-10,0.00837010199387329,-2.11960591913722e-16,-2.55438031837585e-16,2.09730137600026e-13,-2.0253216310998e-16,1.8175131538678e-14,1.18683665422268e-16,3.08257353443566e-13,-4.04707671409331e-16,8.49722099323727e-11,-3.266637135419e-13,6.38560408071705e-17,-7.80889439238745e-17,3.52164206237e-12,3.58435866030333e-14,3.0829519400658e-17,4.08388872993201e-12,-1.13471224479041e-12,-5.30514078711996e-13,9.54056171120604e-17,1.05773781066536e-12,1.61086338082116e-06,-7.71951946809679e-17,-4.8664390542111e-17,-4.30257715582166e-17,2.2055960712836e-16,1.30104260698261e-17,-3.83546682912114e-13,-2.92921137793416e-16,-2.86826552092778e-13,-1.32464770147237e-17,2.24041426877076e-14,4.31250669546306e-17,3.20486246427939e-10,-1.72171304990698e-16,1.35847104256422e-17,2.74735764184372e-17
"t54",0.040691380794832,-0.154316627543854,0.082248033437765,0.02357130450035,0.00539631342675868,0.0559242019430524,-0.0489522601780054,-0.00760353240643873,-0.000324915089378763,-0.00996994348493825,2.78144341697755e-05,-3.29394062310232e-05,-3.69302974819052e-06,0.00126754104312239,-0.000211922537573152,0.000570337336910251,-0.000514171903408592,0.00189541511111729,-0.00156655327323395,0.00144941379185286,-0.0270860341192208,0.0634910146829914,-0.0309095816740783,-0.0137713438759724,0.162336078464676,0.239935052031592,0.000520875748022702,-0.0181476605027464,0.000221415065133831,-0.000274716255797855,0.000926124284730018,-0.0356735431813047,-0.00352798486168754,-0.210261689475793,-0.0906227717685896,-4.53860610375508e-05,5.39279142667832e-05,-0.0119195477968016,0.0889741863468329,-0.00726088679436142,-0.00032517433461134,6.80869344990061e-08,1.7293245500754e-05,-0.0377995110555293,-0.0545084399975827,-0.442832738516955,0.0200650880786411,0.0576578816399743,-6.80232762277945e-05,-3.94512763967768e-07,2.92334916191314e-06,-0.00215770064906458,0.0090528115857944,0.0350718876255461,-0.000340669023416083,6.55388786246374e-06,-4.92082499172538e-05,1.80835902703963e-05,4.51486675275004e-07,-0.00121828530630933,-4.44402236594921e-07,-0.0155274232715574,0.0237018640537272,0.000343032228443673,-0.00197856843844548,-0.317329522575435,-2.17852411142172e-05,-0.000214731148038881,-0.703924149455573,-0.00138093357588681,-1.19707880271444e-06,-3.49366391428698e-07,-0.000500757661379771,-3.69437406135325e-05,1.60890018256329e-05,-3.43601852922092e-05,-0.00179476031410461,-0.000149061925181275,-0.00317775939500958,2.15138551456325e-05,0.0163255372403613,-0.00248104936686794,-2.85939934094736e-05,-4.39345318635863e-05,4.0510919402036e-05,0.00147517390708494,3.5669806027108e-16,1.51372806656301e-06,0.000545674285045273,2.32651612664485e-17,-1.09709629384446e-07,0.000687622135698784,-1.50727662434624e-08,-6.64692009676379e-08,-6.74708018847509e-06,-1.315106711898e-09,7.92799299298971e-10,-0.00752960814506747,3.01158515645609e-06,-3.86678943929022e-09,-0.00593903192754737,-0.000267680943279891,-1.18453141348329e-08,4.43969002343205e-07,7.46071900549484e-06,1.38879384837662e-07,0.0113892783246801,9.97403702311801e-07,9.93248571197492e-07,6.84482290828177e-12,-2.36846326703496e-06,5.82122120679134e-08,1.84071236632166e-06,3.69437390401739e-10,1.54801354280405e-06,0.0210123988403983,0.000118774663720028,-6.71064690785776e-16,6.20705098819654e-11,-0.00234706552238902,-3.73016043013832e-07,-2.37218805205401e-07,-6.44463972827585e-10,1.09708031680381e-05,1.82489238192973e-07,-1.35748809353159e-16,5.14016118934453e-09,2.18704405407688e-09,1.15681662671643e-09,0.000513646650098808,1.74780941560507e-16,4.57966997657877e-16,1.20609014170348e-12,1.84330228099013e-17,1.0259501581622e-13,-7.72577913135114e-17,1.707590484824e-12,-1.49726808801002e-16,4.68255457629005e-10,-1.79871553527509e-12,8.52342280975176e-17,-4.28872631552479e-17,1.88941045612751e-11,1.93051900420488e-13,-1.4271583961933e-17,2.17748996053169e-11,-5.98857977723383e-12,-2.79471745021792e-12,-8.36992043962914e-17,5.52900051726475e-12,8.40974599537362e-06,8.84708972748172e-17,3.59485339645636e-17,1.27348616867284e-16,-3.11038361951904e-16,-4.68375338513738e-17,-1.92922826151853e-12,-1.51847089644393e-16,-1.39896135040868e-12,-5.60554291410255e-17,1.09131230979959e-13,-9.51512178126147e-17,1.49903956077595e-09,-1.67400815431762e-16,2.27824121532419e-17,-3.35296624467054e-17
"t48",0.0400463650787612,-0.149016252753936,0.0783894448568651,0.020671520298428,0.00472414557594944,0.0422202022583485,-0.0286670824147367,-0.0011857107212299,-0.00148127807713683,-0.0343934744013005,5.38377595719707e-05,-5.31421163307665e-05,-4.86136174934512e-06,0.00163450561384536,-0.000256457159576169,0.000679974537520088,-0.000595271959459839,0.00216272664214252,-0.00178274763106074,0.00164674617067865,-0.0290222171054359,0.0670856228704603,-0.0322661035357792,-0.0135000211152645,0.156545144887416,0.209537531654688,0.000443550921562227,-0.0153053392382196,0.000166652160805446,-0.000201802316394577,-0.00171092815007165,-0.0477875140713869,-0.00452933745816731,-0.191861239390937,-0.0768625580290759,-3.26693333377794e-05,3.17060237622496e-05,-0.00626369964451089,0.0397157566814186,-0.00258727851961789,-0.000100570722782468,5.48994304696415e-09,3.52298765610839e-05,-0.0521515959788161,-0.0689990474187749,-0.442590259047327,0.017935173108766,0.0477820318853529,-5.56095900485668e-05,-3.07456515076501e-07,1.92776311078933e-06,-0.00140680747884985,0.00525162463676547,0.0194401269724359,-0.000176917430563556,2.62038872435983e-06,-1.75757259910508e-05,5.17341263315055e-06,5.22668645482061e-08,-8.6985370800474e-05,-5.71254311875071e-09,0.00428170103737885,-0.101190156289197,-0.000111330835288319,0.000751447659139624,0.131178830123626,1.10984951649151e-05,0.000134009390949279,0.485256802528172,0.00131411269928627,1.33204050585664e-06,4.34148536273322e-07,0.000629476483344025,5.50862185702402e-05,-2.76608886375391e-05,6.22708850980755e-05,0.00343251972945042,0.000361321961847813,0.00817775549463683,-6.43143561694536e-05,0.00548174307508923,0.00862631219082515,9.965185047907e-05,0.000259104819662981,-0.000331012544099976,0.000678619551479537,-1.66515897854489e-16,-2.07782688897865e-05,-0.0123117533111797,-2.65783262269653e-15,5.28748612344582e-06,-0.581496229786089,-3.25035197671145e-06,-3.1486916430044e-06,-0.000271276960292453,-2.83819677333831e-08,1.55791275882657e-08,-0.115983397674789,4.36320121090447e-05,-4.92921110350212e-08,-0.0610652645916093,-0.00229960041476147,-9.47771009254672e-08,3.43936497910505e-06,5.37772740666734e-05,9.64509967532782e-07,0.0712103389060523,5.75886499479458e-06,5.59219601751585e-06,3.69539889183623e-11,-1.26436248142157e-05,3.08659010878639e-07,9.23986515110383e-06,1.72500456974145e-09,6.5514931782489e-06,0.0882909117563058,0.000494953561889608,-2.7408683403087e-15,2.55691327841156e-10,-0.00963916239533833,-1.51141883736566e-06,-9.58371698568111e-07,-2.50161212870091e-09,4.21039471608167e-05,7.00050472255895e-07,1.97974641168385e-16,1.91605318127347e-08,8.07457449030784e-09,4.26777515892434e-09,0.000300319176266782,2.66204841269501e-16,-3.95083271653718e-16,3.92737859683855e-12,-6.82005882614804e-17,3.14319750782666e-13,3.85178350101275e-17,5.09865902516076e-12,8.03892829818601e-17,1.38105549002052e-09,-5.29551728327611e-12,-4.65951080005339e-16,-1.98976235201135e-16,5.27699389481879e-11,5.37070271271873e-13,9.76818331725746e-17,6.00684856740777e-11,-1.62025603865256e-11,-7.53273374462537e-12,1.90953315931165e-16,1.47039174011342e-11,2.23028884183108e-05,1.28369537222284e-16,5.32760127665469e-18,-5.08979871449369e-17,-3.31865482378822e-16,2.48932818802672e-16,-4.79654624395767e-12,1.07206334566989e-16,-3.31124710983843e-12,9.42268665698755e-17,2.57348266851621e-13,-2.15589815314532e-16,3.34033856477789e-09,-1.80411241501588e-16,2.18114528866737e-16,1.21636436289696e-16
"t44",0.0390922199764636,-0.141241108854097,0.0727590948434403,0.0165491112288309,0.0037689928936815,0.023260600573941,-0.00121256853686105,0.00728338019378498,-0.00293430693328826,-0.0649096614664276,8.52623652745057e-05,-7.66747477213641e-05,-6.0507322764525e-06,0.00199638014328917,-0.000293753855844052,0.00076612032366816,-0.000648196011676238,0.00231377524395987,-0.00190100838573704,0.00175242159800041,-0.0286001775251701,0.0648375045931218,-0.0306532788293578,-0.011673807091407,0.131893657914034,0.148490187665399,0.000299034626170027,-0.0101155464220897,8.30177179462944e-05,-9.31271554713946e-05,-0.00436423244438493,-0.0539774485092512,-0.00495301844698653,-0.141720454424663,-0.0496377198320455,-1.36797641561606e-05,3.11027670245292e-06,0.000657570903984626,-0.0174844763679463,0.00258266815867049,0.000142537319775831,-5.69631369722739e-08,4.26455082750415e-05,-0.0504559672558467,-0.0620618580505814,-0.303935373330154,0.0103555206163344,0.0239960345806186,-2.71727597638844e-05,-1.3558407142098e-07,5.29531192417168e-07,-0.000370521095781496,0.000768835021443453,0.00195024594208135,-5.94106262302012e-06,-6.54429568374901e-07,6.74065910212952e-06,-3.50184274440979e-06,-1.3780879958708e-07,0.000401211927545512,1.59290554551135e-07,0.00749439473037217,-0.0732344678136458,-0.000142387211015534,0.000846890597905325,0.137673770444622,9.66556931985807e-06,9.55632335533868e-05,0.310929945170525,0.00055772949895922,4.35952910677034e-07,1.13334591851478e-07,0.000160045227805916,8.55197239640285e-06,-2.07882956090128e-06,2.86532635639321e-06,5.67330152897634e-05,-3.98127633090266e-05,-0.00115671061455227,1.41321219855417e-05,0.00357816298816997,-0.00245319164456769,-2.84832455061221e-05,-0.000135713219426517,0.000213665146168974,0.000424893692053222,1.95369894024023e-15,1.66094268917718e-05,0.0111326031166676,2.61848965665265e-15,-5.29983547893472e-06,0.635771493500329,3.64795561593953e-06,3.80926026580177e-06,0.0003339362558094,3.86498806953213e-08,-2.16847034150514e-08,0.172909269116012,-6.6390390936361e-05,7.86634630078286e-08,0.107527466694061,0.00449957787009096,1.94817528422693e-07,-7.2420630217222e-06,-0.000119999860005394,-2.22330104937207e-06,-0.18193780681683,-1.61186768907991e-05,-1.61567225638033e-05,-1.12963161299676e-10,3.92700498308522e-05,-9.68077101567258e-07,-3.15304033941194e-05,-6.69538291822591e-09,-3.16362443218468e-05,-0.434346479724527,-0.00248896777786972,1.35335701964143e-14,-1.3270342694949e-09,0.0504534728602239,8.22477830038533e-06,5.26075950092381e-06,1.56148719215897e-08,-0.000273630645840676,-4.55691123310564e-06,-7.58820219641443e-16,-1.3938338471547e-07,-6.11262710253598e-08,-3.24039770562957e-08,0.000381583648107123,1.07635082804308e-16,-1.93118090963118e-15,-6.78620761760023e-11,-1.03243965905587e-16,-1.6644825708706e-11,-1.92365020041857e-16,-1.57980087270536e-09,5.49248549780398e-15,2.92088318405584e-07,-8.98568881884285e-10,2.22393653260249e-16,1.329196588453e-16,1.30146689943159e-09,1.27682488800318e-11,1.16528774372646e-16,1.23081528446729e-09,-2.61696749441294e-10,-1.16801055643784e-10,-1.69096274703732e-16,1.9958306393689e-10,0.000295178854253219,-1.90169061053957e-16,8.69222511495595e-17,7.9465781525887e-17,4.89111779306192e-16,-5.29958021910915e-16,-3.97467434128367e-11,-1.26814053453519e-16,-2.11944720671445e-11,2.86194087306741e-17,1.61269060084512e-12,1.44178172332993e-16,1.6604532403501e-08,9.58434720477186e-17,8.33492567552488e-17,4.58003742319619e-17
"t169",0.039386548089782,-0.142338306680439,0.0729129043294336,0.0138892385461602,0.00314018772525263,-0.00706511421274659,0.0711405853041979,0.043252544164863,-0.0168919832658192,-0.386464822265203,0.000676743618001102,-0.000994839589915394,7.03197524609161e-05,-0.0169868498917103,0.00120744770151854,-0.00273973576056031,0.00180698476983938,-0.00576569550853138,0.00464443657191963,-0.00423005119926757,0.0470726464299141,-0.0985961157244832,0.043650889426518,0.0121690935416732,-0.127058593481403,-0.078846977842498,-0.00012347524454149,0.00369367725183875,3.34989239455961e-05,-6.04347964990233e-05,0.0090771328257283,0.0717704061319331,0.00636889668876969,0.0910328660197307,0.017499405886548,-1.59455050686548e-05,6.43398795005999e-05,-0.0214139571596491,0.258313303291085,-0.0363857932266363,-0.00220931765775716,1.22230274671087e-05,2.30241789401246e-05,-0.00994468952872355,-0.00820981463811312,-0.00492756406448255,-5.76549914173665e-06,5.10171916855012e-05,-1.04821535201341e-07,-1.79528533687773e-09,5.57981236223664e-08,-4.34524994674542e-05,0.000277641526165434,0.00121145006374172,-1.35609861998238e-05,3.77818758480692e-07,-3.14549531853659e-06,1.34408779450942e-06,4.51661219327826e-08,-0.000130699493517699,-5.22100921136031e-08,-0.00284848023074948,0.0182527268739102,0.000120608534235882,-0.000977922887058621,-0.220892315843185,3.13101895877493e-05,4.62662606171574e-05,0.08592878448021,8.54063924246714e-06,-2.21171564707438e-08,-1.09092308767109e-08,-1.62226434866738e-05,-1.74305550747645e-06,9.12765433467091e-07,-2.05473903088588e-06,-0.00011256204011379,-1.09553656737059e-05,-0.000240836364381954,1.73961317604613e-06,8.57204015036764e-05,-0.000213812951484633,-2.46548146096877e-06,-4.37192079371256e-06,4.37399019371153e-06,3.80375038609042e-06,6.0647575483624e-16,1.90123549819575e-07,8.32179508999716e-05,1.19217475737691e-16,-2.53505482642257e-08,0.00185800163775485,8.86699819645231e-09,4.4979595659993e-09,3.07947218882278e-07,-1.82524167221393e-11,1.80388959517464e-11,0.000596933439857085,-3.33503916645538e-08,-3.60859916032222e-11,-8.81842978586659e-05,-2.66432956438044e-06,-6.32608338255153e-11,1.14546857730637e-09,-4.09078062391009e-08,-1.51716048837262e-09,-0.000379050372428691,-6.12672226588744e-08,-7.31539485783615e-08,-6.80933346799886e-13,2.55412030964255e-07,-6.59352248096243e-09,-3.15150629567711e-07,-1.20293674327199e-10,-2.69552575280732e-06,-0.0489535384064102,-0.000444857427789807,9.50825249075793e-15,-1.26157086686454e-09,-0.363079729399359,-1.5067470346792e-06,-7.94589308066863e-07,-6.76532668926029e-10,9.73174505157839e-06,1.60917803616444e-07,-5.40330160765152e-17,3.29052675349952e-09,1.28508970049572e-09,6.75634930722524e-10,-5.54195702292495e-07,2.47640056076822e-16,-1.60266765136807e-15,2.41096224425839e-13,-4.37688287127358e-15,-2.97171141860897e-14,-2.44897181886958e-14,-6.12241048696222e-12,0.70710678118247,1.4365105576418e-09,-4.5548900857286e-12,-6.21585843322416e-15,-7.16523763409347e-15,1.25947011244789e-11,1.25963585028354e-13,1.53963868793991e-15,1.33045486482067e-11,-3.30827112299985e-12,-1.5206811284236e-12,-1.78604177490704e-15,2.86335257037975e-12,4.31571318925288e-06,-1.09829680072782e-15,-1.97550923503597e-16,1.84837383885805e-16,8.43987759423817e-17,-5.06105574116233e-16,-8.62724673059319e-13,1.97773303078875e-16,-5.93948067811878e-13,2.37529099153395e-16,4.60855940497325e-14,6.92158209744254e-17,6.18999431356224e-10,-2.33753988387875e-16,1.05146296781983e-16,-4.14059272207073e-17
"t140",0.0393865480897811,-0.142338306680432,0.072912904329429,0.0138892385461583,0.00314018772525217,-0.0070651142127451,0.0711405853041796,0.0432525441648495,-0.0168919832658123,-0.38646482226504,0.000676743618000745,-0.000994839589914846,7.0319752460879e-05,-0.0169868498916981,0.00120744770151752,-0.00273973576055799,0.00180698476983766,-0.00576569550852576,0.00464443657191494,-0.00423005119926338,0.0470726464298606,-0.0985961157243676,0.0436508894264655,0.0121690935416567,-0.127058593481226,-0.0788469778423762,-0.000123475244541227,0.00369367725183302,3.34989239454778e-05,-6.04347964993342e-05,0.0090771328257125,0.0717704061318051,0.0063688966887583,0.0910328660195561,0.0174994058865132,-1.59455050685651e-05,6.43398795005584e-05,-0.0214139571595993,0.258313303290469,-0.0363857932265476,-0.00220931765775169,1.22230274670041e-05,2.30241789401651e-05,-0.00994468952869102,-0.00820981463808563,-0.00492756406446366,-5.76549914205757e-06,5.10171916851282e-05,-1.04821535175675e-07,-1.79528529982483e-09,5.57981237284014e-08,-4.34524994672985e-05,0.000277641526164024,0.00121145006373591,-1.35609861996354e-05,3.77818758631829e-07,-3.14549531874302e-06,1.34408779381727e-06,4.51661216612984e-08,-0.000130699493516952,-5.22100920746057e-08,-0.00284848023072939,0.0182527268737766,0.000120608534234539,-0.000977922887051249,-0.220892315841481,3.13101895868257e-05,4.62662606169642e-05,0.0859287844795057,8.5406392428657e-06,-2.21171564938373e-08,-1.09092308436351e-08,-1.62226434865645e-05,-1.74305550711433e-06,9.12765433070273e-07,-2.05473903166649e-06,-0.000112562040112885,-1.09553656731463e-05,-0.000240836364379477,1.73961317550568e-06,8.57204015035252e-05,-0.000213812951482041,-2.4654814612991e-06,-4.37192079370757e-06,4.37399019384191e-06,3.80375038637426e-06,-6.59177858191796e-16,1.90123549801146e-07,8.32179508992552e-05,-2.01338539916048e-16,-2.5350548286084e-08,0.00185800163772666,8.86699902391541e-09,4.4979592550696e-09,3.0794721849782e-07,-1.82536059292922e-11,1.80388348935087e-11,0.000596933439847296,-3.3350391050028e-08,-3.60852438354888e-11,-8.81842978565529e-05,-2.66432956483407e-06,-6.3260653521e-11,1.14546800265635e-09,-4.09078062109794e-08,-1.51715966895273e-09,-0.000379050372419302,-6.1267221961668e-08,-7.3153948296718e-08,-6.81416056783746e-13,2.5541203092002e-07,-6.59352415900564e-09,-3.15150628801397e-07,-1.20295582523022e-10,-2.6955257510873e-06,-0.0489535384046639,-0.00044485742777463,7.88343226684835e-15,-1.26157352049158e-09,-0.363079729385764,-1.50674703644754e-06,-7.94589307718932e-07,-6.76535554442086e-10,9.73174505027735e-06,1.60917804133392e-07,-9.85658489643001e-16,3.29052627244706e-09,1.28508560180218e-09,6.75636662345435e-10,-5.54195703876848e-07,-8.43501102788494e-16,2.34165985213419e-15,2.40308257441807e-13,4.64343118182653e-15,-2.98168607859584e-14,2.51626882698019e-14,-6.13438762008079e-12,-0.707106781190624,1.4365088523002e-09,-4.55687560591938e-12,6.6165415658927e-15,7.27461607356168e-15,1.2593470808276e-11,1.26340395258237e-13,-1.9269171020455e-15,1.33058470302832e-11,-3.31104713298288e-12,-1.520380860326e-12,1.50819781491722e-15,2.86331993843546e-12,4.31571319024008e-06,2.22565021967824e-15,2.70126238563653e-16,-8.56368779038949e-17,-4.60304089215575e-16,4.16767315103428e-16,-8.62536225169214e-13,-4.91128823455806e-16,-5.94367789577901e-13,5.64087421067145e-17,4.62185319495544e-14,-4.11972572342966e-16,6.1899960434068e-10,-1.77809156287623e-17,8.04274311488261e-17,-3.16770260170574e-17
"t130",0.0393206565934193,-0.141850009867196,0.0725835066450107,0.0137551238880976,0.00310960462690945,-0.00696176854081878,0.0698334697823507,0.0422839065327336,-0.0163960148655317,-0.374831809982647,0.000653534201140784,-0.000956770097439382,6.6823659283911e-05,-0.0161070274066651,0.00113514917435405,-0.00256943533721462,0.00168583561529126,-0.00536425012155531,0.00431882517067294,-0.00393223085252279,0.043237318362872,-0.0903012914302182,0.039879494037534,0.0109856894353642,-0.114387492482948,-0.0701067639298428,-0.000109560140177874,0.00327513313870464,2.95446295755276e-05,-5.32646743251104e-05,0.00794160550784536,0.0625592730903295,0.00554923274486733,0.078467742852227,0.0149989349155636,-1.34868889100794e-05,5.37816251316132e-05,-0.0178196783124572,0.213926431593997,-0.0299992587526085,-0.00181791562463542,9.98492255613802e-06,1.79743591854114e-05,-0.00757842782237983,-0.00619516821155252,-0.00357032361937374,-4.07193170824617e-06,3.53680153930959e-05,-7.2422082520792e-08,-1.22564420067197e-09,3.65706488056656e-08,-2.84034663640114e-05,0.000176777522383963,0.000763942696770809,-8.43954523769819e-06,2.24616271226816e-07,-1.83952398217103e-06,7.64810986610218e-07,2.40925184837038e-08,-6.85847869660619e-05,-2.68238765655496e-08,-0.00134725170757028,0.00839171043716968,5.28494421999832e-05,-0.000422162302141691,-0.0944149868038227,1.29814788599237e-05,1.84648366406989e-05,0.0335478415741551,3.05282095997396e-06,-7.49444300672183e-09,-3.542739247123e-09,-5.24369643086946e-06,-5.2259253697411e-07,2.54687536034928e-07,-5.56985782374186e-07,-2.95834489229355e-05,-2.46634301582496e-06,-5.18554208925494e-05,3.30519284236927e-07,1.50997678281308e-05,-3.58552121602387e-05,-4.12264727390479e-07,-3.56650302647868e-07,1.52578223706323e-07,2.17600544199419e-08,1.75403596401508e-16,-5.00562662494496e-09,-5.76224130319734e-06,2.16902189391143e-18,2.79307696266245e-09,-0.000276409668723053,-1.42916312985408e-09,-8.9487173379141e-10,-6.41060638525569e-08,4.84952871046204e-12,-5.03445528928494e-12,-0.000193031770708576,1.12479851758617e-08,1.33872248590067e-11,3.9407787950971e-05,1.43509413345465e-06,3.70463036548765e-11,-6.98279977179616e-10,2.74201990559534e-08,1.07136720226403e-09,0.000314432619854642,5.83609061081962e-08,7.3058317287431e-08,7.39863146681838e-13,-2.83742241848073e-07,7.42997227975329e-09,4.01187389431797e-07,1.83900342870524e-10,5.59428210446715e-06,0.104264675436026,0.00097691955062139,-1.9730118670366e-14,2.89507959774698e-09,0.843118244514913,3.69393911842878e-06,1.97180656948814e-06,2.01046383475963e-09,-3.06177512721315e-05,-5.07432009699566e-07,1.13895525916596e-15,-1.21622034186406e-08,-5.03214279283742e-09,-2.65715126103024e-09,2.21569264184435e-06,9.49877522614495e-16,-8.61832306908727e-16,-4.00558561520312e-12,-4.81346790942449e-16,-9.64262957675599e-13,-7.15327022536769e-16,-9.18409499261161e-11,7.91362634702804e-12,1.70589751329877e-08,-5.25213589440187e-11,-4.83269958978772e-16,-1.52394214100702e-16,7.87305466140085e-11,7.74233730749805e-13,3.05137890493666e-16,7.52722974016187e-11,-1.63140367982801e-11,-7.30999771856396e-12,1.78579160973431e-16,1.2677153847846e-11,1.88102746475072e-05,-7.41052184893842e-16,-3.99060842558196e-17,8.26819685267924e-18,5.05389845283954e-16,5.13694989323632e-16,-2.75833774766344e-12,8.34682304675358e-17,-1.59009044538132e-12,-4.24301390643657e-16,1.22196500746498e-13,3.7410751752431e-16,1.38943023200114e-09,-1.43982048506075e-16,7.76651225535132e-18,2.15921104930435e-16
"t82",0.0390235758756789,-0.139646173789234,0.0710958768160515,0.0131475862920758,0.00297105674932623,-0.00649222539524179,0.0638813623543853,0.0378624292280987,-0.0141225505068431,-0.321483425081464,0.000546825135422341,-0.000781314335894907,5.05967589649859e-05,-0.0120181217801787,0.000797449896226356,-0.00177283992177622,0.00111740468115057,-0.00347759649719519,0.0027880987081728,-0.00253188827616852,0.0250760935918565,-0.0509563378367584,0.0219644391447617,0.00532457485803075,-0.0536738680162453,-0.0279205313261756,-4.23142304375258e-05,0.00125165420082062,1.03671090581655e-05,-1.84771272179736e-05,0.00240845566600285,0.0175774992158624,0.0015455122189375,0.0167025842857705,0.00266669284562781,-1.26615078606766e-06,9.36413648440414e-07,0.000217581540308215,-0.00944999283657644,0.00222522554680166,0.000159282759339952,-1.36924599112788e-06,-8.3337532738449e-06,0.00492427371177197,0.0045109508033899,0.00381504659739804,5.28158298519052e-06,-5.19980889286738e-05,1.08813191120435e-07,1.98291394966465e-09,-7.43098810469053e-08,5.85140541705683e-05,-0.000414638611879973,-0.00187456024339528,2.19852652883445e-05,-7.09557377885697e-07,6.19846033668821e-06,-2.85613541542014e-06,-1.12495867272944e-07,0.000337700885204381,1.41184869078247e-07,0.00904962019479446,-0.0609593482785576,-0.000436147444960029,0.00362065812964905,0.830500237975129,-0.000123228689311734,-0.000192308218875453,-0.368134673597454,-4.09704489769096e-05,1.12981770090641e-07,5.84316294653956e-08,8.73329823968191e-05,1.01475011868677e-05,-5.69527898012922e-06,1.31656310918029e-05,0.00074140241009926,8.19075575337874e-05,0.00186161525517331,-1.46677432624427e-05,-0.000758470705046727,0.00194899020419193,2.25119578117116e-05,5.49471513287109e-05,-6.68279841796743e-05,-6.64245588065457e-05,-1.5301494196821e-16,-3.9002574046532e-06,-0.00218846253205428,-3.42063619166579e-16,8.91776087808433e-07,-0.0935714917842743,-5.15899114981446e-07,-4.83812994359099e-07,-4.15040036404958e-05,-4.66856480305588e-09,2.79109344836071e-09,0.0405547829405056,-1.93282491330598e-06,-1.54777270944796e-09,-0.00241170529222246,-5.11242719042708e-05,-1.05468584801596e-09,1.79008442532957e-08,-5.51629381168318e-07,-1.89144615068612e-08,-0.00373270229120843,-4.93253585499018e-07,-5.49071971220561e-07,-4.50206067246446e-12,1.62872709698895e-06,-4.11089083665562e-08,-1.6029950197376e-06,-4.24614646395149e-10,-3.05507260780085e-06,-0.0456477507063255,-0.00030897047749226,3.4002350707757e-15,-4.41959975733181e-10,-0.0934167578346633,2.60177951036984e-07,2.14324536716641e-07,1.19168183693462e-09,-2.19821529439947e-05,-3.66733602255267e-07,-3.5778486978703e-16,-1.23456210730232e-08,-5.55759596501033e-09,-2.9515979473311e-09,2.5140784611602e-06,-3.17824937694373e-16,-3.20571477349652e-16,-8.05574025370262e-12,9.71299237469947e-17,-2.20562394845532e-12,4.48466604892174e-17,-2.18119982694529e-10,1.83475136771538e-13,4.11565037601282e-08,-1.26986182847772e-10,6.54487138761917e-17,-1.12593117881428e-16,2.00163506334138e-10,1.97059578280445e-12,6.13448274887696e-17,1.92998855551452e-10,-4.22933986420264e-11,-1.89876240581422e-11,-1.10047962038413e-16,3.31229668389849e-11,4.91946801014549e-05,5.13952487339597e-16,1.00882175292012e-16,-7.30502435895221e-17,-6.21414021442009e-17,-2.07706031193911e-16,-7.30302023468600e-12,3.31926512334185e-16,-4.18988916505618e-12,5.98315917952286e-17,3.21146262992752e-13,4.81231099916719e-17,3.58847989535754e-09,4.38288728227265e-17,9.24427480486546e-17,-7.00864209870797e-17
"t63",0.0386948500412676,-0.137197003538606,0.0694381759158598,0.0124617632605756,0.00281462273149908,-0.00595531129163304,0.0570073531770486,0.0327002901656465,-0.0114162423317255,-0.257844297682827,0.000417983815862306,-0.000566973256025514,3.00625576732555e-05,-0.00680937122568596,0.000355662299578933,-0.000722610810073771,0.000355191322290078,-0.000924521759179151,0.000713106901054235,-0.000631611002656844,-0.000602478494605979,0.00524854255760405,-0.00385686795917729,-0.00320599001947094,0.0387899918950051,0.039610585634027,6.62661180166639e-05,-0.00202516044603928,-2.14036696009899e-05,3.93240301652968e-05,-0.00708850773161317,-0.0609440570224544,-0.00545666321147527,-0.0969832441454434,-0.0206794335607189,2.3540869457404e-05,-0.000113762293512281,0.0404332752837043,-0.522467090820246,0.0783685550730016,0.00489209194901386,-2.99079441217604e-05,-0.000105042642554774,0.0660489403875341,0.0649863555568371,0.119981599549854,-0.00128195923205692,0.00144871679220216,-2.57751408690645e-06,-3.01391919113302e-08,4.57576274601808e-07,-0.000344956992345928,0.00167431231302378,0.00670663045756729,-6.74075635138399e-05,1.36602776202308e-06,-1.02814008972616e-05,3.74855935716609e-06,8.85715040095658e-08,-0.000234650732816308,-8.35374034179485e-08,-0.00279851099017365,0.0147853557805344,6.64529536712891e-05,-0.000467146482793546,-0.0951302660662297,9.21908761907762e-06,6.4365033212322e-06,0.00485118015850493,-1.9678172966471e-06,8.26244839907675e-09,5.15952707706603e-09,7.83758685904125e-06,1.09432843022625e-06,-6.70483438342234e-07,1.58097876731613e-06,9.02529983531526e-05,9.7823374935154e-06,0.000216470706028037,-1.51666763033984e-06,-7.08877170658535e-05,0.000168335046710118,1.93478779181621e-06,-1.83808306462706e-06,9.47416558616179e-06,1.52708456768904e-05,-3.84792997382313e-15,1.36524828616821e-06,0.00122988301998079,7.64765582817494e-16,-7.52326984857003e-07,0.114383334782012,7.11377170000554e-07,9.77434014139874e-07,9.25764967487818e-05,2.15670530802781e-08,-1.60539437606982e-08,-0.742494430607327,8.44519497994734e-05,-3.4225917057003e-08,-0.0147380131509321,-0.00019350200739744,-3.47157252699399e-09,5.56444357189568e-08,-1.52675724115606e-06,-4.95746642249467e-08,-0.00852572462199224,-1.02828058143925e-06,-1.11406567087366e-06,-8.74287731924408e-12,3.12762615661041e-06,-7.84025606178452e-08,-2.89398986848093e-06,-7.09915522201232e-10,-4.01749447458075e-06,-0.0560820737215379,-0.000329649038157118,1.53856232576179e-15,-2.04758748789351e-10,-0.00259012072038029,1.06038505222892e-06,6.85653181223347e-07,2.20570522467827e-09,-3.93531543644039e-05,-6.55818669134667e-07,3.12620837883684e-16,-2.09434098061372e-08,-9.31192212223226e-09,-4.94132485602264e-09,4.19582355456106e-06,-3.69424195461789e-16,-6.62447527388643e-16,-1.2291214351121e-11,2.50864239532989e-16,-3.27480577377859e-12,5.72913401445954e-16,-3.20975273015853e-10,2.35593358414539e-14,6.03101235102828e-08,-1.8597225301928e-10,-1.36022274743829e-16,2.84352381814836e-16,2.88550674854011e-10,2.83879399716848e-12,-3.27124406401446e-16,2.77318701911969e-10,-6.04797706042172e-11,-2.71279850203732e-11,2.02544160204231e-16,4.71777696527095e-11,7.00268447491908e-05,-8.33534630206856e-16,1.52913141941539e-16,-1.01995050159507e-16,-1.99442632500218e-17,-1.30104260698261e-18,-1.02673643784072e-11,-3.81571357453521e-16,-5.84756136741416e-12,1.04124751639352e-17,4.47704251082198e-13,-3.48584878217612e-17,4.97391383923228e-09,2.60208521396521e-17,-1.35669066643932e-16,5.61123932767164e-17
"t64",0.0387374474761383,-0.137507320885195,0.0696452571233454,0.0125416551379095,0.00283282443294858,-0.00601347266394249,0.0577096583221343,0.0331935605624991,-0.0116438260858582,-0.263118462444639,0.000427772236157108,-0.000581856459395024,3.11016411727487e-05,-0.00705516467781572,0.000370646660939886,-0.000754301533219589,0.000372091395327328,-0.000970346529935314,0.000748717673239843,-0.000663297525767418,-0.000637929294207832,0.00556846617452358,-0.004098978532742,-0.00343557110491253,0.0416474025952445,0.0428996301755677,7.1873190612926e-05,-0.00219759365832633,-2.33136277961151e-05,4.28536526934607e-05,-0.00776496003711884,-0.0669358163271799,-0.00599487682916436,-0.1073682467443,-0.0229864864223573,2.64177753604571e-05,-0.000128758159371316,0.0459126561493266,-0.595348231543317,0.0895920872914704,0.00560084700349536,-3.44235066068421e-05,-0.00012505030550236,0.0800809058290923,0.0793871011511643,0.151259632707087,-0.00164912049953535,0.00189149872904641,-3.37448433229177e-06,-3.98404269593773e-08,6.25388972184514e-07,-0.000472507561543046,0.00234422593446986,0.00946658091781918,-9.6216467008181e-05,2.02814874037305e-06,-1.54860513312738e-05,5.78466307850096e-06,1.44932055023105e-07,-0.000389843269092279,-1.41564399544798e-07,-0.00513596247126629,0.0279097845782245,0.000131705452377177,-0.000940246719068662,-0.193461351173915,1.93585232746773e-05,1.40798738113081e-05,0.0108699813605099,-4.87081338500684e-06,2.17804623505683e-08,1.43220012999971e-08,2.18816390393713e-05,3.36083200869024e-06,-2.26634863290023e-06,5.56236475599561e-06,0.000331762252885879,4.55835730267702e-05,0.001086985900533,-9.58306012970676e-06,-0.000524027921903148,0.00139117963563034,1.60981516156825e-05,5.2440034966888e-05,-7.35821370446614e-05,-7.99703839474595e-05,3.29569342381031e-15,-5.19355209482799e-06,-0.00336447794328658,-1.08448434871382e-15,1.59724350795837e-06,-0.19791287818068,-1.15854866158255e-06,-1.34019402190952e-06,-0.000122003264570784,-2.25646049696777e-08,1.59713680027584e-08,0.629623371504705,-6.82408495095245e-05,2.4674169613287e-08,0.00831404022630729,8.21082483079016e-05,1.27485752157436e-09,-1.89745200911518e-08,4.30412766712002e-07,1.24518234531781e-08,0.00139460748373387,9.93963395956893e-08,8.40426783032958e-08,3.49113737899974e-13,-9.55600050357025e-08,1.94788635266439e-09,-6.16962119288043e-08,-5.83324326342005e-11,-6.59914359350325e-07,-0.00954715218199178,-5.83844200556413e-05,6.35670859978995e-16,-3.82239196186672e-11,-0.000489987737031762,2.12418366979925e-07,1.39009735224215e-07,5.19732054463307e-10,-9.63914547955601e-06,-1.60873476351929e-07,-3.55230143947575e-16,-5.62718506607729e-09,-2.57337113559796e-09,-1.36830572667106e-09,1.17068129429844e-06,9.33404028141705e-17,6.39679281766448e-17,-4.63118787073364e-12,-2.90577794541589e-16,-1.39424236045294e-12,-3.89603725069536e-16,-1.42697888352898e-10,1.07791085721097e-14,2.73825940296912e-08,-8.46931149246513e-11,-1.09383871741412e-16,-1.97700777373297e-16,1.42930443145073e-10,1.4116622121943e-12,1.88322386191068e-16,1.39928966554594e-10,-3.13902634791214e-11,-1.41559083181061e-11,1.64266403817012e-16,2.50873902065322e-11,3.73791843963421e-05,6.34041430469523e-16,-1.03781765345594e-16,2.57293560755367e-17,-2.17840051064325e-17,-6.34475111338517e-16,-5.96141267860534e-12,6.12697092837162e-17,-3.59860155996899e-12,-7.87810292008759e-17,2.76896612888711e-13,-1.36258652240033e-16,3.26751328926411e-09,-6.76542155630955e-17,-6.07664883700061e-17,-8.00312886339931e-17
"t21",0.03177576149748,-0.0835646956725785,0.0319392638072846,-0.00934644446491978,-0.00221326515701703,-0.0708012991992495,0.0970579465360193,0.0201804266556195,0.00184756947511896,0.00569070196522352,-0.00055784533209258,0.00100716438412214,-0.00011032381200914,0.0280825010907037,-0.0023249837494944,0.00543990288977428,-0.00377127426763426,0.0122514441803995,-0.0098957184752431,0.00902705484372093,-0.100436436509718,0.206166465286911,-0.088977143987581,-0.0182564330932212,0.162120002302526,-0.0980277988115032,-0.000303817152219203,0.0112350876104716,0.00615661368338316,0.00378173837493089,-0.0426937543978193,-0.212600742019059,-0.0178904587467628,0.125833505983519,0.128459519698979,0.000115391093165597,-0.00013358144347012,0.0205033393877551,0.0337230366939528,-0.0402251901443158,-0.00339684420537785,3.83808212154633e-05,0.000377516660979137,-0.264673291029366,-0.254413398691703,0.133925339837489,-0.0401995918476041,-0.168793775983233,0.000208991736310991,1.38927073565028e-06,-1.14207297748414e-05,0.00822328881058927,0.00102973592535245,0.213919868944304,-0.0231783414481617,-0.000188068273644504,0.00148830938528534,-0.000703420088135216,0.000207505179547179,-0.107936635053932,-1.80490788042467e-05,-0.141699024363857,0.00769357633831837,0.000842221817616028,-0.00241169100208315,-0.0256678757777115,-0.000136446368980899,-0.000196648553248472,-0.0327131505825185,0.00279318678946919,3.41119647558931e-06,1.18405322281436e-06,0.00172433317412123,0.000155575086266265,-7.72010322734181e-05,0.000171814024867928,0.00239949538124432,0.000904306710426165,0.0199029469638378,-0.000144605882439113,-0.000418651917076294,0.0179149782216179,0.000206604856770196,0.000375104745057942,-0.0003759000616112,-4.92379023171546e-05,-5.21456318279839e-17,-1.58820151950663e-05,-0.00651220459487756,-4.15520971939326e-16,1.70277385306251e-06,-0.0821472979602232,-2.78789801251567e-07,2.41059784600659e-07,3.12000078036439e-05,1.01854176334445e-08,-6.65859454666365e-09,-0.0137900113097105,-1.42991834712917e-05,2.58240043163789e-08,0.0168706228965924,0.00239090866198444,1.0515978010295e-07,-3.93666844127515e-06,-6.59466338438175e-05,-1.22409082237746e-06,-0.0986576994515867,-8.39591940345007e-06,-8.24944960845934e-06,-5.52290810759955e-11,1.89299841607607e-05,-4.62431930341221e-07,-1.37252165458047e-05,-2.38533462426638e-09,-6.05331806142525e-06,-0.0763266132083384,-0.000390043171794576,2.59075919594733e-15,-1.61193440310263e-10,0.0103263568239817,7.67361737384446e-07,4.49141790609766e-07,-4.7035049038978e-10,1.82812877279753e-05,3.11138461711949e-07,-1.5197721709535e-16,2.37107551794986e-08,1.26380887411858e-08,6.78835287089871e-09,1.50475075419397e-05,-7.72643808229312e-16,-5.36029554076833e-16,6.07569095756942e-11,5.67611524196379e-19,2.40779167437477e-11,2.95084729928336e-17,2.71405862144854e-09,-1.27707247127494e-15,-5.45760134782608e-07,1.6993923111523e-09,-4.02853864426634e-15,-1.81633760815507e-16,-3.40971235229489e-09,-3.38425185736292e-11,-2.62155667557083e-16,-3.40884128237202e-09,7.18203076167653e-10,3.03930904457848e-10,1.21173211298911e-14,6.79936909536683e-10,0.709010585628747,-8.14626144318709e-15,6.33279247652963e-16,5.94297533516806e-16,2.03255198213437e-15,-1.16573417585641e-15,3.1363049505552e-10,4.60889927833953e-16,2.73142164051651e-10,4.91762874962364e-17,-2.19653382899166e-11,3.98065453354643e-16,-6.0704043801374e-07,4.5102810375397e-17,-1.75297372952951e-17,-7.53962916094706e-17
"t22",0.0317769313380509,-0.0835710011141257,0.03194243656132,-0.00934842599692894,-0.00221373842359163,-0.070824005913294,0.0970970039370601,0.0201903135052496,0.00184875385501681,0.00569444112127651,-0.000558262452916962,0.00100800373394613,-0.00011044287740906,0.0281140564915968,-0.00232799707584095,0.00544721737938359,-0.00377673615305123,0.0122698576382024,-0.00991069215160107,0.0090407710178782,-0.100612493888521,0.206539347630025,-0.0891423089660494,-0.0182944612475341,0.162466070026515,-0.0982596748805889,-0.000304547392711793,0.0112622351985081,0.00617209053542673,0.00379129184880145,-0.0428072729753191,-0.213180165838787,-0.0179393480935242,0.126201352759032,0.128847746174556,0.00011576623504652,-0.000134042387725217,0.0205756304418111,0.0338446290532354,-0.0403731915294409,-0.00340945320949551,3.85278330018967e-05,0.00037923180238564,-0.2659713021656,-0.255697603757751,0.134678062800958,-0.04043938015077,-0.169841583588708,0.000210298201267046,1.39816681413818e-06,-1.14995861051118e-05,0.00828032913164475,0.00103719532570032,0.215493067878536,-0.0233522383664772,-0.000189572422136971,0.00150046705937925,-0.000709360713049821,0.000209385303608908,-0.108930597593105,-1.8218659797248e-05,-0.143127403763036,0.00777281507249757,0.000851194306369599,-0.00243763909783185,-0.0259458253611855,-0.000137952225332189,-0.000198867864696056,-0.033086882654074,0.00282655495439197,3.45293890041849e-06,1.19880132534044e-06,0.0017458511142582,0.000157572456347416,-7.82165703695917e-05,0.000174094772111072,0.00243164528174578,0.000916930069020577,0.0201836474175243,-0.00014669872738514,-0.000424794734786439,0.0181800205778407,0.000209662885053484,0.00038110872552839,-0.00038215637381951,-5.00766650454e-05,4.09182647755756e-17,-1.61593017180226e-05,-0.00662954080623792,-4.28386092979474e-16,1.73434523691855e-06,-0.0837102284010388,-2.84137032999232e-07,2.45795277305336e-07,3.18164168607886e-05,1.03936769672679e-08,-6.79579536712322e-09,-0.0140812887621807,-1.4603508122212e-05,2.63835552040764e-08,0.0172504761454168,0.0024471103468745,1.07683604559432e-07,-4.0321258624116e-06,-6.7586496571508e-05,-1.25496869762787e-06,-0.101264381657137,-8.6273161214413e-06,-8.48022418106186e-06,-5.68160349947668e-11,1.94780655826191e-05,-4.75883562606123e-07,-1.41410774092791e-05,-2.46232274847547e-09,-6.27113499846326e-06,-0.0790987186002915,-0.000404365400537756,2.49097223543424e-15,-1.67204507394836e-10,0.0107131989349475,7.96671434919773e-07,4.66371425792824e-07,-4.8958140277649e-10,1.90437469722304e-05,3.24125410140069e-07,-3.11509696396613e-16,2.47555637310047e-08,1.32057944138609e-08,7.0937236430078e-09,1.57280928987116e-05,4.7495316235099e-16,-5.58580959264532e-16,6.46492868208059e-11,-1.44989499108626e-16,2.61638193749247e-11,1.33946708970833e-16,2.99168324972333e-09,-2.15685822036993e-15,-6.07457341296903e-07,1.89455238709286e-09,3.72964177562936e-15,1.99307038747554e-16,-4.18943367716472e-09,-4.19503487767466e-11,3.32831422462996e-16,-4.45102749033301e-09,1.20946150090691e-09,5.81025245033643e-10,-1.24083517290298e-14,-2.34324438390278e-09,-0.705192602246488,8.31539698209482e-15,-6.1209107725275e-16,-3.77483252820352e-16,-2.05893414256021e-15,1.21777588013572e-15,2.72617782515194e-10,-3.75628416166409e-16,2.53746830405216e-10,-8.73171104207103e-17,-2.04738129208838e-11,-4.95400393978712e-16,-5.8117585895732e-07,-5.3776427755281e-16,1.1258374430514e-16,1.4303564733088e-16
"t18",0.0425275846334151,-0.00134662852952834,-0.00128673196899354,-0.0373448650230492,-0.0111668246792471,-0.0859890095350354,-0.0204682305236385,-0.0081629393608664,0.0060135278664626,0.00084522160060834,-0.00379221725781806,0.00162114218031567,-0.000180844193315981,0.074593479480632,-0.00459115904923083,0.00396880718115124,-0.00565770029764605,0.0157520251358722,-0.00616047728462618,0.00583131655574492,-0.0656621669819667,0.0988455726716155,-0.0405701060704587,-0.00381061064488521,0.016584581492291,-0.0358292657875081,0.000293846995369737,-0.00452309629287882,0.0291256281617924,0.00500264961113041,-0.0398691864680596,-0.10497306960932,-0.00853817744973286,0.0898704085166725,0.0527177185001507,1.92034259960249e-05,8.18590103370333e-05,-0.00415104028773396,0.0547003281847741,0.016406963555578,-0.000107867115053506,-2.60279311940194e-05,-0.000376229810943448,0.247675144606665,0.278102831988469,-0.0735179402522992,-0.0381800271862482,0.116715865017446,-0.000131343225307946,-1.56209105900031e-06,2.43456194977078e-05,-0.0184299777217116,-0.020398027919862,-0.0517778959401185,-0.00665221579828286,0.000428067111694391,-0.00385991390053193,0.00229691457766515,0.00528694684838374,-0.279296680228235,-3.79211898735807e-06,-0.478126765270672,-0.0115357193832676,-0.00584995647281359,-0.00808559421385518,0.0137526856308769,-0.000476430262039134,0.00125870464164554,0.0132637328772249,-0.0220564202753733,-2.89921518457589e-05,-1.03689353646475e-05,-0.000118738370133741,-0.00160836600289052,0.000893577216042708,-0.00100747224255255,-0.00126406050622819,-0.014575081381861,-0.335685895979097,0.00390066257054565,0.000789098280887896,-0.569035599858785,-0.00660009206271259,-0.0282371613262323,0.0393481914669974,-4.94849044126336e-06,7.61339864611608e-16,0.00176570211600192,-0.0937977011907294,-2.06608365296294e-15,1.59392309240315e-05,0.000147337301949831,2.76958382667419e-06,1.13646857776042e-05,0.00121419523049827,9.93819029877817e-06,-0.00155860818324817,3.38455532749289e-06,3.7060233364384e-05,0.0271207702420501,2.32199741140198e-05,0.00289278196368879,1.09132604885686e-07,0.0153422349300964,-4.55183891524016e-05,0.00186326438734926,-0.00382417636077425,-0.0165626402265862,-0.0294311644895534,-1.39426173722881e-06,-1.65189123197199e-05,0.0115457895957666,1.70379038574465e-05,3.74611799913716e-09,2.89604989324172e-06,0.00263549652853172,-0.105685069522523,8.5330771982946e-15,-2.77145338764224e-10,-0.000206432307279968,3.58073961185829e-06,0.0010107298694353,6.30537404643871e-06,-0.000478819962397486,-8.04074343785117e-06,-1.9371844613724e-16,-9.06784353555897e-05,-4.37263839442413e-05,-1.10553595661553e-07,-2.43422430518973e-07,2.2279504450673e-16,-4.1589995336544e-16,-1.46658428519432e-09,-1.46980179956104e-16,-1.16013468970388e-09,-1.79133245262034e-16,-1.61483165486855e-05,-1.33742847067244e-16,0.00469671547131789,-1.57175504498086e-05,-1.58477768983364e-16,-8.96312456734999e-17,-1.84353918639876e-05,-3.09705802722209e-09,1.32982782409463e-16,-1.29234489298784e-05,2.01354210918489e-06,1.79436459573947e-08,-4.30609312122033e-17,-1.27180265728467e-06,-8.51648800478987e-06,-1.73472347597681e-16,-4.36369891866866e-17,-1.00457817656531e-17,8.48076456430032e-17,2.64545330086463e-16,5.24427623701217e-09,1.77080992376796e-16,3.47179550603052e-09,5.42394012243602e-17,-7.78772633425358e-09,-2.78923010573536e-16,-0.000136165288102934,2.35922392732846e-16,8.45728552123069e-17,-2.35313002916651e-17
"t42",0.0821434439651596,0.071026899662194,0.00357393864487468,0.049888377170317,0.0167887397405068,0.00168058950899157,-0.00230131976899486,0.000990732038298155,0.000163547963110114,3.20004799084572e-05,-0.0390919114067244,0.000132724126786241,-9.51384763195041e-05,0.0744616657601495,0.0504804495148747,-0.00133391339423336,-0.0137883458000532,-0.0203179474371371,-8.63059405118442e-05,-0.000490196763476544,0.0657800325948987,0.0195713159855196,-0.0024888673165061,2.57015982289146e-05,-0.000125215000255555,-8.46545224215153e-07,0.0430449248468755,4.63825631871662e-05,0.00282121483229918,-0.000406771026117952,0.00025171010800943,6.6761769149098e-05,3.20106989869814e-06,0.000509514758598881,0.000449555040081054,2.99515493678551e-07,0.00155937643985065,-0.000136232133156984,0.00297230425405616,0.0158227227474644,9.41606842140904e-06,0.00461116758840761,-0.000105813206703166,0.00826502548375267,0.0102464777235617,-0.00455514925349313,-0.00737830734130963,-0.00428270205960986,-0.000155181356438303,-2.25424922161945e-08,2.08186193366586e-06,-0.00174483187778245,-0.107066774270219,0.0183029204743068,0.0704278462542069,-4.71466949716594e-07,-1.32357117956114e-05,2.2532941317584e-05,0.000129335383206189,-0.00909405316906783,-4.18280538625227e-07,-0.0085022757414693,-0.000243362462036329,-0.000153372721465259,0.00567649744798874,0.000343922394867973,0.00657951657454571,4.01604926722629e-05,0.00045011611073045,-0.0010240672092471,-2.04629436953356e-06,-4.70671036564259e-06,-0.169603719389413,-1.08120923320094e-05,2.05994914359675e-05,-0.015783070575333,-3.58046333497646e-05,-0.000695874934613869,-0.0206455022423513,-2.10860243133474e-05,1.65775219358674e-05,-0.0156648656251854,-0.000183698645715464,0.00234137169852859,-0.386452399892074,4.27755008545266e-07,7.09623293850954e-15,0.00391254787228877,0.000716246103970089,5.46480840349618e-17,2.99396922883543e-08,1.08280095801985e-06,2.41651006123791e-08,1.38875446790401e-07,1.57366831838039e-05,1.75692555391742e-07,0.0268858963675626,6.67448165251956e-08,7.75001099969554e-07,-0.00527667382512004,5.30270539215082e-07,7.75954080909585e-05,3.25834262025357e-09,-0.00825932100258607,-1.42402020268616e-06,-0.0437272800819186,-0.000165073558768364,0.32556152106412,0.754908335975361,0.000146764882087751,-2.09497390323086e-09,-0.285460555075338,3.76331407616259e-07,1.24063183771367e-10,3.34347312441912e-07,0.000466610482324354,-0.0708087779181841,5.8061202587348e-15,4.54765527812867e-11,2.40715165463384e-05,-1.50179881515245e-07,0.000614870064218657,-0.0168233135985754,-2.04946273396687e-06,-3.54388276851633e-08,2.81135977696696e-15,-0.00180992808432142,-0.000750644866902274,-1.34318473307779e-09,-3.04899371022159e-09,1.61813407959042e-15,-1.5696808002702e-15,-3.2886690608813e-11,1.0153422993831e-17,-3.03388657512532e-11,-1.18817432437672e-15,0.00133226158246972,5.4003065337012e-16,0.0249408403548289,1.34770978065199e-06,-3.94044230536755e-16,-2.1386045137844e-17,0.00234659147448603,-8.33127306044388e-11,1.52587757736902e-16,-5.81330474319615e-05,-0.000291291422073716,5.0877491826439e-10,-3.51392773255553e-16,0.000201341910813559,-2.46739955919069e-07,-5.06268204442106e-16,4.57549879177182e-16,-2.92331719689445e-16,-1.52681185927897e-16,1.11174090766664e-15,1.63819672416846e-10,-4.53877283734067e-16,1.142595789474e-10,1.19785152015161e-16,7.04547794681198e-06,1.40336740380243e-16,-0.00040553750348772,-4.57804367332004e-17,-3.31584563029973e-17,7.15688557371959e-17
"t58",0.0891778672232546,0.0852099777764311,0.00460141011625875,0.105285122135779,0.0358440100901055,0.0158010212570941,0.00936522594815542,-0.0013398073750123,-7.56971596715692e-05,-1.34305692959766e-05,0.0113662250405122,-6.1255738924267e-06,-1.59089467763481e-05,0.0152881130074616,0.0196765181729363,-0.00063318679190493,-0.0132078236968611,-0.0928714924997424,-0.00736851736154903,0.00376776683652195,0.0161334042573702,0.00638971620004399,-0.000975040857464194,2.01475645759799e-05,-0.000116517861917835,-3.06674638172718e-06,0.287609118623223,0.000432112227373478,-0.0129078583501666,0.00156209715975408,-0.000347947507979113,-6.89496234452692e-05,-3.21460626931478e-06,-0.000287264028716301,-0.000201131964416622,-8.48367684744104e-08,-0.00679227332830179,2.29425885792806e-05,-0.000434859018198024,-0.00201776111547949,-1.12832738517971e-06,-0.00159628614465472,-1.3405506855476e-06,0.00039953415931946,0.000622688402787113,-0.000473738284877299,-0.000935288860021112,-0.000607744298138979,-2.2435034337252e-05,-3.46600170737262e-09,3.81394956838897e-07,-0.000322868094227411,-0.0217212974080042,0.00383053005691484,0.0153508529115322,-1.1674480657355e-07,-3.41764609429322e-06,6.21704198961283e-06,4.12114182955217e-05,-0.00299961865635245,-1.44146126982543e-07,-0.00346061725079977,-0.000104834620434308,-7.28890751663328e-05,0.00278486493553545,0.000172457159429531,0.00996435334876007,2.33175438989363e-05,0.000276318402110066,-0.000826094084906967,-2.13205239277787e-06,-6.9267869392531e-06,-0.263501950881923,4.6453452615917e-05,-5.7003335428815e-06,0.00234916861655285,-3.08949066186288e-06,-0.000288608694336831,-0.00972211001549754,-1.26778481749227e-05,1.1104938672697e-05,-0.0111582510035339,-0.000131296883296726,0.00297650272789955,-0.70518277217853,1.03032320695587e-06,9.61998599268191e-15,0.0139898702113496,0.00639353551816791,-1.19512056897817e-15,-8.39875623875083e-07,-6.55891683333978e-06,-1.18043956586107e-07,-4.36209122612263e-07,-4.573281845274e-05,-4.08726114793753e-07,-0.232847541018375,-8.91212363062858e-08,-1.00250655633423e-06,0.00624037103029758,-5.21825950273994e-07,-6.45674844125635e-05,-2.54806424806035e-09,0.00631236446563481,1.11078468060226e-06,0.284128543202148,8.70030227543873e-05,-0.163391073975322,-0.377792143260346,-9.14050772571129e-05,8.99745851304715e-09,0.0179705994495408,-1.33093050448132e-07,-4.10414141907567e-11,-9.43289616793662e-08,-0.000129928344473765,0.0194170231116143,-2.97619519780716e-15,-1.22033098499976e-11,-6.42213941839319e-06,3.90413683024375e-08,-0.000158937443514582,0.000294286967528286,4.72712865271212e-07,8.16786864597623e-09,-1.35297783230204e-15,0.000392721350564807,0.00015939741212057,2.84767001048343e-10,6.42532639112733e-10,-4.67755868964016e-16,1.5480238618748e-15,4.99072497385429e-12,2.36150947282713e-16,3.72239814926817e-12,6.60525603906844e-16,0.0015570767147759,-1.92635881427146e-16,-0.00264380040661619,-1.41777017321735e-07,3.79974910114442e-16,1.837917211922e-16,0.0028289028191449,6.68765554781949e-12,2.22284079394196e-16,4.43285266738393e-06,-0.000357998659450482,-3.36756918898346e-11,7.81881341001882e-16,5.882827070894e-05,1.46064329277631e-08,2.12503625807159e-16,-9.1793109621574e-17,2.89636934661946e-17,3.92151660464954e-16,2.56305393575573e-16,-5.18434661452255e-12,-3.01427867185249e-16,-1.25050734741186e-12,3.84230291758681e-17,9.27480403738924e-06,3.21095241101165e-17,-5.76250367229098e-06,-1.5254724566871e-16,-1.07890179076121e-16,1.2902163715451e-16
"t112",0.0898871356124858,0.0866113096137268,0.00470158240210784,0.110307511928468,0.0375693129651015,0.0169713843776164,0.0102532620840957,-0.00149791239487648,-8.78512566293946e-05,-1.56502669890854e-05,0.013556582521928,-7.47253493410019e-06,-2.07714190686825e-05,0.0202185480270519,0.0273981726756563,-0.000895026221843605,-0.0192952304002774,-0.138120541136559,-0.0109955625779782,0.00563415426899665,0.0261566615171111,0.0105726785359608,-0.00164225675182185,3.71118591735488e-05,-0.000219318320753367,-6.39977819511623e-06,0.611204109954073,0.000923970010600339,-0.0289707755447875,0.00352823404168369,-0.000843392856683845,-0.000173505003094967,-8.12328283922433e-06,-0.000815781057199727,-0.000610534029261369,-3.06603587735098e-07,-0.0294713887732473,0.00010770786702339,-0.00223655430406912,-0.0113840236020506,-6.65207916651455e-06,-0.0112468254902281,5.06156823266653e-05,-0.00353970353437988,-0.00422376025276072,0.00165335231807985,0.00252008319054184,0.00140954442492808,5.07579427142049e-05,7.22297791436809e-09,-6.29788034858637e-07,0.000526174245341036,0.0314073639565678,-0.00532257912027518,-0.0202618347960097,1.3187022917117e-07,3.67599384086233e-06,-6.20456709399036e-06,-3.53850200942528e-05,0.00249096252057344,1.14924190019497e-07,0.0024033613468047,6.98919148925402e-05,4.56195798537533e-05,-0.00171144452064797,-0.000104739579567299,-0.00584571294026421,-1.31388430368651e-05,-0.000152329691861284,0.000420893834268631,1.04182099407407e-06,3.28295085186609e-06,0.124485155451808,-2.09066223041015e-05,2.46214636666928e-06,-0.000999290679546791,1.29386127438582e-06,0.000112898652639184,0.00373904718278509,4.67292499021773e-06,-4.00222976522612e-06,0.00396763876623397,4.66510176616515e-05,-0.000931843098047244,0.207386552331579,-2.91981945090127e-07,-4.35487530065263e-15,-0.00381244745629165,-0.00165739722622654,7.92017851213821e-16,2.08073523042672e-07,1.5599441527452e-06,2.7719169881299e-08,9.86321290432107e-08,1.02481004595457e-05,8.67535641564405e-08,0.0488240404880361,1.79684840461488e-08,1.99719201867971e-07,-0.00120837782287442,9.50729060021344e-08,1.09833222795566e-05,4.19266250707919e-10,-0.00102163742851378,-1.72640817607923e-07,-0.0431507601769228,-1.2255277046549e-05,0.0214753240134993,0.0484466373006865,1.12110620169767e-05,-1.08962199592971e-09,-0.00215931297674008,1.49295592750433e-08,4.13036618795992e-12,7.81671386305766e-09,1.0584149680659e-05,-0.0015499452199294,-2.91061500651965e-15,9.44993616219706e-13,4.93837492346859e-07,-2.89402854073773e-09,1.1684780814234e-05,-1.91070589716303e-05,-2.9490443699022e-08,-5.08742795070002e-10,0.707106781186548,-2.18627363828285e-05,-8.5160335504322e-06,-1.51616148032398e-11,-3.38404818041335e-11,6.81382826537805e-16,-2.64859748716484e-15,-9.91811074381896e-14,-1.39461554649888e-16,-2.2514542313834e-15,-1.16449783125478e-15,1.16867846998173e-05,-6.84436362939857e-16,-3.11019467102126e-05,-1.75706489494709e-09,-6.57268390662329e-16,4.48950384288415e-16,8.9792630338734e-05,2.18041725845534e-13,-3.4372275613166e-16,1.61977402460396e-07,-1.58645190285801e-05,-1.54470293283279e-12,-1.99285957564967e-16,3.02684322960018e-06,7.68469877786098e-10,-1.85290151277773e-16,1.82324067961418e-16,-1.08782400201649e-16,2.52403349710397e-17,-6.60495963478169e-16,-4.23104246408644e-13,-4.35350777885225e-16,-1.33052734953808e-13,1.50346922875201e-16,1.00796317157782e-06,-3.48012220750467e-16,-8.06548283056183e-07,1.13732807893729e-16,8.5714508374132e-17,3.76984263584083e-17
"t113",0.0898871356124858,0.0866113096137268,0.00470158240210784,0.110307511928468,0.0375693129651015,0.0169713843776164,0.0102532620840957,-0.00149791239487649,-8.78512566293554e-05,-1.56502669890741e-05,0.013556582521928,-7.47253493408864e-06,-2.07714190687087e-05,0.0202185480270519,0.0273981726756564,-0.000895026221843573,-0.0192952304002775,-0.138120541136559,-0.0109955625779782,0.00563415426899668,0.0261566615171111,0.0105726785359608,-0.00164225675182189,3.71118591735186e-05,-0.000219318320753391,-6.39977819513098e-06,0.611204109954073,0.000923970010600263,-0.0289707755447874,0.0035282340416837,-0.000843392856683832,-0.00017350500309495,-8.12328283873341e-06,-0.00081578105719972,-0.000610534029261461,-3.06603587729433e-07,-0.0294713887732474,0.000107707867023437,-0.00223655430406926,-0.0113840236020507,-6.65207916656841e-06,-0.0112468254902281,5.06156823263485e-05,-0.00353970353437996,-0.00422376025276065,0.00165335231807982,0.00252008319054192,0.00140954442492809,5.07579427141993e-05,7.2229781331655e-09,-6.29788034851827e-07,0.000526174245340787,0.0314073639565677,-0.00532257912027517,-0.0202618347960097,1.31870228915624e-07,3.67599384079684e-06,-6.20456709380648e-06,-3.53850200944502e-05,0.00249096252057322,1.14924189943453e-07,0.0024033613468047,6.9891914892623e-05,4.56195798535704e-05,-0.00171144452064851,-0.000104739579567371,-0.00584571294026377,-1.31388430372058e-05,-0.000152329691861061,0.0004208938342689,1.04182099443391e-06,3.28295085186773e-06,0.124485155451808,-2.09066223043506e-05,2.46214636694911e-06,-0.000999290679546787,1.29386127437355e-06,0.000112898652639825,0.00373904718278518,4.67292498942336e-06,-4.00222976635461e-06,0.00396763876623423,4.66510176601508e-05,-0.000931843098047137,0.20738655233158,-2.91981945182069e-07,-1.67299279843759e-15,-0.0038124474562919,-0.00165739722622691,-2.24212043975904e-16,2.0807352194994e-07,1.55994415311578e-06,2.77191693951427e-08,9.8632127964957e-08,1.02481004596897e-05,8.67535647513693e-08,0.048824040488036,1.79684833609431e-08,1.99719202196756e-07,-0.00120837782287563,9.50729064381684e-08,1.09833222786998e-05,4.19262626446638e-10,-0.00102163742851442,-1.72640817934282e-07,-0.0431507601769229,-1.22552770457549e-05,0.0214753240135003,0.0484466373006903,1.12110620126617e-05,-1.08962278306049e-09,-0.00215931297674256,1.49295585952485e-08,4.12971219720948e-12,7.81670717611879e-09,1.05841496836788e-05,-0.00154994521992868,3.63753266021959e-15,9.47081082838877e-13,4.93837494000538e-07,-2.89402990157409e-09,1.16847808114013e-05,-1.91070589679494e-05,-2.94904523561595e-08,-5.08738834696307e-10,-0.707106781186548,-2.18627366518353e-05,-8.51603347552498e-06,-1.51723280871799e-11,-3.38044069489485e-11,-5.12106997273162e-16,2.01780866321277e-15,-1.0112275632509e-13,6.86284796464491e-17,-2.02463913689943e-15,1.13227254922163e-15,1.16867847002707e-05,8.28241986910566e-16,-3.11019467104131e-05,-1.75706619385284e-09,3.55810061542404e-16,-4.8746860305105e-16,8.97926303377825e-05,2.18023302878931e-13,1.36804691065839e-16,1.61977402200739e-07,-1.58645190292806e-05,-1.54454784279421e-12,4.80725418047134e-16,3.02684322949416e-06,7.68470014226165e-10,2.56305393575573e-16,-2.58398776119737e-16,5.40758553666652e-17,-4.88237575341415e-16,5.4752209710518e-16,-4.23184030136012e-13,2.49864943656542e-16,-1.32910582496468e-13,-2.06595076008598e-16,1.00796317139503e-06,1.60604713539596e-16,-8.06548283088546e-07,-1.19479079407903e-16,9.38740818231263e-18,1.96709599079672e-18
"t146",0.0933452699779242,0.0938137371386949,0.00523427902563339,0.142241867906685,0.0485743374079011,0.0261472536605843,0.0186946869384852,-0.00344322357866586,-0.000391277799463891,-7.78258647008494e-05,0.210601346853263,0.000105283863973665,4.28849277082068e-05,-0.0361150551348809,-0.033263943449044,0.00102036418370373,0.0211289514621766,0.162111417941378,0.0132384137658814,-0.00691024793427262,0.00668892065324231,0.000758326984762378,-2.84355078508311e-06,-2.63284984168164e-06,1.53092371149867e-05,3.18477026617012e-07,-0.0279189683680129,-4.09387027486986e-05,0.000984262189170066,-0.000115373037182896,1.67479853474784e-05,2.46038040992765e-06,1.10439245012105e-07,1.4796854674419e-06,-2.44139722641382e-07,7.70917782275072e-09,0.500458022146475,3.40913611420485e-05,-0.000449187133729646,-0.00192746471782075,-1.07689401080872e-06,-0.00167012879632473,7.8732098252303e-06,-0.000589487915737595,-0.000721765300040648,0.000309749173627898,0.000495132566971684,0.000285545107540039,1.03369391149576e-05,1.49753180069336e-09,-1.3784498908264e-07,0.000115538097540361,0.00710713812215443,-0.00121695940071669,-0.00469617917142546,3.19152400104616e-08,9.02492812508357e-07,-1.55828116112349e-06,-9.33885301119576e-06,0.000665345678305602,3.11694304642707e-08,0.000692083067821937,2.05712894547231e-05,1.40230806081915e-05,-0.000535803125337109,-3.33250032861731e-05,-0.0128247979448797,-4.14167040556314e-06,-4.95466723398806e-05,0.000152944355936194,4.12496391518583e-07,1.42317567676715e-06,0.0546018015101476,-1.20909549527993e-05,2.99031898058806e-06,-0.00420882033820014,-1.92270791647409e-06,3.9362297846689e-06,0.000291890465007018,6.55773348900014e-07,-6.41311224158647e-07,0.000673637087917338,7.94363716504831e-06,-0.000203737402989891,0.0476617254034665,-6.8443536338173e-08,-4.09950002009708e-16,-0.000907101029506072,-0.000398847514262391,9.80662407239885e-17,5.02352762229243e-08,3.75485916001428e-07,6.65754438557153e-09,2.34443649079474e-08,2.4276081803591e-06,1.99446450725336e-08,0.0111205475724987,3.93840442440104e-09,4.31319196821274e-08,-0.000250076828314469,1.70148569966822e-08,1.34026639745169e-06,3.05737014218906e-11,-3.7429453166752e-05,2.99952354787095e-08,0.0678965475634259,-1.95614422229817e-10,-0.0113679629090307,-0.0466300057833629,-5.05030741845345e-05,1.53510907249799e-08,-0.198971845529929,3.01224433426131e-08,4.86112886055601e-12,7.30802125084637e-09,9.82188674950382e-06,-0.00142762147777083,-3.68228251427079e-16,8.64871602090769e-13,4.50169648268887e-07,-2.6206419519257e-09,1.05695084668956e-05,-1.72409734658515e-05,-2.67017021410298e-08,-4.60711188383228e-10,-3.45948593723088e-16,-2.01411651855047e-05,-7.91145529006163e-06,-1.41001096542464e-11,-3.15226296673487e-11,8.86816487104445e-17,2.34816506516911e-15,-1.26716312291876e-13,4.1973634643051e-16,-1.36535747985445e-14,1.15036540937148e-15,0.0143002263320316,-4.40453792797823e-16,-4.29029459056843e-05,-2.62857852142405e-09,3.13919986015081e-15,9.27312493838363e-15,0.621891785786781,-8.39200852025316e-12,7.59429360078692e-15,-1.11310883436746e-06,0.00554574595448162,3.32953387184923e-12,-1.48370073331078e-15,-4.47653675914663e-06,-1.06194764220853e-09,-1.73819292292876e-15,5.86792326651976e-16,-1.2137624081776e-17,-9.82151303510923e-17,-1.46800974154537e-15,1.72686355232737e-13,-3.19217313368288e-15,2.23749512841265e-14,4.9169371731966e-15,0.434396952120712,-7.15897446747982e-16,1.74164252166259e-08,-1.46800974154537e-15,1.55414398748313e-16,-1.74014135747725e-17
"t147",0.0932380081768237,0.0935930116310359,0.00521807596382321,0.141304814984239,0.048251606066692,0.0258874042305356,0.0184620526382338,-0.00339117427200818,-0.000383568006884669,-7.62546920152968e-05,0.205773961796603,0.000102599912645936,4.14778270290508e-05,-0.0348826590584924,-0.0319602771460179,0.000978926737909573,0.0202070910325176,0.154781330887625,0.0126359158004359,-0.00659449191473915,0.00633832975505397,0.00071737264770997,-2.68612175927975e-06,-2.47018199405402e-06,1.4341137466956e-05,2.96284707775041e-07,-0.0259439482140102,-3.80281612968551e-05,0.00091163199575587,-0.00010682018623363,1.54453600281809e-05,2.26454240295423e-06,1.01626656827739e-07,1.35395134549365e-06,-2.22742890767375e-07,6.98629198784585e-09,0.450882657383235,3.06468011103955e-05,-0.000402861219832465,-0.00172496603570908,-9.62838892993342e-07,-0.00148810622528348,6.87205870551982e-06,-0.000509237114826006,-0.000620960238399066,0.0002621964261235,0.000415077660590652,0.000237756185735792,8.59645651206735e-06,1.24011176602781e-09,-1.12573572629471e-07,9.42734751030192e-05,0.00575014786393974,-0.000981627213122837,-0.00377266944147479,2.52950814353748e-08,7.11980556655431e-07,-1.22017649002064e-06,-7.19273105671304e-06,0.000510422026086643,2.37930377729791e-08,0.000518807514823362,1.53323470857537e-05,1.0355319166743e-05,-0.000394570048641391,-2.4496450795e-05,-0.0093764312580763,-3.00851647414078e-06,-3.58617261868477e-05,0.000109222954567419,2.92393469616741e-07,1.00318533516023e-06,0.0384654477653315,-8.44022186740007e-06,2.07080491474452e-06,-0.00290580367201747,-1.32330874485499e-06,2.67129055586419e-06,0.000197376495118354,4.39376548279455e-07,-4.27559285547484e-07,0.000447760852733645,5.27916944309463e-06,-0.000131452757041354,0.0302793467062001,-4.30731653994685e-08,-8.13564229778629e-16,-0.000565071714894624,-0.000245164562127179,5.30423838952643e-17,3.04974480581156e-08,2.2535983812309e-07,3.98126410484922e-09,1.38680690433135e-08,1.43224248918758e-06,1.15794019211459e-08,0.00643269416233129,2.25111506296015e-09,2.45625576794205e-08,-0.00014115878956051,9.42024485793132e-09,7.25596844992731e-07,1.63698856850526e-11,-1.99292897660765e-05,1.57523933758322e-08,0.0353741469648444,-9.92638610197716e-11,-0.00562702556409907,-0.0228752235941063,-2.43728128751581e-05,7.37360582141189e-09,-0.0952942621353258,1.40587796786107e-08,2.17608223107568e-12,3.03010612040611e-09,4.04459817073509e-06,-0.00058311023404859,-1.70666068087513e-16,3.48842515052275e-13,1.81123194388424e-07,-1.03888257827096e-09,4.17601591744839e-06,-6.47633733438185e-06,-9.86824956472621e-09,-1.70155471310163e-10,1.64028245599994e-16,-7.10620949979138e-06,-2.74506593140784e-06,-4.88607719026048e-12,-1.08726255959278e-11,-4.95689975128343e-17,8.04478011984244e-17,-3.11575314588013e-14,1.70250517405746e-17,-4.48989803669697e-15,3.13729358866361e-16,0.00166393547728013,1.60409190788589e-16,-3.96769726007196e-06,-2.33485989429177e-10,-5.26437064501234e-16,-2.53556841149953e-16,-0.0267660811955078,4.20621579287715e-13,-5.48161309752259e-16,9.22608670466884e-08,-0.000861384986840275,-5.70066803956331e-13,-9.40301619268416e-16,1.0394064125832e-06,2.60997835133505e-10,5.1087606367517e-16,1.4095158242792e-16,-3.80550381366874e-17,9.28453425231113e-16,5.4080004363577e-16,-1.28229241461164e-13,6.45839731547094e-15,-3.80365769263313e-14,-9.30607132744333e-15,-0.81599970875474,1.26788985528052e-15,-2.40537116289201e-07,2.59037583050237e-15,-3.86795539505622e-16,7.81531206539493e-17
"t137",0.0931165190089246,0.0933430077006464,0.00519972357775013,0.140243449607088,0.0478860600749912,0.0255930788534327,0.0181985508635261,-0.0033322181561458,-0.000374835002104945,-7.44749966333054e-05,0.200305843127809,9.95596954149096e-05,3.98839069017925e-05,-0.0334866323056641,-0.0304834903163036,0.000931986360682034,0.0191627952621662,0.146477662906472,0.011953393426197,-0.00623679661408352,0.00594116303554635,0.00067097727837127,-2.50777644758907e-06,-2.28589748816699e-06,1.32443828273704e-05,2.71142557952894e-07,-0.0237063971302301,-3.47307297831109e-05,0.000829346454995623,-9.71303200778947e-05,1.39695438683773e-05,2.04266521082355e-06,9.16423105829997e-08,1.21149639962202e-06,-1.98500347341549e-07,6.16724562445357e-09,0.394711516486728,2.67439289381444e-05,-0.000350371047267969,-0.00149552062667889,-8.33605915862945e-07,-0.00128185863490974,5.73758759334976e-06,-0.000418296428109944,-0.000506725777853422,0.000208305717638244,0.000324349902261295,0.000183594869860208,6.62388203992342e-06,9.48361069254898e-10,-8.39305255415139e-08,7.01717267469946e-05,0.00421206537498658,-0.000714886988053434,-0.00272589187182484,1.77909520835025e-08,4.96026487306275e-07,-8.3691064874233e-07,-4.75981923280834e-06,0.00033479344684486,1.54306862140508e-08,0.000322359958679293,9.39269709505483e-06,6.19687393140942e-06,-0.000234441010029029,-1.44866451770239e-05,-0.00546660980127905,-1.72369978405527e-06,-2.03449958268068e-05,5.96472027946241e-05,1.5620548359809e-07,5.26938617950825e-07,0.020167647020213,-4.30036090193903e-06,1.02806820255507e-06,-0.00142815812240675,-6.43572272874578e-07,1.23675070110626e-06,9.01891066389178e-05,1.93956213542161e-07,-1.85134936008174e-07,0.000191583559174812,2.25726465157564e-06,-4.94639525797879e-05,0.0105624998608388,-1.42947377848293e-08,1.18566388809533e-16,-0.000177085371108447,-7.08251575560022e-05,3.56705081261153e-17,8.10586874838059e-09,5.50437451211309e-08,9.450276811096e-10,3.00343820712813e-09,3.02958151815361e-07,2.08825317834279e-09,0.00111383232932699,3.36644587395926e-10,3.49275105105545e-09,-1.75714500966833e-05,8.02317957574871e-10,2.80630412783679e-08,2.49938480056881e-13,-6.90251147451247e-08,-4.11852864146649e-10,-0.00153640658070655,1.00948268841328e-11,0.000889386638468127,0.00408892678021294,5.28898436332025e-06,-1.6821542232065e-09,0.0223977287916665,-4.17743230979317e-09,-8.7238202772788e-13,-1.82775150501301e-09,-2.51599972614022e-06,0.000375921275006645,7.61740759842692e-16,-2.36732771929075e-13,-1.24417822543058e-07,7.57492456130229e-10,-3.08501159082775e-06,5.75030817718235e-06,9.25211963292982e-09,1.598740406554e-10,4.12622168027565e-16,7.70105781839909e-06,3.12397835753156e-06,5.58089487370426e-12,1.25877525843521e-11,8.0381790827359e-16,-3.65202659780017e-15,7.88350173266882e-14,-5.76211469641451e-16,1.1146465694889e-14,-1.55004123272961e-15,-0.012712695316111,8.44442842846767e-16,4.03377676667765e-05,2.49202889261122e-09,-3.79169043221158e-15,-1.19050074405854e-14,-0.765697394765663,1.04597802282351e-11,-9.38703549158763e-15,1.46586519601431e-06,-0.00816774824203167,-5.01652910292645e-12,2.87124510017533e-15,7.33447364720611e-06,1.77103077724492e-09,1.9895109865109e-15,-5.69293187277269e-16,-1.38698261034409e-17,-7.82572271877959e-16,1.14925430283463e-15,-4.74132045473821e-13,-3.25561945400121e-15,-1.11970545682571e-13,4.54757876753671e-15,0.38137086597339,-5.59362809869395e-16,-5.29060482445151e-07,-1.17484147410529e-15,3.64324917405817e-16,-5.18954856498628e-17
"t89",0.092487273650312,0.0920483503064611,0.00510469553163734,0.134751026466401,0.0459944289171737,0.0240710456996908,0.0168367455546476,-0.00302775351306962,-0.000329804925226216,-6.53000268462916e-05,0.172147504465055,8.39228854540356e-05,3.17221347901255e-05,-0.0263452236572599,-0.0229629081580927,0.000693298687799753,0.013871775029849,0.104497199553822,0.00850426211351803,-0.00442966273693514,0.00395903768183266,0.000440309040564433,-1.62425228530938e-06,-1.39385167000853e-06,7.97384862460601e-06,1.56163864679926e-07,-0.0136012095123341,-1.9907612872053e-05,0.000475686307308739,-5.57852623706738e-05,8.3895381903019e-06,1.29983595539807e-06,5.88298145892674e-08,1.71706109365448e-06,2.89725703260177e-07,-3.96397656452635e-11,0.0183906004826212,1.22564181646682e-06,-1.38686688821413e-05,-4.54921532017529e-05,-2.13146067391573e-08,-6.31728559430722e-06,-9.76411787892929e-07,0.000115357940093859,0.000162093623705618,-0.000105522117096359,-0.000203277020266517,-0.000131251090234623,-4.84252482372082e-06,-7.47495771493618e-10,8.26660983827265e-08,-7.00213757249615e-05,-0.00474218864614736,0.000838571142034381,0.00337373823075551,-2.60312166770055e-08,-7.66170706096095e-07,1.40651727779158e-06,9.53401884060904e-06,-0.000698060692162956,-3.38097970785736e-08,-0.000840382735208406,-2.58316721920901e-05,-1.85674199602911e-05,0.000721106175495827,4.53656772510115e-05,0.0213860188980083,5.89503926739859e-06,7.1953409454229e-05,-0.000237060334706693,-6.61065994128022e-07,-2.33661621561088e-06,-0.0898752340247341,2.06751778765238e-05,-5.28000861713097e-06,0.00752026166004033,3.47727292253175e-06,-7.50284957666981e-06,-0.000563657306340058,-1.30803183739207e-06,1.30117376344396e-06,-0.00138075978875186,-1.62914746787305e-05,0.000459355099349687,-0.112529674743633,1.66034552958469e-07,4.07896870147384e-16,0.00226394762011293,0.00103196870273058,-6.64094897207439e-16,-1.3425912358648e-07,-1.03301854450537e-06,-1.84817076174376e-08,-6.68355865766427e-08,-6.96441528143645e-06,-5.94206618226571e-08,-0.0334118718749483,-1.21570689747967e-08,-1.34236836090719e-07,0.000793556753696782,-5.6268760329168e-08,-4.64088281326453e-06,-1.08229377595324e-10,0.000133952337504454,-1.10244366770985e-07,-0.253347813206014,7.66414571563845e-10,0.0465598523234099,0.193997676020246,0.000216108481990631,-6.62167243328793e-08,0.862498640152214,-1.36305732058133e-07,-2.35171257467748e-11,-3.97746458029875e-08,-5.40069361370885e-05,0.00794584693256152,-8.92344807713284e-16,-4.89611615096724e-12,-2.56202127261432e-06,1.52434989033516e-08,-6.17815950859552e-05,0.000108459987620135,1.71969503956482e-07,2.96995796098681e-09,-7.45474293070893e-16,0.00013868527984263,5.58044635722844e-05,9.96358565822448e-11,2.24296722457751e-10,-2.83577629872662e-15,2.05109366990808e-15,1.60931196118897e-12,-2.30172017093641e-16,1.1549615430706e-12,4.30596709651695e-16,-0.111605060849188,-7.69369178007069e-17,-0.000909262015780716,-4.8419725479533e-08,1.58303591313671e-15,2.56623847525625e-15,0.161915042449683,-5.51725277877363e-14,1.72579345232108e-15,1.11241050941914e-06,-0.0645676901811224,-9.28161820371151e-12,5.31920765821882e-16,1.69480575730076e-05,4.22166552088124e-09,-4.23706209007335e-16,-1.65846749758892e-16,1.0501433803408e-16,-2.39311770892003e-16,-2.34187669256869e-17,-1.53471322022342e-12,1.88493844230948e-16,-3.72244607100419e-13,-2.38549846401868e-17,0.000158052760490549,-1.80118241786142e-16,-1.72905880605975e-06,-1.00613961606655e-16,-1.37838804879841e-16,2.17865724551826e-16
"t103",0.0934529988341799,0.0940420357017298,0.0052513445840791,0.143316627145676,0.0489450061360439,0.0264707654150642,0.0190027389585665,-0.00351686474033061,-0.000403517080680094,-8.03509363987944e-05,0.218921786826729,0.000110229591043225,4.60434216390301e-05,-0.0389850017270904,-0.036780113443847,0.00113700718164697,0.0239789794428223,0.18595755207014,0.015217389169068,-0.00795359905325838,0.00815282289767226,0.00093995215640629,-3.57980729602178e-06,-3.63821760513599e-06,2.1732999639092e-05,5.3147643763133e-07,-0.0482902956836896,-7.17203644121731e-05,0.00193145611337624,-0.000230225417824393,4.20733249581153e-05,7.31213147146684e-06,3.35433156228512e-07,1.52172450908232e-05,3.61818110989134e-06,-1.15976878470878e-08,-0.285481041370137,-1.35869481909523e-05,0.000117792372808713,0.000317445286635148,1.37798700741547e-07,3.22095057617027e-05,2.15090402524039e-06,-0.000195364025160929,-0.000250915581928459,0.000120499587403342,0.000199099989094869,0.000116448859080834,4.22347408390099e-06,6.15052297198516e-10,-5.68637995244226e-08,4.76474629470362e-05,0.00291305041498087,-0.000497018742953831,-0.00190652517400534,1.25719203161994e-08,3.5038496699457e-07,-5.87672377963012e-07,-3.18242845685074e-06,0.000218581727229763,9.66713844122042e-09,0.000129266271459057,2.10205885768586e-06,-3.20426413049019e-06,0.000259650005638817,2.62477813099865e-05,0.390243027424678,-6.48727489618232e-06,-5.72586180487259e-05,0.000112812383089746,2.72371077132726e-07,8.84971890192379e-07,0.033762725809304,-6.95116621784488e-06,1.63643880760978e-06,-0.00226594965133953,-1.01892718570898e-06,1.96208070877613e-06,0.000143505183186021,3.12014845168856e-07,-3.00129440040535e-07,0.000312210158978137,3.67963441839552e-06,-8.65011821967748e-05,0.0193986151303473,-2.71607040957859e-08,-7.10112888274489e-16,-0.000350331991590769,-0.000148663376108319,-1.99964151475132e-17,1.81112985702676e-08,1.31236778596976e-07,2.30388835266437e-09,7.87211412183703e-09,8.09170033826156e-07,6.35012173421691e-09,0.00350300956640047,1.19739674585863e-09,1.29678429316386e-08,-7.31691978996484e-05,4.6791996900326e-09,3.41360713260967e-07,7.4799295922148e-12,-8.96813522436618e-06,6.81100804804434e-09,0.0149245715998474,-3.82697692979939e-11,-0.00196199733737555,-0.00765636509152668,-7.51224619247873e-06,2.21471869836509e-09,-0.0281537316722945,3.51320855653675e-09,3.65839303295701e-13,-4.09402534744648e-11,-1.29891381994013e-07,3.1964106655457e-05,-6.04120384260971e-16,-3.09654391234139e-14,-1.78230202228791e-08,1.49141430108579e-10,-6.43368370818336e-07,2.12854412142935e-06,3.86736911939245e-09,6.71280813054065e-11,4.27187993324677e-16,4.22263897258028e-06,1.85586027459757e-06,3.33543092369834e-12,7.68491837485409e-12,1.93000974563495e-16,1.49294639151254e-15,1.55006509639884e-13,3.85239489351969e-17,3.39186144449055e-13,-6.50145355605597e-15,0.770125607675992,-6.40630154374768e-15,0.000339168039050094,1.55249968144287e-08,1.93407628065835e-15,5.28679428762503e-16,-0.000636026348149276,-1.0394093761688e-15,1.77690815578182e-15,2.22625669768777e-08,-0.185029872939102,7.37515026128085e-13,2.03874594627271e-15,2.03339712505716e-07,7.19286630853754e-11,2.16623594062604e-16,-3.14317815887873e-16,-3.43584457471407e-17,6.46605285393973e-16,6.3274038786254e-16,-1.07655068670373e-13,-1.20925484084509e-15,-3.58728888608106e-14,-3.41267233250955e-18,1.56941007015199e-05,5.95417415419407e-16,-2.22477719580175e-07,5.5944832100252e-17,1.13891719971663e-16,-8.38816058220142e-17
"t168",0.0935647203628441,0.0942727093329307,0.00526831358337616,0.144308145561626,0.0492865548079168,0.0267486472193325,0.0192536224600644,-0.00357353352340906,-0.000412061430317832,-8.20956485532251e-05,0.224345368727054,0.000113280676642369,4.77055616547862e-05,-0.0404521579006513,-0.038384646941239,0.00118853930862218,0.0251531157930935,0.195421849294751,0.0159973575103046,-0.00836303534996158,0.00864032927579064,0.000998039517222598,-3.80717628302094e-06,-3.89926924739903e-06,2.33335139219974e-05,5.7514804742767e-07,-0.0523269232161189,-7.77496919559823e-05,0.00210087834337591,-0.000250526980547725,4.59939434156113e-05,8.01196511787444e-06,3.67630053073331e-07,1.6788827492383e-05,4.00566218184371e-06,-1.2943192784806e-08,-0.32085202734984,-1.53110452846585e-05,0.000133115730564428,0.00035968209879242,1.56314714768911e-07,3.66920798913972e-05,2.5140693558613e-06,-0.000231387688615293,-0.000298759118293163,0.000146569628451545,0.000245344253067914,0.000144827750451865,5.26151897400494e-06,7.70702050572187e-10,-7.26504150849993e-08,6.09509501512638e-05,0.00377162581891489,-0.000646311968456927,-0.00249383045667121,1.67741116061234e-08,4.70746003625871e-07,-7.98493936333012e-07,-4.43551863953985e-06,0.000306544699492493,1.36645056641423e-08,0.000188144818654209,3.08872886649867e-06,-4.78194692550863e-06,0.000389312803751842,3.94765791017262e-05,0.592378624157438,-9.95850992114721e-06,-8.84508527040224e-05,0.000178484220040853,4.36793220938078e-07,1.43386043411443e-06,0.0547638864678652,-1.14694237150336e-05,2.74153546575215e-06,-0.00381837704757741,-1.72744633944954e-06,3.42009895469889e-06,0.000251964754222082,5.58209857917316e-07,-5.42501555459711e-07,0.000567904008285551,6.69557407155461e-06,-0.000167853424939831,0.0390024406056908,-5.58420681540083e-08,1.93853929374003e-16,-0.00073829360200699,-0.000323921773469966,-1.95701783999515e-17,4.07513254198e-08,3.04463284411745e-07,5.39812034482112e-09,1.90131610999265e-08,1.96898311375043e-06,1.61951445176592e-08,0.00903324283226261,3.20379304892623e-09,3.51049623620531e-08,-0.0002038177156212,1.39179531712338e-08,1.10202190080171e-06,2.52125431499016e-11,-3.09141324396639e-05,2.48755276284512e-08,0.0564495069951159,-1.64123234100422e-10,-0.0096304286819027,-0.0396507281470891,-4.32527073121674e-05,1.31754429744807e-08,-0.171001817512836,2.62139578681084e-08,4.32697280783323e-12,6.83268074856584e-09,9.22825169382205e-06,-0.00134935140947012,-3.08017674410237e-17,8.24786324009399e-13,4.30335183808491e-07,-2.53433760392593e-09,1.02487416675456e-05,-1.74531340629079e-05,-2.74385845225322e-08,-4.73714563669486e-10,2.52362842207368e-16,-2.16701326725423e-05,-8.6645843048029e-06,-1.54643254302497e-11,-3.4752108579526e-11,7.99306449629883e-16,-2.31260323391158e-15,-2.52858871993854e-13,-1.14079417714045e-16,-3.28185395526148e-13,4.77343231975936e-15,-0.601900632475473,5.14921590551079e-15,-0.00023571219482245,-1.06009318727616e-08,-1.50203371368319e-15,-6.81774001492499e-16,0.000237798996778428,5.11836599037356e-17,-1.71252257697457e-15,-6.95953673086478e-09,0.0412779196517762,-1.52191469808007e-13,-5.96928638441226e-16,-3.04903197612104e-08,-9.98245011500122e-12,3.39355279987963e-16,3.2699861890001e-16,2.30394088461582e-17,-5.75551678948886e-16,-2.57606436182556e-16,-9.47318937703778e-15,6.77599182969395e-16,-8.22080034254546e-15,3.23423079349222e-16,3.77417498455847e-06,-3.44989946484433e-16,-8.22181353793243e-08,-1.87350135405495e-16,-1.74889534182915e-16,8.38406596038886e-18
"t106",0.0934725397165715,0.0940826092617224,0.00525433966419349,0.143494523657575,0.0490063024557393,0.026521417604485,0.0190490176428336,-0.00352745234370243,-0.000405149106697183,-8.06849700360489e-05,0.219974048292872,0.000110829041074558,4.63820362755081e-05,-0.0392858655275493,-0.0371176784541026,0.00114792729080676,0.0242316725580003,0.188011171376893,0.0153868900097743,-0.00804266095546733,0.00826266473480552,0.000953151075560206,-3.63184647703477e-06,-3.70007409051165e-06,2.21152708552866e-05,5.4228728075742e-07,-0.0492955317771303,-7.32248441214604e-05,0.00197438405153352,-0.000235379418684835,4.30897852827184e-05,7.49550271003803e-06,3.43879260026637e-07,1.56423384165619e-05,3.72468665763882e-06,-1.19817049790377e-08,-0.295918949516863,-1.41022385818906e-05,0.00012243485000984,0.000330404529104623,1.43511928959051e-07,3.36213615834746e-05,2.28108346238675e-06,-0.00020921036375245,-0.000269840455728787,0.000132136632023239,0.000221426860952755,0.000130974020816928,4.76054905711151e-06,6.98740352393534e-10,-6.65924144381389e-08,5.59217805841906e-05,0.00349936230595509,-0.000602653393762742,-0.0023432724125837,1.63322504400862e-08,4.66161997171935e-07,-8.18355438413163e-07,-5.15459246550748e-06,0.000373329416422983,1.7926256702994e-08,0.000468263150035324,1.54386781739295e-05,1.47230083601441e-05,-0.000688831015653972,-5.21807911522074e-05,-0.373657781953073,2.63259477652656e-06,1.27438979881734e-05,1.79857899167543e-05,7.4830281900605e-08,3.00285137528069e-07,0.0116613314926991,-2.94546917552901e-06,7.77749661816547e-07,-0.00111444374243638,-5.17117664709728e-07,1.10770129814735e-06,8.27185924672731e-05,1.88122839551769e-07,-1.84695693955535e-07,0.000194322336455419,2.29165684371854e-06,-5.84884647366118e-05,0.0135118115695641,-1.9211699675519e-08,-1.10815358243595e-19,-0.000251509227261463,-0.000108591941414422,-1.77839866986512e-17,1.34222375545423e-08,9.84605770100141e-08,1.73494548241782e-09,5.99245147216863e-09,6.17520609271578e-07,4.91962742592278e-09,0.0027230245227738,9.40940422971013e-10,1.02245109492687e-08,-5.81548504467593e-05,3.78610051001362e-09,2.82336448595866e-07,6.25862768978488e-12,-7.55022877593598e-06,5.82659078951783e-09,0.0128945080261275,-3.43205169145433e-11,-0.0018381400269714,-0.00730727980711362,-7.45314284761165e-06,2.22504917789246e-09,-0.0285155480078015,3.88063551258477e-09,5.12218739645576e-13,4.49019830096599e-10,5.64504143461125e-07,-7.52937393141346e-05,1.50150989180977e-16,3.95468283345459e-14,1.97924008998613e-08,-9.24474771908657e-11,3.52072265401724e-07,-5.50462848231877e-08,1.78672292239224e-10,3.26632080757672e-12,-2.98196242731572e-16,7.14939750919164e-07,3.65012298011382e-07,6.62279598871685e-13,1.57682708426201e-12,1.21872683810653e-16,3.25173915571852e-15,4.68234306469229e-14,2.47333987861096e-16,6.91374041350556e-14,3.73569086383687e-16,0.0895579770143257,-2.34604030359184e-15,1.80698908264572e-05,6.6067994696e-10,-3.13441232292502e-15,1.40548414794671e-15,0.000444342505484486,4.82155632829323e-15,1.93759543682434e-15,-2.75902051630487e-08,0.791000474453093,-4.76268674055402e-12,-7.86210918684351e-15,2.83221653267287e-06,6.53574580848811e-10,-1.62044856699683e-15,5.47251432295036e-16,2.51915477243469e-16,1.66594655046501e-16,-2.20136409101457e-15,-1.74932984764453e-13,7.74122647206587e-16,-4.65283193917809e-14,-9.4174971092733e-16,1.99881724389714e-05,6.64686987166195e-17,-2.52878761921151e-07,-5.42101086242752e-17,2.74219569412233e-16,6.63193936233722e-18
"t107",0.0936086834591062,0.0943637302656972,0.00527502075713368,0.144703248411512,0.0494226740409992,0.026860263216085,0.0193550073225231,-0.00359658517405934,-0.000415577510390339,-8.28145052654243e-05,0.226595869679714,0.000114555322907559,4.84139345624484e-05,-0.0410797393190861,-0.0390810349536689,0.00121099812434853,0.0256694506316528,0.199603860581487,0.0163423136970854,-0.0085442173796845,0.00886063851212494,0.00102442477141396,-3.91091230429914e-06,-4.02096140541749e-06,2.40833563991175e-05,5.96081995160938e-07,-0.0542693735431929,-8.06548160190764e-05,0.00218333349312977,-0.000260420095536448,4.79312766132e-05,8.3602427104069e-06,3.83665640408745e-07,1.7588001632143e-05,4.20489399983494e-06,-1.36534760259918e-08,-0.339974773396843,-1.62517656516082e-05,0.00014155985716753,0.000383174149116894,1.66656124230805e-07,3.92341327227684e-05,2.74155706954308e-06,-0.000255252435211397,-0.000331206431032472,0.000166135672539105,0.000282484311678898,0.00016881983701822,6.1475481963207e-06,9.08187949047915e-10,-8.84310559061012e-08,7.43625321770417e-05,0.00471540715869356,-0.000815955893446249,-0.00319311669635485,2.27409310400674e-08,6.53957832302821e-07,-1.16207799470344e-06,-7.52186471622736e-06,0.000548394355279286,2.65533517655617e-08,0.000715371536975083,2.38219094685748e-05,2.30884172027256e-05,-0.00108548505004461,-8.24914177992788e-05,-0.59639182933671,4.25072839810748e-06,2.07103851738386e-05,2.99526009118866e-05,1.26342236843931e-07,5.12294979183534e-07,0.0199167480872156,-5.11799971796099e-06,1.37214810077722e-06,-0.00197763611042802,-9.23203242728837e-07,2.03263731998857e-06,0.000152875356188702,3.54121073593876e-07,-3.51171738163153e-07,0.000371741778545967,4.38549664528921e-06,-0.000119046926233629,0.0284372829434757,-4.12848594532411e-08,-6.73063194807621e-16,-0.000552979163917217,-0.000246164887215353,2.00982406421142e-16,3.13253584901181e-08,2.36178003783292e-07,4.19846337730567e-09,1.48954925881799e-08,1.54505760538394e-06,1.28220911651883e-08,0.00716485901855075,2.55498279725764e-09,2.80388076916594e-08,-0.000163352112819442,1.122656163379e-08,8.94123907109381e-07,2.05041007621375e-11,-2.51676293264189e-05,2.02980340200466e-08,0.0461139044704083,-1.34450523631147e-10,-0.00790112294141256,-0.0325403104384971,-3.55043108763213e-05,1.08150889632785e-08,-0.140364427702625,2.15030295886917e-08,3.53910650785494e-12,5.53340849474967e-09,7.46464925690908e-06,-0.00108988673844135,9.02958656670397e-16,6.64395476478481e-13,3.46595606096588e-07,-2.03503483292219e-09,8.22376553898555e-06,-1.38391003866465e-05,-2.16633415026091e-08,-3.73942046598408e-10,-9.12429054480152e-17,-1.68789842678361e-05,-6.71302000105248e-06,-1.19756274048502e-11,-2.68713454850054e-11,2.25821105515338e-16,-2.58213589399148e-15,-1.65040923883652e-13,-9.91064577374152e-17,-1.43008868636052e-13,9.54330651547032e-16,-0.154171968483286,2.81386512792804e-15,-2.81469742855122e-05,-1.01415699794856e-09,2.19706913692489e-15,-1.07197592669123e-15,-0.000437047433253545,-3.56085027729183e-15,-1.66848538527446e-15,2.42690091589039e-08,-0.57802313987362,3.35079511880332e-12,5.64085396324309e-15,-1.73247955939846e-06,-3.88053609184187e-10,1.27697331875343e-15,-3.3778671098839e-16,-2.3784567104021e-16,-1.26898771996004e-17,1.96804378349569e-15,4.15629715973947e-14,-5.84491305012742e-16,1.4357005168053e-15,5.00801667258967e-16,-2.56678948825851e-07,-1.61406756362646e-16,-4.36357110174907e-08,-1.56558793706907e-16,-2.06389079696856e-16,-8.23090553128241e-18
"t84",0.0911591793784703,0.0892695967421507,0.00489856226759335,0.122194993003378,0.0416662099929338,0.0203949619975158,0.0133978985626513,-0.00221855238089889,-0.000197757720896597,-3.80902438064865e-05,0.0828234271500292,3.07333009210325e-05,-3.75635706335632e-06,0.00641070924243903,0.0212898730664455,-0.000836611046309869,-0.0282249533972417,-0.279238126035559,-0.0239294085474533,0.0128718475254796,-0.0564632523276893,-0.0145273983988516,0.00168083769599389,-1.42873176167796e-05,7.04953628053262e-05,9.65090533212344e-07,-0.0813745988264474,-0.000117953043947482,0.00266016306986311,-0.000310280197494661,4.51154650749309e-05,6.98949850839157e-06,3.16568772236112e-07,1.00554206834864e-05,1.92368020972278e-06,-2.94742423545026e-09,-0.00238836101327584,1.31440890129182e-06,-2.71012021806107e-05,-0.000127295458193209,-7.04027131912086e-08,-8.56650443959653e-05,-1.48392581685934e-06,0.000201655623316943,0.000292524720728156,-0.000206240504873323,-0.000410110084776863,-0.000269976816776238,-9.99398237560131e-06,-1.56022951180595e-09,1.78824088389783e-07,-0.000151810774120626,-0.010508641850628,0.00187312184769449,0.007618475282386,-6.10738705217719e-08,-1.82299859091163e-06,3.42749418431659e-06,2.4653992850409e-05,-0.00183389858940605,-9.07008961747959e-08,-0.00246005193798746,-7.80362462703628e-05,-5.90450172088264e-05,0.00232109894952507,0.000146614278726855,0.0137354914935131,2.27724974472235e-05,0.000284580035694014,-0.0010918197343706,-3.4223076386911e-06,-1.34703610683457e-05,-0.52476060007809,0.000152916526423061,-5.30445625278558e-05,0.0886167996408559,5.04147580310829e-05,0.000555079349343891,0.0147782265600694,1.19755514410635e-05,-8.47453298361031e-06,0.00755122171914898,8.82670164060087e-05,-0.000717581513066602,0.0978690644664581,-9.61416740604504e-08,-4.27393659384241e-16,-0.000751822014690608,-8.07418236940241e-05,9.22760932144694e-16,-1.48655387028379e-08,-2.661319605382e-07,-5.54664745903988e-09,-2.79833817469604e-08,-3.10341128147466e-06,-3.57066705216963e-08,-0.0212096581624187,-9.04023170368487e-09,-1.04333453497464e-07,0.000681708613032035,-5.93239354010766e-08,-6.2730104661954e-06,-1.69142620259773e-10,0.000227580967917512,-2.42933946810223e-07,-0.688591114186513,4.06820403723888e-05,-0.0748328828308934,-0.192296322512802,-9.17316632879757e-05,2.13196657741083e-08,-0.22991134643766,-8.74224041552338e-09,-7.68862057354269e-12,-2.1980738319761e-08,-3.05560876664394e-05,0.00461274653756222,2.18039688210179e-15,-2.9372256703256e-12,-1.55120244749564e-06,9.56580800399835e-09,-3.90589156225444e-05,7.5080940704014e-05,1.21783871452619e-07,2.10505596981436e-09,6.1155563264788e-17,0.00010359681199531,4.23570336319983e-05,7.57104707432062e-11,1.71173072942402e-10,1.63966301542373e-15,-3.71881345162528e-16,1.44882962701412e-12,-7.70114588706848e-16,1.1261620976033e-12,-3.68027488830355e-16,0.00186247451539761,-2.39784939315444e-16,-0.000817331678041063,-4.38857012302403e-08,-6.02430157385144e-16,-2.67341829334014e-16,0.00326539978686127,2.11088462874709e-12,-3.73947028760662e-16,1.42518957157733e-06,-0.000407314040667538,-1.10023938947718e-11,-1.17829537608868e-16,1.93881118786422e-05,4.82229488394000e-09,-7.44413211628547e-16,-3.54292466706965e-16,4.04750391309082e-16,-6.35408216401842e-16,-9.28077059647592e-17,-1.78238316033558e-12,2.73958192021482e-16,-4.43644253278475e-13,-1.4184427742901e-16,1.00817524609861e-05,9.51494841022314e-17,-2.12463623101524e-06,-1.12323345069498e-16,2.52466387991148e-16,4.30901705515201e-16
"t184",0.0920338115218439,0.0910424360111231,0.00502742237650703,0.129260468036675,0.0440972926062211,0.0222318082372062,0.0149464985149103,-0.00253856155808489,-0.000236766448216226,-4.58284624667167e-05,0.102506443176873,3.90942195140098e-05,-5.19123694537598e-06,0.00899971742497765,0.0318388199232451,-0.00127451598928092,-0.0447830587166216,-0.452948404437657,-0.038977631748267,0.0210207447984262,-0.101966755437815,-0.0269125500532346,0.00318400268166552,-3.03070168927201e-05,0.00015371904881492,2.40367711954251e-06,-0.207534028586615,-0.000303255211041385,0.00728889501176499,-0.000857302263758982,0.000136964240384523,2.23208656470819e-05,1.01674392268686e-06,3.795232500168e-05,7.98295798673347e-06,-1.58662214049541e-08,-0.0173122700539704,1.09496266303463e-05,-0.000268140357260986,-0.00152271182785851,-9.27922024845701e-07,-0.00178680857119554,1.26327121268832e-05,-0.00101212873013658,-0.00126445983633134,0.000577694356064267,0.000952555139633075,0.00056088811767204,2.03798543394429e-05,2.99071837601991e-09,-2.8738797704595e-07,0.000241555378866483,0.0152765519748205,-0.00264281269139156,-0.0103439644044088,7.39399499234076e-08,2.13047472138322e-06,-3.79844647470547e-06,-2.46637164825949e-05,0.00179516141150449,8.65111532726684e-08,0.00216143610849913,6.70568601399345e-05,4.91381691269249e-05,-0.00191498141364243,-0.0001203037247809,-0.0111000630647146,-1.81068982757576e-05,-0.000224462619723164,0.000840876894325234,2.61258452024377e-06,1.02375737105785e-05,0.398677526989744,-0.000115862175668654,4.02828301359621e-05,-0.0674371645894762,-3.84765427105692e-05,-0.000433581397520238,-0.011647033475755,-9.71756222205682e-06,7.01575524018213e-06,-0.00633815155841553,-7.41479950435844e-05,0.00075710269145016,-0.130109960990595,1.59052375166807e-07,1.15199136327065e-15,0.00180117685287576,0.000657458825072548,-1.22136090344588e-16,-7.07390438817061e-08,-4.62244673504205e-07,-7.86859565005127e-09,-2.46377663455222e-08,-2.48248098712312e-06,-1.73916908168762e-08,-0.00936767330049538,-2.97791795835791e-09,-3.15880231062816e-08,0.000170140731684115,-1.00124837786337e-08,-6.93179945697626e-07,-1.5223804233066e-11,1.84780965352051e-05,-1.52334902254239e-08,-0.0370588845903349,1.26878551453408e-06,-0.00124064617937865,-0.0023909037629705,-5.54878577165683e-07,9.49710414477334e-11,-0.000808704554795365,2.97507843013967e-11,8.24618151540335e-14,3.71822202325348e-10,5.25508757521706e-07,-8.0689540733331e-05,1.55720141765534e-16,5.246234201468e-14,2.78131072671637e-08,-1.74502278295699e-10,7.14707627793323e-07,-1.39855080632229e-06,-2.26151462487389e-09,-3.90830154697874e-11,9.48788329565086e-17,-1.87597717383272e-06,-7.56484342174157e-07,-1.35058229197923e-12,-3.04039347858389e-12,7.40030510574115e-17,1.45716771982052e-16,-1.38432480806265e-14,-7.17450300803026e-17,-1.81452075587174e-15,-9.64442015735035e-17,4.24476644874323e-06,-7.93831371883407e-17,-3.60787832626793e-06,-2.07831877146391e-10,1.03237070275855e-16,-3.90582213630066e-16,5.00774138097795e-05,3.36253750266979e-14,-3.4990271408262e-17,2.58826062860141e-08,-9.32171525066483e-06,-2.62371464073048e-13,-9.79513473875503e-17,5.30768702426261e-07,1.35595655065485e-10,3.46944695195361e-16,2.74253959615534e-17,5.03293090515647e-17,1.280991418987e-16,3.68628738645072e-17,-8.5194004628697e-14,4.63853138755596e-17,-2.9345829152122e-14,3.80279799857476e-18,6.82171526385943e-07,-8.10834361133063e-17,-1.9589420971602e-07,6.76542155630955e-17,1.07363865290135e-15,-0.707106781186548
"t185",0.0920338115218439,0.0910424360111231,0.00502742237650703,0.129260468036675,0.0440972926062211,0.0222318082372062,0.0149464985149102,-0.00253856155808489,-0.00023676644821622,-4.58284624667094e-05,0.102506443176873,3.90942195140515e-05,-5.19123694537573e-06,0.00899971742497765,0.0318388199232451,-0.00127451598928091,-0.0447830587166217,-0.452948404437657,-0.038977631748267,0.0210207447984264,-0.101966755437815,-0.0269125500532347,0.00318400268166551,-3.03070168927305e-05,0.0001537190488149,2.40367711950955e-06,-0.207534028586615,-0.000303255211041478,0.00728889501176498,-0.000857302263758968,0.000136964240384537,2.23208656471035e-05,1.01674392262094e-06,3.79523250017347e-05,7.98295798671612e-06,-1.58662214537432e-08,-0.0173122700539702,1.0949626630485e-05,-0.000268140357261088,-0.00152271182785869,-9.27922024958837e-07,-0.00178680857119539,1.26327121269204e-05,-0.00101212873013649,-0.00126445983633137,0.000577694356064296,0.000952555139633196,0.000560888117672083,2.03798543393788e-05,2.99071892701945e-09,-2.87387976608935e-07,0.000241555378866375,0.0152765519748204,-0.0026428126913915,-0.0103439644044088,7.39399500045059e-08,2.13047472134333e-06,-3.79844647470417e-06,-2.46637164828412e-05,0.00179516141150458,8.6511153224645e-08,0.00216143610849929,6.70568601398784e-05,4.91381691268443e-05,-0.00191498141364248,-0.000120303724780933,-0.0111000630647146,-1.81068982761089e-05,-0.00022446261972335,0.000840876894325316,2.61258452040618e-06,1.02375737105666e-05,0.398677526989744,-0.000115862175668825,4.02828301358849e-05,-0.0674371645894762,-3.84765427102895e-05,-0.000433581397520277,-0.0116470334757551,-9.71756222187628e-06,7.01575524026852e-06,-0.00633815155841538,-7.41479950435783e-05,0.000757102691450365,-0.130109960990595,1.59052375264896e-07,1.16524191303495e-15,0.00180117685287582,0.000657458825072468,-2.32257055114902e-16,-7.07390440572886e-08,-4.62244673371472e-07,-7.86859622771419e-09,-2.46377665866573e-08,-2.48248098716789e-06,-1.73916908737968e-08,-0.00936767330049538,-2.97791778829752e-09,-3.15880233161831e-08,0.000170140731684056,-1.00124839765955e-08,-6.9317994575227e-07,-1.52234015743552e-11,1.8478096535216e-05,-1.5233490208927e-08,-0.0370588845903345,1.2687855143554e-06,-0.00124064617937867,-0.0023909037629704,-5.54878577213829e-07,9.49711611436532e-11,-0.000808704554795453,2.97508042507166e-11,8.26699819711507e-14,3.71822398181388e-10,5.25508757679566e-07,-8.06895407333337e-05,1.08115608398488e-16,5.20739948577389e-14,2.78131072715005e-08,-1.74502410785204e-10,7.14707627761363e-07,-1.39855080631858e-06,-2.26151474630454e-09,-3.90830978691525e-11,5.09812744345016e-17,-1.8759771739452e-06,-7.56484342062495e-07,-1.35070717936401e-12,-3.04023767534357e-12,-2.38246651423445e-16,8.8037216405823e-17,-1.40082692099325e-14,-1.08967622476612e-17,-1.40512601554121e-15,-2.03000129449378e-16,4.24476644893083e-06,-1.0938738052338e-16,-3.6078783263024e-06,-2.07832018268857e-10,-3.38056638122055e-17,4.77461130663245e-16,5.00774138095299e-05,3.33888766515609e-14,-4.32937124295726e-17,2.58826062231261e-08,-9.32171525069032e-06,-2.62245872803893e-13,-5.63163247508698e-17,5.30768702568365e-07,1.35595813223477e-10,-1.57426155444895e-16,8.44456794745863e-18,-3.14856415875968e-17,1.01361941659497e-17,1.73906028466675e-16,-8.50885659674228e-14,-5.76977156658023e-17,-2.9322464595305e-14,9.21141753346362e-18,6.82171526322462e-07,1.69162224575018e-16,-1.95894209869e-07,-1.62630325872826e-16,-9.95891898041915e-16,0.707106781186547
"t93",0.0916883439062374,0.0903410892847489,0.00497639491983999,0.126449691099006,0.0431300905847708,0.0214978009707968,0.0143255785325279,-0.00240978390861216,-0.000220968812766176,-4.26925455337311e-05,0.0944992375976893,3.5680517052889e-05,-4.59915941871119e-06,0.00792934706327366,0.0274445889472248,-0.00109171360989539,-0.037839124570678,-0.379922505083868,-0.0326486501027026,0.0175925175249369,-0.0826214595594085,-0.0216338038824098,0.00254193855757625,-2.3392606236656e-05,0.0001177118714985,1.77449374912791e-06,-0.152256979775752,-0.000222015468641876,0.00525013558536014,-0.000616220076638949,9.6226142007175e-05,1.54989728727844e-05,7.05081578657174e-07,2.5418761075079e-05,5.24732410294229e-06,-9.9666450397622e-09,-0.0104277054731233,6.48765296389076e-06,-0.000156057795420695,-0.000871364970697881,-5.26972279025182e-07,-0.000986466731373562,5.73065607036054e-06,-0.000406493457246032,-0.000481152341904325,0.000169720117436443,0.000228237491240331,0.000112446109935244,3.94052444894052e-06,5.03382550747516e-10,-2.39826844870833e-08,1.88281548476497e-05,0.000364278458306773,-1.08506897537524e-05,0.00023583671880603,-8.52275572251621e-09,-3.15646688031981e-07,7.69225291319311e-07,8.10611252105575e-06,-0.000646574057231518,-3.46531150341381e-08,-0.00120008585088509,-4.07026088678786e-05,-3.40624397740393e-05,0.00137806584605966,8.86754393906948e-05,0.00877050112503801,1.54895199743431e-05,0.000200351677361942,-0.000872270195812291,-2.9305918856535e-06,-1.21531586066709e-05,-0.476102014027673,0.000151284006957107,-5.67051001534712e-05,0.097612357089368,5.72991938923259e-05,0.00073100546061747,0.0202532999225474,1.82594851107353e-05,-1.37355589049366e-05,0.0127190150841906,0.00014900273077077,-0.00192443844178811,0.372550628918683,-4.89378895983717e-07,-4.45189363242472e-15,-0.00598668316288877,-0.00241710380144954,-1.4865190588689e-16,2.85705756043027e-07,2.0368934181967e-06,3.56495257983896e-08,1.21397830751151e-07,1.24838344856291e-05,9.92566607601773e-08,0.0550563959908413,1.92893876090522e-08,2.10961792002648e-07,-0.00122410742253811,8.53758065582732e-08,7.31277003317848e-06,1.7996713327606e-10,-0.000231895709958383,2.23785302621997e-07,0.600580971958119,-3.00652870772276e-05,0.0481276248583353,0.118006812827916,5.1871634663414e-05,-1.17848556295541e-08,0.125337074690215,4.236457610933e-09,3.12945502844997e-12,6.75298852352292e-09,9.16975743488375e-06,-0.00134655213009775,-1.82319470943759e-15,8.24723615379333e-13,4.30668545098019e-07,-2.53022220276372e-09,1.02204116257087e-05,-1.67675970862157e-05,-2.58870851144177e-08,-4.46584203644962e-10,-1.1612393960286e-16,-1.91946824325716e-05,-7.47690664132614e-06,-1.33152564156329e-11,-2.96972489161365e-11,-1.82044173942599e-15,-1.9298798670242e-17,-9.15990786757285e-14,5.31118173229007e-16,-1.00726718632593e-14,3.98687323967169e-16,2.22942087430195e-05,3.752691754585e-16,-1.83755768675767e-05,-1.05383001947953e-09,6.2624974472196e-16,1.15386028236236e-16,0.000223817649008301,1.48676299170528e-13,2.58256622546057e-16,1.12430761594814e-07,-3.87446913728564e-05,-1.08160337545344e-12,3.21415977355971e-17,2.12283892657776e-06,5.3903760353414e-10,6.38595079593962e-16,4.88869861304641e-16,-2.87745136590534e-16,3.38833192209081e-16,1.64365049348802e-16,-2.9475353364658e-13,-9.41848125396132e-17,-9.1327553158882e-14,6.16568374527745e-17,2.11596432094462e-06,-9.40800891275247e-17,-5.44678598216519e-07,-1.07552855510562e-16,2.67829207533667e-16,-7.62829664512777e-17
"t175",0.0907821942822517,0.088357398750757,0.00482489676914283,0.115719163632043,0.0394213332551518,0.0177644782512667,0.0102520057548701,-0.00124168100724153,8.6513411889504e-05,2.5083343383062e-05,-0.272899605295591,-0.000529041854951934,0.000106099624760527,-0.0757361906920074,-0.0410179591974161,0.00106213462511571,0.0127777266143223,0.0531927632678086,0.00357843358205872,-0.00161195316483117,-0.0239198548250133,-0.00717550906666459,0.000912537150384994,-9.53016623003126e-06,4.74071420352878e-05,5.49450496616435e-07,-0.0427007685187283,-5.98468285300316e-05,0.00086084280003346,-9.07253447907583e-05,-1.00856105556763e-05,-4.79160100703806e-06,-2.37334314178925e-07,-5.17591483299475e-05,-4.62310981192912e-05,-2.69751171016238e-08,-0.000366200474659972,4.91322466857416e-06,9.83767504599605e-06,0.00119395562978664,1.27635881824425e-06,0.38265942487662,1.80946733069802e-05,-0.00124028104623755,-0.00148083978546041,0.00058944770190114,0.000910632858815235,0.00051428082682018,1.8551428615817e-05,2.65581370435809e-09,-2.3611772971495e-07,0.000197512394140348,0.0119297686247927,-0.00203035334970639,-0.00777389330803914,5.161650362814e-08,1.44937817012428e-06,-2.47691478017995e-06,-1.4578979964602e-05,0.00103525718660101,4.83262500841758e-08,0.00106504792474688,3.16247303421437e-05,2.14652266638023e-05,-0.000815864535600923,-5.03704118860371e-05,-0.00184787602353185,-6.81883997943021e-06,-8.11133584103059e-05,0.000253133372546333,6.81772911837603e-07,2.28826004217091e-06,0.0872671105343307,-1.29760629349798e-05,-1.34948624052199e-05,0.469444717991333,-3.58672476718929e-05,-0.000136737177018306,-0.0033076449432895,-2.20302218309026e-06,1.4207575840812e-06,-0.00119869269603925,-1.39687156113982e-05,6.22641124265011e-05,-0.00478149015941304,1.84907272295145e-09,-3.79606743780347e-17,-2.34641159380494e-05,-2.66722389106432e-05,-1.04245999203803e-16,4.20071719571337e-09,3.10036313983777e-08,5.22311891654192e-10,1.15482541727047e-09,8.77763569274905e-08,-7.38280473279278e-09,-0.02274146108332,1.49090281435901e-09,1.36187031272387e-08,-6.01997052522979e-05,2.82653477032491e-09,1.37303317567124e-07,1.80892124446238e-12,-2.52021242691783e-07,1.55195232032785e-09,9.67593984634869e-05,5.06524987177806e-07,-0.00132967904833223,-0.00332160509966479,-7.47179917071376e-07,2.23088977846508e-11,0.00127728513514371,-2.07488838523812e-09,-7.70383756787396e-13,-2.34015013345356e-09,-3.29254108884236e-06,0.000504464272434259,-1.90042288777216e-16,-3.29049083651639e-13,-1.74640726104038e-07,1.11195616191336e-09,-4.57673712627554e-06,-0.00359846700425841,1.21202660061104e-08,2.11383612870597e-10,2.35211671124783e-16,1.25503835223873e-05,5.26863435840497e-06,9.43510009263928e-12,2.1470103067136e-11,3.71450675815301e-16,-6.20163642661709e-16,2.30535522698028e-13,-7.65447958994876e-16,2.01816861833404e-13,1.90760734044778e-16,1.61324852574221e-05,-1.60672534668441e-16,-0.000156255989356453,-8.41549447843415e-09,-2.12506074656278e-16,-1.21192218059775e-16,4.06119655389406e-05,4.54544362828786e-13,1.02485165351779e-16,3.07780868135431e-07,-5.92674381698657e-06,-2.47035944760284e-12,-1.86526881299756e-16,0.000122868559584472,1.1132380067422e-09,1.72171304990698e-16,3.34067450178802e-16,-1.57420492317015e-16,-3.81356085712782e-16,-2.09207651202803e-15,-4.61089445704527e-13,-3.3438961660564e-14,-1.22154294058402e-13,-0.707106781186547,2.67361813531807e-07,2.12384189880694e-16,-6.67429357418094e-07,-2.4980018054066e-16,5.97223179490008e-17,-1.35252283100605e-17
"t176",0.0907821942822518,0.088357398750757,0.00482489676914282,0.115719163632044,0.0394213332551518,0.0177644782512667,0.0102520057548701,-0.00124168100724152,8.65134118894885e-05,2.50833433830309e-05,-0.272899605295591,-0.000529041854951948,0.000106099624760531,-0.0757361906920074,-0.0410179591974161,0.00106213462511571,0.0127777266143223,0.0531927632678086,0.00357843358205874,-0.00161195316483121,-0.0239198548250133,-0.0071755090666646,0.000912537150385095,-9.53016623008503e-06,4.74071420351447e-05,5.49450496531434e-07,-0.0427007685187283,-5.98468285299726e-05,0.000860842800033472,-9.0725344790852e-05,-1.0085610555637e-05,-4.79160100700705e-06,-2.37334314230966e-07,-5.17591483299943e-05,-4.62310981192947e-05,-2.69751171556171e-08,-0.000366200474660072,4.91322466862273e-06,9.83767504597177e-06,0.00119395562978672,1.27635881821834e-06,0.38265942487662,1.80946733069972e-05,-0.00124028104623759,-0.00148083978546048,0.000589447701901191,0.000910632858815237,0.000514280826820094,1.85514286158534e-05,2.65581374346094e-09,-2.36117729727066e-07,0.000197512394140416,0.0119297686247928,-0.00203035334970634,-0.00777389330803912,5.16165037654e-08,1.44937817010866e-06,-2.47691478029444e-06,-1.4578979964347e-05,0.00103525718660106,4.8326249965869e-08,0.00106504792474695,3.16247303421339e-05,2.14652266637425e-05,-0.000815864535600952,-5.03704118859943e-05,-0.00184787602353225,-6.81883997937643e-06,-8.11133584103246e-05,0.000253133372546229,6.81772912158526e-07,2.2882600420039e-06,0.0872671105343305,-1.29760629350422e-05,-1.34948624054046e-05,0.469444717991332,-3.58672476716016e-05,-0.000136737177018104,-0.00330764494328974,-2.20302218269675e-06,1.42075758394309e-06,-0.00119869269603934,-1.39687156112913e-05,6.22641124266217e-05,-0.00478149015941278,1.84907207282526e-09,2.49569459666029e-16,-2.3464115938162e-05,-2.66722389105425e-05,-3.08974810063627e-17,4.20071768759896e-09,3.10036313319433e-08,5.22312179618289e-10,1.15482531823537e-09,8.77763573052266e-08,-7.38280518317036e-09,-0.0227414610833205,1.49090275610749e-09,1.36187029852082e-08,-6.0199705252266e-05,2.82653498537641e-09,1.37303317454367e-07,1.8089091219386e-12,-2.52021242783932e-07,1.55195217571222e-09,9.67593984635613e-05,5.06524987136173e-07,-0.00132967904833233,-0.00332160509966533,-7.47179916752609e-07,2.23097408602602e-11,0.00127728513514369,-2.07488824472551e-09,-7.70522534665474e-13,-2.34015034711931e-09,-3.29254108893604e-06,0.000504464272433952,1.94209018064526e-16,-3.28351917228087e-13,-1.74640725155578e-07,1.11195573560506e-09,-4.57673712593775e-06,-0.00359846700425828,1.2120266033866e-08,2.11383052554914e-10,-2.72335858240854e-16,1.25503835223237e-05,5.26863435833954e-06,9.43391173082527e-12,2.14692670604402e-11,-2.32233718182917e-16,-2.35922392732846e-16,2.32355002620047e-13,1.60606264720188e-17,2.01371905261816e-13,-9.31684412975123e-17,1.6132485258122e-05,-1.60562463260077e-16,-0.000156255989356527,-8.41549491264272e-09,-2.29853810268152e-16,-2.17239872142954e-17,4.06119655390597e-05,4.55159290113768e-13,-1.88361541658942e-16,3.07780868732283e-07,-5.92674381618456e-06,-2.47011727749508e-12,5.45977081515326e-17,0.000122868559583986,1.11323786208253e-09,-1.82145964977565e-17,-1.93431982366028e-16,7.30043272739367e-17,2.50085340240078e-16,1.99753408258729e-15,-4.61008076331482e-13,3.3531338722267e-14,-1.2804183711565e-13,0.707106781186547,2.67361797306314e-07,-2.8708595242477e-16,-6.67429356612315e-07,6.07153216591882e-17,-6.90744559561721e-17,-1.510033408871e-18
"t131",0.0906613170619621,0.088115727009849,0.00480749894792177,0.114822723369982,0.039113290060425,0.0175549657064072,0.0100995551128601,-0.00121908403104021,8.44345523146025e-05,2.44649509336876e-05,-0.265201130071439,-0.000512321361399628,0.000101690947522284,-0.0724505805974524,-0.0389432900945324,0.00100623022467051,0.0120485615974324,0.0500317543910817,0.00336420346381679,-0.00151500936273735,-0.0222352227339049,-0.00665220191479227,0.000844022515701998,-8.7152060606133e-06,4.32384665121333e-05,4.95080892479877e-07,-0.0383962348198071,-5.37765732922871e-05,0.000769401003023995,-8.10326750442236e-05,-8.94118636486505e-06,-4.23173856634648e-06,-2.09515349706632e-07,-4.51826784156201e-05,-4.01160394365198e-05,-2.3074010202951e-08,-0.000309174965437412,4.12717487651912e-06,8.21873029198741e-06,0.000992364331705902,1.05841638666589e-06,0.314639825171417,1.40652529640109e-05,-0.000933411440658659,-0.00109928708039473,0.00041199365879088,0.0006107852856846,0.000334171894527076,1.19827277025178e-05,1.67901767189642e-09,-1.37930417132704e-07,0.000114746135850051,0.00654821124746728,-0.0010901539357523,-0.0040453377206102,2.38093670033596e-08,6.36833794398148e-07,-9.96102265503861e-07,-4.52366313751125e-06,0.000296146455544925,1.22850113177075e-08,0.000131209693008834,2.39852398014796e-06,-1.58596597380108e-07,2.77934536104487e-05,2.62032657233237e-06,0.000199795286772745,1.23231381435785e-06,1.81564108035696e-05,-0.000102804434183362,-3.57375421009259e-07,-1.42448262546625e-06,-0.0552895765467251,1.06185266705349e-05,1.35956265046944e-05,-0.510421150968842,4.21461193754464e-05,0.000226236706752922,0.00597297819879194,4.98999366232322e-06,-3.65042774894513e-06,0.00333081624702386,3.89892330116845e-05,-0.0004445299374622,0.0797557723181197,-9.91152767744966e-08,-2.70428528151521e-15,-0.00112966585840414,-0.000405395757723212,2.15987504170712e-17,4.11052640818214e-08,2.35100318444348e-07,3.71462652304366e-09,6.99431692626041e-09,5.14344455643983e-07,-3.65511549345419e-08,-0.109040854910406,6.52007363127516e-09,5.80760118030176e-08,-0.000242912416394855,1.03114894436015e-08,4.56986590583776e-07,5.79608260546676e-12,-7.93348318701926e-07,4.69373456899233e-09,0.000286552696672045,1.41175954286761e-06,-0.00353516249472454,-0.00869834698073597,-1.90750124379948e-06,5.65651189082805e-11,0.00322520582612086,-5.06566403667835e-09,-1.79715270443026e-12,-5.13195520590454e-09,-7.18745490561543e-06,0.00109540209316667,-2.06881352059389e-15,-7.09192557406295e-13,-3.75697460427028e-07,2.37150105174104e-09,-9.74258883303229e-06,-0.00746540707490862,2.49608175170724e-08,4.35205009183259e-10,-1.92463467108664e-16,2.53640641982336e-05,1.05828251495885e-05,1.89421989412483e-11,4.30322855765554e-11,2.85989183840579e-15,-1.3314002678122e-15,4.27927926777932e-13,-0.707106781186548,3.55484738867595e-13,1.41144615226287e-14,2.81951473958917e-05,-4.20378422505691e-15,-0.000270883394099401,-1.45717128696239e-08,6.83442006661749e-16,2.00694013958317e-15,6.79214768862297e-05,7.59722920492156e-13,-9.48190360000267e-16,5.10583400888577e-07,-9.70713383492158e-06,-4.03561429404759e-12,6.23021681814027e-16,0.000198971665050859,1.79950647457672e-09,7.0082828429463e-16,-6.77899470713715e-17,-1.84108425757897e-16,-1.50223775594861e-16,6.10622663543836e-16,-7.1445819638076e-13,-4.24084885379977e-16,-1.87597658761474e-13,5.29404620425576e-17,3.99961887681353e-07,-7.45789216287855e-17,-9.62936327945918e-07,-6.67868538251071e-17,2.16173047565762e-16,3.77811474865529e-17
"t132",0.0906613170619621,0.088115727009849,0.00480749894792177,0.114822723369982,0.039113290060425,0.0175549657064072,0.0100995551128601,-0.0012190840310402,8.44345523146191e-05,2.44649509336555e-05,-0.265201130071439,-0.000512321361399626,0.000101690947522279,-0.0724505805974524,-0.0389432900945324,0.00100623022467049,0.0120485615974324,0.0500317543910818,0.00336420346381676,-0.00151500936273733,-0.0222352227339049,-0.00665220191479227,0.00084402251570204,-8.71520606067142e-06,4.32384665121016e-05,4.95080892441713e-07,-0.0383962348198072,-5.37765732922663e-05,0.000769401003024055,-8.1032675044267e-05,-8.94118636485741e-06,-4.23173856633628e-06,-2.09515349692754e-07,-4.51826784156183e-05,-4.01160394365233e-05,-2.30740102415486e-08,-0.000309174965437331,4.12717487654687e-06,8.21873029199695e-06,0.00099236433170591,1.05841638667174e-06,0.314639825171417,1.40652529640124e-05,-0.000933411440658649,-0.00109928708039471,0.000411993658790852,0.00061078528568463,0.000334171894527076,1.19827277025242e-05,1.67901753076263e-09,-1.37930417011274e-07,0.000114746135849809,0.00654821124746731,-0.00109015393575223,-0.00404533772061019,2.38093669207434e-08,6.36833794505701e-07,-9.96102265634832e-07,-4.52366313756676e-06,0.000296146455544907,1.2285011086874e-08,0.000131209693008806,2.39852398014296e-06,-1.5859659717064e-07,2.77934536103889e-05,2.6203265722661e-06,0.000199795286772786,1.23231381430407e-06,1.81564108036924e-05,-0.000102804434183372,-3.57375420583384e-07,-1.42448262544568e-06,-0.0552895765467251,1.06185266704351e-05,1.35956265048549e-05,-0.510421150968841,4.21461193753285e-05,0.000226236706752984,0.00597297819879197,4.98999366269629e-06,-3.6504277492571e-06,0.00333081624702375,3.89892330115097e-05,-0.000444529937462359,0.0797557723181198,-9.91152774630342e-08,-7.45782357224934e-16,-0.00112966585840413,-0.000405395757722979,-4.97085690092638e-16,4.11052650671854e-08,2.35100318130851e-07,3.71462715101356e-09,6.99431712915614e-09,5.14344454404523e-07,-3.65511548905233e-08,-0.109040854910406,6.52007410077811e-09,5.80760111041408e-08,-0.000242912416395312,1.03114894359105e-08,4.5698659049704e-07,5.79676717198902e-12,-7.93348318052474e-07,4.69373470253555e-09,0.000286552696670064,1.4117595424825e-06,-0.00353516249472499,-0.00869834698073583,-1.90750124435083e-06,5.65641405242401e-11,0.00322520582612118,-5.06566311814227e-09,-1.79737474903519e-12,-5.13195394452341e-09,-7.18745490579237e-06,0.00109540209316578,1.62040015584052e-15,-7.07609607865512e-13,-3.75697459778675e-07,2.37149979363284e-09,-9.74258883206088e-06,-0.00746540707490652,2.49608183428007e-08,4.35203631812819e-10,1.52748193315819e-16,2.53640641963673e-05,1.0582825154566e-05,1.89415747025302e-11,4.30329640499461e-11,-2.79010246461492e-15,2.45983788893511e-15,4.29045375734751e-13,0.707106781186548,3.59599502952612e-13,-1.40643161410527e-14,2.81951473955975e-05,4.56005219352777e-15,-0.0002708833940994,-1.45717168068041e-08,-6.34730948069255e-16,-2.10606418493745e-15,6.79214768852766e-05,7.59675591679196e-13,1.2910307715183e-15,5.10583401768331e-07,-9.70713383518816e-06,-4.03641136221536e-12,-6.03427632509747e-16,0.000198971665051506,1.79950633216676e-09,-2.38524477946811e-17,4.33892448633916e-17,2.19416927679853e-16,3.91009756158241e-16,-5.40366362766775e-16,-7.14273421225514e-13,2.94090675288512e-16,-1.87933653014727e-13,-6.78848691088761e-16,3.9996188776255e-07,-1.74421376939747e-16,-9.62936327889865e-07,1.25767452008319e-16,3.70622549800436e-17,-3.13383600878157e-17
"t152",0.0909685437065952,0.0887318723646655,0.00485194124800867,0.117134583692522,0.0399078395992377,0.0181005988810107,0.0104996793809478,-0.00127891350051216,9.00287920040656e-05,2.61320691904821e-05,-0.286176518399651,-0.000558363195279697,0.000114249762510823,-0.0818736629713195,-0.0450645393426589,0.00117260715514216,0.0142615194156295,0.0597309832946146,0.00402292575143143,-0.00181348515608716,-0.0277066611451475,-0.00837647876857999,0.00107270268833433,-1.16320537827544e-05,5.84327057530556e-05,7.12963060282498e-07,-0.0559634009986437,-7.87060351773936e-05,0.00116476748608914,-0.000123234720995612,-1.43549087883786e-05,-7.01015814838393e-06,-3.4834149976147e-07,-8.41530379069293e-05,-8.08161963686202e-05,-6.18416464326539e-08,-0.0015069828699507,3.59695422460574e-05,-0.000911984201624974,-0.00611685075002137,-4.27325365947152e-06,-0.436401091977022,7.9794497913318e-06,-0.000727016345233901,-0.000924543977978601,0.000427023768228814,0.000693964873918808,0.000402524125214123,1.45813831950681e-05,2.11582611925469e-09,-1.94613384786531e-07,0.000163072695153098,0.00999159940081642,-0.00170767402894588,-0.00657105308386918,4.41233890099892e-08,1.24151321256698e-06,-2.12453385458732e-06,-1.24273042951262e-05,0.000879314125450387,4.08092911661045e-08,0.000867708555991418,2.53204924586509e-05,1.65764033588606e-05,-0.000621861114365805,-3.8040697145091e-05,-0.00135298016308614,-4.7720938845025e-06,-5.5105684013254e-05,0.000147682938574214,3.50451739697388e-07,1.03518264189814e-06,0.0388563571243423,-4.15744480651917e-06,-2.46421905973192e-06,0.0571655439976649,-1.90804177818341e-06,4.76229990976308e-05,0.00159754528490478,2.00645189549269e-06,-1.71528401144093e-06,0.00169780915094566,1.99607565952074e-05,-0.000390088285709955,0.0852127320884038,-1.18021304678219e-07,-2.22885714637135e-15,-0.0015035769949367,-0.00062155858525407,-7.24358914276278e-16,7.18515677812535e-08,4.64890737452019e-07,7.64534120040183e-09,1.62970744776219e-08,1.23615226920847e-06,-1.07534811645332e-07,-0.337227287537255,2.40398716788308e-08,2.27193215919822e-07,-0.00110863742136963,7.21607485100047e-08,7.63871253264565e-06,2.82731509268984e-10,-0.000676701617317392,-1.02862528351798e-07,-0.00398196512622757,-9.07386134308547e-06,0.0154268765047127,0.0341965976256379,6.39377793220495e-06,-1.82188764075164e-10,-0.0101468794085826,1.33750413071343e-08,3.9419995045975e-12,1.05495412802436e-08,1.50220100169976e-05,-0.00235175185451475,-9.20651698495362e-16,1.60764004606051e-12,8.69209835206199e-07,-6.17221012234187e-09,2.62562394738179e-05,0.252459125743422,1.57040601772573e-07,2.59677961338828e-09,8.27186085891096e-16,2.37751260982874e-05,6.59463823844477e-06,1.14661835273522e-11,2.33913267084843e-11,2.40647786307341e-16,-1.42464165464595e-15,-1.91786897159587e-14,-7.09674809942499e-16,-3.86583126621431e-15,-1.05326923498224e-15,5.63776851870589e-07,-2.64685829318362e-16,-9.51585817680163e-06,-5.45418417756269e-10,-3.36019507066656e-16,1.96139187747062e-17,8.22923290473375e-06,9.44280969335156e-14,-2.92725934140871e-15,7.73954725819768e-08,-2.38862997153041e-06,-1.16568867324649e-12,7.46642962528674e-15,0.694272712077677,-1.28253753724585e-09,-2.01704972169203e-15,-1.04279663061719e-15,4.72092677189855e-16,-7.50496286175395e-16,3.73312492030209e-15,-1.26114179863079e-13,5.7511214601051e-16,-4.6831299688882e-14,-1.00371863395119e-16,1.01886924646238e-07,2.31878268620106e-17,-3.12292709393541e-07,1.12757025938492e-16,6.34705600065713e-17,-6.38920242079402e-17
"t153",0.0909577001465019,0.0887101957332326,0.00485038087764279,0.11705420301489,0.0398802184954559,0.0180818129716564,0.0104860080709727,-0.00127688646349674,8.98421344438439e-05,2.60765372499303e-05,-0.285484572753863,-0.000556858730836402,0.000113851287905967,-0.0815763757720811,-0.0448758620428824,0.00116751424844343,0.0141948143164118,0.059441086433239,0.00400326903806068,-0.00180458733363127,-0.0275498971043991,-0.00832758305140655,0.00106627674345757,-1.15538935683271e-05,5.80303780266201e-05,7.075256513462e-07,-0.0555297442812315,-7.80929212863754e-05,0.00115532944736404,-0.000122231272654014,-1.42319127811969e-05,-6.94859863235018e-06,-3.45274398787232e-07,-8.33606805786414e-05,-8.0029657207565e-05,-6.11944621437465e-08,-0.00149024971348975,3.55615017423178e-05,-0.000901405975852121,-0.00604445988840494,-4.22223530483976e-06,-0.431025903928561,7.86302406014974e-06,-0.000715573275286482,-0.000909569905371695,0.000419330776900248,0.000680704801386451,0.00039452339029812,1.42895422697197e-05,2.07245960813333e-09,-1.90316188071883e-07,0.000159455576446964,0.00976027641308649,-0.00166754510451727,-0.00641356449343889,4.29970641567263e-08,1.20915419050786e-06,-2.0673131743195e-06,-1.20686062046842e-05,0.000853525696937174,3.95885714025572e-08,0.000839895096565276,2.44915653385209e-05,1.60154357121099e-05,-0.000600611239215421,-3.67325696827005e-05,-0.00130558019436476,-4.60120696378391e-06,-5.31085854571331e-05,0.000142091481166632,3.36867436188937e-07,9.94355270798853e-07,0.0373210576281518,-3.98854880644898e-06,-2.36170496767689e-06,0.05476620498489,-1.82722699532144e-06,4.55236341205933e-05,0.00152641082879716,1.91483043624179e-06,-1.63590343178262e-06,0.00161860313160031,1.90291275820084e-05,-0.000370441534779692,0.080755106220033,-1.1170659008539e-07,-1.64942657959609e-15,-0.00142118627470205,-0.00058644389439249,-7.67387672832059e-16,6.76782980012729e-08,4.37206585960465e-07,7.18649729308796e-09,1.5296123327048e-08,1.15981022839667e-06,-1.0067002086838e-07,-0.315538809974332,2.24563868476775e-08,2.12118851498173e-07,-0.00103379788856749,6.71063595310164e-08,7.08109070329723e-06,2.61677172683362e-10,-0.000625809466648455,-9.49379143091245e-08,-0.00367096041282953,-8.33309003678458e-06,0.0141157463649672,0.0312486884250754,5.82838786584223e-06,-1.65961459852593e-10,-0.00923907411851386,1.21312381806682e-08,3.55216550618209e-12,9.39573445834504e-09,1.33646584603367e-05,-0.00208960412528422,-8.6232932963295e-16,1.42583532349195e-12,7.70486483853833e-07,-5.45834073772955e-09,2.3207149456533e-05,0.221344874343899,1.37325089903662e-07,2.2705292992975e-09,7.72083940580052e-16,2.06340671202773e-05,5.70774579447635e-06,9.92210094196821e-12,2.02251834669047e-11,-6.16040001440808e-17,3.33934269125535e-16,-1.81108653490248e-14,5.59073733831012e-17,-3.63424568217141e-16,4.08055452575356e-16,4.06283721936398e-07,-2.14320445077252e-16,-6.62562745217519e-06,-3.77585804951856e-10,4.26635644701647e-18,4.58450276054459e-16,3.92317461747886e-06,4.56492262474731e-14,1.60388935035884e-15,2.81213184918316e-08,-2.84933381697318e-08,1.30697139715625e-13,-7.78955176270538e-15,-0.719407663328609,1.87847616216381e-09,3.3510520747182e-15,1.1144936938743e-15,-6.76207369848043e-16,5.94473391399734e-16,-4.1286418728248e-15,-1.96340610870288e-13,-4.76482887621321e-16,-5.8682713636321e-14,-4.91774350627419e-16,1.27440318597411e-07,1.17118100252008e-16,-3.58989408388659e-07,-1.29236898960272e-16,-6.64331971049862e-17,8.95483835360015e-17
"t134",0.0907580138958912,0.0883108369772488,0.0048216254547558,0.115570956438801,0.0393705216551594,0.0177347213683448,0.0102331737818101,-0.00123936054807641,8.63804892891095e-05,2.50464803624895e-05,-0.272636103182611,-0.000528894862512307,0.000106423328585327,-0.0760317533935838,-0.0413497444719194,0.00107228040995051,0.0129459485451086,0.0540100768742157,0.00363497033073496,-0.00163786055300616,-0.0246043419251327,-0.00740823879166741,0.000945387012487739,-1.00795223684016e-05,5.04364299161353e-05,6.04612056979287e-07,-0.0473182101927716,-6.64814966142256e-05,0.000976379513669227,-0.000103202583795731,-1.1895802077808e-05,-5.77844447052149e-06,-2.86968315435163e-07,-6.82634128262114e-05,-6.50254550895492e-05,-4.88146146293295e-08,-0.00116939412232826,2.77302920254005e-05,-0.000698190431037072,-0.00465253847690561,-3.24087400722602e-06,-0.327483475236526,5.60078683253601e-06,-0.000492242100122855,-0.000616810243262891,0.000267859588565327,0.00041850478528267,0.00023584209201654,8.49821738665872e-06,1.21026261813515e-09,-1.0434334628986e-07,8.70600365913401e-05,0.00511249199623198,-0.000860147977751769,-0.00323894479808266,2.01500486550227e-08,5.51338056939757e-07,-8.99986129537789e-07,-4.693112807274e-06,0.000322256453062699,1.43798030587577e-08,0.000260407024430396,7.17169212617227e-06,4.24002483390183e-06,-0.00015392995385255,-9.21012881619681e-06,-0.000305580675190459,-9.84125026685066e-07,-1.07593377843664e-05,2.26989988609504e-05,4.5680535027369e-08,1.16634908226729e-07,0.00430434139834095,-3.38851769324244e-07,-1.37011978198261e-07,0.00261277736600107,-6.76363310019346e-08,-5.35790460269147e-07,-3.73358183583999e-05,-1.09497058660272e-07,1.22800310019497e-07,-0.000139175648995043,-1.64800183325576e-06,7.2971916414073e-05,-0.0207561819552418,3.2894132599015e-08,5.36237007433448e-18,0.000476905816061213,0.000229018319638572,3.98875489364818e-17,-2.99712271226381e-08,-2.15147386419012e-07,-3.65014240708006e-09,-8.50492755845029e-09,-6.58482422731055e-07,6.45107717747338e-08,0.207559857735448,-1.60316416307861e-08,-1.55160234730813e-07,0.000800245769670276,-5.83651566432499e-08,-6.97433557398427e-06,-2.73113265976185e-10,0.000671908304603784,1.09112378522092e-07,0.00438277242374381,1.12217393283837e-05,-0.0211455320639477,-0.0485762120527347,-9.67666453650789e-06,2.80699935517603e-10,0.0158055210377712,-2.28978935274543e-08,-7.79212111501337e-12,-2.66095978501236e-08,-3.86854180269257e-05,0.00620664466847897,1.20441780620223e-15,-4.39596038278931e-12,-2.39897827057764e-06,1.7792073906623e-08,-7.64262330698906e-05,-0.848773035190655,-5.52509280649788e-07,-9.15273068360228e-09,-2.48371731812702e-15,-9.5020932452048e-05,-2.75789303433614e-05,-4.81151081018868e-11,-9.94280807318192e-11,-1.43871766556895e-16,2.19399151624167e-15,2.33163730090449e-13,1.06592734677919e-15,2.78946137022285e-13,7.86739125819833e-16,2.34313011079368e-05,9.89166855216366e-16,-0.000230709779881257,-1.24509447201019e-08,-3.2665188894644e-16,-5.05991243463287e-16,6.20966180535409e-05,6.96130588747181e-13,2.53946752143767e-15,4.71717061982021e-07,-9.10373154033183e-06,-3.79751645304379e-12,4.03561720195183e-16,0.0206143081107327,1.65268272873421e-09,-9.20270804005696e-16,-2.44398906187277e-16,3.19728932281211e-16,-2.89470266224575e-16,7.19910242530375e-17,-6.85549165178878e-13,-2.53313630951502e-16,-1.81384421371611e-13,2.14417664037854e-17,3.85938297194955e-07,-1.56129492779451e-17,-9.29374973083173e-07,-7.54604712049911e-17,-2.35927726328812e-18,4.7170262953292e-17
"t119",0.0904195654391424,0.0876342184244209,0.00477291758439593,0.113061305822865,0.0385081309342044,0.0171480713530375,0.0098061815629897,-0.00117604098963554,8.05482711933412e-05,2.33113077213009e-05,-0.251012046809121,-0.000481872147381662,9.39640131785258e-05,-0.0667356901482487,-0.0354483669171476,0.000912975248638289,0.0108591198085645,0.0449401421902827,0.00301996678251821,-0.00135947018721262,-0.0196980743388119,-0.00587783390534576,0.000744247042111705,-7.63234698166002e-06,3.78389123160197e-05,4.34315411751082e-07,-0.0337357852966682,-4.7278099084818e-05,0.000680740916236034,-7.17700307755077e-05,-8.04252330711161e-06,-3.84976131629776e-06,-1.90874245306963e-07,-4.34343562081083e-05,-4.03767835894832e-05,-2.8529710989272e-08,-0.000644855636889662,1.49387968321341e-05,-0.00036656382564327,-0.00238300675631858,-1.6413686562618e-06,-0.158954118128041,1.94982778755578e-06,-0.000133404414102905,-0.000147255242006145,2.66696131377339e-05,2.85938959470634e-06,-1.49005705053786e-05,-6.47732513539201e-07,-1.48601188591428e-10,3.02345077040657e-08,-2.62149253158457e-05,-0.00212868602998925,0.000395814942777578,0.0016890145523968,-1.50624771485825e-08,-4.59960311081919e-07,8.87223755555513e-07,6.49307279530949e-06,-0.00048163566545722,-2.36523711987448e-08,-0.000604185603237841,-1.85751040271226e-05,-1.31595975227787e-05,0.000504891403845083,3.1334556664182e-05,0.00116222646019592,4.30158791270892e-06,5.09721044969705e-05,-0.000149675719719638,-3.72425175746392e-07,-1.1383737768419e-06,-0.0428832547855098,4.8406513998428e-06,3.00023578631925e-06,-0.0707540097194684,2.40136326589557e-06,-6.44068510683177e-05,-0.00219905647373271,-2.88529687486312e-06,2.52356488074747e-06,-0.00253205978291264,-2.97915919241888e-05,0.000659374986125397,-0.152825124627517,2.19066075840454e-07,4.97751587352972e-15,0.00289219678790219,0.0012501197932383,2.46869472925025e-15,-1.50331066840549e-07,-1.00702350502678e-06,-1.67388290138459e-08,-3.68102651195728e-08,-2.81258131490814e-06,2.55447737434263e-07,0.808685480185077,-5.93918967889913e-08,-5.66310005450368e-07,0.00282134280002923,-1.9161965256772e-07,-2.1204810384319e-05,-8.00691678805771e-10,0.00193474055075079,3.00667851803384e-07,0.0117772534505975,2.77525402909047e-05,-0.0482870574906134,-0.107690352049357,-2.02891974570951e-05,5.78887547272866e-10,0.0322596668099792,-4.24088698741665e-08,-1.19770582340806e-11,-2.28954089546448e-08,-3.05497023160173e-05,0.00436011991400721,4.35150797120265e-16,-2.50117060015715e-12,-1.27570541985037e-06,6.21646134677141e-09,-2.3391791091958e-05,0.407943732359638,4.44723474254949e-07,7.49507219829915e-09,5.44973151330656e-16,0.000194939586920393,7.38998878504486e-05,1.31475592616588e-10,2.92335202076714e-10,-6.76042553242614e-16,-1.47668335892526e-15,1.82369219817871e-12,-2.37051152789649e-16,1.33155379083982e-12,-1.8944195555758e-16,0.000100086135888573,-6.457054217767e-16,-0.000939581315552448,-5.03748473499257e-08,1.00714637914216e-15,4.1646842245293e-16,0.000213744746511578,2.38118281433483e-12,-1.85871201978613e-15,1.57324216644953e-06,-2.89522380744712e-05,-1.19624845714371e-11,3.93502307071516e-17,0.00359322080005233,5.1854793575376e-09,-2.98806118737005e-16,2.59391557746931e-16,1.77494743658458e-17,2.61022026439206e-16,-5.19549681055054e-16,-1.85990120331846e-12,3.64919790695823e-17,-4.53481978530956e-13,8.67268697466371e-17,9.5951718049553e-07,3.45609810925883e-17,-2.12768781307005e-06,-3.38271077815477e-17,-3.7349940886225e-17,5.40313530165903e-17
"t35",0.0772871833324908,0.0609400549906137,0.00282969309353047,0.00616425658072492,0.0017278705436753,-0.01040388021416,-0.0128806040948141,0.00322382405325439,0.000398012740604824,7.576321347973e-05,-0.0437589574177786,0.00043004825280737,-0.000267117688936789,0.210268620463685,0.147969959299839,-0.00394261858955409,-0.0386029316495459,-0.000522638862791591,0.00563321141387088,-0.00489347634261002,0.296832344424824,0.0935542531410178,-0.0126073822386378,0.000198720048898999,-0.00112773067081329,0.00469306834041323,-0.048911974492413,0.000686322645854942,-0.0618707750473325,0.00764501224863089,-0.00182486092324311,-0.000359738999215817,-1.67509814813374e-05,-0.00140877908993149,-0.000940582442193575,-3.38549809118707e-07,-0.000217706385101983,6.43162329996313e-05,-0.000985193520616886,-0.0033986718606718,-1.56812407233668e-06,-6.64785475433757e-06,-7.3624078144254e-05,0.00815449985767865,0.0112941424656364,-0.00733327771715838,-0.0147075471141713,-0.00997843990990554,-0.000372229383230315,-6.00389094830115e-08,8.30783061045334e-06,-0.00717689867946603,-0.620178410759142,0.123615273700559,0.610419495557422,-5.46958206350911e-05,0.000476987726219492,-0.000260544163961712,-0.000592669168228162,0.0363077838681801,1.43456337526904e-06,0.0189612926245906,0.000485330493514413,0.000259195981676575,-0.00915247499678125,-0.000537887074591724,-0.00398654483373719,-5.18744650031814e-05,-0.000547819806085212,0.000967749975328758,1.54421483739708e-06,2.35414696668935e-06,0.0774002403631245,3.39111303843101e-05,-2.42648903084435e-05,0.00639813368109196,3.63657754480612e-05,0.000546393901476025,0.0154225565760965,1.39928890020184e-05,-1.03448614612495e-05,0.00941906301623538,0.000110223524946228,-0.000930210887665703,0.10778906141587,-7.82121954772457e-08,-2.08719439517287e-15,-8.34019635409548e-05,0.000442600823582709,1.25667956843372e-16,-1.05497172935113e-07,-1.10022828613041e-06,-2.1162172744206e-08,-9.08880416682545e-08,-9.78364057911319e-06,-8.4069284776695e-08,-0.00571422065567254,-2.83529083545509e-08,-3.17489504799112e-07,0.00199850065307947,-1.72946691992295e-07,-2.17136260693008e-05,-8.48994553447001e-10,0.00207772377881954,3.28238107774409e-07,0.00747494650333426,3.11737359633482e-05,-0.0529193213140608,-0.115959794282655,-1.95738615252273e-05,-3.64362463811663e-11,0.0425324212815231,-4.38105133520987e-08,-1.09532556635816e-11,-1.6064066603259e-08,-2.09809276659114e-05,0.00293069231595901,-2.83734778960685e-16,-1.65375685027458e-12,-8.43280939295311e-07,4.36376474993901e-09,-1.70598206259408e-05,0.00187022898312297,1.0584960339656e-08,1.74908088663647e-10,-3.10774910320904e-16,-1.63646093481335e-05,-1.02254665711927e-05,-1.87472868944305e-11,-4.64061941975394e-11,-2.78501848172275e-16,1.56829844250028e-16,-2.58612730387429e-12,-2.91499299663923e-17,-3.47473091966144e-12,2.01595846656779e-16,-9.15779505895629e-05,1.21719972132305e-17,0.00341327969678289,1.85947192283056e-07,-2.49483479813044e-16,-7.45301728499999e-17,-0.000121462764744865,-1.44303754130895e-11,-1.06346272214694e-16,-1.04633105994632e-05,1.29354587536041e-05,9.96314197830096e-11,-4.3703205389682e-17,-8.09572811087884e-06,-5.11089496857972e-08,1.18720137887163e-17,-9.93867104608455e-17,-1.64995180919013e-16,-1.49329005435989e-16,-3.56377254095985e-16,4.17147578280061e-11,-5.80539716540554e-17,3.3554125190155e-11,-6.55135704532526e-18,-4.78133234318601e-08,-1.10818871797655e-16,-0.000139997360564074,1.36717893950422e-16,2.21353536751007e-16,-1.1844016665254e-16
"t160",0.0777744815495354,0.0617356505011186,0.00287863881573995,0.00639889419123775,0.00179423940254389,-0.0110214673048084,-0.0138628327421377,0.00353094999119518,0.000449973915379002,8.59524300323867e-05,-0.050652757414519,0.00050771214445273,-0.0003351608662195,0.266949402813605,0.197100082273455,-0.0053271614177556,-0.0538388296236802,-0.000741720167267652,0.00802098473414308,-0.00698200737455526,0.459370626038673,0.147863915815595,-0.02029954135667,0.000352377086272568,-0.00204847694174028,0.00960549113059595,-0.102321267058923,0.00144651077391832,-0.138427885503908,0.0172409139827895,-0.00450757750500911,-0.00093428980293972,-4.37536232468414e-05,-0.00434559225221392,-0.00321413951326146,-1.56355252491717e-06,-0.00148741706850043,0.000540587673928143,-0.0110347231199716,-0.0554624476284301,-3.22059726327201e-05,-0.00317223520685282,0.000233892619455147,-0.0161921823697703,-0.0193041068058774,0.00768977315019237,0.0120961784471989,0.00701041958851066,0.000254435765355083,3.73648485123059e-08,-3.85178197851838e-06,0.00326765990449035,0.237335107210163,-0.0444728182051303,-0.202088885666919,1.36786500773812e-05,-0.000108010039384438,4.99965885713935e-05,7.59510839968601e-05,-0.00417479372799128,-1.42569183287668e-07,-0.000951175221067594,-1.77766660369885e-05,-4.29797083145733e-06,0.000100509854933493,3.98310137654644e-06,-1.14825597954649e-05,-7.51260991302145e-07,-1.12907562049524e-05,4.04155634364618e-05,8.09244614511425e-08,1.41110655751721e-07,0.00470009206856973,2.45030793835752e-06,-1.98124144642705e-06,0.00054420091796864,3.2178922348381e-06,5.62430446786285e-05,0.00164094676440484,1.60688965835133e-06,-1.23277238140479e-06,0.00114651287461716,1.34324453631379e-05,-0.000134315183373125,0.0166637414084476,-1.2543068924397e-08,-3.54268799056884e-16,-1.38663710615715e-05,7.67804543622061e-05,-5.8924199349836e-17,-1.89616602508106e-08,-2.03709201963179e-07,-3.95314912228495e-09,-1.74122267434085e-08,-1.88522386924099e-06,-1.6746843844751e-08,-0.00114638985441999,-5.81442267848935e-09,-6.55296930220225e-08,0.000418664004724444,-3.73288128994799e-08,-4.83276025123542e-06,-1.91594697697772e-10,0.000472013963961364,7.57481517030626e-08,0.00173987887317366,7.44867405689294e-06,-0.0129253012140638,-0.0285317852732035,-4.87782349462228e-06,-9.1108683097918e-12,0.0106590720613019,-1.11773368941491e-08,-2.86664095239253e-12,-4.36623398842405e-09,-5.71948451019667e-06,0.000801661087608438,-1.43619155115473e-17,-4.54668633313842e-13,-2.32083012075262e-07,1.20788618115843e-09,-4.7280942271059e-06,0.000527542999339875,3.00118792144477e-09,4.96026928299004e-11,-1.92403116747091e-16,-4.70310307654364e-06,-2.95195256967309e-06,-5.4137056466792e-12,-1.34179308084948e-11,5.52307182227831e-16,1.22298005056365e-16,-7.95615811969842e-13,7.87739595919487e-17,-1.10890485162385e-12,5.15515314002146e-16,-2.96784152255848e-05,-2.47240926376442e-17,0.00111468984606921,6.07942108981174e-08,-3.47313902269199e-15,-6.55487219829089e-15,-4.10938460537182e-05,-4.88940289614481e-12,-5.86395013512922e-16,-3.56963452486242e-06,4.47248879864813e-06,3.45397318525951e-11,-1.58217154110118e-15,-2.83337214487816e-06,-1.79224521253897e-08,1.74448129552918e-16,8.28502563598518e-16,-0.707106781186548,-1.21460240907812e-14,4.07811805158698e-15,1.53506713295045e-11,1.96754479375278e-16,1.2842003014376e-11,7.37942019209568e-17,-1.83700808357325e-08,-1.935351114407e-16,-5.64401681114908e-05,-2.62376925741492e-17,-4.90597354016912e-17,1.24614466385264e-17
"t161",0.0777744815495354,0.0617356505011186,0.00287863881573995,0.00639889419123776,0.0017942394025439,-0.0110214673048085,-0.0138628327421377,0.00353094999119519,0.000449973915379008,8.59524300323589e-05,-0.0506527574145191,0.000507712144452731,-0.000335160866219353,0.266949402813605,0.197100082273455,-0.00532716141775564,-0.0538388296236803,-0.000741720167267744,0.0080209847341431,-0.00698200737455518,0.459370626038674,0.147863915815595,-0.0202995413566702,0.000352377086272583,-0.00204847694174026,0.00960549113059594,-0.102321267058923,0.00144651077391838,-0.138427885503908,0.0172409139827894,-0.00450757750500907,-0.000934289802939725,-4.37536232468197e-05,-0.00434559225221394,-0.00321413951326137,-1.56355252494374e-06,-0.00148741706850042,0.000540587673927977,-0.0110347231199717,-0.0554624476284301,-3.22059726327688e-05,-0.00317223520685276,0.000233892619455135,-0.0161921823697702,-0.0193041068058771,0.00768977315019245,0.0120961784471989,0.00701041958851089,0.000254435765355128,3.73648483806659e-08,-3.8517819784966e-06,0.00326765990449037,0.237335107210163,-0.0444728182051304,-0.202088885666919,1.36786500774406e-05,-0.000108010039384644,4.99965885713226e-05,7.59510839972583e-05,-0.00417479372799118,-1.42569183425513e-07,-0.000951175221067584,-1.77766660367318e-05,-4.29797083141971e-06,0.000100509854933475,3.98310137667353e-06,-1.14825597955561e-05,-7.51260991330713e-07,-1.12907562048471e-05,4.04155634363401e-05,8.09244615776689e-08,1.41110655539191e-07,0.00470009206856982,2.45030793811466e-06,-1.98124144640851e-06,0.000544200917968732,3.21789223494577e-06,5.62430446783222e-05,0.00164094676440503,1.60688965880874e-06,-1.23277238100598e-06,0.00114651287461726,1.34324453628826e-05,-0.000134315183373119,0.0166637414084477,-1.25430689045928e-08,-8.53456978267782e-17,-1.38663710617516e-05,7.67804543617499e-05,8.49820869682786e-17,-1.89616606315215e-08,-2.03709202025487e-07,-3.95314895314941e-09,-1.74122271879287e-08,-1.88522386911652e-06,-1.67468437335661e-08,-0.00114638985442039,-5.81442218897636e-09,-6.55296917639685e-08,0.000418664004724916,-3.73288130058876e-08,-4.83276025114673e-06,-1.91594714047414e-10,0.000472013963961183,7.57481515919175e-08,0.00173987887317475,7.44867405673075e-06,-0.0129253012140637,-0.0285317852732029,-4.87782349468222e-06,-9.11308355167062e-12,0.0106590720613014,-1.11773372601758e-08,-2.86594359355519e-12,-4.36623346821877e-09,-5.71948451005139e-06,0.000801661087608293,-1.03409651060429e-16,-4.54002448923383e-13,-2.32083011889755e-07,1.20788665587635e-09,-4.72809422772046e-06,0.000527542999340831,3.00118848176045e-09,4.96021162511850e-11,-1.08812675372319e-17,-4.70310307594453e-06,-2.95195257006159e-06,-5.41400893466102e-12,-1.3417729436576e-11,-7.17510638649043e-16,-1.93421667571414e-16,-7.96899414962534e-13,-9.6617286804958e-17,-1.10958768215208e-12,-5.29779364494047e-16,-2.9678415225656e-05,-1.84245475942445e-16,0.00111468984606979,6.07942094065737e-08,3.71382014876431e-15,6.63268371394141e-15,-4.10938460537386e-05,-4.88974319036081e-12,6.59075648473896e-16,-3.5696345244702e-06,4.47248879840053e-06,3.45386889636075e-11,1.51951328755702e-15,-2.83337214596081e-06,-1.79224530988948e-08,-4.82469966756049e-17,-7.23753117875278e-16,0.707106781186548,1.2403783327631e-14,-4.43894053459015e-15,1.53480678212752e-11,-3.85245416762515e-16,1.28444646683035e-11,-9.41117308295716e-17,-1.83700808607261e-08,1.9851673371211e-16,-5.64401681114835e-05,-2.23128807097517e-16,2.46684437677842e-17,9.55449071183131e-17
"t49",0.0732700389537436,0.0520654147643097,0.00213814152201032,-0.0733946285341453,-0.0263313450773969,0.0117166009387503,-0.00699963766024221,0.00250897846841619,0.000328267614398141,6.19947964155892e-05,-0.0173176907334564,0.000390188320818045,-0.000199337160020611,0.150895823629493,0.086482530353632,-0.002123947974827,0.00462503809038004,0.0284099005781514,0.00443248181800061,-0.00300844370111904,0.0007434881720185,-0.0113048548070807,0.00300644401362459,-0.000205690836824276,0.0014653507624441,-0.0153605798136672,0.00559672088671795,-0.00308737664637943,0.419324012879295,-0.0554572142150308,0.0380656340228703,0.0366536022752878,0.00289160322951516,-0.0136052627607979,-0.00475201282580233,9.91359872344589e-07,0.000681577367828252,-0.0022020947193601,0.0689589238350405,0.554514956480338,0.000416525373814086,-0.00632590702917684,-0.00721351281595368,-0.0509222754777765,-0.054880143097858,0.0153633331707718,0.0195395283002367,0.00958599111164755,0.00283761756474542,4.37435971126209e-08,-2.54853182987444e-06,0.00205233969602847,0.0685282587710424,-0.00708511367332929,0.00473557306989547,-9.95059628821769e-06,0.000109727566030697,-7.76423093454786e-05,-0.000246297476145848,0.0159221596382961,6.67295317870698e-07,0.0103762003035339,0.000278152529129457,0.00017631587424225,-0.0284333693507855,-0.000207990204534603,-0.000395698181502643,-2.94411113894663e-05,-0.000313851075785418,0.000536557627536207,7.43353476339876e-07,5.18567546574253e-07,0.0108670026018585,3.39446310060067e-05,-1.97508458525447e-05,0.00101128199119333,2.86174473292679e-05,0.000402030447069651,0.0112066902747964,9.83613098208227e-06,-7.12386909877224e-06,0.00639634297969923,7.47889487736041e-05,-0.000464221282638108,0.0211410371893198,3.16100646384011e-08,-4.5052375606491e-16,0.00640096360727587,0.000901076636562497,1.07202069313207e-16,-1.53288564469748e-07,-1.38856102378775e-06,-2.58777101674185e-08,-1.03089071316677e-07,-1.09296121413324e-05,-8.55998052612145e-08,-0.00136280236046015,-2.79676520696646e-08,-3.08534103293573e-07,0.00187846891007965,-1.51389438499853e-07,-1.7365117021315e-05,-6.45111058846763e-10,0.00153514511202548,2.23692249448752e-07,0.00213419280862882,1.66618892535747e-05,-0.03135906197965,-0.0286955217332756,1.56253030509953e-05,-6.00033843792258e-10,0.0127684488535547,4.32682046745334e-09,7.37111413573466e-12,4.59805901814473e-08,6.72630118677686e-05,-0.0107622305226031,9.47595403074875e-16,7.42607507844054e-12,4.00400593200136e-06,-2.70857573969434e-08,0.000112832576258308,0.000725720739183479,-4.97921237909218e-07,-8.63335510243105e-09,1.58482851658554e-16,-0.00247271312779102,-0.00107003885709625,-4.04096049877177e-10,-9.34703048160238e-10,-5.28593780515104e-17,-2.16536857888805e-15,-2.28407937230244e-11,-6.02217095256498e-17,-5.0541381409891e-11,-7.98478386439285e-15,-0.000374471598592162,-8.17752933462029e-16,0.662136746168831,0.000181501162031536,2.67064938730499e-15,2.21655562404919e-15,7.75789919061649e-05,7.16239528539227e-11,1.22450231616604e-15,0.000186759619459888,-3.96539278977408e-06,-2.15682625845902e-10,-2.48232346434478e-16,1.7076131487118e-06,7.55134607394637e-08,-2.69966340948891e-16,2.9445096355819e-17,-2.6093313895841e-16,-3.92309846526656e-16,5.26705415393458e-16,-5.26818877150809e-12,-4.46616132933404e-16,1.07799098423775e-11,-2.11367984471241e-18,-2.66609467133747e-09,6.87062450824346e-17,-0.00034337165394975,-1.8474805019153e-16,1.13964154379756e-16,6.84447116746357e-17
"t50",0.0731673746220887,0.0519159450868539,0.00213006237460936,-0.0728033452767805,-0.0261173937705429,0.0115739527143363,-0.00689278623462648,0.0024623860270133,0.000320301986942774,6.04530878417493e-05,-0.0168279973361749,0.000377900641927831,-0.000191225639585382,0.144505241681559,0.0822644816470591,-0.00201652288152015,0.00437330664098221,0.0268060126523294,0.00418057209260959,-0.00283676307639602,0.000694642303913462,-0.0105389149125508,0.00279747352310077,-0.000189679649331219,0.00134851204573683,-0.0140061746965584,0.00509544681163509,-0.00280941594625311,0.380081615249643,-0.0502423185622332,0.0343025382683669,0.0329416413767994,0.00259800143136381,-0.0121299755919655,-0.00421975994575375,8.72152287837683e-07,0.000594739849317805,-0.00191561072110149,0.0597909888733848,0.479334886371504,0.000359568707160573,-0.00543422497881507,-0.00601493037908347,-0.041817346536948,-0.0447929146807249,0.0122345278548461,0.0153287906878777,0.00744064006103294,0.00219832925582289,3.36618353884902e-08,-1.91787968704501e-06,0.00154227462924396,0.0507882087280642,-0.00522482042689775,0.00346868262062605,-7.12462987882668e-06,7.79448116165881e-05,-5.44456171603308e-05,-0.000167757083634623,0.0107681848961576,4.47254094774665e-07,0.00672604055761708,0.000178358802745085,0.00011107477694716,-0.0178169768567227,-0.000129874930829153,-0.000244494548020659,-1.79603611905358e-05,-0.000190097822775211,0.000316268001500989,4.3147545369113e-07,2.97503835861761e-07,0.00622661637988816,1.90753649770333e-05,-1.09088373710631e-05,0.000554864171060577,1.55939301666579e-05,0.000212272318312306,0.00586863084003113,5.04239891047672e-06,-3.60959377708035e-06,0.0032178927503319,3.76098138621894e-05,-0.000217033371518062,0.00949413242679066,1.38407035233208e-08,-3.20816170839134e-16,0.00272529254104037,0.000369401528534154,-3.67906264734236e-17,-6.05913450338353e-08,-5.30126676742877e-07,-9.76909221572786e-09,-3.75975803538586e-08,-3.95247078635932e-06,-2.93439725710439e-08,-0.00046132921745229,-9.07738369128101e-09,-9.88132585085216e-08,0.000582280796450141,-4.35300291301094e-08,-4.54397609801933e-06,-1.60588956991361e-10,0.000372356042528363,5.07292885170354e-08,0.000464608593483064,3.12808460984325e-06,-0.00500784691022474,-0.00429334220083955,2.05146925681249e-06,-7.5623889095322e-11,0.00156778225182646,4.07272221156219e-10,3.57165685915817e-13,-1.57058619881043e-09,-2.78663899349989e-06,0.000538728362229976,3.03620964160428e-17,-4.64222152709004e-13,-2.63927622926518e-07,2.20594560673693e-09,-9.58295796728291e-06,-9.94980569170105e-05,7.65219518653049e-08,1.33252434260378e-09,-2.85287010593115e-17,0.000495396256122428,0.000232120798284461,8.81580386101287e-11,2.0831711781001e-10,-1.11876853588118e-16,2.66800470605233e-15,1.24479811186803e-11,-4.05237894628309e-17,4.30255189115547e-11,8.96816757226178e-15,0.000383886764175387,8.8929458517053e-16,-0.748585215826081,-0.000208209365766304,-3.19047076043257e-15,-2.4265328598897e-15,-0.000142892364423958,-1.35032129654729e-10,-1.5093720722641e-15,-0.000391569888116218,1.0432361455012e-05,5.95678128673024e-10,2.86761434795683e-16,-5.68113984347538e-06,-2.61827958462278e-07,6.27319377000113e-16,3.88681739459952e-17,3.04342753861782e-16,5.67945108993215e-16,-8.00574884163296e-16,1.40357603306811e-10,8.10447308493864e-16,9.18838422773842e-11,-7.47493839347561e-17,-2.04673421155793e-08,1.16309802769702e-17,-0.00124830618721221,-1.2490009027033e-16,-1.86749512951738e-18,2.68208040850805e-17
"t122",0.0818346182638255,0.0662991334996861,0.00298109238939969,-0.185431763180593,-0.0674113752231386,0.135278009307926,0.0486336023928745,-0.0064724715970331,-0.000412831713171182,-7.40737302974668e-05,0.016242543994368,-0.000307702797029022,0.000117385187045659,-0.0870538953667337,-0.055326898805364,0.00158898175729334,-0.245178315332217,0.0131274536974665,0.00151763543264744,-0.000860382348724448,-9.08499894635615e-05,0.00153230131754276,-0.000430095283201887,3.26770210167891e-05,-0.000235623946204671,0.00262362445011796,-0.000969513734207092,0.000537581090342569,-0.0765892966802406,0.010203544250242,-0.00776066167350536,-0.00804218468829573,-0.000640334858505277,0.00437968696273158,0.00227574175439678,7.6601482441028e-07,0.000116638732977492,-0.000272860719270105,0.00637910811528154,0.0403878333723043,2.74845055538329e-05,-0.000300169331052229,0.24261022265305,-1.27123618427968e-05,7.16111276770348e-06,-2.4899206730987e-05,-5.09548387204219e-05,-0.000104210921020986,-0.0450321848279407,7.89267239189383e-11,4.20984211033093e-11,-4.56930292387636e-08,1.99664877979954e-06,-5.26590697281549e-07,6.89536683338185e-07,-4.09067949392466e-09,5.47890807618689e-08,-4.88051583903693e-08,-2.03346500648321e-07,1.35086135356023e-05,5.73512833740557e-10,6.33962936275241e-06,7.98696694146335e-08,-4.55021572988955e-07,0.000522526653161158,-2.7651082243549e-06,-1.31837317462758e-06,-6.59526347098795e-08,-6.19209170968742e-07,7.52267935002007e-07,8.66388284899433e-10,5.14976490684857e-10,1.05909370692657e-05,2.32266347162391e-08,-8.17495936656504e-09,3.09673415649996e-07,5.48589003909676e-09,-1.49398800268485e-07,-5.94304008246952e-06,-9.50336132281727e-09,8.7085017317634e-09,-8.86555113865459e-06,-1.04366702807135e-07,1.64259036773905e-06,-0.000121064600088022,-2.88807107678426e-10,-3.48098476311004e-16,-0.00381511647131859,9.3461252761301e-08,-6.4365162610743e-16,4.60723009569534e-10,6.35863763530885e-09,1.29424491956964e-10,6.36549046417365e-10,7.04485513735795e-08,6.91419360350845e-10,1.15171952095248e-05,2.71029858589933e-10,3.1110050304102e-09,-2.07520570648722e-05,2.01470486596426e-09,2.83006812115336e-07,1.16067097288673e-11,-2.90343229631214e-05,-4.8076388614845e-09,-4.96167382610089e-05,-5.41660363836266e-07,0.00438961233162466,-0.000770440424265518,-0.000117768317862756,1.07047357089662e-11,-0.000249610088593154,-1.29531406434236e-10,-3.22922244500035e-13,-3.60332398099771e-09,-5.57948001240344e-06,0.000956990949622509,-3.05330580357365e-15,-7.30186401060896e-13,-4.07434688968426e-07,3.18094994788964e-09,-1.37107291385231e-05,-0.000169127991788415,1.58417053579274e-07,2.78675686520014e-09,-1.2862795802644e-13,0.787769598346675,0.403151004391243,-1.27853994290825e-09,-1.03314099019339e-09,-6.28525850125105e-16,-4.35979377599871e-15,-1.17698156827983e-12,-4.64173299402178e-16,-1.01691398357584e-12,-2.6735648446738e-16,-3.63034955515395e-06,-1.32875100957458e-15,0.00286849376976627,6.41132645900533e-07,1.12530567560983e-16,1.74657694714409e-16,-1.91279056784953e-06,-1.87911566461221e-12,4.59517073023892e-16,-0.000398864062850101,2.06270532613016e-07,1.21647633372773e-11,1.50536231853019e-16,-1.28143647071243e-07,-6.01266851151666e-09,-1.28803218091278e-15,-2.05690728589819e-15,-3.60703963418144e-16,-3.84377772089579e-16,1.70956998557514e-15,4.29000666371179e-12,9.63222549727722e-16,3.20993568097422e-12,1.31729248852906e-18,-7.23075832099182e-10,-3.53613333458944e-16,-0.015309214001651,-1.35308431126191e-16,-1.89349098354806e-16,2.94243733779927e-17
"t158",0.0821374226858107,0.0668038145110624,0.00301103632541798,-0.189450933025927,-0.0688853186988164,0.139761285205513,0.0506725114769096,-0.00680574774274509,-0.000441076751373808,-7.9276852546835e-05,0.0175530949648622,-0.000335621527250495,0.000131541678681743,-0.0980370449544903,-0.0635305748645552,0.00183472337871844,-0.286492933951695,0.0154371553388327,0.0017867723081074,-0.0010137067170909,-0.000110031739212118,0.00186827511486266,-0.000527420349750004,4.12007668530619e-05,-0.000299003154463516,0.00342808757951803,-0.00127302260348544,0.000707036894820247,-0.102016784601301,0.013613087844702,-0.0105368945007146,-0.0110166321128223,-0.000878026320582211,0.00616311437399477,0.00324661878629973,1.12881291061142e-06,0.000176956433183456,-0.00041861513570747,0.00990468097926691,0.0634151693767916,4.33711876321279e-05,-0.000482431721643371,0.43859938997504,-2.45256627681781e-05,1.4194074093081e-05,-5.53889957281501e-05,-0.000122315582365914,-0.000264879956058065,-0.115684959118313,2.1059786509404e-10,1.28680801745554e-10,-1.40966204814977e-07,6.76779678623133e-06,-1.85022369244132e-06,2.54822740940137e-06,-1.826703787235e-08,2.63558620035992e-07,-2.68242929720927e-07,-1.63410541663758e-06,0.000122102150407467,6.15026836617706e-09,0.000213236497671587,8.4143485589071e-06,1.96490515937441e-05,-0.0158772378007629,7.03677081184966e-05,2.25865097539786e-05,8.11703558009896e-07,6.58936428096229e-06,-5.3109711701995e-06,-5.15352187400314e-09,-2.73924486883435e-09,-5.57055745645824e-05,-1.04277102182249e-07,3.25293817845726e-08,-1.18127654641145e-06,-2.0069238840303e-08,4.61404053345681e-07,1.76485959220555e-05,2.56971552068958e-08,-2.24615755742824e-08,2.22438263873044e-05,2.6145510811304e-07,-3.24502808835385e-06,0.000215260987331033,4.83931302956535e-10,2.41676917305723e-16,0.00601796160671612,-1.36896080377841e-07,2.89289422455758e-16,-6.32691362901255e-10,-8.25607905028921e-09,-1.65188203393729e-10,-7.72966109913151e-10,-8.45552410276562e-08,-7.74839818609013e-10,-1.27140109949596e-05,-2.85303043443863e-10,-3.2285102811655e-09,2.08291566545076e-05,-1.88655297975312e-09,-2.45863478928396e-07,-9.73501770664439e-12,2.39372403586642e-05,3.80281243338642e-09,3.83471310927151e-05,3.89058091423977e-07,-0.00295578095294846,0.000507320473025815,7.45405242503686e-05,-6.69994268398533e-12,0.000155183977925543,7.59613726086794e-11,1.72639680329212e-13,1.67703827256107e-09,2.56613341447637e-06,-0.000434051286703663,7.26134511394457e-16,3.25170714017268e-13,1.80194805713893e-07,-1.37319595711755e-09,5.88712442368442e-06,6.71899486067685e-05,-6.14586672526007e-08,-1.080120321309e-09,4.70485103432682e-14,-0.286519518260092,-0.143413440209887,4.54068847534464e-10,3.64644648886632e-10,-2.07773512753072e-16,1.85094994886725e-15,2.8747878112057e-13,1.32227132743687e-16,1.87730039846734e-13,-4.26819318848038e-17,5.79833346106893e-07,2.95934645201076e-16,-0.000422700653366497,-9.33153225893358e-08,1.08747451611883e-15,-7.99895697439127e-16,1.74891856724335e-07,1.67677808758041e-13,-5.86273238559246e-16,3.13025971825716e-05,-1.19375014114749e-08,-6.54445193783854e-13,-5.60230295630757e-16,5.04291264315865e-09,2.18743510284336e-10,8.48973669143049e-15,-0.707106781186547,-6.18152285906548e-16,1.71493740328936e-17,6.45317133063372e-16,1.50329835385543e-13,-4.11528940773526e-16,2.93825510797041e-13,-2.88428676546093e-16,-6.98477153748617e-11,1.65206541688449e-16,-0.00248996890392595,-8.67361737988404e-18,3.85298734432519e-17,2.22639357887723e-18
"t159",0.0821374226858107,0.0668038145110624,0.00301103632541798,-0.189450933025927,-0.0688853186988164,0.139761285205513,0.0506725114769095,-0.00680574774274507,-0.000441076751373811,-7.92768525468028e-05,0.0175530949648622,-0.000335621527250538,0.000131541678681753,-0.0980370449544903,-0.0635305748645552,0.00183472337871834,-0.286492933951695,0.0154371553388326,0.0017867723081074,-0.00101370671709092,-0.000110031739212144,0.00186827511486255,-0.000527420349750049,4.12007668529907e-05,-0.000299003154463532,0.00342808757951801,-0.00127302260348526,0.000707036894820233,-0.102016784601301,0.013613087844702,-0.0105368945007146,-0.0110166321128223,-0.000878026320582349,0.00616311437399477,0.00324661878629975,1.12881291055677e-06,0.000176956433183361,-0.00041861513570755,0.00990468097926686,0.0634151693767916,4.33711876321379e-05,-0.000482431721643471,0.43859938997504,-2.45256627682752e-05,1.4194074093133e-05,-5.53889957281817e-05,-0.000122315582365992,-0.000264879956058057,-0.115684959118313,2.10597830876874e-10,1.28680540723881e-10,-1.40966204887835e-07,6.76779678619e-06,-1.85022369243037e-06,2.54822740940376e-06,-1.82670377652308e-08,2.63558620147014e-07,-2.68242929672355e-07,-1.63410541662024e-06,0.000122102150407483,6.15026843547113e-09,0.000213236497671371,8.41434855892509e-06,1.96490515940425e-05,-0.0158772378007628,7.03677081183865e-05,2.25865097539036e-05,8.1170355804806e-07,6.58936428097056e-06,-5.3109711702394e-06,-5.15352196767821e-09,-2.73924469624461e-09,-5.57055745645038e-05,-1.04277102263781e-07,3.25293818990643e-08,-1.18127654651755e-06,-2.00692386541785e-08,4.61404053356089e-07,1.76485959220905e-05,2.56971551662382e-08,-2.24615760069565e-08,2.22438263872483e-05,2.61455108479685e-07,-3.24502808839787e-06,0.000215260987330995,4.83930454338206e-10,-1.15567009275414e-16,0.00601796160671636,-1.36896080370902e-07,9.41227142419642e-17,-6.32690439026325e-10,-8.25607917280405e-09,-1.65188356049395e-10,-7.72966552714871e-10,-8.45552407284164e-08,-7.74840304114746e-10,-1.27140109952867e-05,-2.85302752693451e-10,-3.2285102403995e-09,2.0829156654488e-05,-1.88655321583815e-09,-2.45863479148706e-07,-9.73448414026213e-12,2.39372403589376e-05,3.80281241590366e-09,3.834713109193e-05,3.89058091333772e-07,-0.0029557809529478,0.000507320473025157,7.45405242502045e-05,-6.70008493131036e-12,0.000155183977925742,7.59614628143002e-11,1.73139280690293e-13,1.67703898569505e-09,2.5661334145527e-06,-0.000434051286703569,1.75975874840346e-15,3.25183416589875e-13,1.8019480577721e-07,-1.37319544016995e-09,5.88712442377012e-06,6.71899486060121e-05,-6.1458667301173e-08,-1.08012005069213e-09,4.64743891194972e-14,-0.286519518260089,-0.143413440209886,4.54068113948028e-10,3.64644350872489e-10,3.61215706635623e-16,1.72431513512095e-15,2.87140578334786e-13,1.47340109839835e-16,1.86749921082807e-13,2.30789182621419e-16,5.7983334653933e-07,7.4006256849316e-16,-0.000422700653366479,-9.33153223635405e-08,-9.23937418958728e-16,6.9212914065661e-16,1.74891855645686e-07,1.66785513758217e-13,2.29840121655245e-16,3.13025971816844e-05,-1.19375024099116e-08,-6.54981467283419e-13,7.92853760940303e-16,5.04291481231982e-09,2.18742265674452e-10,-7.38645256070924e-15,0.707106781186549,8.39595360992396e-16,-1.21628235761659e-16,-1.78156100982818e-15,1.49892901910031e-13,-1.86882308604623e-16,2.92815576473371e-13,2.52932660268223e-16,-6.98476028899517e-11,4.18167343629043e-18,-0.00248996890392568,-2.1163626406917e-16,5.24084902540612e-17,2.2870175819536e-17
"t144",0.0816682388061069,0.0660186494714484,0.00296433291394407,-0.183106261198194,-0.0665580894857195,0.132599544254862,0.047385812564632,-0.00626318303443411,-0.000394286314170179,-7.06412280442442e-05,0.0153545084095983,-0.000288299611576312,0.000106801591107594,-0.0787332472371876,-0.0487828783784977,0.00139007458667701,-0.210675391725957,0.0111663697273866,0.0012884142928491,-0.000729547563131948,-7.32722869091567e-05,0.00121909289799588,-0.000338019818023463,2.40217311658839e-05,-0.000170209741377249,0.0017298447616067,-0.000628124521569969,0.000346185569286294,-0.0469423609434562,0.00621209585463359,-0.00436505104514972,-0.00432245873577044,-0.000342359252690903,0.00199458536614225,0.00093217510477377,2.21625173346587e-07,1.92830270736957e-05,-3.09044670518017e-05,0.000346937657527953,-0.000142868705042154,-8.34386809295219e-07,4.0224623812267e-05,-0.2557643941663,2.32943909185754e-05,-1.60257124272312e-05,0.000120050653155418,0.000399056009382329,0.00119358984579903,0.555313661324694,-1.28265770530228e-09,-2.75373339593283e-09,3.4870888871736e-06,0.000444119377898766,-5.58969731615413e-05,4.57553699501986e-05,-1.50958212517122e-07,1.87452568863739e-06,-1.58022310514042e-06,-7.24549224776286e-06,0.000514209383385374,2.44257001493647e-08,0.000713537955537982,2.69371132847217e-05,5.90098619901915e-05,-0.0468528556780356,0.000205348857836721,6.38472179685835e-05,2.21432956522944e-06,1.76432386958945e-05,-1.33374337958373e-05,-1.25320858031241e-08,-6.51076409617121e-09,-0.000132089232872437,-2.38727684152146e-07,7.23533905453919e-08,-2.59992342666802e-06,-4.37031107535181e-08,9.60074952260481e-07,3.63177536455895e-05,5.14531509236216e-08,-4.43374287264112e-08,4.35361628945875e-05,5.11482327308755e-07,-5.87127076069381e-06,0.000375033759957462,8.24564475513089e-10,-1.1167016497272e-15,0.0100165264714487,-2.21144985507876e-07,-4.11782245089547e-16,-9.94693266852001e-10,-1.26654560260843e-08,-2.51470465978398e-10,-1.15011270445651e-09,-1.25125993352378e-07,-1.10923945159311e-09,-1.80649937679954e-05,-3.95650164396098e-10,-4.44391984972745e-09,2.81639455770133e-05,-2.45386531233516e-09,-3.05813386412834e-07,-1.18450221775268e-11,2.88017281974457e-05,4.45126756936883e-09,4.41756731349435e-05,4.24984692895536e-07,-0.00306905146938656,0.000517114961133662,7.34396030823983e-05,-6.534026791849e-12,0.000150471168889254,6.97380347913779e-11,1.47160061914064e-13,1.18958797957466e-09,1.79404171679956e-06,-0.000298357345424795,5.99824544701007e-16,2.16975604405253e-13,1.2020308976738e-07,-8.91556230318141e-10,3.80074952690549e-06,4.16834392381521e-05,-3.91843170827189e-08,-6.89983566809493e-10,1.02770187326351e-13,-0.373235455447293,0.595009513427773,-1.28818459784921e-09,-4.32987690846365e-10,2.47082611982964e-15,5.05238212378245e-16,-9.7681029770415e-14,-2.6123049997422e-15,-1.72559883049317e-13,5.36644316984647e-16,-7.45228177094363e-07,-1.53396859208036e-15,0.000640410309782292,1.44823810625267e-07,-2.03025208916286e-16,2.93266198083046e-16,-5.80642526124104e-07,-5.77077549971088e-13,-8.28642518408779e-17,-0.00012837250334347,7.23301113827342e-08,4.33389132890069e-12,-3.068123471903e-16,-4.82125857932098e-08,-2.28672101940846e-09,1.07466119336763e-15,4.15557863350174e-16,3.09265425387854e-16,3.14928674679635e-16,2.67147415300428e-16,2.04042132582322e-12,-2.16618651916736e-16,1.75674839258955e-12,-1.5525960609203e-17,-4.00393424900987e-10,-7.00294357835331e-17,-0.00968492524702601,1.29236898960272e-16,1.36665780190504e-16,-9.59317292694198e-17
"t105",0.0816562378971677,0.0659987504418934,0.00296315605937685,-0.182950756868632,-0.066501076463743,0.132428815383778,0.0473091292499723,-0.00625082115374161,-0.000393264864803627,-7.04535884322578e-05,0.0153080080182327,-0.00028732477981316,0.000106331528112971,-0.0783721199100918,-0.0485238650023666,0.00138240978499921,-0.209421434524579,0.0110973181852962,0.00128039117910675,-0.000724985047123755,-7.27410306799077e-05,0.0012099622065898,-0.000335418865168,2.38133132996164e-05,-0.000168694688628991,0.00171269835530829,-0.000621792921763568,0.000342676461754017,-0.046446285848937,0.0061461078480483,-0.00431610825251906,-0.00427271000861502,-0.000338407745701857,0.00196985668604311,0.000920201481476195,2.18547550102444e-07,1.89975661915755e-05,-3.04362293610527e-05,0.000341552756187125,-0.000140602203340112,-8.2102281178764e-07,3.95580804024049e-05,-0.250656993488463,2.27881577150903e-05,-1.56660823049451e-05,0.000117011389812822,0.00038824843509287,0.00115975844360848,0.539446863163679,-1.24498298954052e-09,-2.66548124487598e-09,3.37473536217436e-06,0.000429065562807963,-5.39684057172311e-05,4.41391021629396e-05,-1.45205145861676e-07,1.80125557922364e-06,-1.51593061424246e-06,-6.92436498409693e-06,0.000490960408228697,2.32936343898976e-08,0.00067743378193569,2.55366570700466e-05,5.58072545196048e-05,-0.0442776510011216,0.000193968717754852,6.02213989541764e-05,2.08488925596841e-06,1.65953508581213e-05,-1.24974637486985e-05,-1.17172574034922e-08,-6.0772985629299e-09,-0.000123273005896946,-2.22172033607221e-07,6.71670738619859e-08,-2.41122854228943e-06,-4.04904769703779e-08,8.85373066897635e-07,3.34509336819841e-05,4.72407528308467e-08,-4.06359921075636e-08,3.98584967732196e-05,4.68246681584737e-07,-5.3150191740921e-06,0.000337361465007329,7.38754028580505e-10,9.56321423593008e-16,0.00893382663709451,-1.96032300534693e-07,4.4639401063659e-16,-8.76466282827091e-10,-1.10957786107475e-08,-2.19891268388173e-10,-9.99848544083938e-10,-1.08621683854752e-07,-9.54165332465659e-10,-1.55058160407793e-05,-3.37130124460937e-10,-3.77781350603332e-09,2.38055979306418e-05,-2.04667764725256e-09,-2.5078154849284e-07,-9.62229954850675e-12,2.32954426909089e-05,3.55629586692871e-09,3.50300938322164e-05,3.27961372042357e-07,-0.0022994828403286,0.000382918213137739,5.31334233541761e-05,-4.69597971619606e-12,0.000107602706168611,4.77084795280636e-11,8.71108740696513e-14,5.49566958692909e-10,7.94140270338889e-07,-0.00012478304440209,-3.14206283096545e-16,8.44816174846499e-14,4.43007607008918e-08,-2.78830730639917e-10,1.13673741918551e-06,9.38088010416645e-07,4.23911852842629e-09,7.86913468414641e-11,-8.65688869855136e-14,0.269462345685654,-0.664613572848098,1.48575145450897e-09,5.6411016852322e-10,-2.34170316734418e-15,1.28803218091278e-16,-1.78820017582975e-13,2.71366382012373e-15,-2.50357026776449e-13,-5.6561678593452e-16,-1.02558987863233e-06,1.72697819356881e-15,0.000861904782531018,1.94320383850217e-07,1.71725355520424e-16,-3.62131103005834e-16,-7.25341846183399e-07,-7.18374520975026e-13,-2.61384460851424e-17,-0.000158302568577311,8.75812261106694e-08,5.2310054718559e-12,1.96270990833497e-16,-5.75460638784166e-08,-2.72354600834969e-09,-7.77589798106604e-16,-3.07018132570986e-17,-3.26840301871722e-16,-2.07657229221212e-17,-6.82613687796874e-16,2.33097428078283e-12,8.96818436378699e-17,1.96004302198405e-12,-1.99046470834922e-17,-4.45886239540928e-10,1.25514947713215e-16,-0.0105658822243632,-1.80411241501588e-16,1.06990142792746e-16,6.31676106886734e-17
"t171",0.081329330097225,0.0654530773972373,0.00293074979016355,-0.178581787580436,-0.0648987362269478,0.127534265930366,0.0450758867193603,-0.00588448977923059,-0.000362027194471558,-6.46954188065737e-05,0.0138522614809284,-0.000256203708994716,9.03907767341047e-05,-0.0659820634007255,-0.0392037974601089,0.00110267532714551,-0.162194679084623,0.00845131942848863,0.000971942421111717,-0.000549221072074202,-5.05513102780919e-05,0.00082048708787061,-0.000222396217982201,1.38354391625937e-05,-9.43769120963622e-05,0.000762873171922534,-0.000263080977182621,0.000142334018729293,-0.0163141584115757,0.00210462842232381,-0.0010169550516374,-0.000734523737265968,-5.56403765457365e-05,-0.000154848052929828,-0.000236265829511573,-2.12070030699315e-07,-5.20339452012621e-05,0.000140440968516706,-0.00376757497791444,-0.0268039702161301,-1.91555986899232e-05,0.000246917319023538,-0.426017503862161,2.95650327330962e-05,-1.8258662654775e-05,7.07535475808847e-05,2.98085416428097e-05,-0.000671621750764899,-0.404207368666185,1.97946890763556e-09,-8.03000058152877e-08,6.48342656172371e-05,0.00228344360131172,-0.000242334725613345,0.00016827922202167,-4.07698303224284e-07,4.74221854407202e-06,-3.67787163241175e-06,-1.48474879374492e-05,0.00102955826735054,4.76296245297946e-08,0.00128769073573695,4.76459316671469e-05,0.000101388079124405,-0.0798596469886498,0.000348238570260891,0.000106713240805679,3.64129902333341e-06,2.87659292671981e-05,-2.11148175427822e-05,-1.95476233060508e-08,-1.00489278560259e-08,-0.000203646804439745,-3.62113150358286e-07,1.08287049624921e-07,-3.87211452917599e-06,-6.47653638862345e-08,1.39283097566351e-06,5.24148468628751e-05,7.33100203862184e-08,-6.27484083819461e-08,6.13679882450132e-05,7.20816300525708e-07,-7.97327026017594e-06,0.000500182439402037,1.08802749266649e-09,-1.40361392900941e-16,0.0130684781353629,-2.84375075560589e-07,5.44509640089885e-17,-1.26227533691407e-09,-1.5880336953826e-08,-3.14109856180966e-10,-1.42043702229562e-09,-1.54116729232222e-07,-1.34378776780065e-09,-2.18023775717759e-05,-4.71666095428173e-10,-5.27760757296734e-09,3.31434082366545e-05,-2.83015114841626e-09,-3.44430905650783e-07,-1.31801321262931e-11,3.18579311192667e-05,4.84873091638366e-09,4.76878372966926e-05,4.44765690678015e-07,-0.00311336638779613,0.000518422741639434,7.19900306293125e-05,-6.36333520598331e-12,0.00014590120291049,6.50076355593332e-11,1.25038868148408e-13,8.48357663337792e-10,1.24998635814624e-06,-0.000201822000882805,4.56536251266055e-17,1.40998599340311e-13,7.65138340888885e-08,-5.29363584867923e-10,2.21803580572906e-06,1.66659521491739e-05,-1.27698661818443e-08,-2.2269296389571e-10,4.62798549769455e-15,-0.0267811766884814,-0.0112350809700723,3.16366844195485e-11,1.87556872316648e-11,2.76250861773293e-16,-4.15466272496445e-16,-1.92122598974715e-13,-3.43111177148981e-17,-2.46634310197003e-13,2.44637417181427e-16,-9.79656469197262e-07,8.42026763123391e-17,0.000809241166953791,1.81968898398672e-07,-3.49845708116955e-16,2.04684729475486e-16,-6.16938389672557e-07,-6.08758725191756e-13,-7.85602815090832e-17,-0.000130611486976209,6.82180996253163e-08,4.02149289617602e-12,-2.65427620395233e-16,-4.20065778159773e-08,-1.96451734762494e-09,5.44703171456717e-16,-1.31654386503537e-16,1.53743977969538e-17,-1.26408636580116e-16,-1.14318277066872e-15,9.33363900491174e-13,-1.15424168017487e-15,-5.58481104244446e-13,-4.00465115997403e-16,1.80060121897157e-10,-3.70638132004653e-16,0.736827034285876,1.08853898117545e-15,1.25828478767776e-15,1.15840929319995e-16
"t172",0.0813942275974197,0.0655600737329954,0.00293705515825452,-0.179400663692903,-0.0651988772787555,0.128417740792097,0.0454673051181994,-0.00594663411136198,-0.00036702068266784,-6.56098898347723e-05,0.0140748397184581,-0.000260787175726835,9.24787415294749e-05,-0.0675681066728028,-0.0402884945931444,0.0011343084747973,-0.167200261046265,0.00872181021092138,0.00100325715501561,-0.000566988660685811,-5.24327095655095e-05,0.000851973499069969,-0.000231150460411493,1.44449264933618e-05,-9.86349234919212e-05,0.000800908701799325,-0.000276403233789301,0.000149578924092005,-0.0171770864559086,0.0022164823285794,-0.00107375278303302,-0.000776540637063785,-5.88314156541973e-05,-0.000164326841869631,-0.00025120038391092,-2.26451753443119e-07,-5.57706139651257e-05,0.000150736970836961,-0.00404977205901447,-0.0288509102822552,-2.06308778190425e-05,0.000266513215125575,-0.465790198624338,3.25321714384555e-05,-2.0141617917302e-05,7.88251004246888e-05,3.34034205558137e-05,-0.000755682630660696,-0.455129040180256,2.23447171015333e-09,-9.13915852541276e-08,7.38276137094065e-05,0.00261309400280102,-0.000277807828875713,0.000193367583216305,-4.72138386022319e-07,5.50633439955553e-06,-4.28868413633685e-06,-1.74751419615565e-05,0.00121444495242379,5.63385938323889e-08,0.00153843005071518,5.71026508394679e-05,0.000122123869676302,-0.0963360920882531,0.000420495804144056,0.00012922973899944,4.42488227676472e-06,3.50230349077844e-05,-2.58908191344389e-05,-2.40627695529544e-08,-1.24060781029538e-08,-0.000251493573606306,-4.49312370055625e-07,1.34916320551712e-07,-4.83180290625406e-06,-8.09462452905248e-08,1.75325971078387e-06,6.60981497123386e-05,9.28743042254653e-08,-7.96905852616736e-08,7.80538361474969e-05,9.16882245473801e-07,-1.02898190751777e-05,0.000650318278874052,1.42097382288948e-09,-2.36779727935127e-17,0.0171497069471519,-3.7551557198999e-07,1.78355950146463e-16,-1.67641414268091e-09,-2.12011423417744e-08,-4.20045914717448e-10,-1.90885199193144e-09,-2.07353651639338e-07,-1.82096125916735e-09,-2.95922368374929e-05,-6.43555788395149e-10,-7.21252780807105e-09,4.54687881940663e-05,-3.91495866467303e-09,-4.8097058487611e-07,-1.84891803373851e-11,4.47949106424207e-05,6.85626510228595e-09,6.76501231679959e-05,6.37629002878809e-07,-0.00450700938826636,0.000753086156104136,0.00010523158340065,-9.3183794014351e-12,0.000213886611071825,9.6219620812632e-11,1.87440341026246e-13,1.30884130650108e-09,1.93286544003177e-06,-0.000312920018196629,1.53630696394159e-16,2.19360311119449e-13,1.19217588809197e-07,-8.28763317955311e-10,3.47623415769484e-06,2.65355401761285e-05,-2.04328926209363e-08,-3.56397785415685e-10,7.47336694726986e-15,-0.043443754748724,-0.0183130390082522,5.15860432593885e-11,3.06241373397432e-11,-2.26219517015873e-16,1.52221985016965e-16,-3.43009771769277e-13,1.81370606181771e-17,-4.73012254365024e-13,-2.41019791503583e-16,-1.9481393272958e-06,-6.87890867919948e-17,0.00164468137608444,3.7107219721204e-07,-1.65139647305343e-16,-1.26486975929901e-16,-1.42617480451405e-06,-1.41444456719527e-12,-1.20744444162487e-18,-0.000314171931509647,1.76823899190184e-07,1.06011582738446e-11,-3.87279426996123e-17,-1.18336009061647e-07,-5.61886082052401e-09,-2.07299455379228e-16,1.67273420798948e-16,3.40746849777558e-17,3.16237329463057e-16,4.73579508941668e-16,5.4124954301446e-12,8.52140935977264e-16,5.69245562145881e-12,4.08909288320794e-16,-1.34076298505646e-09,4.68724606173139e-16,-0.675678056247619,-8.6909646146438e-16,-9.60743511904313e-16,-4.58676827142839e-17
"t116",0.0813500714547377,0.0654710765021592,0.00293118323870991,-0.178196283912671,-0.0647544995650672,0.12653950811485,0.0443982209898185,-0.0057279976839284,-0.00034033788799868,-6.05052424646995e-05,0.0124833350879919,-0.000219237589149083,5.28317294144068e-05,-0.0325561692304495,0.00729908143329238,-0.0006336838211313,0.382373624801659,-0.0424420543820227,-0.00575939159519932,0.00363070574989009,-0.000338465508213294,0.00469242428022632,-0.00116842583342676,6.46097553921969e-05,-0.000445681004892751,0.00428374255554764,-0.00155266161728653,0.000855546319198125,-0.116508001172137,0.0154376045061563,-0.0111072084106271,-0.0112086719750919,-0.000889889859319613,0.00564894558081812,0.00282176582773822,8.60977030902026e-07,0.000118657413807875,-0.000265996278494253,0.00591981250779885,0.0356588566339167,2.37004208451885e-05,-0.000235384988103089,0.0363159940970255,4.16376641980409e-06,-3.97902114986082e-06,4.09812444258704e-05,0.00010170811717585,8.21990399454426e-05,0.00798660558279926,3.491319336004e-10,-3.28823478682339e-08,2.71175970728496e-05,0.00111865628318471,-0.000123946293632655,9.05763058162794e-05,-2.50741954848505e-07,3.02785239277709e-06,-2.48011778586701e-06,-1.11040790456429e-05,0.000787371964545361,3.74264678458601e-08,0.00110911929249795,4.21803099728017e-05,9.3686276263388e-05,-0.074719538013814,0.000328469700931753,0.000103075464176071,3.61564308419028e-06,2.89901571838454e-05,-2.23778907012685e-05,-2.11601696329874e-08,-1.09768226423377e-08,-0.000222544464095233,-3.87962821408669e-07,1.00650105249421e-07,-2.96905312531557e-06,-2.30286037006702e-08,3.24737355126333e-06,0.000115310285789328,1.58138586516172e-07,-1.38212818627872e-07,0.000137701001484515,1.61928359003154e-06,-2.53076503979219e-05,0.00220119158078537,6.46671717189481e-09,-5.74007534640995e-16,0.130916588221723,-0.000146438555688383,-7.71530910999332e-16,1.27733002673793e-08,7.88583352037296e-08,1.33036382604645e-09,4.08524712485863e-09,4.09443593681579e-07,2.3550894806372e-09,3.51631260173501e-05,5.91463307816955e-10,6.15044655136177e-09,-3.25913288724077e-05,1.94650885865135e-09,1.5458270571922e-07,4.67473691169034e-12,-9.90719895878398e-06,-1.02283021783452e-09,-7.44703039600531e-06,1.46087072439016e-08,-0.00103719858148222,0.000311332546402422,0.852082701485545,1.54344037550658e-11,-0.000218248008013703,-2.00955571627581e-11,-7.75768338456828e-15,8.21495809609973e-11,1.31268523488604e-07,-2.30002482031226e-05,7.58716857046137e-15,1.52706250643938e-14,9.8209554958914e-09,-7.40615962654956e-11,3.15314493895552e-07,2.61297332922725e-06,-1.91936408433513e-09,-3.33738297414454e-11,-2.55509648528407e-15,-0.000717295063198189,-0.000315144375579592,-6.33717924870044e-13,-3.00005830453694e-12,-1.4616057018961e-16,-1.31231830957645e-15,-1.00667232779257e-13,4.21427386463552e-16,-1.49023154927264e-13,-5.67648827915085e-16,-6.37692796861077e-07,-7.50763565565147e-16,0.000549986925019587,1.24511365173878e-07,-3.55331917670203e-17,7.93591388373799e-18,-6.50701734652993e-07,-6.91616042051719e-13,-2.89119326130376e-16,-0.119136728331085,4.20789532003912e-08,2.67373093337884e-12,1.0009107199548e-15,-3.29969244548861e-08,-1.58429087470519e-09,8.83841611010183e-16,1.98320646701494e-17,1.96040438059378e-16,2.45828301412461e-16,3.12250225675825e-17,1.58185270437983e-12,-8.22475969874322e-17,1.40594632290492e-12,-1.46209787319331e-16,-3.21042418210616e-10,-1.81975879961071e-16,-0.00110531392224438,-1.2490009027033e-16,7.52138152036421e-17,3.01942456652241e-17
"t127",0.0815360336708142,0.0657786755806838,0.00294934445873496,-0.180571975785241,-0.0656253363517965,0.129111839982035,0.0455375232524669,-0.00590811251969713,-0.000354500150840716,-6.30890315427707e-05,0.0130941581197018,-0.000231272136332577,5.66593999144615e-05,-0.0350205276423631,0.00794508755337049,-0.00069209379878445,0.420653891142327,-0.046870936702453,-0.00636496320822805,0.0040142430412676,-0.000380509926059988,0.00529663527460361,-0.00132345045942547,7.44148280640636e-05,-0.000515299872372185,0.00504018788299614,-0.00183219174971023,0.00101056474902823,-0.138660325172907,0.0183905025929754,-0.013370042581742,-0.0135633683343077,-0.00107746052205073,0.00694503293593464,0.00349724923179901,1.08751919435882e-06,0.000152438373146892,-0.000343942509193826,0.00770776436357406,0.046729604422277,3.11480328181969e-05,-0.000312624398237082,0.0515511944298277,6.12696804556251e-06,-5.94219628156922e-06,6.51025495834101e-05,0.000168100766746497,0.000139870804389343,0.0136630183438154,6.08688788622623e-10,-6.12199130892426e-08,5.07070765642208e-05,0.00218434520005917,-0.00024594723541607,0.000183760328086592,-5.50292978259044e-07,6.84009020822385e-06,-5.88416774923925e-06,-2.9714661071302e-05,0.00217486498766059,1.07779664214731e-07,0.00379548345505119,0.000153751063423837,0.000382188771862533,-0.316185844011542,0.00142489899870146,0.000483688430839074,1.88325404694677e-05,0.000160924193887025,-0.000165670417198649,-1.93135003039024e-07,-1.21746250101748e-07,-0.00252670342230253,-6.95699623839974e-06,3.72971798204107e-06,-0.000186201633314141,-5.14888996693524e-06,-6.74729247225761e-05,-0.00186338846616804,-1.62213486449648e-06,1.18097129311911e-06,-0.00106745301363375,-1.24868774041858e-05,0.000100391537732811,-0.0068819425299948,-1.78360627292592e-08,1.64589211265189e-15,-0.319406278865734,0.000309033540013562,6.73431099275563e-16,-2.38482626270988e-08,-1.32649273221685e-07,-2.16824219689826e-09,-6.07843262777629e-09,-5.96438424312756e-07,-3.03017830965979e-09,-4.40321225721448e-05,-6.79871794282474e-10,-6.89064396947742e-09,3.43816598339989e-05,-1.81066599569206e-09,-1.25303869620563e-07,-3.54744673306678e-12,7.28235980769241e-06,6.94905918411878e-10,4.83834006356206e-06,-8.21159329422727e-09,0.000510248312231336,-0.000146031392808822,-0.366490880352592,-6.476402747424e-12,9.01616493290701e-05,7.23934107105251e-12,3.71924713249427e-15,-1.50014742110720e-11,-2.2921441543422e-08,3.80250981393999e-06,-2.84213548162946e-15,-2.16526999219392e-15,-1.46158751941627e-09,9.87321682743847e-12,-4.09736705425683e-08,-2.15682463639826e-07,1.31753163934434e-10,2.27348695425178e-12,1.27933774016353e-15,2.29766662784399e-05,6.24216291086952e-06,1.12942797204484e-14,4.68666751728911e-14,4.73941789352486e-16,1.08246744900953e-15,-1.70863572941015e-14,2.17228169806076e-16,-4.8169801480924e-14,-8.70253285948244e-17,-2.68353455702669e-07,-3.57439214645794e-16,0.000267617175730507,6.19734700233765e-08,-6.2043716201786e-16,-6.95492158669504e-16,-1.08440880922433e-06,-1.31401747799744e-12,2.47069626814931e-16,-0.620596777585247,-6.76355963424223e-08,-3.26003475245844e-12,6.97518516947283e-16,1.94454338053349e-08,8.2392443464651e-10,8.82974249272195e-16,-2.94245160610746e-16,3.97313313847113e-17,7.55198929340455e-16,7.19910242530375e-16,7.14546694383089e-14,-1.17572196185301e-16,2.6077165600491e-13,4.47615967845159e-16,-6.26981215226291e-11,1.90863449952224e-16,-0.000332083332820071,-4.68375338513738e-17,-4.98822964314547e-17,-4.24520716991568e-17
"t128",0.0814713083615484,0.0656716800683404,0.00294302966416082,-0.179747423618949,-0.0653230962728356,0.128220600825408,0.0451433084539784,-0.00584587848088104,-0.000349618746356468,-6.21986914516099e-05,0.0128839874638161,-0.000227137109116601,5.53495256179438e-05,-0.0341778125594129,0.0077248074448023,-0.000672192748087193,0.407633761600289,-0.0453659284896797,-0.00615921480375738,0.00388394649866566,-0.000366282161161771,0.00509236258877988,-0.00127108144871512,7.11152303079811e-05,-0.000491892277572133,0.00478684959142164,-0.00173863636344568,0.000958693268636165,-0.131260202440016,0.0174042775535868,-0.0126160111198986,-0.0127796253999789,-0.00101503690343577,0.00651511492597372,0.0032735731389988,1.01280243399848e-06,0.000141335953543564,-0.000318358716078715,0.00712174379304567,0.0431057832261048,2.8711596087521e-05,-0.000287409185388072,0.0466410157672487,5.49840891563014e-06,-5.3153059801081e-06,5.74817762010508e-05,0.000147261033627156,0.000121851974423922,0.0118909749191933,5.27897754458506e-10,-5.24847330151258e-08,4.34400315408971e-05,0.00185802508166464,-0.000208671189665055,0.000155372811798063,-4.59940805800849e-07,5.69420243113489e-06,-4.86673940840697e-06,-2.42226829321873e-05,0.00176668727385515,8.71643313053733e-08,0.00301976573090967,0.000121686716621126,0.000299917615532014,-0.247488962720902,0.00111344597508171,0.000376070033415281,1.45539976546963e-05,0.000123944520512705,-0.000125983546230182,-1.45824222368314e-07,-9.14288790601189e-08,-0.00189640632928847,-5.1752846868848e-06,2.75282994603721e-06,-0.000137021072622107,-3.77721728337906e-06,-4.88070175915468e-05,-0.0013430025315054,-1.15825619635495e-06,8.38978383306412e-07,-0.000755990696331634,-8.84189629775673e-06,6.89206185705339e-05,-0.00464684711259413,-1.19203604145922e-08,1.03231623018125e-15,-0.211092454938512,0.000201226451066655,2.75327271766477e-16,-1.53124864345163e-08,-8.40632980452123e-08,-1.36833094160904e-09,-3.78768008880385e-09,-3.70519767401833e-07,-1.84690712636687e-09,-2.67200226188209e-05,-4.06646771780209e-10,-4.10292825755998e-09,2.02506063449394e-05,-1.04098310182922e-09,-6.99988402207141e-08,-1.95347367669657e-12,3.98020980393027e-06,3.72864748611804e-10,2.5681917947664e-06,-4.20214706781108e-09,0.00025196380277333,-7.11678880953093e-05,-0.174293306214994,-3.05800523792144e-12,4.23847934912985e-05,3.2690065931984e-12,-8.32667268468867e-17,-5.51742898195545e-12,-8.32019217411606e-09,1.3585791241227e-06,-1.54248432228474e-15,-9.67524806751878e-17,-5.0685359468533e-10,3.32272490771723e-12,-1.36917586005713e-08,-6.45606776539834e-08,3.79715148213222e-11,6.5337665833276e-13,4.58528061841639e-16,5.89893002929733e-06,1.53243673396497e-06,2.94386300818232e-15,1.15631245897752e-14,-4.70927799371474e-16,-1.13624387676481e-16,-6.05289108833213e-16,-5.50933608189907e-16,9.90874049477952e-15,7.14809539181976e-16,9.11493621077951e-08,1.07538661082325e-15,-0.000112884236992065,-2.69506674841833e-08,5.2394496328588e-16,7.29068989408006e-16,1.10216667293166e-06,1.38816024376331e-12,-5.50322056574138e-17,0.774512315897026,1.19738346216414e-07,6.21509237846464e-12,-1.36280004177091e-15,-4.9326917387381e-08,-2.22840374982953e-09,-1.13103970633688e-15,5.76689917946562e-16,-1.70485765993426e-16,-1.0168536680748e-15,-7.94503351997378e-16,1.23458480851685e-12,1.33378968797887e-16,9.84341948229162e-13,-3.12344999202229e-16,-2.23627189327229e-10,-1.51283316426303e-17,-0.000749775899287882,-7.11236625150491e-17,-3.26831279674547e-17,9.69808695110988e-17
"t102",0.081003857374724,0.0648985153184424,0.00289738217566682,-0.173777214924904,-0.0631346545737617,0.121757292028145,0.0422810285635629,-0.00539343641893109,-0.000314052283610041,-5.57100508134876e-05,0.0113502639035713,-0.000196923749973588,4.57440505927144e-05,-0.0279940354910178,0.00610430163053855,-0.000525684550091526,0.311635097546497,-0.034260403474575,-0.00464075962345839,0.00292224829464677,-0.000260906459202869,0.00357820176477081,-0.000882625274554266,4.65575678263649e-05,-0.000317544949307903,0.00289343089913602,-0.0010390188592797,0.000570719018626605,-0.0758304769875797,0.0100157210347482,-0.00695583142301624,-0.00689058840479654,-0.000545935467225599,0.00327517906899379,0.00158542455518643,4.4696381439795e-07,5.70049054520277e-05,-0.000123812472524208,0.00266015882356006,0.0154858867245164,1.01325807666532e-05,-9.47898405242319e-05,0.0087289042483464,6.18831242124585e-07,-4.38172900088518e-07,-2.31993265514168e-06,-1.71222110880095e-05,-2.0799876334454e-05,-0.00214719011455854,-1.13598409005523e-10,1.73984325537108e-08,-1.47255009899216e-05,-0.000765925488858883,9.15619760515306e-05,-7.37780833334731e-05,2.74822945396484e-07,-3.64817755274874e-06,3.46251025394595e-06,2.11490699072898e-05,-0.00161282054127598,-8.3989252746308e-08,-0.00348503754626476,-0.00014804130500532,-0.000395677124943605,0.334214435859552,-0.0015264435062445,-0.000538793730512926,-2.19456903530141e-05,-0.00019213682597896,0.000215688886944827,2.63093376994851e-07,1.71380470685965e-07,0.00356909392549434,1.03479472937963e-05,-5.79318131087823e-06,0.000293879459484682,8.2597095915465e-06,0.000116128560285277,0.00326317399392687,2.96548653900891e-06,-2.20813562906702e-06,0.00202285463196681,2.36808434414262e-05,-0.000215324153019206,0.0156493294377951,4.19514517925894e-08,-4.51748362665832e-15,0.777883214380502,-0.000785745414704969,-9.38731281482252e-16,6.29507344402668e-08,3.61596548741874e-07,5.96823799409174e-09,1.72008823774693e-08,1.69852620733862e-06,8.94210840898975e-09,0.000130894643800087,2.06508569361435e-09,2.10537254925931e-08,-0.000106369758216137,5.70366149030613e-09,3.94643841125294e-07,1.10382857114309e-11,-2.24520317682141e-05,-2.06254838638979e-09,-1.38846227898392e-05,1.89321176825852e-08,-0.000630707690460571,9.36033441548376e-05,-0.330049772264329,-9.6440980201784e-12,0.000171465186277741,5.63588880425625e-11,1.17655885034651e-13,8.9383528484706e-10,1.32172315245316e-06,-0.000214012603230707,-3.3316087219853e-15,1.51231666872894e-13,8.12084920880432e-08,-5.58837253382405e-10,2.33638996530284e-06,1.58231784209431e-05,-1.11008466446849e-08,-1.92687144018322e-10,1.49026229262624e-15,-0.00374479621903978,-0.00159758345712429,-3.21287448719571e-12,-1.50557308336636e-11,1.44394294160392e-16,5.38631639290799e-16,-3.7955423165523e-13,-1.64030966641088e-16,-4.9951015546057e-13,3.82841387647972e-17,-2.02817657472123e-06,-5.80799385166547e-17,0.00170035262861315,3.83244609736588e-07,1.79407598641416e-16,-2.65632472187285e-17,-1.45213582134752e-06,-1.4487579532037e-12,1.524842656325e-17,-0.0277433962190793,1.65473705403352e-07,9.90934259967975e-12,-3.75057527854922e-16,-1.09413708109438e-07,-5.17930884568222e-09,-1.70002900645727e-16,-1.91068875018659e-16,1.17944778702114e-16,8.71125438718763e-17,7.51135265097957e-16,4.38567476605811e-12,1.13408840071967e-16,3.61359585917403e-12,5.79745953422185e-17,-8.19767395973858e-10,7.17602083710623e-18,-0.00261597791420943,1.73472347597681e-18,3.47551236365508e-18,-2.41709055943235e-17
"t70",0.0800658231569564,0.0633489586482381,0.00280596811117669,-0.161865525142622,-0.0587685653690183,0.108908418187153,0.0366065309530593,-0.00449912881197662,-0.000244115491407165,-4.2958083748432e-05,0.00834560607856276,-0.000137912455695244,2.71480421931466e-05,-0.0160417665288507,0.00299200647548809,-0.000244815734377507,0.128316093833329,-0.0130974052343312,-0.00174827524454794,0.00109076442683766,-6.20354279145289e-05,0.00072686572110296,-0.00015249942549306,8.20238872036201e-07,6.4807021845515e-06,-0.000591788842199251,0.000246687746338271,-0.000141884981539584,0.0255546654418858,-0.00349130982078756,0.00333200074002938,0.00378190666109179,0.000303926197125645,-0.00254464840978993,-0.00143330946292517,-5.54130096377839e-07,-9.07751279025055e-05,0.000215858556278847,-0.00509903033425397,-0.0323721535007455,-2.20072889655103e-05,0.000236429669102364,-0.0540139996376744,-7.28934451731111e-06,7.39803797279205e-06,-9.4965745005093e-05,-0.000265854135874991,-0.000232919598605514,-0.0229546439016393,-1.05366497094495e-09,1.15817943668412e-07,-9.64264803190217e-05,-0.00435560288715046,0.000498275235861465,-0.000380011476906707,1.21039648135054e-06,-1.53331802923689e-05,1.35689848058855e-05,7.22376660435824e-05,-0.0053439358917913,-2.68118986262308e-07,-0.00977431939451184,-0.000398914263784474,-0.00099979884919658,0.82838581116169,-0.00373591815123104,-0.00126949275307847,-4.93691990601094e-05,-0.000421071189525324,0.000426850416475415,4.90222923635189e-07,3.04524788532874e-07,0.00630899633458867,1.68261651580124e-05,-8.69705752834559e-06,0.000427174728348053,1.15971641641811e-05,0.000136641657982716,0.00364426885673159,2.84820548761267e-06,-1.92890996382681e-06,0.0016585004686671,1.93430750948699e-05,-5.16862727032963e-05,-0.00169690932651343,-1.43512564044328e-08,3.18144567098996e-15,-0.478971266138533,0.000797263837872934,7.3284992609177e-16,-9.04395070781103e-08,-6.79580155091839e-07,-1.21303061553779e-08,-4.36132899037665e-08,-4.5311947207082e-06,-3.21225332379667e-08,-0.000502133429281074,-9.78709898875542e-09,-1.06487409591138e-07,0.00062930125789932,-4.8168288930375e-08,-5.30940489725656e-06,-1.94948906137959e-10,0.000462270610082441,6.7337707057571e-08,0.000647070091764817,5.63758648366997e-06,-0.0373728773143732,0.00611450110721746,0.0180467252174492,-7.17507251529748e-11,0.00163929926823652,7.00598410882658e-10,1.26063048888625e-12,7.61423179652204e-09,1.10853650501942e-05,-0.00176342407391789,5.91588584500182e-16,1.20626714924896e-12,6.48995043462785e-07,-4.34413159155871e-09,1.80545315796958e-05,0.000113062328215435,-7.76402620007721e-08,-1.34655851399823e-09,4.08026563661377e-15,-0.0248354681798106,-0.0104191676369947,-2.09269981579123e-11,-9.76275679035913e-11,-6.5105300510173e-17,3.77085515590458e-16,-2.01766375075151e-12,2.09345173518493e-17,-2.42077365097959e-12,-2.96967008599095e-16,-9.49616532364466e-06,7.09942647690121e-18,0.00782133957293145,1.75828418029885e-06,5.41271906079598e-17,-4.24520043573452e-17,-6.06070019663735e-06,-5.98607189987129e-12,-2.07655826224443e-16,-0.00513721817920387,6.97185049195371e-07,4.14124659484625e-11,1.35061343130171e-16,-4.46787009099685e-07,-2.10607628723324e-08,2.88397777881144e-17,9.37657607510775e-17,-2.92374160340138e-17,-2.41200958707876e-16,-8.63024929298462e-17,1.63599952270228e-11,-6.81420017986256e-16,1.26799498635297e-11,6.0518800323518e-19,-2.86071590937643e-09,2.22219078893193e-17,-0.00852850674208203,-1.36175792864179e-16,-8.51757566132753e-17,5.74876493332276e-17
"t74",0.0773631038997781,0.0588303745892248,0.00253737623096192,-0.125533610479086,-0.0454431371382546,0.0681489365403162,0.0180177247899626,-0.00145703813618355,1.26347196222273e-05,4.28953836171267e-06,-0.003450145104833,0.000109797747497837,-8.5741686788572e-05,0.0680739576953918,0.0463337184035731,-0.00121065818292208,0.0365011995471582,0.0130909266742874,0.00213296949738203,-0.00147832559933005,0.000473114483301198,-0.00746949816749422,0.00204984583640897,-0.000163410359247583,0.00120864267096737,-0.0153580891367413,0.00580817055901857,-0.0032456931570926,0.490845212726242,-0.0658891801142215,0.0543403219093126,0.0586190309661052,0.00468786660220845,-0.0358789296524585,-0.0197266216100695,-7.52077408875999e-06,-0.00126495909549553,0.00306314322777007,-0.0741187107331578,-0.483215225565481,-0.000332831112703829,0.00377564016913526,0.110774703875158,0.00104132727172921,-0.000437292216357448,0.00137369192595219,0.00241554991382987,0.00140119339862368,0.0152985721381688,6.83025943340712e-09,-4.78068846683648e-07,0.000388586188845713,0.0140707018974003,-0.00149279262168472,0.00103088686171395,-2.38526492121689e-06,2.71103973709598e-05,-2.01124726416911e-05,-7.09790182860986e-05,0.00471969737804596,2.05601730290287e-07,0.00398174636215844,0.000123537490932982,0.00016491632745135,-0.103014574512393,0.000367479600487567,2.9483047640119e-05,-3.08697007408634e-06,-4.56500289146833e-05,0.000115947330900275,1.75491454823767e-07,1.28411594498089e-07,0.00270306532924973,8.95404805188261e-06,-5.42672144752119e-06,0.000281710258475384,8.07997344276754e-06,0.000119800321165659,0.00338179041139025,3.06089229540334e-06,-2.25270625765953e-06,0.002042176752406,2.38909904132151e-05,-0.000163309196847895,0.00793572204298305,1.27347851502705e-08,1.60498530252085e-16,0.0258844815456726,0.000327266784401399,4.40651924760108e-17,-6.02555827843134e-08,-5.74621683209847e-07,-1.08741209960128e-08,-4.53374528938343e-08,-4.86020229358908e-06,-4.08355878878829e-08,-0.000661196210503963,-1.43779890952547e-08,-1.61644535210808e-07,0.00103220472945256,-9.36467730598382e-08,-1.27452870783077e-05,-5.25325813737248e-10,0.00132552796065252,2.28883090479988e-07,0.00245981630896275,3.52085596140874e-05,-0.611242750139417,0.250043906982952,-0.000984588651162593,1.11572728768612e-09,-0.0212759049540431,-3.60762067441733e-09,-3.10321560115234e-12,-8.27714792516008e-09,-1.13436360199889e-05,0.00168150181818437,9.23864282296484e-17,-1.04065876326673e-12,-5.44844922078591e-07,3.22547389047367e-09,-1.30421147989305e-05,-5.37049141073095e-05,3.1892178724291e-08,5.49761485033745e-10,5.39199654452054e-17,0.000928653431694756,0.000336298340502916,1.27891191142369e-11,2.94720917224166e-11,1.10407128443438e-16,-6.10134772566218e-16,-3.78462291294141e-13,-3.32442192100826e-17,-8.56836953819218e-13,3.76008810223214e-16,-3.91643907612362e-06,-1.65694056650799e-16,0.00344865621655015,7.82493307722382e-07,4.34841469638984e-16,-2.28719606927315e-16,-3.38948397980624e-06,-3.37529259997503e-12,2.61924622753719e-16,-0.000112631540069004,4.36065519227242e-07,2.62124251065706e-11,8.60905260875383e-16,-2.94592435914124e-07,-1.39994606231007e-08,-6.17615767556368e-16,6.44460410628439e-16,-2.05811558405273e-16,1.27913198632613e-16,-4.71627945031194e-17,1.28665836733361e-11,-1.95105336697124e-17,1.10876665176105e-11,1.9257345945711e-16,-2.52399337322392e-09,-2.26153490718835e-17,-0.00145123397558999,-6.11490025281825e-17,3.0636009246977e-17,-3.51590290086367e-17
"t75",0.0772584643049576,0.0586671652950388,0.00252810485178855,-0.124552551662743,-0.0450849284190506,0.0673416012406813,0.0177494790946425,-0.00143058438474012,1.23336928908015e-05,4.18475283296601e-06,-0.0033540665056196,0.000106384288354185,-8.22732560831263e-05,0.0652043796839923,0.0440733543941728,-0.00114932716588644,0.0345054494277016,0.0123473476250377,0.00201096918146588,-0.00139340642372935,0.000441617709686107,-0.00695585919249862,0.00190504185749698,-0.000150398714977882,0.00110991712548547,-0.0139615919481521,0.00527111549714654,-0.00294390757372956,0.443271634433806,-0.0594701186681695,0.0487535117423606,0.0524333486510796,0.00419178981383673,-0.0318018168823096,-0.0174045323979202,-6.56401802956115e-06,-0.0010934634424763,0.00263816591917398,-0.0635857081416895,-0.413036361681851,-0.000284031441190434,0.00320301778187228,0.0905522242466593,0.00083457153359214,-0.00034765758151888,0.00105634805623218,0.00181894832196013,0.00103915944449216,0.0113142522671341,5.00211561323131e-09,-3.38583426664547e-07,0.00027460813187575,0.0097313596307591,-0.0010242843107438,0.000699731692394481,-1.55938804938179e-06,1.74862443776051e-05,-1.26846476194311e-05,-4.24586275954103e-05,0.00278567181393605,1.19270527649331e-07,0.00215910032510949,6.54610003510457e-05,8.40460022839943e-05,-0.0518677270911375,0.000183543908802921,1.43679123340452e-05,-1.4588375721609e-06,-2.11949205815145e-05,5.01638370434432e-05,7.27694096491066e-08,5.14873058242309e-08,0.00107982344570561,3.37202104427881e-06,-1.93270471973928e-06,9.81164366955241e-05,2.74812412805856e-06,3.62449560792121e-05,0.000989835502209898,8.17723744990495e-07,-5.7016797796687e-07,0.000499299019213899,5.82951202048301e-06,-2.54074118228161e-05,0.000844376212259336,9.59396098335211e-10,-6.61342432008377e-16,0.00105811949242668,-1.89535448404587e-06,-1.37594176927622e-16,3.06606580282691e-09,5.39664385187656e-08,1.17294536670226e-09,6.83026369602843e-09,7.83352679580739e-07,9.29016673675452e-09,0.00016074588295904,4.244940025637e-09,5.03913351524083e-08,-0.000363433546727677,4.16300891638712e-08,7.12971020565268e-06,3.25476318276922e-10,-0.000862456929982388,-1.67181100823958e-07,-0.00191458566342555,-3.33667228206952e-05,0.687008353629266,-0.298061273406586,0.00130264046835625,-1.52012220888155e-09,0.0295143524280966,5.84881758530862e-09,6.40017466108089e-12,2.62837591933714e-08,3.74476223606198e-05,-0.00581479009810353,1.95482001311466e-16,3.85114784012874e-12,2.05437973946763e-06,-1.32604688421478e-08,5.46854419087613e-05,0.000307426211533301,-2.0328963816962e-07,-3.51983887067302e-09,1.1178266189709e-15,-0.00829662202056647,-0.00344692519063999,-1.32490132872068e-10,-3.18290189258801e-10,-3.78037288589415e-16,7.37691158159137e-16,-4.496262643917e-12,-4.9043338934592e-17,-5.07245330808037e-12,-6.42046783897325e-16,-1.95078761382954e-05,1.4927625639084e-16,0.0159199347302751,3.57423075560414e-06,-2.66561255642344e-16,2.70845431113899e-16,-1.1898139881642e-05,-1.17328399826629e-11,-2.8359941875895e-16,-0.00037555792234832,1.3490112970084e-06,7.99729620358702e-11,-4.22032026274647e-16,-8.57227929156003e-07,-4.03576651499381e-08,8.83245299815316e-16,-6.58356469109235e-16,2.65264352961994e-16,-9.42799607915577e-17,6.52689707836274e-17,3.05953869180018e-11,-4.68475173749707e-17,2.33929664986252e-11,-1.79742037231068e-16,-5.27174560667541e-09,-1.14848957020072e-16,-0.00270582553475526,-1.78459677591114e-16,5.97307681365446e-17,2.43098085771362e-17
"t34",0.0676404687106038,0.0419639771944884,0.00148325224932548,-0.0451821709546763,-0.0156054022299466,-0.0420216878490771,-0.0326995933527874,0.00676765580041572,0.000682520999751085,0.000126860981848885,-0.0250451936035429,0.000747996477900317,-0.000356283994640883,0.267505525781571,0.146016140295962,-0.00346114839237774,-0.0354032542700739,0.0885429439194842,0.0108637248024628,-0.00681800670396909,-0.217688399289866,-0.143870788286085,0.0344380607790861,0.00149293493141042,-0.00596804512380288,0.0111630751262297,-0.00181609544475329,0.00153842865845989,-0.080511772236622,0.00896771165613583,0.00353870417679969,0.00697465699829652,0.000579233024501509,-0.00642300196777068,-0.00345580369613814,-9.37555767085356e-07,-4.20449965195233e-05,0.000125958579763028,-0.00156817037097398,-0.00355477077809155,-1.04649711940422e-06,-4.63705990693541e-07,-9.96715329637522e-05,0.0211060244740441,0.0283508281240971,-0.0166002933981776,-0.0313201993375216,-0.0202338383577736,-0.000357044999250472,-1.16133329949102e-07,1.30313946025403e-05,-0.0109992283139287,-0.585916395129449,0.0590215249775451,-0.664679889529998,-0.000210341103765022,0.0015467254636075,-0.000732551178889699,-0.00143479919812182,0.0858485963566354,3.30289791121634e-06,0.0401947672967146,0.00100299947050949,0.000505931110192374,-0.00823991126338523,-0.00109720209662595,-0.000654191169257123,-9.64169792749292e-05,-0.000994796604148405,0.00153873741454223,1.99335915846127e-06,1.03877721714206e-06,0.0148465642344453,9.31733398030791e-05,-5.13982190628714e-05,0.00132831164064876,7.2445180528967e-05,0.000959757132834761,0.0263873518914449,2.23778372453418e-05,-1.59102495734916e-05,0.0141242628006273,0.000165040607799732,-0.000881343770501493,0.0217312671262375,9.20028009546943e-08,-3.44281596578017e-16,0.00119318110642413,0.00188734959797842,9.20184371985734e-16,-3.05086182621848e-07,-2.66735668844878e-06,-4.9209756599472e-08,-1.90541402243852e-07,-2.00694474801176e-05,-1.50927523396714e-07,-0.00125048503507369,-4.7785681270619e-08,-5.22661609536883e-07,0.00311811729440862,-2.40187738586183e-07,-2.60324212189586e-05,-9.37306034576602e-10,0.00219298070184462,3.04585987593504e-07,0.00171646731098966,1.9005706854841e-05,-0.0148699352367495,-0.026239290964132,-1.2233033618483e-06,-9.98375795230322e-10,0.0100382800997144,1.848002263629e-08,1.39797617926263e-11,6.73034234169676e-08,9.705540295998e-05,-0.0152781262470175,1.22743072041813e-15,1.03078571688736e-11,5.52532847286104e-06,-3.64116084473291e-08,0.000150818573790217,0.000387599849584813,-6.00119941362304e-07,-1.03950870515568e-08,-2.49529651604638e-17,-0.000265777591841933,-0.00011442445952885,-4.48599115425849e-10,-1.02576761111696e-09,-2.97800681410377e-16,2.94035629178069e-16,-1.53179291831546e-11,-1.23401009094964e-17,-1.60515966837749e-11,-4.56427906741487e-17,-2.53769322873535e-05,-8.48757512953466e-17,0.00734938477459971,-1.23980360391366e-06,1.94611790804968e-16,8.36616222751679e-17,-2.85151650233968e-05,-5.63624669278653e-11,-2.76626770401019e-16,-1.99633011417808e-05,3.10638441861123e-06,3.64739074633049e-10,-1.91783437675263e-17,-1.96121124978676e-06,-1.82101069717014e-07,2.64979010955457e-16,3.45402451779859e-17,4.942955325633e-19,-1.27872274102129e-16,-3.13117587413814e-16,1.35670525269922e-10,-5.25049199909319e-17,1.03064414099484e-10,4.05251785122485e-17,-1.21366765593609e-08,-8.54346610572135e-17,-0.000214462789031519,-1.47451495458029e-16,1.08061356767508e-16,1.56279372778168e-16
"t76",0.0680692029527623,0.0425147686433607,0.00150904682309889,-0.0469116071616297,-0.0162081700075304,-0.0445305778117214,-0.0352079610282744,0.00741633737330772,0.000772199138678893,0.000144032738526864,-0.029017220196631,0.000884012279413223,-0.000447729315543263,0.340172401664818,0.194900123793245,-0.00468692024871508,-0.0495004376879575,0.125996819334238,0.0155107359368652,-0.00975464495647196,-0.338117577565122,-0.228276113225568,0.0556785292738363,0.00266164397462552,-0.0109031293741673,0.0230227877253152,-0.0038296958774597,0.00326890667528851,-0.181804170320916,0.0204143611008798,0.00883953297888281,0.0183386410277758,0.00153191110303585,-0.020144771487652,-0.0120429089788488,-4.4646132416489e-06,-0.000302450611257052,0.00113178331402862,-0.0193047098870703,-0.0672254391775727,-2.60777545150837e-05,6.55993358385998e-05,0.000303407392212318,-0.040554220187081,-0.0469911111086859,0.0169560252022344,0.0251165037528845,0.0138643430234527,0.000238032662468345,7.04897400863021e-08,-5.88815711471767e-06,0.00488024230886325,0.218286343671575,-0.0206624178430562,0.213979009666029,5.09896662492259e-05,-0.000339005648773035,0.00013567050178963,0.000175714858598602,-0.00940023222933131,-3.10893272409806e-07,-0.00183334765110358,-3.23576709867201e-05,-6.3157470509851e-06,5.73244509017979e-05,3.7602192620143e-06,-4.39944869527201e-06,-1.75275395272994e-06,-2.41036291408545e-05,6.94283056369635e-05,1.10899171108878e-07,6.55270260967897e-08,0.000948025228944602,7.01146558757318e-06,-4.34506346955708e-06,0.000116763884753023,6.61392869763942e-06,0.000101333000790058,0.00287642797136988,2.62609716830144e-06,-1.93527769009149e-06,0.00175373451699266,2.05155447310567e-05,-0.000129201034270367,0.00340517477335174,1.49424379411293e-08,-5.78019763244135e-15,0.000200742336789896,0.00033101502105122,-0.707106781186548,-5.53992912996828e-08,-4.98659791859529e-07,-9.2801729217884e-09,-3.68344825802139e-08,-3.90183992193122e-06,-3.03163811819253e-08,-0.000252937525205793,-9.87648573933042e-09,-1.08712065306424e-07,0.00065810410424025,-5.22051209304463e-08,-5.83175649534855e-06,-2.12858967750671e-10,0.000501289854966873,7.0709721471938e-08,0.000401863236044585,4.5660819775438e-06,-0.00365067549009531,-0.00648885434670442,-3.06340333150387e-07,-2.50880885510618e-10,0.00252782296348178,4.73641352180532e-09,3.67332553263822e-12,1.83627164317212e-08,2.65573749415222e-05,-0.00419475368359194,1.4504044376605e-15,2.84310335327742e-12,1.52620939233459e-06,-1.01148805958622e-08,4.19484958050051e-05,0.000109700829021642,-1.70718390764268e-07,-2.95772078530432e-09,7.21425183934783e-16,-7.66250710306429e-05,-3.31358150049815e-05,-1.29950602213128e-10,-2.97509735674359e-10,1.5877188922067e-16,2.33320307518881e-16,-4.72892324939374e-12,4.79012786085594e-18,-5.13622130937641e-12,-3.44730098937062e-16,-8.24030705469069e-06,-2.20414836799174e-16,0.00240468227541246,-4.06111852882302e-07,5.02002589076318e-16,5.94173038562197e-17,-9.6627554587026e-06,-1.91285532606753e-11,8.41443785283262e-17,-6.82100275914768e-06,1.0755639012916e-06,1.26621654743882e-10,1.49733164694311e-16,-6.87295281965251e-07,-6.39407183760429e-08,2.80157841370254e-16,-8.16879642584513e-17,4.43537324646564e-17,-2.54982697451337e-16,-3.46944695195361e-18,4.9967820950781e-11,1.46187256938525e-17,3.94755854523851e-11,3.49204364291786e-17,-4.6659322388105e-09,-2.12951806060154e-17,-8.64898173019044e-05,9.0205620750794e-17,-8.14269085101967e-18,-1.08454992247043e-16
"t77",0.0680692029527623,0.0425147686433607,0.00150904682309888,-0.0469116071616297,-0.0162081700075304,-0.0445305778117214,-0.0352079610282745,0.00741633737330771,0.000772199138678893,0.000144032738526852,-0.0290172201966309,0.000884012279413223,-0.0004477293155433,0.340172401664818,0.194900123793245,-0.00468692024871508,-0.0495004376879573,0.125996819334238,0.0155107359368651,-0.009754644956472,-0.338117577565122,-0.228276113225568,0.0556785292738363,0.00266164397462543,-0.0109031293741674,0.0230227877253151,-0.00382969587745976,0.00326890667528871,-0.181804170320917,0.02041436110088,0.00883953297888285,0.0183386410277756,0.00153191110303584,-0.0201447714876519,-0.0120429089788488,-4.46461324157734e-06,-0.000302450611257085,0.00113178331402869,-0.0193047098870703,-0.0672254391775728,-2.60777545150268e-05,6.55993358385519e-05,0.000303407392212508,-0.0405542201870808,-0.0469911111086855,0.0169560252022341,0.0251165037528843,0.0138643430234528,0.00023803266246849,7.04897401566071e-08,-5.88815711486572e-06,0.00488024230886332,0.218286343671576,-0.0206624178430559,0.21397900966603,5.09896662496743e-05,-0.00033900564877317,0.000135670501789656,0.000175714858599411,-0.00940023222933119,-3.10893272114374e-07,-0.00183334765110368,-3.23576709867938e-05,-6.31574704901879e-06,5.73244509017468e-05,3.76021926193735e-06,-4.39944869505271e-06,-1.75275395154295e-06,-2.41036291406229e-05,6.94283056378977e-05,1.1089917097834e-07,6.5527026527378e-08,0.000948025228944951,7.01146558762522e-06,-4.34506346943218e-06,0.000116763884753022,6.61392869743494e-06,0.000101333000796543,0.00287642797137068,2.62609716743364e-06,-1.9352776901309e-06,0.00175373451699294,2.05155447315559e-05,-0.000129201034270538,0.00340517477335066,1.49424382982633e-08,5.68946873943393e-15,0.000200742336791954,0.000331015021017383,0.707106781186548,-5.53992913416668e-08,-4.98659797339791e-07,-9.28018158152799e-09,-3.68344824810416e-08,-3.90183992035132e-06,-3.03163766785831e-08,-0.000252937525209836,-9.87648524775697e-09,-1.0871207207705e-07,0.000658104104242689,-5.22051211227024e-08,-5.8317564950762e-06,-2.1285803936275e-10,0.000501289854968502,7.07097196462364e-08,0.000401863236045653,4.56608197708236e-06,-0.00365067549009491,-0.00648885434670444,-3.06340332465888e-07,-2.5088038244081e-10,0.00252782296348279,4.73641238382672e-09,3.6736585995456e-12,1.83627169054363e-08,2.65573749418102e-05,-0.00419475368359186,-7.1187415519977e-16,2.84436294875076e-12,1.52620939225046e-06,-1.01148816063386e-08,4.19484958058667e-05,0.00010970082902065,-1.70718391347136e-07,-2.95772238818881e-09,-8.06833265489188e-16,-7.66250710302399e-05,-3.31358150037051e-05,-1.29951163233542e-10,-2.97510286336407e-10,7.20357245169792e-17,-3.90312782094782e-17,-4.72890405658007e-12,-5.03638377607406e-17,-5.13595069251416e-12,2.80204108996458e-16,-8.24030705474081e-06,2.7398136783788e-16,0.00240468227541234,-4.06111852997768e-07,-6.34458120914844e-16,-7.96792632936732e-17,-9.66275545860636e-06,-1.91282691421079e-11,4.85821140398026e-17,-6.82100275903083e-06,1.07556390140044e-06,1.26621633195364e-10,-8.99400516718669e-18,-6.87295282042461e-07,-6.39407183893243e-08,2.4980018054066e-16,1.00003205148138e-16,9.64119372745613e-17,2.37678740227879e-16,-2.16840434497101e-16,4.9968058987368e-11,-6.14922604712289e-17,3.94752653959038e-11,-4.00420503553749e-17,-4.66593222315822e-09,-4.1363729857675e-17,-8.64898173018059e-05,-3.66026653431106e-16,-1.03877832172092e-16,5.80298735764854e-18
"t29",0.0573594407785925,0.0213180134541163,1.14951507456843e-05,-0.0617497775012861,-0.0200132313635909,-0.152116017961785,-0.114018854032364,0.0317558070609589,-0.00463467678331771,-0.000582631784346334,0.0061074227179979,-0.000262544165785813,-0.000115814271694874,0.0978849573689602,-0.21510992348804,-0.00327915429665655,0.00917222823380289,-0.0168455722195798,0.00105285613072703,-0.00135906537622009,0.0153910339718565,-0.0100981632638222,0.00395654217878535,0.000148948310818887,-0.000448465498257783,-0.000792631075257766,2.67323761886769e-05,-0.000150150537471557,0.0033802650200666,9.65968205101329e-06,-0.0120658896424248,-0.00540692139527493,-0.000469303616175189,0.00885997394973718,0.00606362757827672,2.92145786987002e-06,4.34311320272522e-05,-0.000845176080775869,0.0125157532102421,0.0124164392978924,-1.79949577546972e-05,-1.66080391158778e-05,-0.000257914750009734,0.155351305825802,0.204809950046052,-0.13954463442931,-0.395245887574186,-0.653219031677496,0.0018376714933753,4.0740107173445e-06,-3.00919390378105e-05,0.0222769184408731,0.105916118269768,0.031148598939723,0.0386784707241617,-0.000258135317689855,0.00230437794787816,-0.00139737053746205,-0.00489250763386093,0.367261360186446,2.26322858024804e-05,-0.0574505624284754,-0.000448710558023621,0.00014782987329727,-0.00011731758025865,-0.000591531652950176,-2.79948386379243e-05,-8.95819874400385e-05,-0.00101676079631473,0.00202075082084715,2.85654054622494e-06,1.14553027180554e-06,0.00313030917772038,0.000180943208900852,-0.000111937750552348,0.000539140526550371,0.000177728794039895,0.00371700037424221,0.128022452968933,0.00146359910078486,9.90811053182771e-05,-0.0433566317779914,-0.000489286701295968,-0.190027893769619,0.000133745568357989,5.33778157636816e-08,-8.86675563689315e-16,8.11238055747615e-05,0.00177846614672033,-5.02718914959235e-16,-3.26496504003088e-07,-3.12365838945452e-06,-5.91064539465225e-08,-2.45606163946648e-07,-2.62943429887024e-05,-2.18676006105657e-07,-0.000240089914638069,-8.08293956681991e-08,-9.49365749506616e-07,0.0213316103663625,-3.52380928193475e-07,-5.08888094478128e-05,-2.8627869110012e-09,0.0661340897763885,2.3692989256251e-07,0.000307395882332598,2.34657606372358e-05,-0.00454572740469417,-0.00850958506902596,-4.41255279328286e-07,-2.41542880575346e-09,0.00380684122782791,7.53326527681668e-08,5.46849544813544e-11,4.06463598704193e-07,0.000624595731172709,-0.106882757417874,8.83233227981526e-15,8.29473486393346e-11,4.63915749238568e-05,-3.85189975577252e-07,0.00103511480994151,-0.000305269910158698,1.69062674183051e-05,2.82303932552189e-07,-2.55267490887521e-16,0.000107458885836116,4.05416955416057e-05,2.52985438573124e-09,5.43012899311331e-09,-3.55661068002009e-16,-2.01661604082304e-16,8.39232011527238e-12,-1.58758245945328e-16,-9.16372012993438e-14,-2.27332698952109e-16,-4.72131242878805e-07,1.07063162089551e-16,0.000197131542935992,-1.9939800929421e-05,4.31057622026906e-17,-1.25832720602363e-16,-1.66025013690177e-06,-2.62262867063083e-11,-4.75886442507509e-17,-1.28656684220812e-06,2.29013768890174e-07,2.08104665315771e-10,2.09205378896826e-16,-1.59827506732571e-07,-1.12140866860848e-07,-1.23599047663348e-17,-2.01763746891037e-17,5.69356678940503e-17,1.77645490082823e-16,-3.95950633391706e-16,1.03989022525331e-10,3.12489458837854e-18,8.83624661071267e-11,1.05643723426415e-17,-1.54899249661899e-09,1.4932119536921e-16,-3.12741221994037e-05,-8.23993651088983e-18,1.32307412949943e-16,1.01405813527904e-17
"t56",0.0581291911009619,0.0219146511188041,1.19233398639527e-05,-0.0669269243102947,-0.0217070776299944,-0.17248230895682,-0.134010340586358,0.0388675216699398,-0.00611879822998611,-0.000775764672356485,0.00854870075658193,-0.00038649587564699,-0.000201299301812614,0.176041323393602,-0.448529253367973,-0.00716589418906848,0.0223747598855412,-0.0438226637794941,0.00277347555075661,-0.0036083180924476,0.0582962542219965,-0.0427306388638257,0.0186277706139931,0.00156621936922399,-0.00663712126794241,0.0133405100779687,-0.000329823026922588,0.00169975534348701,-0.023359344062698,-6.35758301470411e-05,0.0522404314837809,0.0199125029281922,0.00170022289136986,-0.0223612882064612,-0.0131564592334071,-4.73458489283387e-06,-5.70535138682599e-05,0.00103372190693166,-0.0142423471800468,-0.0132581908275826,1.86963094644623e-05,1.56864782547774e-05,0.000150024417417117,-0.0733268776425867,-0.0893379379590697,0.0451158613633262,0.107476788457636,0.157419731620179,-0.000433351289002957,-8.90619247775274e-07,5.10656085781356e-06,-0.00371896493691604,-0.0150433746086298,-0.0041683662739008,-0.00476887102882502,2.37581362379574e-05,-0.000190015991718688,9.51417092955381e-05,0.000197884342287926,-0.0126991241350213,-6.24027443801768e-07,0.000308099569411516,-2.92724913257331e-07,1.37447817406041e-06,-1.36369230011458e-06,-7.73827445249306e-06,-4.7939065613617e-07,-1.91093573078294e-06,-2.37426700340592e-05,5.79135734245346e-05,8.52003802119181e-08,3.40198724296245e-08,9.27428472502628e-05,4.87847838280108e-06,-2.42959273396084e-06,1.01499349190472e-05,2.71069406213168e-06,-4.01886613363238e-05,-0.00269394041845857,-8.3715681011814e-05,-8.4282243809436e-06,0.00459382229711072,5.24724172731815e-05,0.173647100203036,0.00211122215481699,1.16064383442483e-07,1.014193977915e-15,0.000110262509854443,0.00188664781978055,-8.33515879080894e-16,-3.16074636030718e-07,-2.95221157205748e-06,-5.59061222663026e-08,-2.37346448562357e-07,-2.56394896494508e-05,-2.31848432539128e-07,-0.000261203166288674,-9.73580611784706e-08,-1.18694661030037e-06,0.0295376196009914,-6.62122566498463e-07,-0.00017884333083653,-1.87171932607309e-08,0.779013071069123,-2.64940968676126e-06,-0.00158769812975314,-4.21692838827453e-05,0.00492333571715528,0.00801445599228189,3.3349315296426e-07,1.72471803158714e-09,-0.00262762073183294,-3.97786677243384e-08,-2.03885727745323e-11,-9.20572345545915e-08,-0.000136013386866547,0.0222300900629527,-1.6900176581356e-15,-1.61602257644697e-11,-8.88230977001605e-06,6.81294092443746e-08,-0.000179889140492758,4.10356461526317e-05,-2.09779591286985e-06,-3.49176565231368e-08,-2.75738202422311e-16,-1.06500440924206e-05,-3.70711172576481e-06,-2.29931515068728e-10,-4.82316528790015e-10,7.55176810249965e-16,-7.26415455565288e-16,-4.03158965299761e-14,-2.78019738362306e-16,-3.04270497686332e-15,-1.34166462032061e-16,-2.05279583360189e-08,-2.65127663566174e-16,9.8162347180273e-06,-1.01110527063575e-06,2.59664359265887e-16,1.84495118709339e-16,-1.27106775132299e-07,-2.03648815882583e-12,-1.36805122150253e-16,-1.06011091738444e-07,2.09453891395443e-08,1.93985318666613e-11,3.38169685216469e-16,-1.58850415933702e-08,-1.12863822182975e-08,-7.28583859910259e-17,-1.17350746916263e-16,1.33433265072842e-17,5.88050622520645e-17,-1.36175792864179e-16,1.34836271922095e-11,-5.86519614619835e-16,1.33913613162805e-11,1.95932110817756e-16,-2.37870750299116e-10,-1.98831318235808e-16,-5.59010197440134e-06,7.89299181569447e-17,-1.1636764850514e-16,-1.1432950675398e-17
"t57",0.0582291568707467,0.0219921110332304,1.19789196776462e-05,-0.0675982863771356,-0.0219267287351729,-0.175120791744646,-0.136598273778402,0.0397873543649774,-0.00631045334765438,-0.00080070096166811,0.00886358805628991,-0.000402467886716876,-0.000212280815391304,0.18607543817107,-0.478424591382993,-0.00766333627398422,0.0240618205470889,-0.0472669221145974,0.00299311734669123,-0.00389541245807658,0.0637512144288318,-0.0468753980158691,0.0204895939075873,0.00174528955066458,-0.00741822444571241,0.0151154419985597,-0.00037456259165294,0.00193180793824822,-0.0267058594055475,-7.27386712656691e-05,0.0602596537376075,0.0230645087568594,0.00197025484787493,-0.0262271530025328,-0.0155295467499304,-5.67324258596573e-06,-6.9291373444278e-05,0.00126194435481452,-0.0174831403644827,-0.0163591921965324,2.31223812757307e-05,1.95640593422233e-05,0.000197408931671929,-0.0993446371241734,-0.122500963501885,0.0650737666926105,0.160161597587819,0.24030206200132,-0.000664451295256972,-1.38717747304164e-06,8.40062368689007e-06,-0.00614017720142707,-0.0257533947591537,-0.0072328405599669,-0.00843023513300825,4.4870962891316e-05,-0.000367742920132873,0.000191919462739159,0.00044203504437159,-0.0291405025482561,-1.48351342121486e-06,0.000847831877390945,-8.49694615483332e-07,4.38664033724275e-06,-4.48805668984168e-06,-2.60025144366866e-05,-1.72003506191188e-06,-7.47538143126489e-06,-9.78682833819904e-05,0.000300998850047229,5.20849949837889e-07,2.40491039081162e-07,0.000666864452307273,4.79155079937833e-05,-3.56151272348586e-05,0.000183785896100811,6.50564811531931e-05,0.00188695851202695,0.0709355174664512,0.00102623259297735,7.96874815340704e-05,-0.0380703191532165,-0.000431819763016776,-0.624696635977241,-0.00574101927752544,-2.72764299251833e-07,-2.75983721295916e-15,-0.000224762780696174,-0.0032506823537588,3.3068771407153e-16,4.72409384479622e-07,3.90759924811596e-06,7.13168690179289e-08,2.72105337246052e-07,2.86707933912346e-05,2.2386130917821e-07,0.000244195225529739,8.21572219154336e-08,9.71164767364901e-07,-0.0224722570458818,4.31887902347698e-07,9.8258360505624e-05,9.46356246479221e-09,-0.37791752062812,1.16075312261753e-06,0.00065599778993896,1.43460945936889e-05,-0.00139077956245158,-0.00211428423212049,-7.74496880155581e-08,-3.85823491211301e-10,0.00057424298248872,7.01282639424539e-09,2.429806356119e-12,3.63285903105914e-09,4.5612688966204e-06,-0.000593394284038605,1.46684892961636e-16,2.76757921972958e-13,1.29959471951296e-07,-2.33275621042139e-10,1.7700471361571e-07,1.33309858986738e-06,-8.82319775644125e-08,-1.48165209962192e-09,1.35046943252378e-16,-7.10137345301234e-07,-2.76888369078397e-07,-1.73092855966419e-11,-3.73678142914414e-11,-1.9401757711274e-16,2.32019264911898e-16,-8.2047272570966e-15,2.06538396948104e-17,2.13370987545147e-16,1.31245202765467e-17,-5.30773738116333e-09,2.40981050917123e-17,2.64427330494204e-06,-2.73965401041155e-07,-4.81090683517311e-16,-2.3068310750301e-16,-4.03270406483445e-08,-6.49994298226246e-13,-9.39915526160445e-17,-3.47844642715093e-08,7.23041486031497e-09,6.76124361373106e-12,-1.30667471171203e-16,-5.72447169557408e-09,-4.09455580910063e-09,1.80844922370582e-16,6.66702978824858e-17,2.26635830358519e-18,3.26572456347219e-17,4.25007251614318e-17,5.65666898088082e-12,4.3423137221871e-16,6.19510920427807e-12,-7.19879021628091e-17,-1.10983658727582e-10,3.15110822142229e-16,-2.87956767943917e-06,2.34187669256869e-16,1.15162402011245e-16,1.91469461686794e-17
"t47",0.0578424533946545,0.0216927790628765,1.17642779538579e-05,-0.0650134549062731,-0.021081085115843,-0.164992259458616,-0.126685948822901,0.0362726604178331,-0.00558119070577058,-0.000705858664374434,0.00766897399427288,-0.000342018788022237,-0.000171007334159157,0.148410501783072,-0.366761148205391,-0.00580792329571895,0.0177881634118818,-0.0344792116337005,0.0021778825250895,-0.00283001342719196,0.0436468114718577,-0.0316250605094217,0.0136488723109084,0.00109181994486299,-0.00457225454618854,0.00869393339341824,-0.000212890127434713,0.00109358534823285,-0.0146540500943753,-3.97532039432e-05,0.0315106043671075,0.0117881261723329,0.00100443072561933,-0.0124834476844843,-0.00711954850846535,-2.37127084166857e-06,-2.65225032047726e-05,0.000466334109613624,-0.00621530458360412,-0.00560392929992246,7.78815915262597e-06,6.18360124077712e-06,3.78890519853936e-05,-0.0128849982946141,-0.0128737614370706,0.000500803509674021,-0.00803804050471018,-0.0217760501895647,6.50239651620168e-05,1.70650113487353e-07,-1.72207743922132e-06,0.00129029540615824,0.00668626570708932,0.00200495445957175,0.0025353876445677,-1.69700257817865e-05,0.000148745682175863,-8.56954750975774e-05,-0.000237645852491202,0.0162900538796661,8.68868716454572e-07,-0.000576703647489506,6.02669257409442e-07,-3.31185196511714e-06,3.44835531826528e-06,2.02040823325602e-05,1.38035035361451e-06,6.22201007723848e-06,8.30436078347093e-05,-0.000272881208975471,-4.87984627215885e-07,-2.3055747397734e-07,-0.000640837477944301,-4.76577973634695e-05,3.63976995825181e-05,-0.000189630493784193,-6.77641166506958e-05,-0.00204059906007908,-0.0773479390174312,-0.0011399687908761,-8.92741619478392e-05,0.0428477108830774,0.000486129234105605,0.719038969879016,0.00656076872227726,3.08004421405454e-07,2.93435748256657e-15,0.000248677230194015,0.0034534114684878,7.09908599112696e-16,-4.74853259522669e-07,-3.66101504390483e-06,-6.50300579808916e-08,-2.24747414249799e-07,-2.30146095765959e-05,-1.42523565893615e-07,-0.000144704139601431,-3.54322193453018e-08,-3.64778372688663e-07,0.0051687086039975,6.73042327550582e-08,7.28643901155698e-05,1.03919962736932e-08,-0.489863662059508,2.14737059759447e-06,0.00145312213622518,5.32957701667117e-05,-0.00787155656260199,-0.0138019721571498,-6.50766485289827e-07,-3.48128216531851e-09,0.00541347077577547,9.7075266838019e-08,6.32043722914588e-11,4.16107285982208e-07,0.00063433567348542,-0.107571008289783,8.3671092137905e-15,8.24541668578428e-11,4.59682089629079e-05,-3.76341316129505e-07,0.00100829273083418,-0.000285798730727441,1.56578737997883e-05,2.61349104256452e-07,7.87473851496899e-17,9.68942818900938e-05,3.62494474846907e-05,2.26063462256169e-09,4.84119416736595e-09,-5.55148596842558e-16,2.02962646689286e-16,6.78235875925433e-12,1.79915507320628e-16,-7.13821363129696e-14,1.33326358793922e-16,-3.59296072358363e-07,3.04843077916538e-16,0.000148845834234966,-1.50386790404124e-05,2.54414088939384e-16,-2.46392598231031e-17,-1.21311913404833e-06,-1.91383272111231e-11,1.74663567466638e-16,-9.33518151240355e-07,1.64402759359061e-07,1.49087321620192e-10,-2.3106226942633e-16,-1.13690132098602e-07,-7.96551330650632e-08,8.50014503228635e-17,1.43377768618385e-16,-3.83688878773213e-17,4.19312782155951e-17,9.71878827416006e-16,7.15956634527327e-11,8.50326569256363e-17,5.95991609471554e-11,-1.95709931303384e-16,-1.04295661877022e-09,-3.15190390455212e-16,-2.06554388687252e-05,-7.58507839870859e-16,2.83093895955013e-17,-9.84786348338606e-18
"t24",0.057032547252595,0.0210739956478331,1.1324358216055e-05,-0.0599599369602535,-0.0194292412053225,-0.146363197678457,-0.109568667704676,0.0307669076760395,-0.00479572608765652,-0.00061161818315105,0.00739646982080668,-0.000467772396623141,5.14306880513284e-06,0.00413414216650295,-0.0244119102698311,-0.000326657142456324,0.000373628562937364,8.90661756312295e-05,-1.58356638540379e-05,2.8909625265875e-05,-0.00598910481989803,0.00543027855552418,-0.00276073905801124,-0.000394365100332177,0.00183196690597929,-0.00519725444951658,0.00013528023760286,-0.000709291813776578,0.0111989813832252,3.10906930866771e-05,-0.0449002818858175,-0.00568588635795048,-0.000548748585673837,0.01240131715168,0.00796216914323023,3.33040505949339e-06,4.44529459844054e-05,-0.000833106888631302,0.0118696410409019,0.0113743303367569,-1.62377156390814e-05,-1.42038160424594e-05,-0.000161446647138209,0.0821635400339828,0.100791002030596,-0.049034103206843,-0.106393858881036,-0.138191941473304,0.000369703446760548,6.72024217021103e-07,-1.32222015821478e-06,0.000804999848278801,-0.00430311427405098,-0.0021421389098704,-0.00415266869592892,6.29181953579453e-05,-0.000678687027239237,0.000534727598621021,0.0030571388836941,-0.257206129812917,-1.84044194191574e-05,0.104709497193117,0.00158601558797674,0.000377800501464945,-0.000157870272312434,-0.000557759691269136,-8.77891314470393e-06,4.24688871317135e-06,0.00018269368818317,-0.0010376338962244,-1.85951564337506e-06,-8.53778354738121e-07,-0.00236377228687065,-0.000163402114772841,0.000115770780081057,-0.000585550241327062,-0.000202897933727447,-0.00535469495341018,-0.19732659537181,-0.00279325823886844,-0.000223280602659096,0.112136414763309,0.00127700379529421,-0.00487992408548257,-0.000855471506136784,-1.0013005286622e-07,-6.22768032414398e-17,-0.000143302359079467,-0.00329274147109705,1.78733733140201e-16,6.44323647395241e-07,6.55119829946324e-06,1.26371074179663e-07,5.56246340701306e-07,6.03870164357283e-05,5.49143266604713e-07,0.000616837422870196,2.28934660672427e-07,2.82523747901039e-06,-0.0952155724415137,8.26556063290053e-07,0.000122969201493678,5.287200203644e-09,-0.0425361341457672,-1.53530265842319e-06,-0.00157312562335642,-0.000109641710983366,0.0221203697139296,0.0422750514584509,2.28408326860894e-06,1.26580788168892e-08,-0.0201038340505098,-4.26557291740301e-07,-3.47165626975177e-10,-3.17695475019837e-06,-0.00497230026550572,0.869613402867524,-6.99912763148523e-14,-6.96506399445572e-10,-0.000392881771924297,3.3929844441459e-06,-0.00873030320018085,0.00309819816017272,-0.000179048734465867,-2.99490067605845e-06,9.41649532896071e-16,-0.00128478935013954,-0.000506379717910635,-3.17027066759359e-08,-6.89014864542505e-08,-4.23270712395738e-16,1.56645529880706e-15,-2.95328060059125e-10,6.76440679613335e-16,-2.17816667697282e-10,6.42676661131989e-16,-3.83531337548492e-05,-5.46465202951423e-16,0.0106931881293623,0.000366279745638984,1.23496191253134e-16,1.04249723526418e-15,-3.56007613679967e-05,-5.47984194849799e-10,-1.03101827805237e-16,-2.41454350838255e-05,3.58084088795724e-06,3.14959708230857e-09,-2.5514491652486e-17,-2.17018343199732e-06,-1.49099537498144e-06,7.9466598232325e-16,-1.90957635908552e-17,-9.27863528587636e-18,-1.21905762495914e-15,-8.48496620187156e-16,9.15720397214959e-10,-2.83063552899555e-16,6.09417308758127e-10,-7.00412336272081e-17,-1.04671519466948e-08,3.99719916311555e-16,-0.000167804518263984,-6.93889390390723e-17,4.82315709006126e-17,8.6996513067977e-17
"t28",0.0580169746516125,0.0218450156226269,1.18816339299823e-05,-0.0669841373753785,-0.0217292452148584,-0.175619150756029,-0.140027752969901,0.0425713648275077,-0.00794756922710058,-0.00103782682775788,0.0147034584733894,-0.00114242621155023,0.000133170090199472,-0.0775883966184146,0.0447029089041292,0.000437856519508133,-0.000278031955688349,-4.90498184647142e-05,8.23690087174516e-06,-1.45109830962278e-05,0.000384133306417923,6.29671872116682e-06,-0.000139555787410299,-9.31459489210236e-05,0.000498600145324988,-0.0022829680570899,6.41203593877835e-05,-0.00034522319106112,0.00693098919346549,2.00009812217953e-05,-0.0734320257733735,0.011804657790211,0.000809430395100626,0.00219009104149382,0.00219406412761962,1.30594339162762e-06,2.01725220714e-05,-0.000394020892513785,0.00583676331427049,0.00577778768441427,-8.36032020600414e-06,-7.65139442043681e-06,-0.000106643178582085,0.0588917219423005,0.0744834632454616,-0.0406856701001218,-0.094439804515425,-0.128623715912036,0.000347064131691766,6.50055864881768e-07,-1.41484354446953e-06,0.000867061111320784,-0.00494553924556341,-0.00252157801331489,-0.00505187233009668,8.60356589643263e-05,-0.00096927132236954,0.000822894700735826,0.00570444296156534,-0.5065398574132,-3.90215725960777e-05,0.317500033781236,0.00567288841625358,0.00198770434643059,-0.000983152492477863,-0.00397292703896792,-0.000117010490908497,-0.000251287154160894,-0.00236831692841665,0.00245938499787047,2.25212543795668e-06,5.67489725903332e-07,0.00145465325425042,-1.89532691318448e-06,5.18992282825062e-05,-0.000352622972866223,-0.000153928541681563,-0.00800894806581248,-0.337713888017848,-0.00661740593221084,-0.00063089532069634,0.353916020995824,0.0040561767111512,-0.121023144873497,0.0116211746148449,7.18600126657056e-07,-1.12150947637987e-15,0.000686033542386438,0.010965700834546,7.96476320418411e-16,-1.65663104214762e-06,-1.36997334245912e-05,-2.48203217641067e-07,-9.0344852492481e-07,-9.34736927150719e-05,-5.87474751425157e-07,-0.000580952431327145,-7.49842870757703e-08,5.19904405119846e-08,-0.252516556195633,-2.16385866130813e-06,-0.000198142962138249,-7.54130470129314e-09,0.057679495798318,1.87177602284424e-06,0.00181933845170126,0.000109518313812788,-0.0197418486333187,-0.036377127534554,-1.84695250135663e-06,-1.00634522555432e-08,0.0158193404302301,3.0812629103847e-07,2.22258069587644e-10,1.6938290056e-06,0.00261293354114976,-0.449329109237415,3.53924490456772e-14,3.51392431624082e-10,0.000196960621191519,-1.65394563526378e-06,0.000662695658561694,-0.00137036168158821,7.70943641257571e-05,1.28817102410363e-06,-2.18155750885478e-16,0.000514845873915593,0.00019804736915976,1.23768628144554e-08,2.67179630944329e-08,-2.09677825135186e-16,2.76471553983804e-17,7.84205077742528e-11,-3.93885603630805e-16,4.45018861171265e-11,-2.34092064037063e-16,6.92617151029515e-06,2.09741088950626e-16,-0.00180389835633828,0.000462963422593421,-3.27290119500063e-16,-4.86098313699174e-16,4.14442167912187e-06,6.25980093074788e-11,2.84075240610002e-16,2.52704542884046e-06,-3.08716278836833e-07,-2.60193869302015e-10,-1.00496080169655e-16,1.51673183421727e-07,1.0032978005651e-07,-5.73759789679329e-16,7.53993955949121e-17,1.55683985654839e-16,3.9918814026285e-16,1.46800974154537e-16,-6.0277722619068e-12,2.18755717805012e-16,2.39780299294331e-11,2.70247891307906e-17,-4.55893704362064e-10,-1.1789877102489e-16,-1.59946952875249e-05,8.08814820674186e-17,-1.0568197339713e-16,6.44598176670893e-17
"t32",0.0591033887777293,0.0226998138070919,1.25012060030637e-05,-0.0748972114753512,-0.024320850413075,-0.208992104035127,-0.175095039400675,0.0562936840501227,-0.0116706105400155,-0.0015420997047657,0.0234268250725007,-0.00195431930255314,0.00029022699046915,-0.178108923178305,0.130304252276349,0.00138538711693032,-0.00108485579978984,-0.000219668481992976,3.79574221261291e-05,-6.80986380959877e-05,0.00799095753691496,-0.00636360572613383,0.0028845317709194,0.000197300592462142,-0.000681543809149628,-0.00220813370757225,8.66960383375495e-05,-0.00051371717915721,0.018970425821604,5.87107355241277e-05,-0.478241875896034,0.132605404661164,0.00979793169618905,-0.038881838357588,-0.0190659181527805,-5.58684734046938e-06,-6.19499712291856e-05,0.00109943418713209,-0.0148782466925988,-0.0136612855335095,1.91615190728536e-05,1.5812216199573e-05,0.000142626218346205,-0.0677075333136757,-0.0812700977120142,0.0372232502544207,0.0792442775294097,0.102247988425003,-0.00027337130209849,-4.96482635760896e-07,9.87852686446356e-07,-0.000602290947738247,0.00327919568842711,0.00164650337109971,0.00323459083894564,-5.20214826620102e-05,0.00057623351460056,-0.000477416986542805,-0.00317663037351236,0.280102354576393,2.14235366445891e-05,-0.172894750329628,-0.00310337437460227,-0.00110617661159924,0.000551503391075531,0.00224214078927209,6.75452714199951e-05,0.000150724828197381,0.00146122909773301,-0.00181951794658532,-2.05037985126321e-06,-6.91325530901049e-07,-0.00185324617525084,-7.70675333041145e-05,3.17903862754178e-05,-0.000122868956903448,-2.97282633733584e-05,0.000656196674620155,0.0383650122271093,0.00112447520823692,0.000120849224699725,-0.0717676529184475,-0.000824952759772968,0.0337110767798059,-0.00361042221510067,-2.38411262800167e-07,1.51648876671172e-15,-0.000245338906847644,-0.00438376203794792,9.08870547869797e-16,7.51101886495527e-07,7.18695895394216e-06,1.37528658185684e-07,6.11211107979558e-07,6.70555853121812e-05,7.12323091699e-07,0.000854030158847999,4.5187704019864e-07,6.71767239924565e-06,-0.55368544045464,-1.33302878840855e-06,-5.83362721865382e-05,-1.6760758586796e-09,0.011257267901254,2.70334357605217e-07,0.000222878436354569,7.9273407542135e-06,-0.000856462455920297,-0.00129126173288313,-4.34954459058902e-08,-2.07227254019754e-10,0.000298288652813651,1.85475147740366e-09,-1.7638321359037e-12,-3.73579494406482e-08,-5.98084722062543e-05,0.0107024467001621,-2.15147633829913e-15,-8.8050139853322e-12,-4.99849091537517e-06,4.44722207065904e-08,0.000916137347556545,4.15064824728376e-05,-2.39782611442807e-06,-4.01044453461228e-08,3.55041060248817e-17,-1.69340028992813e-05,-6.61097959242979e-06,-4.13570795526695e-10,-8.96130519466307e-10,-3.0938905980288e-16,3.39463700205211e-16,-2.78077110978375e-12,1.02187793226644e-15,-1.4302519672077e-12,-4.01383445199572e-15,-1.79806210097858e-07,-8.60019447840658e-16,-5.08605184288864e-05,0.394229798280415,2.61379593080474e-15,1.78793998438803e-15,-1.27793270314799e-07,-1.9111722179418e-12,-3.28933173193762e-16,-7.38337082372132e-08,8.24507059368353e-09,6.81855193340123e-12,-4.8606145924617e-16,-3.69986413016937e-09,-2.40917412384109e-09,-1.77483895635877e-16,-1.4965467161215e-16,5.87961277330585e-16,1.18363256482547e-15,-1.8061723991436e-15,8.23361425697153e-14,-1.93562629891599e-16,-9.16097709843799e-14,7.57757600431678e-17,1.28182263013383e-12,-6.07675481201421e-17,-1.81661487038665e-07,1.49403059368503e-16,1.11977524274739e-16,-5.43769721740593e-18
"t33",0.0589350816366006,0.0225674107681502,1.2405249230839e-05,-0.0736725171249377,-0.0239197569919598,-0.203831799788804,-0.16967756558876,0.0541762207689366,-0.0110976295599014,-0.00146451732462687,0.0220875724410327,-0.00182997275143309,0.000266408382715691,-0.162900879915101,0.117506781364868,0.00124434033985849,-0.000966087701314346,-0.000194733624707095,3.36203391924065e-05,-6.02859372720557e-05,0.00693727549040231,-0.0054986035297729,0.00248242258773887,0.000166548532565801,-0.000572771736938084,-0.00181905481655735,7.11830419401242e-05,-0.000421325312285192,0.0154263625024407,4.76906216330009e-05,-0.383957955642457,0.105836893552442,0.00781499621864403,-0.0304892698322789,-0.0148179724856072,-4.25260724302453e-06,-4.62957070448264e-05,0.000815897332455497,-0.0109592764842566,-0.00999351691488889,1.39740280126588e-05,1.14030663901463e-05,9.59697434966053e-05,-0.0439306049526864,-0.0519594200066945,0.0224043055400449,0.0459359347406098,0.0576844894204016,-0.000153466257369577,-2.7392368003921e-07,5.1390600158868e-07,-0.00031213388994847,0.00163685288464465,0.000810689741613398,0.0015631294296632,-2.35716218628675e-05,0.00025516469013125,-0.000203502097911691,-0.00123853899783834,0.106783480291713,7.93448240036686e-06,-0.0572300109334941,-0.000988700428370753,-0.00033037781910951,0.000161448809506766,0.000647692457013485,1.873304281578e-05,3.97266480633606e-05,0.000373996759604641,-0.00041404669532895,-4.34521353459485e-07,-1.38428604974814e-07,-0.000368779698406691,-1.38675394556362e-05,5.19334262371782e-06,-1.93024625543775e-05,-4.47838336932335e-06,7.98977638974947e-05,0.00438868457142814,0.000107580424451193,1.03451991693363e-05,-0.00570639998855595,-6.53098329820791e-05,0.000669688734728766,3.88512585206737e-05,6.98913211596525e-09,-2.23860682654585e-16,1.20755964227469e-05,0.000329250776847067,-2.13090899665883e-16,-7.43728826336118e-08,-8.68848094744442e-07,-1.75753823244106e-08,-9.07135810260741e-08,-1.02839517326855e-05,-1.30707091618859e-07,-0.000162548496500838,-9.60214181440692e-08,-1.47322804523395e-06,0.130429245271292,3.61011652585715e-07,1.81495702056456e-05,5.5451442495077e-10,-0.00383512129350916,-9.86508355667752e-08,-8.44317853446867e-05,-3.36414379855515e-06,0.00039962070554623,0.000621959211002939,2.21370108806494e-08,1.07085019237368e-10,-0.000155574319305567,-1.04564609076409e-09,1.1128953661399e-12,2.79393392784962e-08,4.53400627870061e-05,-0.00824266456195002,1.09612556687389e-15,6.93467018831999e-12,3.96019715158364e-06,-3.61923237574219e-08,-0.000749988673157107,-3.69470412521754e-05,2.1883213209466e-06,3.66363648874593e-08,6.4491871154838e-16,1.65148302634524e-05,6.59297610664688e-06,4.13123124182536e-10,9.00739987304775e-10,1.29523080713559e-15,-3.10190241548103e-16,3.92228432496506e-12,-2.19635784492041e-15,2.51839825035627e-12,9.57244141626828e-15,3.50031447338182e-07,1.13298381561388e-15,0.00010451346841919,-0.816704220072406,-6.27208783067734e-15,-3.58214125868002e-15,3.46301630846836e-07,5.24783046972258e-12,1.11493818196534e-15,2.15356272081144e-07,-2.73031276898228e-08,-2.31904496779868e-11,1.16648102674199e-15,1.39063529280062e-08,9.25337311456228e-09,2.01282133321934e-16,1.63654977385422e-16,-1.0053506869514e-15,-1.6746252935977e-15,2.76666710374851e-15,-6.42123154778393e-13,2.94309749368501e-17,2.86112592764922e-12,-1.10592394329005e-16,-5.49685037576902e-11,-1.03953240184526e-16,-2.19585564382238e-06,-3.50197301712818e-16,-6.20281299658718e-17,-7.05120551535471e-17
"t31",0.058779682816978,0.0224451598459005,1.23166488888757e-05,-0.0725416441536657,-0.0235493901700293,-0.199066536724546,-0.164674599446824,0.0522206785598259,-0.0105684207101243,-0.00139286112546805,0.0208505585419854,-0.00171511347887005,0.000244404111980895,-0.148850938679003,0.105682728165493,0.00111401856918736,-0.000856344308581305,-0.000171692771990123,2.96126703702646e-05,-5.30666087921318e-05,0.00596349468784485,-0.00469917021445913,0.00211078426713725,0.000138123207862825,-0.000472226588625667,-0.00145935736383845,5.68412090377943e-05,-0.000335908017045681,0.0121496578779512,3.7501777569964e-05,-0.29677956517584,0.0810848141625255,0.0059814247546738,-0.0227280343911903,-0.0108893598212575,-3.01850640509646e-06,-3.18147023131693e-05,0.000553599808277111,-0.00733370517319015,-0.0066001974570492,9.17461299333019e-06,7.323487816407e-06,5.27829079728506e-05,-0.0219172244187383,-0.0248204471090165,0.00867869484482665,0.0150787366088931,0.0163943994280799,-4.23659194861819e-05,-6.7688512824542e-08,7.45881963245695e-08,-4.3171942257555e-05,0.000114192822787415,3.57322572210988e-05,1.3227106289066e-05,2.81725489700456e-06,-4.26766625525174e-05,5.06404687170316e-05,0.000560348848287618,-0.0541018542241945,-4.58838129210689e-06,0.0501970563632433,0.000975643878552086,0.000390436183727457,-0.000200985690315751,-0.000833918921964333,-2.66309826466366e-05,-6.34473203274393e-05,-0.00063668980660817,0.00089292692803103,1.06838804674514e-06,3.75896412543722e-07,0.00101214732304828,4.49386780714493e-05,-1.95599614328417e-05,7.70926058681092e-05,1.90250810337961e-05,-0.000456749264542886,-0.0272531031819812,-0.000839687566300947,-9.26071163247492e-05,0.0558455935324036,0.000642484251698051,-0.0301430459434659,0.00344356206711371,2.3600960719474e-07,-1.94282168228806e-15,0.000252384005466688,0.00473091290202609,-1.10534440227533e-15,-8.45621427489986e-07,-8.39826051089923e-06,-1.62561642254137e-07,-7.47086941943243e-07,-8.2610892917407e-05,-9.19527152294658e-07,-0.00111387694280215,-6.08964962247253e-07,-9.14255622719225e-06,0.771181850899586,1.94878349949196e-06,8.98970101304852e-05,2.64779749886587e-09,-0.0180015000751328,-4.4518244297906e-07,-0.000373132313553162,-1.39831897926642e-05,0.00158213489230011,0.00242381829515829,8.39936284660667e-08,4.03374928511363e-10,-0.000583472108333863,-3.78334642737663e-09,3.82959462752464e-12,8.99465302233895e-08,0.000145228853170806,-0.0262484163535629,3.60266283555648e-15,2.19065493942202e-11,1.24820787730293e-05,-1.12990995102793e-07,-0.00233658251933196,-0.000111891825995073,6.57406069723854e-06,1.10026912656562e-07,-1.02631760958221e-15,4.86051676049897e-05,1.92761544810694e-05,1.20728452214313e-09,2.62751306318966e-09,-5.30158619835385e-16,-6.68844320206308e-16,1.0611542027081e-11,1.12628610569315e-15,6.91400560935695e-12,-5.76009463912649e-15,1.16206734940149e-06,-6.40273594605036e-17,-0.00041213376753136,0.421398365433065,3.90758198678626e-15,1.74518124013713e-15,7.3282187846043e-07,1.11171621775737e-11,-1.22877334787286e-15,4.57175429955815e-07,-5.77749988112949e-08,-4.90078769725989e-11,-6.4813107069036e-16,2.92120190398918e-08,1.94103913771527e-08,3.1826754773312e-16,8.28916326194376e-17,3.56085216704422e-16,6.75855135344624e-16,-1.08160008727154e-15,-1.29034436401835e-12,2.89058082472338e-17,5.52393529952133e-12,3.66245204347075e-17,-1.05726492738333e-10,9.98838918444338e-17,-4.02474968986887e-06,-1.91686944095437e-16,-1.94484533640242e-17,9.28020543304439e-17
"t66",0.0592849036138381,0.0228463844647113,1.26091712000003e-05,-0.0763869404092894,-0.0248093691003956,-0.215775112044602,-0.182656072764154,0.0594506990590556,-0.0126329936551622,-0.00167412001350935,0.0258849006198847,-0.00220018613227614,0.000349734707700833,-0.217900929891478,0.170969323503228,0.00186121204173686,-0.00154452249352815,-0.000324065861193721,5.63937690001075e-05,-0.00010162604387623,0.0148379543574717,-0.0127302495796216,0.00621570031740514,0.000794013636908345,-0.00366689759570057,0.0115346793839518,-0.000315167104206805,0.00168487337612793,-0.0333421555206623,-9.65976329713176e-05,0.421968181674598,-0.0882376480454441,-0.00632346297631171,0.010915697253058,0.00314196088278013,-6.86035266701953e-08,-6.744739648317e-06,0.00015046282057293,-0.00242322111389432,-0.00251458578319092,3.692436711148e-06,3.48915264291123e-06,4.5729571858167e-05,-0.0234874808097641,-0.0288364306575837,0.0140316716028971,0.0305253162070364,0.0398232594354739,-0.000106652045691857,-1.94723794117838e-07,3.92210903357772e-07,-0.000239265086896218,0.00130861856999271,0.000657912470107016,0.00129445404725241,-2.09019097368741e-05,0.000231812797750131,-0.000192469314898856,-0.00128939633397599,0.113965269271788,8.74804994779658e-06,-0.0721121438707294,-0.00130797294885332,-0.000476716286529384,0.000239640552000972,0.000979979364237038,3.01168296554316e-05,6.92293570346646e-05,0.000684585908302312,-0.000945697792611613,-1.16306676846303e-06,-4.28171955161536e-07,-0.0011603439587611,-6.00708404081313e-05,3.45844137005554e-05,-0.000163041348002469,-5.27547105614224e-05,-0.00106921158552395,-0.0372126133838066,-0.000464129641749306,-3.50904115143434e-05,0.0171251134262925,0.000194729152610802,-0.00118922124083357,1.19647906214783e-05,-1.90222523683121e-09,1.02186872647769e-17,-3.89262356483374e-06,-9.46681285821736e-05,-4.01408287789215e-16,1.78076502947167e-08,1.70584892296454e-07,3.22429460908324e-09,1.3372634430528e-08,1.43277094308909e-06,1.23465965315038e-08,1.38618257923847e-05,5.55072004180993e-09,7.36960012697038e-08,-0.00425136226269931,6.73125130701074e-11,5.53410089884718e-07,2.38034200505744e-11,-0.000186343122158021,-6.02882806866345e-09,-5.69182612255092e-06,-2.81827759407438e-07,3.72296642737949e-05,5.91587135963063e-05,2.13893832100621e-09,1.0338841761881e-11,-1.49911151322969e-05,-9.43824601806753e-11,7.21679660475871e-14,-7.3951688449886e-09,-1.62169203357298e-05,0.00428330700421927,-1.11421038459706e-14,-6.80544984608371e-12,-4.77981345310935e-06,2.87045650309236e-07,0.781531858332856,-3.29766936201476e-05,1.66831284929315e-06,2.77885021794481e-08,-1.53355457783573e-15,9.94613854820506e-06,3.78545845757696e-06,2.36462087715276e-10,5.09744274544151e-10,-2.25667458119663e-15,-2.05955044685346e-15,1.84561978774119e-12,-6.33221003106566e-16,1.24484623997834e-12,1.23584532812008e-15,2.08350445726468e-07,4.32452410327696e-16,-5.62778145456191e-05,6.8930593375493e-05,-3.16056234656403e-16,-6.83241563497702e-16,1.51940876625658e-07,2.31004309800433e-12,-1.23499336961984e-16,9.61216946799641e-08,-1.24450341540984e-08,-1.06094720800988e-11,1.25287433688071e-15,6.43853136173359e-09,4.29428237483105e-09,7.99057001121817e-16,-3.82662403352111e-17,3.46033624507498e-16,-3.97194892623873e-16,-3.11382863937837e-16,-3.13277574996891e-13,3.46171825289096e-16,1.44692000351651e-12,-2.01736148500104e-16,-2.78870830899739e-11,1.98466250708377e-16,-1.16026936413234e-06,-6.54858112181245e-17,1.6287935266913e-16,1.75689284740561e-17
"t67",0.0594148891910781,0.0229492893899275,1.26840479132035e-05,-0.077361644035016,-0.0251286954803544,-0.219967663935393,-0.187131520462548,0.0612336802712087,-0.013133392012212,-0.0017421571300341,0.0270888302039489,-0.00231485359898931,0.000373709619197892,-0.233497627864896,0.185241831289611,0.00202291253871043,-0.00169003678491027,-0.000355863408712014,6.19683835641669e-05,-0.000111717977150423,0.0165643151738352,-0.0142641698399195,0.00698683203597426,0.000906262501390304,-0.00420001205694978,0.0134227792366019,-0.000367727777092144,0.00196760565098859,-0.0392029241949342,-0.000113675504732556,0.501227857795983,-0.105306767269965,-0.00755061817049751,0.0132130204492823,0.00383051559487674,-8.50508133467317e-08,-8.48680946857836e-06,0.000190397468679293,-0.00308492458664087,-0.0032192274123235,4.73893703098455e-06,4.51892704827076e-06,6.26733125845849e-05,-0.0331679800203811,-0.0412194251994413,0.0210863860022961,0.0473337692865373,0.0631693221015433,-0.000169877644729949,-3.14709587065994e-07,6.66080357487981e-07,-0.000407649431659575,0.00230154291063711,0.00117064589400637,0.00234015410711655,-3.99214478799416e-05,0.00045155058546187,-0.000387376815792225,-0.00280244912011268,0.252558109438341,1.98782677933704e-05,-0.180666820495568,-0.00338807461277449,-0.00130650016251241,0.000668371494546459,0.00276523474593599,8.80668867776424e-05,0.000211675507836251,0.00214774620512579,-0.00328914637704815,-4.30568099887775e-06,-1.66585323089784e-06,-0.00453918228793115,-0.000256611500279476,0.000160726687732392,-0.00078391299308842,-0.000263050715754372,-0.00640394207102211,-0.235057537526594,-0.00340829013601931,-0.000282576880613088,0.146507676804975,0.00167183637886151,-0.0269005322687681,0.00200992565166517,1.08438521882081e-07,-2.87276722742405e-16,9.04869903258314e-05,0.00123617628586605,4.52228487052339e-16,-1.64850596764655e-07,-1.24366649679372e-06,-2.20188180206221e-08,-7.66987035549659e-08,-7.91140479566648e-06,-5.54613835241041e-08,-5.97136468363254e-05,-2.10837442379615e-08,-2.70027805161733e-07,0.0143573105003116,-1.93887110949427e-10,-1.36013875427429e-06,-5.45134899877711e-11,0.00041262179182312,1.23314391686799e-08,1.11486785564604e-05,4.836125061837e-07,-5.71384522328515e-05,-8.74371029716742e-05,-2.96053323774551e-09,-1.40514769958466e-11,2.01502711003099e-05,1.15496944473603e-10,-7.43814732029335e-14,6.36499144873287e-09,1.37169143004743e-05,-0.00354990064936966,8.37459333663403e-15,5.47864173043579e-12,3.81865104147707e-06,-2.21430434148946e-07,-0.598228135853734,2.25845167293458e-05,-1.10473241880446e-06,-1.83766566928811e-08,1.10551658106758e-15,-6.01349849138225e-06,-2.21864240667322e-06,-1.38271418412493e-10,-2.9549160126345e-10,1.78650853116873e-15,1.63129058872169e-15,-6.41211347209959e-13,4.64610078230827e-16,-2.8972310661679e-13,-8.64656851331447e-16,-3.95117184923686e-08,-2.80887517944536e-16,9.44862058397755e-06,-1.13550446331796e-05,6.73602274766773e-17,5.39933051365191e-16,-1.11712193909742e-08,-1.60492985614162e-13,-1.80291419267944e-16,-5.05277959658191e-09,2.47519847805036e-10,1.43806766896102e-13,-8.87084488479691e-16,5.67084847798104e-11,5.73587860286948e-11,-4.48859699408999e-16,3.99354748957272e-17,-2.89771027336733e-16,5.29004470831267e-16,1.26634813746307e-16,-3.68227041740166e-14,-4.13915553935758e-16,2.8203543558751e-13,1.16215421966681e-16,-5.62929392252195e-12,-2.51744297211601e-16,-3.31538916380008e-07,2.94902990916057e-17,-8.39101069789808e-18,-4.19141968769769e-17
"t40",0.0588835982041603,0.0225286312327505,1.23779400273335e-05,-0.0733753974523292,-0.0238227380074301,-0.202815098992402,-0.168816504527692,0.0539349564471821,-0.0110839249709142,-0.00146348411780682,0.0221561144451277,-0.00184490071203216,0.000275366207727429,-0.169511017440839,0.126651904259013,0.00135900216036751,-0.00109236105844048,-0.000225234486378328,3.90662170787801e-05,-7.02563822358795e-05,0.00946571317238818,-0.00795556953581044,0.00381481833244226,0.000444142745937407,-0.00200479681392967,0.0056413301374257,-0.000151077342799302,0.000802151478675578,-0.0150351528830208,-4.32489594396086e-05,0.17420560370287,-0.0348620785372018,-0.00248597371630229,0.00372456442390872,0.000985520617398218,-1.70312544501693e-08,-1.27647346166704e-06,2.50593981352804e-05,-0.000344433638025718,-0.000300019710013484,4.02883576770574e-07,2.50079530844188e-07,-7.77922278855703e-06,0.00714790176587201,0.0103845731134656,-0.00839026979021481,-0.0230113535203476,-0.0346508034370828,9.50942765448099e-05,1.88513618639319e-07,-4.85424828135648e-07,0.000300450372981226,-0.00188060293628962,-0.000990208570236277,-0.00207028785683764,4.05125791407796e-05,-0.000478606343501018,0.000438960038382932,0.00363537988701663,-0.337659026343397,-2.75751104825493e-05,0.284146947895096,0.00553127530368464,0.00225994894187244,-0.00117565632339768,-0.00491701736608107,-0.000161659125984016,-0.000403248932780254,-0.00417482060686014,0.0068761407609354,9.35629593072098e-06,3.72389302246036e-06,0.0101773855066467,0.000601881203067947,-0.000391695540871623,0.00193784028626192,0.000659805540762287,0.0171216634602578,0.638553825515804,0.00963646397234011,0.000816049923419834,-0.42851260279987,-0.0048933702304516,0.0888024749828325,-0.00704599026519709,-3.94026941909415e-07,1.31266925687213e-15,-0.000341571248909807,-0.00490117844000723,-1.98780963474414e-16,6.83684931395505e-07,5.37361926734721e-06,9.63747487535069e-08,3.48899296046295e-07,3.63232394178207e-05,2.69430352883274e-07,0.000293843667771601,1.08190693048142e-07,1.40371144453807e-06,-0.0769937766851564,1.11364334718305e-09,8.47432773740499e-06,3.53972300496673e-10,-0.00273652033779935,-8.62875277015183e-08,-8.05454702842641e-05,-3.91184516870769e-06,0.000521631405239833,0.000838088470783971,3.13181464216249e-08,1.53354117165411e-10,-0.000224403848867117,-1.59224647139009e-09,1.80098470858869e-12,5.02480204904084e-08,8.27887015386682e-05,-0.0154118033333691,3.97443963507314e-15,1.3756253423099e-11,8.0657971715437e-06,-1.28747369914555e-07,-0.176759511379321,-5.94741225864294e-05,3.60409753838269e-06,6.03820967664138e-08,4.37392861345912e-16,2.81127756336462e-05,1.13037365250486e-05,7.08646773059306e-10,1.54781971655317e-09,1.55765889800841e-16,-3.57569876485719e-16,7.11527714077777e-12,8.33464807874014e-17,4.8419050886761e-12,-4.13744174496388e-16,8.04330124491252e-07,-3.09839397075798e-16,-0.00021632040648961,0.000264769534517131,1.69299004452679e-16,1.52703855445717e-16,5.67925472881573e-07,8.62467305062911e-12,3.19311035118292e-16,3.56414279724233e-07,-4.55179549427552e-08,-3.86928985682969e-11,-1.7523666947672e-16,2.32409529780362e-08,1.54671208109776e-08,-9.29161261820077e-17,4.05455023766283e-17,-1.13251792480162e-16,-2.89670420346251e-16,2.26381413614973e-16,-1.06569691493783e-12,-1.24209140689212e-16,4.68072457150085e-12,8.23675166993944e-17,-8.97903839547302e-11,2.89720975312375e-17,-3.50680638453647e-06,2.48499137933678e-16,5.46640643302595e-17,5.92512746062339e-17
"t12",0.0297228697007099,-0.0224855442182557,-0.00259047567871428,-0.027645851094505,-0.00713455220813718,-0.0792560489228667,0.0127479477951711,-0.0254913887809325,0.0111569711546806,0.00153841638053035,-0.00260220057461173,0.00257668301946183,-0.000212139170512185,0.0606131762915292,-0.00403722823895409,0.00711601933445929,-0.00540797625113772,0.0161148213056524,-0.0109266942861524,0.00997627597243062,-0.088467279496991,0.158824562560168,-0.0633560616011077,-0.00568324015191255,0.0245462622103215,-0.0511171576572326,0.000146718185004729,-0.00636910841617821,0.0248807256283927,0.00923799521268716,-0.0449894652704641,-0.151297417553203,-0.0122688063457378,0.124628150991183,0.0722296098942895,2.5623476735669e-05,3.16879867345612e-05,-0.00531970763259124,0.0681123257267756,0.00134050416361539,-0.000152389817448726,-1.24684334384036e-05,-0.000323042329161229,0.269958017389548,0.293527579821386,-0.0586140113110449,0.0234896300269055,0.225019646152511,-0.000277543767065425,-2.20933873573191e-06,2.65169144637233e-05,-0.0198061471025567,0.0223058404807817,-0.0574929772143874,0.013990865538163,0.000376869709974318,-0.00322330562043924,0.00174264679390958,0.00255103189986147,-0.0809199474265488,6.24110069974377e-06,-0.320073652519378,-0.00672856793254377,-0.00273737850706944,-0.00883702983570559,0.00575131486045154,-0.000641814473637953,0.000354607828062656,0.0031837221503635,-0.00167718020165575,6.92532933291301e-07,1.47523600853238e-06,0.0180690717774058,0.00038944809060365,-0.000340501406047529,0.00254093883205919,0.000635583087419155,0.0136355402372809,0.407133641816383,-0.000568329866072999,-0.000526549707306641,0.465205915301985,0.00544432339358126,0.0132091971859071,-0.013295589580963,1.42144605436536e-05,-1.21676625246511e-15,-0.000167535241387478,0.417675012018981,9.36939604042927e-15,-9.05193674385675e-05,-0.00106680175167402,-2.17773444780162e-05,-0.000117083681829437,-0.0134380992754981,-0.000186910367337313,0.00032078073406949,-0.000151025943856234,-0.00234783745166385,-0.00419718565586146,0.000821993225633669,0.0510516836761389,1.58368797286902e-06,-0.00116117101166597,-0.000512996305490094,-0.000103545734733324,-0.0324747921127576,0.00028111508171347,0.000337125154642984,2.78569842125594e-09,-0.000106991001703853,2.47863115249707e-05,0.000100297457820586,1.97202771334837e-08,1.17340760667404e-05,0.00942638740030114,-0.00658110801104129,-1.40924188666042e-16,-1.62509970840664e-09,-0.00113805975942612,1.75969025206484e-05,7.1968343510719e-05,5.20652625658111e-07,-0.00206458214789774,-3.46457136949294e-05,-6.79830813573427e-18,-8.55115675082607e-06,-4.24549983304356e-06,-4.5025171865824e-07,-9.87931272153327e-07,-1.47728723805613e-16,7.8236028766554e-16,-5.13002344562226e-09,-1.27497013469741e-16,-3.7863650236003e-09,9.16153717683048e-17,-2.66508679310895e-06,-2.39400655396307e-17,0.000795198561331984,-2.67097667860415e-06,2.5700319663193e-17,-1.16975581855801e-16,-3.47805000357372e-06,-9.17096691856634e-09,2.3015480908427e-16,-2.49618868960829e-06,4.03320402956713e-07,5.13892860973931e-08,-1.40605794694612e-16,-2.6293570607413e-07,-2.40037053587127e-05,-2.21177243187043e-16,1.51183680891797e-17,1.21268838765132e-18,4.28728982127744e-16,2.25514051876985e-17,1.38895056792793e-08,-6.24965148349683e-18,8.78286555050685e-09,1.06661358443679e-16,-1.98187167253621e-09,1.08047233879932e-16,-3.78714516040156e-05,-3.67761376907083e-16,4.44610335148161e-17,6.84461024347455e-17
"t7",0.000792452607799738,-0.0273763942393127,-0.0275367174866815,-0.017058718477187,-0.00130708681413691,-0.062289742430359,0.0265231251475605,-0.0862381001687634,0.0252368249974165,1.60886904461678e-05,-0.000829205382109639,0.00479441945948117,-0.000263232982794579,0.0308406746587442,-0.00230508398734735,0.0112092404154945,-0.00338842362825394,0.0113446060947595,-0.0154438697112807,0.0136816618500182,-0.0748307226699566,0.151965331105542,-0.0533810118790807,0.00202140347890046,-0.0581358384128565,-0.0130962978395221,2.69177404239808e-05,-0.0149579755524936,0.00798693602111065,0.0125297345260126,-0.0172091895204688,-0.0669566034411754,-0.00498406965994112,0.0684534985206072,0.00508773087820041,-3.93758401778759e-05,2.99868807849413e-06,-0.0152750279650773,0.0307796219523601,-0.00262187165150653,0.00168875043758094,-2.4025746081206e-06,-0.000132101854404722,0.145753848475251,0.112546924577628,-0.022970475739445,0.0843930369649405,0.0810840956540999,-0.000108883914269846,3.02784938716815e-08,-1.50905597561016e-05,0.0119410622301042,0.0176110633794238,-0.0202536246877131,0.00965721861678976,-0.000492259491486984,0.00469047551316157,-0.00295027900250242,-0.0047470711281559,0.0340731192429012,-4.17529309156531e-05,-0.0193953245551826,0.000145790188006593,0.00988584346817262,-0.00159584257790778,-0.00158309476604619,-0.00013708840166068,-0.00237592270015207,-0.00293085660089884,0.0415413037213857,5.31802941891124e-05,1.85903757866063e-05,0.00589340324766638,0.0026473785645507,-0.00133849071268304,0.000988059559454443,0.000616260802926845,0.0121865613965705,0.187657552447141,-0.00459523969029544,-0.000356902259335297,0.252138659802896,0.00285291964363354,0.0108853569630609,-0.0165439916625324,-9.66217672803479e-06,-1.17496897601102e-15,-0.0012816119486403,-0.856668734366731,-2.07682003779262e-14,0.000206502629642448,0.0126073016258433,5.54275274887491e-05,0.000318491054555268,0.0371100706286314,0.000561852127986799,-2.76877094574437e-05,-0.000466047657164922,0.00770318562169312,5.75141206995781e-06,0.00132755215396487,-0.19901597236357,-6.33860472689762e-06,-0.0001709008000661,0.00211121453369471,-1.61358071974223e-05,-0.0642932208186918,4.46363352888314e-05,5.60596904951362e-05,4.91157871650899e-10,0.000629598946802492,4.46594416556787e-06,-0.000613451487841858,-1.28435918313879e-07,-8.01456360207685e-05,0.0127261006990039,-0.00141249214264641,-1.4995939897123e-16,1.26895626757496e-08,-0.00151789191748151,-0.000139199701170877,1.63587603925296e-05,1.21413431175336e-07,0.0176077745543799,0.000295686500445723,2.77910435950825e-16,-2.08978499785769e-06,-1.0435548073578e-06,4.10859167038214e-06,-1.22271032971368e-06,3.38151631211395e-17,5.71374544899861e-16,6.2135853868465e-08,1.25109759658106e-16,5.60216052969929e-08,1.35193942040793e-16,-7.52001726176059e-07,-3.15611093521183e-16,0.000226084756439436,-7.60228079535422e-07,2.38270382875701e-16,1.26130078804956e-16,-1.02198585910094e-06,2.12010116674143e-07,-5.41738901500845e-16,-7.38892019041887e-07,1.20767849851777e-07,-1.51169774563984e-06,5.78673842901577e-17,-7.95351850357541e-08,-2.40211345215281e-05,-7.78457159844592e-17,2.3901801801778e-17,-3.45982263292662e-16,1.03631200510977e-16,3.64291929955129e-16,-1.39222141326645e-06,-7.93266112835175e-16,1.49776126422772e-06,8.09659438386328e-17,-6.42970504613623e-10,6.13736427564447e-19,-1.26844257453301e-05,-2.77555756156289e-16,7.18717269063863e-17,-5.58046152217147e-17
"t5",-0.0159618633566569,-0.0355539140906703,-0.0853775499545165,-0.00942262538416319,0.00094967437142448,-0.0607867976898231,0.0386484052252133,-0.235063756910904,0.166519726711296,-0.00662944861549679,0.00209385713972029,-0.0254640616106197,0.000328963911494658,-0.0172848303371626,0.00103703656663851,-0.0446062451394841,0.000892243378304243,-0.00301659430236344,0.00576675124518389,-0.00499664738826821,0.0123781675399617,-0.0229910886828184,0.00634306019672534,-0.000623516064863617,0.00242950182737518,0.00140673997976035,8.78468277769704e-08,-0.00466656126035082,-0.00288796346108156,-0.019224407108296,0.000272934274751012,0.000808968645306638,2.70753593467517e-05,0.00140140982474413,-0.00232231814076622,-9.84284831766474e-06,2.31281166762936e-07,-0.0041446192606379,0.00262234686404459,-0.000265336313513182,0.000668876468929805,-3.09860393572769e-07,-4.81794069538737e-05,0.207229987111519,-0.129343852312074,-0.0150099916887789,0.344725286391292,-0.194680255544586,0.000204713355052993,-2.37386413260465e-06,-8.89694552283703e-05,0.342622510879985,-0.0128684239075145,0.0127555919640438,-0.00527733719143296,0.000564625132638996,-0.0696200399928631,0.00238409062196076,0.00303701733042244,-0.00985285854461988,2.66954573007586e-05,0.00549619711128794,-4.25319295955124e-05,-0.0353825195697535,0.000461428911542092,0.000485758566302521,4.76144811812515e-05,0.00175740015431689,0.00143894124113621,-0.728980807483275,0.000328387369096524,7.5882631066879e-06,0.00141767570020315,0.000388032089922633,0.138161037304433,4.04906027323297e-05,1.64435456909832e-05,-0.000238371246376435,-0.00209115393238172,0.000125625186298194,8.78606177187266e-06,-0.00670399995652815,-7.53339611192323e-05,-0.000409080730950027,0.000661368288552037,3.9495936584854e-07,4.56238370423207e-16,5.32195565277788e-05,0.0359991630630594,1.43860543701017e-15,-8.18413655588698e-06,-0.000534758825708505,-2.03766149743656e-06,-1.14233966517147e-05,0.00133480251058857,3.57140589570875e-05,1.15010648830029e-06,1.94424395367056e-05,-0.000204707766570715,-2.42157349756213e-07,-6.0113664638245e-05,0.00348086909308619,9.91747113203679e-08,5.37161615935815e-06,0.0150703640775268,5.17458353536341e-07,0.00208743917859155,-1.4275779014559e-06,-1.78024112351405e-06,-1.53798454531915e-11,-8.72924256697938e-07,-1.38869608975305e-07,-1.19023411041495e-06,-7.9934846936025e-10,-1.06254672882661e-06,-0.000343550337388674,3.78603320131442e-05,6.58643787902425e-16,1.86249226854427e-10,4.01651860180087e-05,-4.86231085058786e-05,-4.26452536455695e-07,-3.08174510511962e-09,0.000361252438284429,6.07779573608049e-06,-1.7955183561619e-16,4.90332532426302e-08,2.42244579660324e-08,9.86647348077761e-08,2.82691287722929e-08,-4.41259851014539e-17,-1.99406463563534e-15,2.2913816098627e-09,9.74306356458818e-18,2.79091661257308e-08,-1.80942321235369e-16,1.09789263041267e-08,-3.36993095471336e-16,-3.15374947278753e-06,1.05314074982293e-08,4.24604399476554e-17,4.37165347200424e-17,1.10747965258171e-08,1.22574043296702e-08,-2.49948256600229e-17,7.44353889020313e-09,-1.06598947308617e-09,-9.54770203385009e-08,8.20208844057696e-17,6.09969239569396e-10,1.79678057390237e-07,3.39138439553466e-16,6.85131170424747e-17,-1.90108387450337e-17,2.32934833446747e-16,3.03576608295941e-16,-1.08233239810623e-07,1.11902883782819e-16,1.31697417021163e-07,-6.95989090020763e-17,-1.30242746907657e-12,6.29809423298138e-17,-9.67573860158766e-08,-1.45716771982052e-16,1.71500374373994e-16,4.85728906621448e-17
"t2",-0.016192032866505,-0.0366242325784132,-0.088800540077967,-0.0102756297871419,0.00103646624757209,-0.0696037657247033,0.0460095773026556,-0.292427053210867,0.224973600318105,-0.00904010675191717,0.00301576813616284,-0.0387630371250598,0.000601665772682367,-0.0328363564599237,0.00232487774978333,-0.10543664408345,0.00238972101883776,-0.00869701903051744,0.0168671940560099,-0.0147473765186693,0.0555194512997091,-0.118062389425098,0.0372117260375313,-0.0118115959596305,0.0951588550814354,-0.0143288408083458,-7.38860900695952e-07,0.0370811096274679,0.0161162239234881,0.10336688853765,-0.00105291523069293,-0.00273188602288837,-9.01982566697823e-05,-0.00344900913678602,0.00503344287293957,1.67518331057204e-05,-3.33102703024237e-07,0.00565318184801464,-0.00339140164395088,0.000327983524987967,-0.000811365591253519,3.5316450451528e-07,4.79839935764381e-05,-0.275456479497125,0.25293620209437,-0.00513474243238943,0.023686092993188,-0.00153321654252315,2.36234674106254e-07,3.84684172935416e-08,3.27252239799001e-06,-0.0126945825231927,0.000468799472365413,-0.000448700236569401,0.000173723075621204,-1.269619652834e-05,0.00127394131678035,-2.6720113411885e-05,1.58863297836653e-05,-9.12106689318036e-05,3.83464180946135e-07,0.000184569939987308,-1.70271991363893e-06,-0.0018075518712739,2.519664401608e-05,2.76789082172991e-05,3.07054413779085e-06,0.000131073393659464,0.000116433560342569,-0.0824488246963164,4.70121014992837e-05,1.36860987125415e-06,0.000263234979158512,0.000142141242043897,-0.799296576607465,-2.66745319517044e-05,-5.27443033256306e-06,1.47592400890385e-05,8.97021651291559e-05,-1.46555893403098e-06,-3.38104817333503e-09,-3.57482062881649e-05,-4.24519721485827e-07,-1.63503207378191e-05,3.35706134141268e-05,2.22040470867958e-08,1.50785007215927e-15,3.26958436611802e-06,0.00242875355524663,1.5643674376388e-16,-5.92988044881498e-07,-4.09824388111315e-05,-1.58719318257838e-07,-9.30878711731795e-07,0.000109881503339395,3.11313832289384e-06,1.01467980661976e-07,1.78029839854032e-06,-1.89510206058986e-05,-2.2996208566663e-08,-6.02435541471665e-06,0.000373945219237899,1.12264652044523e-08,6.35453635858054e-07,0.021134277736353,4.22554843900497e-08,0.000220329897251237,-1.59079200489357e-07,-2.0123339928008e-07,-1.77877849084238e-12,-1.01531671292676e-07,-1.62095417204377e-08,-1.42933510229037e-07,-9.96894233828982e-11,-1.39812935382334e-07,-4.53898210823062e-05,5.02576775348457e-06,-8.37568949952167e-16,2.48884003905676e-11,5.37655541292537e-06,-6.55998727420483e-06,-5.76336538376284e-08,-4.26545570115296e-10,5.03494305438001e-05,8.47320995065598e-07,-1.53992767224046e-16,6.9589676198816e-09,3.45865156765785e-09,1.40930557326923e-08,4.04457813608602e-09,-2.04593655915844e-16,9.36750677027476e-16,3.56310114992074e-10,7.4676731094638e-17,4.54983143521881e-09,-2.0110791046852e-16,1.82496071044342e-09,9.53295908327066e-17,-5.29505583608814e-07,1.77080152885856e-09,-1.10675670438845e-16,-3.70146496562559e-16,1.94722406121351e-09,2.15948097661981e-09,7.25858046387055e-17,1.32308730270913e-09,-1.92822282565979e-10,-1.73305194425003e-08,1.87456279560971e-16,1.12103336194336e-10,3.31070559654156e-08,-9.0205620750794e-17,5.67146338527667e-17,-2.00275953573746e-17,3.66928225973056e-16,-1.16226472890446e-15,-2.12425492617137e-08,-3.16498862345689e-16,2.72294718335619e-08,-1.03938896835647e-16,-2.7053399632432e-13,1.20556032124263e-16,-2.14363180661009e-08,-1.38777878078145e-16,-3.19925497125551e-17,-4.17768739751358e-18
"t1",-0.0162299041393395,-0.0368005696542573,-0.0893649450978586,-0.0104168328499888,0.00105083437013239,-0.0710690295575075,0.0472366276177152,-0.302021065550884,0.234808802674463,-0.00944597888329759,0.00317157157483602,-0.0410188175895896,0.000648439996513283,-0.0355094413950055,0.00254814476472794,-0.116009098174295,0.0026514313736028,-0.00969276905923225,0.0188141532859159,-0.0164582074117416,0.0631937282509458,-0.135033485824939,0.0427389055505554,-0.013846107034992,0.112084854491812,-0.0172533049767087,-8.92995505181682e-07,0.0448731322873415,0.0196935913620516,0.126469239075751,-0.00130589493965627,-0.00341196814980283,-0.000112739320466219,-0.00440061037630782,0.00649346807250938,2.21919781797928e-05,-4.52150946415052e-07,0.00774663872044309,-0.00469519091531512,0.000458478896239166,-0.00113911322724979,5.03832602315294e-07,7.62683041691615e-05,-0.466691965246875,0.440466764119491,-0.0101215324850849,0.0509975075434516,-0.00354091648146354,5.52951398447561e-07,9.456024527096e-08,9.73210804015512e-06,-0.0382817959697868,0.00164261070885626,-0.00167232143906273,0.000709603112001839,-7.82399382634627e-05,0.00963532258616287,-0.000326962006733363,-0.00040111210257782,0.00128739047622364,-3.4402621454211e-06,-0.000675590069873616,5.16552234766179e-06,0.00423957521383227,-5.51703722629622e-05,-5.80316146147268e-05,-5.69276525249159e-06,-0.000212015195529555,-0.000175335204665121,0.0969879865348765,-4.87532038901409e-05,-1.29617258179558e-06,-0.000246940324609688,-0.000115617761804676,0.576405312804998,1.83931889156471e-05,3.47392881843395e-06,-7.93760485370734e-06,-4.58276395034586e-05,6.5702472717623e-07,1.41235778882927e-09,1.43046975063593e-05,1.69459070452752e-07,4.21386651279836e-06,-6.73476783674249e-06,-3.77398346885135e-09,-8.54827511343595e-16,-4.57409619871695e-07,-0.00025392720749983,-2.08097902573032e-16,4.4562942345909e-08,2.07423509927016e-06,6.87121027133711e-09,2.09565182587371e-08,-1.95109123734248e-06,2.94689195720317e-08,1.54812504117398e-09,5.9005935781065e-08,-7.27424607586296e-07,-1.15993619239654e-09,-4.49280907209606e-07,3.71110029141009e-05,1.23852735868778e-09,7.34774361217827e-08,0.00270785091317622,5.70204449186309e-09,3.42976370554652e-05,-2.75098666278587e-08,-3.59596343015832e-08,-3.34755088165762e-13,-1.94309810858627e-08,-3.12911700464405e-09,-2.95773346207801e-08,-2.25832200162479e-11,-3.5733551852779e-08,-1.17026701546056e-05,1.30887097049711e-06,4.77736645631487e-16,6.57286371086006e-12,1.42514424106689e-06,-1.76738319283956e-06,-1.55825399014944e-08,-1.20999146668765e-10,1.44782171202585e-05,2.43780029117501e-07,1.84097086477412e-16,2.07168723942259e-09,1.04124025615617e-09,4.24623221373319e-09,1.22237598200155e-09,-3.40756836179298e-17,-5.80807103800485e-16,1.24296176403052e-10,-9.07618823656783e-17,1.70648615811092e-09,1.9504949725489e-16,7.04030555697084e-10,-2.41057417119222e-16,-2.07182789597701e-07,6.94302103371613e-10,-7.56103068405943e-17,5.95932001154759e-17,8.10808974267975e-10,9.01529274976332e-10,-7.54939844480822e-17,5.58694035697913e-10,-8.32322967623434e-11,-7.51297769779452e-09,4.37813803434793e-17,4.93407990251763e-11,1.46169034530888e-08,8.65735434729675e-17,-7.64228191511368e-17,-4.53189339133361e-17,-9.95217100706632e-17,1.23252102968152e-15,-1.0082579258842e-08,1.87550333563734e-16,1.36500964828052e-08,1.03965990802791e-16,-1.36269396190611e-13,5.77245274679265e-17,-1.14824720422142e-08,-2.2291196666302e-16,-2.08265186510027e-17,7.03208238972464e-17
"t90",-0.109649518324619,0.0354088905078767,0.0355048857933112,-0.0579088258735782,0.182894869438739,0.02481228557837,-0.0127163936389669,0.0789928170473315,0.116736718425232,-0.00223017170870652,-5.81301280757746e-05,0.125604068775553,-0.00206089384915214,9.56218641919947e-06,3.29356490296e-05,-0.000496127507589708,0.000352064681513479,-0.00708793363555952,0.0604558827347256,-0.0556840658962051,-0.0109570271521505,0.0398094067787822,0.0860792148460127,-1.36400739262283e-05,-0.00047125657661442,0.000356832249240811,-6.63360671240214e-07,0.000585116244250022,1.64232533249679e-05,0.000512690974206701,-7.67389800102563e-05,-0.00914842953401533,0.118461647416921,-0.00150878571679518,0.00221228759121699,-0.169429158400678,-2.58644290748831e-12,7.06778301885e-07,-2.09994567109984e-07,4.8385756965605e-08,-9.23673803383643e-06,1.49177484981733e-11,-6.84097253706389e-09,1.15391962358194e-05,5.25919914147401e-06,-1.51689222581547e-06,7.50853853152906e-06,6.80579288971263e-07,-1.04827481385418e-09,-2.01610024167051e-09,0.157769648664981,5.61807769568226e-05,3.09834013470404e-06,-3.03591991813984e-06,1.24441483297871e-06,-0.000344285307582939,2.10842015748517e-07,0.00094263329735317,-0.00141139583815882,-1.21633071188021e-05,3.19908114275755e-06,9.89589148491078e-08,1.85976374022904e-10,1.10087042207093e-07,-1.02439917908359e-08,-1.05799366118685e-08,-9.68758849517149e-10,-1.63460869512793e-05,-4.0160354833005e-09,-4.90457852650233e-07,-1.77268658329899e-09,-8.4489840053548e-07,-2.85331792975535e-07,-0.00190802411092325,-1.94633373986307e-07,7.74736964033048e-08,4.04723773457292e-08,6.48924521112896e-07,8.10196569958217e-06,-0.000132633962324232,-7.60958404226829e-09,6.08518047551217e-06,-2.61005763760978e-06,2.49780365685399e-07,-3.61794520115775e-07,-2.07604228360285e-10,1.98697565305137e-17,-2.7347295621523e-08,-1.85440242620332e-05,7.76124928886553e-17,-1.17643449984977e-06,3.11743784696533e-07,-0.000632004569864043,-6.67761026914804e-06,9.01956967337665e-07,1.96699115082423e-08,-1.59548639227007e-09,-1.04872262755358e-07,-0.00100699181734692,-5.13253043106952e-10,-4.33041214958231e-08,-3.66839192984917e-06,0.000311743466384873,-1.5895497827928e-10,-1.71753128392341e-10,5.7330415643293e-12,1.86419256589667e-08,-6.4772389222465e-12,-5.93853837654492e-12,4.12397578675681e-17,1.7956239415681e-07,-1.05894528409604e-13,-1.25941794787882e-08,-1.79409498899408e-06,-6.4779028792552e-07,-1.41775345757391e-09,1.77086878166392e-10,-5.49679515911853e-17,1.51220482811802e-10,2.26506278762416e-10,-1.48099851820481e-11,-2.93762498355225e-12,-4.46543669294164e-14,6.59927574757567e-07,-2.47692093435778e-05,8.41036749915834e-17,3.95459671033343e-13,2.24679720646831e-13,2.74932690375591e-07,2.71178527041138e-13,9.66716953398824e-16,-3.51268979534413e-16,1.96420204280332e-08,-2.08231197906819e-17,3.65126157799522e-14,7.05643124106267e-17,1.16226316451778e-13,-1.29672537461113e-16,-2.39248068877774e-11,7.43135637954032e-14,3.72640143659134e-16,-2.49322155613047e-15,-2.12514469085247e-12,-0.158892554161716,5.28221421232669e-15,2.94336271288677e-13,1.13001789564622e-14,0.0022668860867278,1.1405840772838e-15,-7.95488186624175e-15,-2.83213742226577e-12,-3.51887856348097e-17,1.04507886629527e-17,7.48978394775783e-17,-7.41057288577158e-16,-1.72561754758486e-16,1.23791036699804e-06,6.40800092525167e-16,-0.022328030383768,3.03106567234485e-17,3.8626833487013e-16,-2.57118365020624e-16,6.98452874582405e-11,6.0415525924115e-16,-2.5639088591688e-16,4.58202620598123e-17
"t61",-0.104504756121244,0.0319942228718309,0.0309896742083845,-0.0420720099332584,0.132441166603998,0.0144794641165851,-0.00604195895334903,0.028300712674092,0.0181361704470183,-0.000298440082466388,-6.94219557318198e-07,-0.0129140976746424,0.000879237817245418,-4.62458785273816e-06,-2.29761480933324e-05,0.00037468406366059,-0.000307431731440142,0.00660728161767659,-0.0570031391497058,0.0528701125717004,0.0127399634090258,-0.0478867434477548,-0.10614917479814,1.79089698562499e-05,0.000618694638715579,-0.000427722163008048,7.68249248912004e-07,-0.000668748653458656,-1.6391491552434e-05,-0.000500299857301704,5.18274071979958e-05,0.00438289542438314,-0.0539721881844293,-0.000423982908598122,0.0015494647254367,-0.00755782831009954,1.39535399165252e-10,0.000126095468407596,-1.83240229538679e-05,4.51557025184784e-06,-0.000960750333932279,3.42878348547406e-09,4.56930746134567e-07,-0.000700413499468761,-0.00032244745615917,0.000116646185518159,-0.000817679467043026,-0.00013439924166397,2.56119264065652e-07,-6.68565225507832e-06,0.00521517252971227,-0.000218348780144838,-9.24190398556752e-05,0.000110758943154661,-5.54431226672458e-05,0.0238749078479803,-1.65061413104361e-05,-0.0887725165021441,0.19899877962073,0.00189816296535484,-0.000570241984038726,-3.12226853553722e-05,-7.38959847696593e-08,-7.03128469819405e-05,7.85802706305903e-06,9.3035593140129e-06,1.46161486437644e-06,0.120153334029709,-2.90650237777696e-05,-0.000462972143813235,-1.17772114345651e-06,-0.000466202322691669,-0.000154754545039033,-0.830858958358135,-7.34820094872284e-05,2.7945291682524e-05,1.39826632580869e-05,0.000192009194463958,0.00232267454539713,-0.0354799367217152,-1.97234901337787e-06,0.0015500073767559,-0.000664199627933406,5.65529235748666e-05,-7.93372989378129e-05,-4.49788059825525e-08,-8.16115668141297e-17,-5.88040915169572e-06,-0.00397869394778592,-2.33625522393307e-15,-0.000253678041238988,6.7908401331092e-05,-0.138261476740791,-0.00148403143879438,0.000201342946076452,4.53610118407251e-06,-3.71153111450442e-07,-2.51799781487162e-05,-0.244401657979368,-1.28082378971723e-07,-1.15981918627205e-05,-0.00108236884242744,-0.00842803263696079,-5.27155598467632e-08,-6.14345682964429e-08,2.16649982928203e-09,8.80342833628782e-06,-4.08103992617295e-09,-4.27341786662255e-09,-2.9239157793145e-14,0.000196316155967444,-1.24934215819092e-10,-5.09264450134936e-05,0.00238829728561855,0.000244935576131488,5.03448184861869e-07,-5.86340277459136e-08,3.49222618311411e-16,-4.55883257944369e-08,-6.66680059164106e-08,3.929012922789e-09,7.62325372084809e-10,8.722583003187e-12,-0.00011937241303825,0.00446722881298985,-6.10194575921065e-18,-5.91503513192913e-11,-3.16507375156133e-11,-3.8556022248251e-05,-3.74139594692494e-11,-3.10638788464374e-16,2.81291362225634e-16,-1.25597207610624e-06,-1.73536728387282e-17,-1.44302278098589e-12,-8.9897609117228e-17,-3.77161859067268e-12,-6.3621179244634e-16,6.79120715952396e-10,-2.06556498833664e-12,-1.38235920016035e-16,-1.81702524391375e-16,4.85417000476849e-12,0.00890485931345058,-4.397711731828e-16,4.40731749425323e-12,-1.04081654811738e-12,-0.0288319313501482,3.61693236570214e-16,6.29585485854326e-13,1.93608963810581e-10,4.08163144869557e-16,6.50945781562221e-17,2.37961846219398e-16,-5.9880996354706e-16,2.54241990494991e-16,-2.31013715095865e-05,-2.19622751559328e-16,0.00548836152786895,4.35368588364033e-16,-3.75451660228651e-15,-4.53142117806003e-16,-3.46674924959652e-10,2.57550159753349e-16,9.3554290988833e-16,-4.89341930279033e-16
"t55",-0.0981207414123948,0.0277919030591523,0.0254624782700493,-0.0232199922783084,0.0724113226938634,0.00257772833880629,0.00141521723290089,-0.0260720521248339,-0.0770129794994107,0.00153702271110992,4.78937381454133e-05,-0.109428665415604,-0.00468573716139793,0.000166929603853084,-0.000145125948534375,0.00200211078068286,-0.0012512428345845,0.0235261992947357,-0.197784959612706,0.180481374998038,0.00977125445336142,0.0192134076469548,0.196592590668852,-0.00285682889136203,0.0462912896945277,-0.0106622699135871,1.97468509065483e-05,-0.0174945587763063,-0.000577089796207241,-0.0188717362281345,-0.00363397958103721,-0.0124643800155704,0.00126698245845804,0.0158444329580192,-0.0238141242685442,0.000356416811347946,-4.70819896653403e-10,-0.000352898191119199,4.25118219160584e-05,-8.87063995721825e-06,0.00175592213179094,-4.84750241939667e-09,-1.09589814095359e-07,-6.59371631216653e-07,-2.20602116574882e-05,2.83685648749648e-05,-0.000246908222165303,-4.43812511018672e-05,8.5641565398713e-08,-2.31978350005371e-06,0.000250144566461535,-8.19207653574645e-05,-3.48589133196315e-05,4.17797085245019e-05,-2.08555769797689e-05,0.00868768573825041,-5.88315233796921e-06,-0.0302001863008199,0.0545294421717088,0.000467041318399471,-0.000111998258181732,3.28609932636979e-05,-3.90918821798481e-07,-9.25372098251739e-05,9.65820329423424e-06,1.12119653384667e-05,1.83179402395117e-06,0.200233788860908,-7.22947705426094e-05,0.000362050272646768,3.31661387013694e-07,6.78360599385027e-05,2.09811518102295e-05,0.0324448939737614,5.92809474113387e-08,2.23236298798606e-07,2.07764099667945e-07,5.38815940730596e-06,6.60855796937547e-05,-0.000929897427058591,-4.65219178340632e-08,3.35453630025542e-05,-1.42969922541835e-05,-3.11758413016426e-07,1.73531817123305e-06,1.43102508764353e-09,2.20230318005835e-16,2.48369656548954e-07,0.00021911844304269,-5.24917678096052e-17,1.66995063009405e-05,-5.0134757733701e-06,5.23674467065763e-05,0.000125214133767651,-1.72495204445338e-05,-4.16095726276719e-07,3.43533872373648e-08,2.35606928724073e-06,0.0228049767353976,1.17139540934337e-08,9.31649397248109e-07,5.58993909534332e-05,5.06638075234305e-05,7.93749071051952e-10,-1.77292076605125e-09,1.33457070833967e-10,2.00326674586497e-06,-2.16857258890016e-09,-3.03461198929871e-09,-3.42889378317134e-14,0.000288238699905853,-2.05233545504654e-10,-0.000356999067531736,-5.47776340613462e-06,-0.00048295123990466,-9.69997022177867e-07,1.10278103688748e-07,-7.21101766366279e-16,8.32328540773415e-08,1.20854346391282e-07,-6.91907099063185e-09,-1.3347284900725e-09,-1.39339676775183e-11,9.71698193349145e-05,-0.00173942945578986,-7.4623523060295e-17,1.00484847837447e-10,5.3396913697586e-11,6.50253310828774e-05,6.30288491150951e-11,-2.92017059367865e-16,2.99685822380948e-19,2.2844053845869e-06,1.21366262528775e-17,2.90863484978669e-12,-1.01003292222948e-17,7.98821063085217e-12,-2.71919862491211e-16,-1.47862821843696e-09,4.5154060228575e-12,-4.45608523132879e-17,-7.58843923567891e-17,-1.18483955411545e-11,-0.000258424784812873,-2.35941164755525e-16,-1.13981015452797e-11,2.5300093784958e-12,0.00106872107008743,-1.62193253174781e-16,-1.97974306598483e-12,-6.10787375657691e-10,4.8753657283128e-16,4.60126199204772e-17,-4.56654421028098e-17,-3.67595573305742e-17,-3.25656624652531e-17,9.45927987240182e-05,-2.0996913559984e-17,-0.000627160266443285,-5.25117453407604e-18,2.16492076607868e-14,1.17637737557816e-17,3.47451972913982e-09,2.36742950029001e-16,2.25653474893425e-16,3.32049635595986e-16
"t91",-0.0987671885321357,0.0281702066627251,0.0259210543607221,-0.0241341054053781,0.0752876088713168,0.00273490567210352,0.0015254739651478,-0.0285943801477224,-0.087110008943864,0.0017443584650097,5.54074340575734e-05,-0.128967932019091,-0.00583939409784066,0.000210227212294879,-0.000190632624241585,0.00266235855674257,-0.00170911901383173,0.0326049171254946,-0.274859374771558,0.2512382772619,0.0145203218489018,0.0290230221096286,0.301227391290734,-0.00470111307312908,0.0774910174240436,-0.0193538142198553,3.63543852597229e-05,-0.0323624020121415,-0.00110827380831042,-0.0364188648015111,-0.00740178059427216,-0.0261176408662149,0.00266323028521428,0.0363304133764622,-0.0573277095022862,0.00097109963922884,-1.45163389264666e-09,-0.00114522781335113,0.000146146923446569,-3.22716035738351e-05,0.00655779335884303,-2.00415460745834e-08,-1.32809160649801e-06,0.00155999980805591,0.000652453484608435,-0.000167479253908215,0.000977213703706411,0.000142206856102505,-2.65272524782962e-07,6.43539947711187e-06,-0.000514681434860473,0.00016581389795301,6.09139905988234e-05,-6.95796885833848e-05,3.26592421653173e-05,-0.0113297989863879,7.2513890993955e-06,0.0341808459108901,-0.05221328654203,-0.000431272305749981,9.89911937082881e-05,-2.51627490175567e-05,2.87414233389599e-07,6.40306200990879e-05,-6.57057861207291e-06,-7.54562166836313e-06,-1.1952783558481e-06,-0.126254011956638,4.4784986480268e-05,-0.000211856288531895,-1.89356391097462e-07,-3.81655573472041e-05,-1.1788293503357e-05,-0.0179557605421414,-3.27106920274337e-08,-1.23415414697958e-07,-1.15322382611716e-07,-3.14742376405715e-06,-3.9569579189634e-05,0.000613097421045193,3.32391083178068e-08,-2.55238976518554e-05,1.0921315350148e-05,-5.9509739080867e-07,5.76676359517061e-07,2.45813646500382e-10,-1.89164422324692e-16,2.18671422211892e-08,7.04203613317755e-06,2.40676499630475e-16,7.76011079993759e-08,5.0602246587514e-08,-7.01889928971803e-07,-2.57885999491887e-06,3.76673845168375e-07,1.10333157006624e-08,-9.28901924958854e-10,-6.53970825577957e-08,-0.00063236603510601,-3.19704254999219e-10,-2.32908483806961e-08,-1.17061438580205e-06,-9.43171202339626e-07,-1.38110189278895e-11,2.53252242683473e-11,-1.66071244749033e-12,-1.25357437039251e-08,1.00864798810574e-12,-4.8301472199104e-12,-2.03356252245162e-16,1.8234514190916e-06,-1.43020324665201e-12,-4.46732902223062e-06,-1.14411602489905e-07,-1.66334125367202e-05,-3.4477206660329e-08,4.06191632935035e-09,-1.94061203336607e-17,3.21821760175773e-09,4.73179177586247e-09,-2.86181669156321e-10,-5.5857167863278e-11,-6.79955206642499e-13,4.9436087939236e-06,-8.86376311350502e-05,9.51056552458061e-18,5.66910057000621e-12,3.11204367968338e-12,3.79877176080165e-06,3.71479891588441e-12,-1.33319534302163e-17,-3.83618326788473e-16,1.9808850699622e-07,-2.42925667426355e-17,3.02336577520169e-13,4.5410822008963e-17,8.8723283896705e-13,-8.28350036097388e-17,-1.69841023497309e-10,5.21141902014033e-13,4.87876675205111e-18,-1.60364324355893e-17,-1.57399441959729e-12,-3.45364694162462e-05,-5.6397284991926e-17,-1.56376030461873e-12,3.65074480476744e-13,0.000155688370049126,3.47283878100376e-18,-2.98464685579388e-13,-9.2737199983612e-11,2.67103145397773e-16,4.08084494925468e-17,3.76012847440769e-17,2.56904878045908e-17,-2.62944029656658e-17,1.68836515677879e-05,-1.04188167917233e-15,-0.000126254145588473,2.04650366059118e-16,4.39434692611454e-15,7.59485423669234e-17,8.08307530202449e-10,-4.23037643515846e-17,-6.40928204927313e-17,-2.71634134043943e-16
"t121",-0.112840595540569,0.0384371131063325,0.0407638452681606,0.0561900003454712,-0.149771871636991,0.011164459082765,-0.00638238961076122,0.0383674319620446,0.0438520918273632,-0.00079897867832086,-1.34615336046934e-05,0.00520552209144347,0.0566542247597651,0.000141041803983384,1.09822954939358e-05,-0.000108167503422818,-4.65174878897458e-05,0.00800014811013028,-0.260606063661183,-0.307996195823689,0.00315279532044048,-0.00929134534375202,-0.00445244200342391,-0.000749176522006291,0.0147059124738513,-0.00987340862159583,3.30546088118534e-05,-0.0466923926576554,-6.00672385405408e-05,-0.0033811177336874,-0.00222834541104335,-0.00966264063435321,-0.000499852320338126,0.0231139742991594,-0.0480940489160775,-0.000240684831402047,-2.07183106087611e-07,0.00830337808887969,-0.00058511022695629,0.000127473563077604,-0.0409309422757657,8.05020007342885e-09,5.31324033803573e-07,-0.000497404894583017,-0.000192706898426307,3.84625714548356e-05,-0.00019845911502362,-2.6325272427209e-05,4.7903929772915e-08,0.455461000383612,2.05793930715465e-05,-2.96307928052325e-05,-1.12111301464161e-05,1.32795737840602e-05,-6.78601212121118e-06,0.018820673049369,2.34200869023897e-06,0.00205865336748506,-1.09671089583484e-05,-7.66137706460533e-07,0.0157306636176765,3.49922746981519e-07,-3.25450901561569e-09,-4.69607633378743e-07,4.03877275610431e-08,4.05330918159387e-08,3.68111081253596e-09,5.29668200263219e-05,4.43611462494833e-08,-1.179917924903e-06,-1.48991283494634e-09,-0.00807759639663982,1.4275099412479e-07,-1.49019087160998e-05,4.53818876011355e-09,-1.03352310932395e-09,4.06696929999681e-10,2.58495092866175e-07,5.70774794079616e-06,-0.00131878782258137,6.70959320981126e-08,-0.000431173964428177,0.035993750583147,2.03822768413643e-08,-1.20607475335286e-07,-1.11476833253892e-10,-5.62129969659706e-16,-2.25718511337585e-08,-2.68035824008011e-05,-7.40309626034409e-16,-0.0241398309670172,1.01272982887964e-06,-3.45298113913041e-06,-0.0903644526852835,-1.7692202706638e-05,-4.52866611544769e-08,2.83199526160079e-09,7.47140032000201e-08,0.000482718033923028,-1.59544140304476e-12,-4.04611955733704e-08,-7.80965416755212e-06,4.12770211897665e-07,-5.38163277589376e-10,-8.03380010482919e-10,3.23921210221985e-11,2.02836538041027e-07,-1.45795545813203e-10,-1.82617404358372e-10,2.89312515237344e-15,1.39900782222968e-05,-9.70879633548051e-12,-1.38851812221751e-05,-1.67652914957554e-08,-0.000800369385738818,3.80010083526654e-08,-9.5570596053199e-10,-0.532397434148912,0.000124390861394798,3.69165364695666e-10,-4.36121827678119e-11,-8.9428482119636e-12,-1.15949333387718e-13,5.83901305472314e-07,-1.70031908391553e-06,-2.25256884714918e-15,9.5382725931033e-13,2.22366750150699e-12,0.000785646378363101,-1.62096416659685e-13,-4.33161892241503e-15,-1.73303332339324e-15,0.0062060653652021,1.41032374789018e-15,3.26698977718231e-15,-1.35711310831829e-15,2.07283811512413e-15,3.83805611428022e-16,-5.18286407581015e-14,4.08161672266195e-18,-1.85986948951878e-15,-1.10578861876325e-16,1.03849095252976e-14,3.58817066006723e-08,-1.07207788017635e-15,1.22884486913458e-14,-3.41548029024907e-15,-2.17523920145571e-07,5.99481089876347e-17,2.73535155446532e-15,9.35630793213316e-13,5.95117663381643e-16,3.63467016024233e-16,-4.65328038407982e-17,2.94007959077294e-16,-1.50181531737568e-16,-0.000370302915677505,3.48614298008499e-17,1.51754611359273e-07,2.06385089535094e-16,8.73725631619613e-16,-1.43493977344143e-16,-1.96786518846428e-12,1.02538196353769e-15,2.12854880012525e-16,-3.23675838323248e-16
"t8",-0.034615361983258,-0.0125011923162395,-0.0268329095916216,-0.011479336632458,0.00552493142980572,-0.044306023483635,0.0235832153238596,-0.119109925147738,-0.020690466634156,2.20569983397493e-05,-4.43464975689873e-05,0.0227877885086922,-0.00061112049373925,0.0142274673943501,-0.00133555321063287,0.0119879930620438,-0.0023644790660348,0.0101425104462049,-0.029018529974344,0.0252073740892202,-0.074148454034194,0.169929190593118,-0.0459918292025036,0.0110165644454766,-0.190007789593605,0.0385881792624778,-3.59906110188596e-05,-0.0113859519716236,0.00335975239019863,0.106158124092069,0.0152782166470412,0.0418781609957422,0.00494472704428122,0.0082188728345815,-0.0983066600325121,-0.000147383455581459,-6.64148215306958e-07,-0.0329072434205915,-0.0104690022115815,0.000680278647485765,0.00448228557242192,4.61593426435845e-07,6.665545798115e-06,-0.00219079608099069,-2.99595323217667e-05,-0.000891751707641414,0.00838937288278761,0.00154857050043469,-2.99852992394786e-06,2.83969851943508e-06,-4.32497217077113e-05,0.00293664889852605,0.00124685935723013,-0.00149322520124966,0.000745092663927606,-0.00109798958783043,0.00108722027858817,-0.00572865948658998,-0.00741171337544454,0.00333347588969336,-6.92135907407922e-05,-0.00207783427143484,1.58641270640086e-05,0.00207706173066745,-0.00017701934930259,-0.000176791535190784,-1.55310662162143e-05,-0.00247163319316533,-0.000338786938142037,0.00803800199885774,1.00748759573462e-05,1.52147270150888e-05,0.000690851191609417,0.00193119756827445,-0.000233666305672726,0.000119454021267787,7.47996654688649e-05,0.00180035610523212,0.0232286685846349,-0.00225657840505476,-4.47671931408287e-05,0.0317341713723244,0.000323562466518688,0.00141243531820717,-0.00218348750342283,-1.28974678116781e-06,5.54315877880382e-17,-0.000173379279389845,-0.118234593450312,-2.93386746140708e-15,1.48397018291563e-05,0.00182361731588724,-2.06905773372883e-07,-1.89211292172221e-05,0.0045135638199679,6.60777300761656e-05,-4.55750904694664e-06,-8.31084539679254e-05,-0.00172337489385588,1.15446008234808e-06,0.000408482124058731,0.0852763258540905,2.98915151595221e-06,5.79121608497287e-06,1.58483436758269e-05,-5.7460955893871e-07,-0.00399615120411923,3.27753100483674e-06,4.26645987850211e-06,3.92408549631758e-11,-0.000509932290349756,3.62794862505887e-07,0.000551052207652826,1.3059230962515e-07,9.82876066621165e-05,0.00116869991808295,-0.000130144808466537,3.45753171359458e-16,-1.61178769015728e-08,-0.000140808888655908,7.97543571220901e-06,1.53397205857832e-06,1.30495203215509e-08,-0.0257849740740375,-0.000433398752052583,1.76911380956343e-16,-1.72306873377112e-07,-8.75846399814987e-08,-6.53048353601667e-06,-1.03027283352608e-07,3.77778333304698e-16,-1.70229026012546e-16,-1.31776547519948e-07,-3.47009075984963e-17,-1.22033817877708e-08,-2.72043574094792e-16,-5.61511506563982e-08,-7.37453240474775e-18,1.65145276406917e-05,-5.53415468905248e-08,-3.41525114574271e-17,-1.25324011422128e-16,-6.51297441508132e-08,-7.11020921208905e-07,-9.02243927734738e-17,-4.5083339564914e-08,6.78227635704115e-09,5.72049616489011e-06,-4.42320568083585e-17,-4.06779117712236e-09,-1.20765221575942e-06,6.90867227410674e-16,5.2084152086396e-17,-3.61244629849374e-17,2.27785772755889e-16,5.64990068038044e-16,7.49243610547401e-06,2.67079820293782e-17,-1.06616758157055e-05,-7.20380283591831e-17,1.38965270168451e-11,-4.89515479034067e-17,1.5122158551032e-06,1.17073241886268e-16,1.84769588990207e-17,1.18678648050838e-16
"t52",0.0339320727136443,-0.0984768223386065,0.0414530955795999,-0.0076951425687544,-0.00185382211126899,-0.0953150850804648,0.178995498513106,0.0651580183876787,-0.00533449856787595,0.0870675605570171,0.000759805875387828,-0.000717587397652936,1.27027317338398e-05,-0.00178644795098676,-0.000191074934239244,0.000617854636182574,-0.00065133313504906,0.00246176980418601,-0.0020389411819143,0.00188831264553431,-0.0324035374241583,0.072514468343921,-0.0336757629110347,-0.0103324280019054,0.10428664517777,-0.104064098405486,-0.000517411911970182,0.0231715698144964,-0.0189494468020597,-0.00854380391354308,0.0192841523043226,0.0561904667976342,0.00446393415005204,-0.00102303972570845,0.00573456314846648,1.51178457201701e-05,-2.48822056148308e-05,0.00440793126501122,0.000209733942343624,-0.00767811093367982,-0.000687467294438467,8.74984213828249e-06,0.000121696476305357,-0.0981633264085881,-0.100346855971086,0.0204397073723012,-0.0197683800811843,-0.099541288380466,0.00012754005338602,9.65951980176282e-07,-1.67696905162949e-05,0.0131683505523503,-0.12110502459155,-0.753071689948681,0.0325491607762291,6.33555672370021e-05,-0.000343951440214457,8.59008523353795e-05,1.14887589796308e-06,-0.0027157777646616,-8.39774975289961e-07,-0.0150534173517174,0.00986990258319225,0.000128385107475879,-0.000446237751950225,-0.0255251797820623,-1.96478412758577e-05,-3.75886485400285e-05,-0.0301451694417794,0.000446918438914299,5.96902354589457e-07,2.18530083680116e-07,0.000319977038345738,3.1464454682898e-05,-1.76890224207649e-05,4.52268486216048e-05,0.188398320109686,0.00018443349272875,0.00418760310743316,-3.23131042670655e-05,-0.000306693757089326,0.0041798809209051,4.82472923757357e-05,0.000101674168572814,-0.000111231319788916,-3.75141098797117e-05,-2.95698625348256e-17,-5.42858619726168e-06,-0.0025749482917177,3.42444059892351e-17,8.44236260600892e-07,-0.0655905682167308,-3.17034280953812e-07,-1.56830032286067e-07,-1.0218907000523e-05,1.41758113030727e-09,-1.21873080633959e-09,-0.0142710231446904,-2.92281316534966e-06,9.83655983341586e-09,0.162506163432294,-0.000205283959401607,1.25702883028882e-09,-1.63792673509129e-07,-6.02988776763346e-06,-1.3676066745486e-07,-0.0157031609432998,-1.60756038724081e-06,-1.66564920697482e-06,-1.21686015897331e-11,4.27010662278183e-06,-1.05816737539023e-07,-3.54925579174758e-06,-7.54506703254934e-10,-3.25345370205799e-06,-0.0440857207223979,-0.000248277946829372,1.59083796121954e-15,-1.26403849642389e-10,0.00589797043275625,7.77356531415515e-07,4.92870948606998e-07,1.27255055236427e-09,-2.11835854453654e-05,-3.52027907434812e-07,-3.47248831128284e-17,-9.12273369697245e-09,-3.73242799680958e-09,-1.96790640547984e-09,8.21778529929182e-06,-1.21592311018284e-16,-6.0226587768448e-16,1.97924746817134e-12,2.59564713500506e-18,1.7647769239484e-12,-1.69694889012161e-16,2.28557036855251e-10,-9.18104357292572e-16,-4.85860930189313e-08,1.52429154980253e-10,3.77210102669557e-16,-5.15982636931138e-17,-3.69317898324469e-10,-3.69706603408043e-12,2.48046685042004e-16,-3.89151677794614e-10,9.74560711812206e-11,4.48756527305340e-11,4.99016985924669e-16,-8.54738704765287e-11,-0.000129209046213797,6.65641665023773e-16,8.07070894400133e-17,-2.38219747936236e-16,4.86328239209379e-16,-9.81583505331503e-16,2.82208011559199e-11,8.05050686971921e-16,2.04400088514568e-11,-2.78025797217745e-17,-1.5883181600942e-12,-9.75238052307573e-17,-7.72781978173975e-09,-1.08039608073985e-15,8.92154467823741e-16,-1.81428513293149e-16
"t170",0.0393801484059098,-0.142290987665629,0.0728810279555741,0.0138763446601302,0.00313724775327552,-0.00705524076478254,0.0710162930764617,0.0431608999281805,-0.0168454636179552,-0.385374695538563,0.000674579894268073,-0.000991307776148217,6.99998943688994e-05,-0.0169065561949743,0.00120091326339732,-0.00272438556885301,0.00179612797254394,-0.00572982943977614,0.00461536218897356,-0.00420346766181241,0.046734711242808,-0.0978674966642137,0.0433204787008128,0.0120667001881953,-0.125965329648501,-0.0781023041083538,-0.000122292120490481,0.00365811543846971,3.31647175067275e-05,-5.98292020582371e-05,0.00898191044907157,0.0710007477572366,0.00630043459609636,0.0899940539612062,0.017293771901283,-1.57457628727427e-05,6.34911297282012e-05,-0.0211261665567017,0.254774194634586,-0.0358785434882671,-0.00217828384934532,1.20466680780607e-05,2.26407056878429e-05,-0.00976829136174627,-0.00806072161489925,-0.00482998540548059,-5.6458188147429e-06,4.99245515601975e-05,-1.0256425995103e-07,-1.75589565024206e-09,5.45008852013166e-08,-4.24387453378167e-05,0.000270947886871516,0.00118191019502797,-1.32253368207601e-05,3.6801419604248e-07,-3.06259543523635e-06,1.3077968918555e-06,4.38836379995105e-08,-0.000126945493087994,-5.06891610587275e-08,-0.00276134972498784,0.0176861367720869,0.000116777893102955,-0.000946655511515459,-0.213799112425343,3.02919239369257e-05,4.47390976694425e-05,0.0830694448373942,8.24802356565288e-06,-2.13475300442925e-08,-1.05252779245458e-08,-1.56509989685783e-05,-1.6805157166078e-06,8.79511221970209e-07,-1.97945346968567e-06,-0.000108413782730654,-1.05412812438354e-05,-0.000231675966130597,1.67239938466206e-06,8.23809025835536e-05,-0.000205441893312481,-2.36892774713499e-06,-4.19262966760698e-06,4.19054246395476e-06,3.64210205423918e-06,4.29085784859388e-16,1.81931518490179e-07,7.95690938152894e-05,2.05114668372951e-16,-2.42214625727678e-08,0.00177408641355657,8.4647906736126e-09,4.29131881305852e-09,2.93757193781428e-07,-1.73963350710924e-11,1.7189202356842e-11,0.000568455712543004,-3.17532082585177e-08,-3.43420194217056e-11,-8.38399684836043e-05,-2.5302771105307e-06,-6.00456991691226e-11,1.08696903411898e-09,-3.87935914268043e-08,-1.43822226792371e-09,-0.0003589026706396,-5.79482547260028e-08,-6.91648095988916e-08,-6.43371166928882e-13,2.41273525434594e-07,-6.22779523097498e-09,-2.97363534204056e-07,-1.13325252625737e-10,-2.53254217674042e-06,-0.0459831450832356,-0.000417752701417336,8.53948198979527e-15,-1.18425058851529e-09,-0.340791938012366,-1.41359143039692e-06,-7.45385435456915e-07,-6.33673223251255e-10,9.11093475485461e-06,1.50649679683168e-07,2.79260066038974e-16,3.07665734031784e-09,1.20103048173585e-09,6.31420201494573e-10,-5.17863428635653e-07,-1.18269503597443e-16,-1.66278154301122e-16,2.2394230720585e-13,-4.03931005189096e-15,-2.71693633017264e-14,-2.27858776591795e-14,-5.63110251168e-12,0.650243741035357,1.31927514715253e-09,-4.18207768260902e-12,-5.7473374427537e-15,-6.64994144831636e-15,1.14746224549141e-11,1.14550979929487e-13,1.5091137141764e-15,1.2094229798853e-11,-2.9954587253994e-12,-1.37595337640808e-12,-1.62921208991032e-15,2.58260656404805e-12,3.89005375564597e-06,-2.27777625562568e-15,-5.35987106269742e-16,2.13675717555723e-16,-1.24755424842792e-16,1.2739008768417e-16,-7.61517467802556e-13,2.81823032999869e-16,-5.09885508841897e-13,8.32197227407411e-17,3.97068116839674e-14,4.3548327742114e-16,4.93780372411549e-10,-7.63242631780564e-17,5.28163462369164e-16,6.75043055095224e-17
"t141",0.0393571460895366,-0.142120909428819,0.0727664550405688,0.0138300003013059,0.00312668064294704,-0.00701975273470096,0.0705695508307106,0.0428315040129951,-0.0166782585373413,-0.381456464520564,0.000666802844830452,-0.000978613415103902,6.88502317954931e-05,-0.016617957406033,0.00117742660124521,-0.002669212536388,0.00175710550031219,-0.00560091640640488,0.00451086044041082,-0.00410791873297684,0.0455200743571712,-0.095248628845921,0.0421328869075806,0.011698668835665,-0.12203582296248,-0.0754257311447564,-0.000118039630168327,0.00353029598702876,3.19634828216062e-05,-5.76525203363902e-05,0.00863965366304175,0.0682343727631081,0.00605436201708804,0.0862602627146205,0.0165546638327132,-1.50278316005422e-05,6.04404773560787e-05,-0.020091763822041,0.242053613646019,-0.0340553410933631,-0.00206673935845755,1.14127813822538e-05,2.12623918134652e-05,-0.00913426528708234,-0.00752483813103049,-0.00447925945861913,-5.21565307635543e-06,4.59972866585267e-05,-9.44509590067564e-08,-1.61431748783445e-09,4.98382348423002e-08,-3.87950195413284e-05,0.000246889009619443,0.00107573535586793,-1.20189157906881e-05,3.3277376026131e-07,-2.76462925701254e-06,1.17735688241571e-06,3.92740194548921e-08,-0.000113452528860695,-4.52224941581255e-08,-0.00244817746533009,0.0156496479334625,0.000103009460000834,-0.000834271512744395,-0.188304086049026,2.66319824280865e-05,3.92500319601753e-05,0.0727921504587872,7.19627811867339e-06,-1.85812710680147e-08,-9.14523964932664e-09,-1.35963430942569e-05,-1.45572960420145e-06,7.59985960487215e-07,-1.70885536844426e-06,-9.35037448858689e-05,-9.05294193186752e-06,-0.000198750843124114,1.4308135611839e-06,7.03777767682267e-05,-0.00017535388704406,-2.02188574966629e-06,-3.54820545960215e-06,3.53117822020841e-06,3.06109115627941e-06,-3.41237356144696e-16,1.52486986028642e-07,6.64540452057171e-05,-1.27084877276608e-16,-2.0163202242007e-08,0.00147247080657043,7.01914082675711e-09,3.54859286706615e-09,2.42754134298162e-07,-1.43190278462687e-11,1.41352138711292e-11,0.000466098517032305,-2.60124672893335e-08,-2.80730965409024e-11,-6.82251911414479e-05,-2.04845378805964e-06,-4.84905743635948e-11,8.76705161833358e-10,-3.11944921971043e-08,-1.154495193103e-09,-0.000286485998187344,-4.60189237376888e-08,-5.48266899767435e-08,-5.08654276507999e-13,1.90455644699101e-07,-4.91326629388415e-09,-2.33431563882387e-07,-8.82767516196752e-11,-1.94673202566147e-06,-0.0353066916297086,-0.000320330468735872,5.93484954766424e-15,-9.06340417956772e-10,-0.260683164043086,-1.07876322190921e-06,-5.68532474807586e-07,-4.79623187936349e-10,6.87956284075017e-06,1.13743068515545e-07,-7.93666403852681e-16,2.30794901762745e-09,8.98894994967577e-10,4.72499960514948e-10,-3.87274720723035e-07,-4.75553384024354e-16,2.79783322044571e-15,1.60262387296007e-13,2.88917551116041e-15,-1.87497546724355e-14,1.616335381752e-14,-3.87331068291966e-12,-0.44586151443483,8.97896567553856e-10,-2.84380357302326e-12,4.54794917883181e-15,4.71194434709823e-15,7.44663964650636e-12,7.45539260660716e-14,-1.19959130430734e-15,7.74465918197904e-12,-1.8737613723424e-12,-8.55264920065361e-13,1.10684217527573e-15,1.57381889259543e-12,2.36011053361499e-06,6.24715571987536e-16,3.76477442094059e-16,-1.21125913307801e-16,-2.94552703689656e-16,5.84495222944886e-16,-3.97592710486805e-13,-3.56861420684622e-16,-2.08022176744044e-13,-2.61990248978644e-16,1.57459436720378e-14,-6.2500713339131e-16,4.37084655847723e-11,-2.19190865051695e-16,2.95610586801428e-16,1.02198775029059e-16
"t19",0.0424875226233524,-0.00134403307677875,-0.00128347056933065,-0.0371438688905012,-0.0111062112725413,-0.0852923124105244,-0.0202609023822295,-0.00806266463413571,0.00591751343365774,0.000831399023448243,-0.00372192260877484,0.00158777517289857,-0.000176075098085395,0.0725492912346306,-0.00444710891230393,0.00383988829579028,-0.00546062209536969,0.0151839315492349,-0.00593689198422744,0.00561885263942723,-0.0629292186104962,0.0946106122031316,-0.0387897019139631,-0.0036247191454955,0.0157572551147033,-0.033867395410821,0.000277523127937989,-0.00427062488370506,0.0274409743324337,0.00471201567890761,-0.0374443686365926,-0.0984465460618838,-0.00800606605485428,0.083924655034353,0.0491261875652207,1.78087874222847e-05,7.55983904824518e-05,-0.00382760452050947,0.0503553412789708,0.0150808838924805,-9.90826080917163e-05,-2.38506683313639e-05,-0.00033990063505688,0.222204690918442,0.248822176304191,-0.0650774569743994,-0.0335851542702381,0.102223411817169,-0.000114945141127019,-1.36338662735627e-06,2.10641191861272e-05,-0.0159371394680342,-0.0175468948915493,-0.0444581019417611,-0.00569763582182558,0.000363663832280783,-0.00327012864581445,0.00193735869904846,0.00441659374575713,-0.232787615754287,-3.15166421990059e-06,-0.393335425402721,-0.00945967168380757,-0.00477275365744467,-0.00658677180297513,0.0111923273696534,-0.000386599278931855,0.001017827144814,0.0107048862210371,-0.0176752144408385,-2.31431418705147e-05,-8.25316024995972e-06,-9.44808210327199e-05,-0.00127380022990588,0.000704834165555935,-0.000793459550701907,-0.000993980137141032,-0.0113811584764417,-0.261661170765059,0.00302689583770509,0.000610868766062207,-0.439872872873436,-0.00510155098385398,-0.0215235072217059,0.0297804214113987,-3.72926681286528e-06,6.88261852972084e-16,0.0013246148200912,-0.0699534632297996,-1.52874144586587e-15,1.18233927441248e-05,0.000108757606381941,2.04123476471144e-06,8.33771113333531e-06,0.000889820638398781,7.2350493847177e-06,-0.00113297745168154,2.44843332407266e-06,2.67702780527872e-05,0.01952179319004,1.65879723727288e-05,0.00204895394613316,7.69783786097232e-08,0.010799596789445,-3.18794315968224e-05,0.00130120601247833,-0.00264570803090056,-0.0113608142701464,-0.0201265104473489,-9.48270627859673e-07,-1.12174580887256e-05,0.00783287479276954,1.14627810648305e-05,2.48785211505643e-09,1.880835391979e-06,0.00170835990497151,-0.0683523837241775,5.7603860344257e-15,-1.78667490991363e-10,-0.000132965001339279,2.29724869038752e-06,0.000647866537844118,3.98944452669524e-06,-0.000301730853195672,-5.06610183061167e-06,-1.21461056911669e-16,-5.65089471418479e-05,-2.71440216595246e-05,-6.860857751548e-08,-1.50901193029736e-07,4.29338437988045e-16,-2.3168909840688e-16,-8.49783296205749e-10,-1.50060018750954e-16,-6.37237981028674e-10,-1.7466982012984e-16,-8.63669096776693e-06,1.05104356158e-16,0.00247445365036636,-8.26174924081273e-06,3.30705645076713e-17,-9.82068981336947e-17,-8.92757864890716e-06,-1.49328698694973e-09,-1.30772893550871e-16,-6.10718347569242e-06,9.10471011760834e-07,8.03634754520563e-09,1.628061345534e-16,-5.49015310834367e-07,-3.64657005499686e-06,-3.74691985981852e-16,-9.53673433716326e-17,1.07857585521138e-16,9.03226809542631e-17,5.56406928531882e-17,1.67680024128831e-09,4.96543883513e-16,6.23419346552364e-10,2.51064862955181e-17,-1.26431254065297e-09,-4.96856078513802e-16,2.35316469126139e-05,5.99168525806617e-16,-9.91643108620144e-17,2.76056655620559e-17
"t59",0.0890947695407999,0.0850475255829028,0.00458987354678552,0.104724598895077,0.0356515567738994,0.0156743855904777,0.00927139069572156,-0.00132352727408821,-7.45016403786925e-05,-1.32133078479949e-05,0.0111578166886516,-6.00086059924095e-06,-1.54939519648483e-05,0.0148736901342271,0.0190658442144642,-0.0006128417681574,-0.0127527311436168,-0.0895583834765699,-0.0071039849993455,0.00363197539591383,0.0154691841104039,0.00611891940489622,-0.000932715066493204,1.91753607574831e-05,-0.000110768301086456,-2.90064238810257e-06,0.271804854902108,0.000408253749222598,-0.0121693432567529,0.00147232863523697,-0.000327014806235734,-6.4709234213013e-05,-3.0164376054767e-06,-0.000268464747608128,-0.000187577763716362,-7.87422841240862e-08,-0.00627842397952554,2.11743399686185e-05,-0.000400691232617862,-0.00185644380907653,-1.0374337927044e-06,-0.00146420167066472,-1.21250781772876e-06,0.000358891886753136,0.000557837507564562,-0.000419938284556621,-0.000823948442749211,-0.00053309895504806,-1.96643823084389e-05,-3.02988805340112e-09,3.30544322158105e-07,-0.000279670035307923,-0.0187180931347499,0.00329487754364946,0.013171897650197,-9.93706591954934e-08,-2.90109510958051e-06,5.25437703354438e-06,3.45005624394515e-05,-0.00250552680868979,-1.20064862130551e-07,-0.00285355696441883,-8.61722337433694e-05,-5.96127739584639e-05,0.0022742280468679,0.000140698346323081,0.00810592532767629,1.89036182764417e-05,0.00022358836042575,-0.000663779347539676,-1.70658175330368e-06,-5.52869098572779e-06,-0.210253192849465,3.68950694750374e-05,-4.50934121636049e-06,0.00185555123670987,-2.43653776249992e-06,-0.000226049281677741,-0.00760143532790985,-9.86871401308638e-06,8.62389445692843e-06,-0.00865292811141738,-0.000101809048270747,0.00227647696434347,-0.535570426976606,7.79219034331351e-07,7.57952475853041e-15,0.0105329400207371,0.00478584612391498,-7.75871457291934e-16,-6.25351706734593e-07,-4.86009427323849e-06,-8.7336869454445e-08,-3.21283753604524e-07,-3.36475560174363e-05,-2.98758810996834e-07,-0.169949445839735,-6.47385332492971e-08,-7.27170953875473e-07,0.00451082017059922,-3.74398489479818e-07,-4.59370956055709e-05,-1.80544907503953e-09,0.00446360081917256,7.81558787011049e-07,0.199348893733351,6.04823731953495e-05,-0.11263074961297,-0.259647096608395,-6.24834966407865e-05,6.14116268434031e-09,0.0122541848292703,-9.00142629917327e-08,-2.7406048329325e-11,-6.16200090848992e-08,-8.47162105766259e-05,0.0126323636023765,-2.07965365860375e-15,-7.9144768193272e-12,-4.16131940317946e-06,2.51988569185939e-08,-0.000102495232435991,0.000187367859876526,2.9977629591751e-07,5.17892979861905e-09,-8.42238661180032e-16,0.000246338978359347,9.96039206485749e-05,1.77894688375387e-10,4.00960800304698e-10,-5.39968010901546e-16,1.04659922748957e-15,2.91447095191829e-12,4.44950133509091e-16,2.06201527230849e-12,6.50004357633107e-16,0.000840625703096322,-1.96214538045086e-17,-0.00140643078137661,-7.52519835250013e-08,3.89451104024358e-16,3.11769214735296e-16,0.00138573741845926,3.26221610380431e-12,1.19592622306803e-16,2.12014269297254e-06,-0.000164002111820885,-1.52838916045847e-11,8.46920870179922e-16,2.57573179271404e-05,6.34462503818666e-09,-8.71236354670289e-16,-1.04908322489505e-16,1.18265926376999e-16,3.37458675047236e-17,2.8403429035207e-16,-1.69586549375511e-12,-4.89717842633883e-16,-2.35499522199854e-13,2.07252451273083e-16,1.58989314443086e-06,1.9690076081258e-16,9.22646982925908e-07,-1.53142976107917e-16,-1.0034682565385e-16,1.68118267116177e-16
"t167",0.0935536057841632,0.094249796954861,0.00526662972170836,0.14421020411481,0.049252819372494,0.0267213183441591,0.019229029586957,-0.00356799796242264,-0.000411231793492383,-8.1926348366752e-05,0.223820965895826,0.000112986660720751,4.75469192437476e-05,-0.0403123664610508,-0.0382327784248971,0.00118367087834921,0.025042629270107,0.194533107771485,0.0159241431958872,-0.00832461145737601,0.00859498052041246,0.000992647407278716,-3.78610774968749e-06,-3.87528273858525e-06,2.31867324077446e-05,5.71176763572423e-07,-0.0519603625453381,-7.72024316992402e-05,0.00208555494334122,-0.000248691627578449,4.5641198102425e-05,7.94915032607092e-06,3.64740921981743e-07,1.66487625611467e-05,3.97124968477133e-06,-1.28246590168106e-08,-0.317757641299013,-1.51606082374539e-05,0.00013178237252902,0.000356016211676769,1.54709448529636e-07,3.63050340478734e-05,2.48345687984628e-06,-0.000228387052266398,-0.000294792545600141,0.000144447670213924,0.000241620918837345,0.000142560065798388,5.17868367609414e-06,7.58339542397275e-10,-7.14155809844267e-08,5.99113444971515e-05,0.00370514800005911,-0.000634790296092967,-0.00244870394348241,1.64558722574139e-08,4.61675700542818e-07,-7.8273191142882e-07,-4.34344107835313e-06,0.000300107684750812,1.33734878374669e-08,0.000183937362806483,3.01863317995226e-06,-4.6709097362261e-06,0.000380212502152466,3.85498098919196e-05,0.578294006746829,-9.71819229873592e-06,-8.62990652036457e-05,0.000174013501624281,4.25681107164323e-07,1.39696598038989e-06,0.0533530750696255,-1.11685688187134e-05,2.66851382102343e-06,-0.00371609389312095,-1.68090396001654e-06,3.32559043232786e-06,0.000244958234219948,5.42441971503384e-07,-5.27050136268978e-07,0.000551648836459703,6.50387264678139e-06,-0.00016282088770702,0.037806535830737,-5.41071022860531e-08,-1.60358914217876e-16,-0.00071503652775751,-0.000313538118315764,-4.64202356436864e-17,3.94243847423082e-08,2.94410187204221e-07,5.21910620210761e-09,1.83745675504078e-08,1.90265171413496e-06,1.56396693169862e-08,0.0087221725143731,3.0920516556869e-09,3.3875846585247e-08,-0.000196616365842624,1.34166768202465e-08,1.06148529961284e-06,2.42758337102273e-11,-2.97598942485594e-05,2.39356217231834e-08,0.0543022404596653,-1.57745555058065e-10,-0.00924901986253673,-0.0380699795180967,-4.15080342682562e-05,1.26422335309128e-08,-0.164067384871733,2.51323005396915e-08,4.14330420556665e-12,6.53064278502339e-09,8.81887832962202e-06,-0.00128924517415949,-1.5932512289511e-16,7.87733275443048e-13,4.11022519766693e-07,-2.41978551963751e-09,9.78476366354698e-06,-1.6644770423149e-05,-2.61589076237338e-08,-4.51615963893295e-10,-1.97811855099033e-16,-2.06404227707409e-05,-8.25023231416742e-06,-1.47241783266627e-11,-3.30862954249347e-11,9.1510924458481e-16,-2.86936048505962e-15,-2.3953815243387e-13,-3.55682693364847e-17,-3.09349938613199e-13,4.32954106344911e-15,-0.566594484240332,4.62755868229422e-15,-0.000221648420524311,-9.96680977532178e-09,-1.33422158889515e-15,-8.73637107385634e-16,0.0002223337395328,-1.85686137409931e-17,-1.48516396835605e-15,-6.49665746406338e-09,0.0384263797525684,-1.41594803562242e-13,-4.93714177158266e-16,-2.83052181557518e-08,-9.26272982379969e-12,8.12105567216884e-17,2.66322501369532e-16,-3.69918247229258e-17,-2.41436987954107e-16,-1.15593849603101e-18,-8.6227999459764e-15,9.77974196235066e-16,-7.69322938877858e-15,2.40212197316642e-16,3.37551267704622e-06,5.36819806080496e-17,-7.00586085621134e-08,-2.09326774572933e-16,-6.94732535247476e-16,4.7082751367413e-16
"t166",0.0935520546929945,0.094246599425895,0.00526639473097794,0.144196535930206,0.0492481114355169,0.0267175044724731,0.0192255975370894,-0.00356722544913117,-0.000411116013813259,-8.19027217380311e-05,0.223747783040793,0.000112945629430899,4.75247799571517e-05,-0.0402928579152346,-0.0382115844668296,0.00118299146625284,0.0250272103617538,0.194409079756787,0.0159139257976596,-0.00831924922438748,0.00858865189060129,0.000991894913247713,-3.78316753782358e-06,-3.8719353096821e-06,2.31662483645017e-05,5.70622552454452e-07,-0.0519092072982014,-7.71260589841061e-05,0.00208341649156985,-0.000248435495532054,4.55919708527196e-05,7.94038422961282e-06,3.64337730291693e-07,1.66292158483072e-05,3.96644726069139e-06,-1.28081170341313e-08,-0.317325805328097,-1.51396140475959e-05,0.000131596296211363,0.000355504620073196,1.54485426166913e-07,3.62510199995838e-05,2.479184766376e-06,-0.000227968299502566,-0.00029423899192513,0.000144151541068858,0.000241101310221669,0.000142243599853918,5.16712362486451e-06,7.5661429678222e-10,-7.12432541529732e-08,5.97662626910545e-05,0.00369587071113056,-0.000633182393106671,-0.00244240632860279,1.64114604112718e-08,4.60409897551206e-07,-7.80532247388158e-07,-4.33059122624826e-06,0.000299209369393548,1.33328749735541e-08,0.000183350192766524,3.00885100074351e-06,-4.65541397985138e-06,0.000378942512722499,3.84204749366175e-05,0.576328432854433,-9.6846548563923e-06,-8.5998773246176e-05,0.000173389592067997,4.24130360043824e-07,1.39181718775156e-06,0.0531561897747942,-1.11265831180626e-05,2.65832331066904e-06,-0.00370181980301465,-1.67440875439352e-06,3.31240132824755e-06,0.000243980441753801,5.40241489568426e-07,-5.24893818814403e-07,0.000549380351599571,6.47711982101707e-06,-0.000162118573720818,0.0376396417551003,-5.38649796938407e-08,-1.60670531453112e-16,-0.000711790894835706,-0.000312089030925986,-4.64202356436864e-17,3.92392039880496e-08,2.93007230739768e-07,5.19412399517315e-09,1.82854488461737e-08,1.89339485870543e-06,1.55621500989853e-08,0.00867876120416725,3.07645762289357e-09,3.37043177903492e-08,-0.000195611383974653,1.33467213854656e-08,1.0558282283634e-06,2.41451081294151e-11,-2.95988149385891e-05,2.38044531547178e-08,0.0540025794238662,-1.5685550779908e-10,-0.00919579248717966,-0.0378493786920318,-4.12645570273856e-05,1.25678217017906e-08,-0.16309965253222,2.49813502142799e-08,4.11772888071867e-12,6.48849195701681e-09,8.76174837193176e-06,-0.00128085706936027,-1.60628965243228e-16,7.82577335819487e-13,4.0832734776844e-07,-2.40379922978012e-09,9.72001337431158e-06,-1.65319595160627e-05,-2.59803228234793e-08,-4.48531934311552e-10,-1.9607392606651e-16,-2.04967219629427e-05,-8.19240756599539e-06,-1.46209268172427e-11,-3.28538488691654e-11,9.1114955737022e-16,-2.85156197216909e-15,-2.37667045980635e-13,-3.55682693364847e-17,-3.06745015567339e-13,4.29065702092655e-15,-0.56166734698208,4.58557831124174e-15,-0.000219685755385227,-9.87831519733679e-09,-1.32310378445263e-15,-8.67711953507138e-16,0.000220175490927502,-2.01395823390543e-17,-1.4719679965953e-15,-6.43206057893077e-09,0.0380284340920223,-1.40116531659199e-13,-4.88258222660628e-16,-2.80002770469294e-08,-9.16227706611542e-12,7.88503055377629e-17,2.64587777893555e-16,-3.69918247229258e-17,-2.37640234761618e-16,1.6500772833236e-19,-8.50907214252538e-15,9.69930778791217e-16,-7.57339508492842e-15,2.38477473840665e-16,3.31987749716113e-06,5.53205128219276e-17,-6.83616900865862e-08,-2.08640176773179e-16,-6.91426883490934e-16,4.7082751367413e-16
"t95",0.0916716993071362,0.090309539029038,0.00497419990322804,0.126354731199865,0.0430975581271925,0.0214794761114645,0.0143141577703996,-0.0024083149674365,-0.000220977212797066,-4.26981515878623e-05,0.0945702182300382,3.57334212259904e-05,-4.6194476429398e-06,0.00796960970319646,0.0276664572832037,-0.00110159983092912,-0.0382675826343554,-0.384719881028505,-0.0330691202757956,0.0178218466519391,-0.084240844430342,-0.0220966137143021,0.00260039684156791,-2.41319467778034e-05,0.000121690755956905,1.85395618210693e-06,-0.159380860065306,-0.000232555377567398,0.005528010735124,-0.000649278020556983,0.000102171976843806,1.65245931614066e-05,7.52087331036635e-07,2.74650581839944e-05,5.71141690084876e-06,-1.10535062692843e-08,-0.0117820984174493,7.3862300830437e-06,-0.000179180419231075,-0.00100867661487545,-6.12295452643146e-07,-0.00116252344190102,7.53784702647395e-06,-0.000577394580665398,-0.000708409415875003,0.000300677717235305,0.000473747420127531,0.000270002665884614,9.75261996980501e-06,1.40176758470001e-09,-1.25597124738142e-07,0.000105090859200287,0.00635812235890105,-0.00108234567927821,-0.00414432034091906,2.74767609487189e-08,7.70826914154098e-07,-1.31496280551728e-06,-7.70539730784121e-06,0.000546602374678274,2.54855111907934e-08,0.000560460952713497,1.66523257841037e-05,1.13463703175269e-05,-0.000432338563979925,-2.67575474871019e-05,-0.00235856214663472,-3.63417676249199e-06,-4.35968965672865e-05,0.000143247460092676,4.11148800492736e-07,1.51255981819702e-06,0.0584955196301844,-1.51986696821101e-05,4.74486098145203e-06,-0.00760434212002345,-4.140128001634e-06,-3.67392150003013e-05,-0.000919675309509281,-6.2579724119371e-07,3.97298951005398e-07,-0.000329263187990716,-3.8323735978396e-06,5.26089543426774e-06,0.00202880537404903,-4.62345108092775e-09,-3.82353915272985e-17,-7.81279220652729e-05,-4.06024720220343e-05,6.98062372467597e-17,5.55381044485813e-09,4.32909297619119e-08,7.74235774679274e-10,2.77080706768342e-09,2.8750763670692e-07,2.36603474378397e-09,0.00131700644921108,4.62231495781107e-10,5.04405290064521e-09,-2.89702243418631e-05,1.93175479727414e-09,1.51355686405879e-07,3.51055874920752e-12,-4.37318147526102e-06,3.83110132554009e-09,0.00963209994521689,-3.64273814880201e-07,0.000386804888593219,0.000766198341890483,1.86454875250897e-07,-3.23321774373901e-11,0.00027750841029448,-1.09095539897371e-11,-3.33285680854496e-14,-1.72581267753028e-10,-2.46629363128449e-07,3.83596888721954e-05,2.1492491788226e-17,-2.54533145119928e-14,-1.35296755584601e-08,8.67470623725431e-11,-3.56984766382136e-07,7.4693911935547e-07,1.23192033711303e-09,2.13063065550758e-11,-7.41334931869439e-18,1.07656258130705e-06,4.41735554095464e-07,7.8948605968529e-13,1.78630073907718e-12,-4.71840032359497e-16,1.84914586938454e-16,1.04935930160746e-14,-8.7379981694855e-19,1.69670416168016e-15,-7.36642777088659e-17,-4.00219996919572e-06,-3.24194847999796e-17,3.52207364808444e-06,2.03938672985342e-10,1.94536395051499e-16,5.34819016792125e-17,-5.77933882703942e-05,-3.88700341190623e-14,-1.4079881090062e-17,-3.11351099541015e-08,1.20073768388662e-05,3.42984993614017e-13,-2.91291778328409e-16,-7.29113285716712e-07,-1.88252162997115e-10,-2.42455767693025e-16,5.24661823502224e-18,-2.31140369151113e-17,1.26294111163839e-16,-3.9322751655575e-16,1.56678179096478e-13,5.92347059908853e-17,7.09991755317531e-14,1.03613367497152e-17,-1.70449431751693e-06,4.24627950101065e-17,7.63695359584914e-07,4.05901724663158e-16,-1.74562984995893e-16,-2.74236219257909e-16
"t145",0.0816408293899926,0.0659733162556635,0.00296165604269717,-0.182755150083294,-0.0664293758910796,0.132216783256364,0.0472148067557822,-0.00623577205231225,-0.000392043447425459,-7.0229641420485e-05,0.0152531057025151,-0.00028618551518297,0.000105798145757939,-0.077964536830227,-0.048237568537781,0.00137398743258892,-0.20806084119366,0.011022893459978,0.00127175452302289,-0.000720077415450276,-7.21857598697309e-05,0.00120048430590674,-0.000332734888552792,2.36042337109189e-05,-0.00016718463018658,0.00169609862132158,-0.000615692775546835,0.000339301108876349,-0.0459750081788715,0.00608351717653204,-0.00427046748743533,-0.00422671299926792,-0.000334757669927536,0.00194757134618039,0.000909549245536728,2.15890791236747e-07,1.87576021965858e-05,-3.00465665320548e-05,0.000337119396867183,-0.000138754716426636,-8.10177615158919e-07,3.90258209200968e-05,-0.246965522114041,2.24409171242593e-05,-1.54245701014519e-05,0.000115140182884905,0.000381945785108786,0.00114078768383276,0.530613012089842,-1.22452824924001e-09,-2.62149483795262e-09,3.3190472579731e-06,0.000422003020578009,-5.30816559993927e-05,4.34161414962627e-05,-1.4286655585694e-07,1.77248056304696e-06,-1.49209295055334e-06,-6.82053718344373e-06,0.000483702601037597,2.29559683684811e-08,0.000668455236887671,2.52099703774972e-05,5.51385870164687e-05,-0.0437585808919971,0.000191728450666788,5.95582444222708e-05,2.06335658428012e-06,1.6430572198153e-05,-1.23935566254437e-05,-1.16313246639952e-08,-6.03744703572237e-09,-0.000122475150700582,-2.21035396912975e-07,6.69085857959648e-08,-2.40315673980667e-06,-4.03763458194904e-08,8.85119512699388e-07,3.34644547801925e-05,4.73468225936763e-08,-4.07696030126203e-08,4.00154347379364e-05,4.70107721624562e-07,-5.37392936170578e-06,0.000342544419643544,7.52184338684904e-10,-7.24697459535729e-16,0.00912505216423938,-2.0111627768686e-07,-3.5433365262957e-16,-9.03184429326483e-10,-1.14839075709805e-08,-2.279094955714e-10,-1.04097461111485e-09,-1.13216578486181e-07,-1.00174667048349e-09,-1.63074003504367e-05,-3.5666253395482e-10,-4.0043212060104e-09,2.53524902583344e-05,-2.20416560906827e-09,-2.74031526682073e-07,-1.06010509988763e-11,2.57634842746092e-05,3.97608378159377e-09,3.94280668969676e-05,3.78325430841556e-07,-0.00272563984096703,0.000458869181458195,6.50701555895365e-05,-5.78731039864523e-12,0.000133231488276941,6.16084675327897e-11,1.29137560305226e-13,1.0410173708831e-09,1.56918886404236e-06,-0.000260808472285978,5.84186912359662e-16,1.89663864277583e-13,1.04961977758588e-07,-7.7770003342472e-10,3.31460902005738e-06,3.62288430539727e-05,-3.40211466667719e-08,-5.9904244913951e-10,8.86930044818946e-14,-0.323128048928098,0.514617793372912,-1.11405609189488e-09,-3.74354499331943e-10,1.71926011100931e-15,2.90008018803332e-16,-8.31757724043653e-14,-2.08074642714682e-15,-1.45524958918202e-13,7.59222518331937e-16,-6.21724319662091e-07,-1.58899308580378e-15,0.000532455035642431,1.20348173653003e-07,-3.52021730149923e-16,2.23673665562019e-16,-4.73953025084762e-07,-4.70896747547179e-13,-2.01805994023289e-16,-0.000104249873618136,5.8212978729824e-08,3.48141353953544e-12,-5.45450729769067e-16,-3.84506530402183e-08,-1.82085738788565e-09,1.08136222037878e-15,7.18341626660449e-16,3.90353001884783e-16,5.48458588113252e-16,2.26827669942212e-17,1.54600498840179e-12,-5.68280620982024e-16,1.24355733258879e-12,4.98136021177235e-17,-2.80902477925991e-10,-2.33803861774654e-16,-0.00563813196249112,2.5390734869764e-16,-5.39271838308165e-17,-8.37435985672271e-16
"t39",0.058859447895008,0.0225097266777954,1.23642806583653e-05,-0.0732034587639252,-0.0237664394837576,-0.202099668096623,-0.168072013969382,0.0536464991134034,-0.0110068759532556,-0.00145306399625635,0.0219773056024355,-0.00182836832794656,0.000272204596935176,-0.167488537199129,0.124921811465458,0.00133978261877583,-0.00107579454186469,-0.000221697896386357,3.8448916645605e-05,-6.91419063321541e-05,0.0092941848292864,-0.00780717095394563,0.00374193089978469,0.000434709658430931,-0.0019612547457268,0.00550684315392197,-0.000147423351757178,0.000782657562479789,-0.0146565276469349,-4.21550327187325e-05,0.169592744490467,-0.0339184009834935,-0.00241852087453158,0.00361728115212757,0.000956288851306061,-1.6492742012285e-08,-1.23396954309827e-06,2.42093019478445e-05,-0.000332522028875441,-0.000289462296701462,3.88598774650609e-07,2.40971684328632e-07,-7.45217976657406e-06,0.00682786552043616,0.0099085474462073,-0.00797088155387636,-0.0218056354459689,-0.0327775710482986,8.99252811003909e-05,1.780733832852e-07,-4.56938272627861e-07,0.000282757092036472,-0.00176615901106768,-0.000929262251706777,-0.00194094481760323,3.78588759414519e-05,-0.000446767221765716,0.000409043394578868,0.00337482053022582,-0.313178737946811,-2.55474739673034e-05,0.262207900142841,0.0050978799456622,0.0020787691283334,-0.00108077407746742,-0.00451846875402398,-0.000148388439917792,-0.000369651046315283,-0.00382416349769374,0.00628147939618503,8.53448446350125e-06,3.39306760479185e-06,0.0092721566349643,0.000547371509447468,-0.000355674700034086,0.00175861851867516,0.000598428287389485,0.0154881386581977,0.577247179635317,0.00869665159463263,0.000735802408568313,-0.386165109959438,-0.00440965131494108,0.0796100661180359,-0.00630006669940682,-3.51759799285685e-07,1.12141032216088e-15,-0.000304421596423555,-0.00435873045182182,-2.7612323265709e-16,6.06822649656505e-07,4.76101599595517e-06,8.53401981253566e-08,3.08440050276381e-07,3.20984096390504e-05,2.37524215399198e-07,0.000258907223836227,9.51624132539929e-08,1.23402407543343e-06,-0.0676014092872043,9.75161043287703e-10,7.39808599594185e-06,3.0856596553677e-10,-0.0023837561169572,-7.50308897501271e-08,-6.99672063824731e-05,-3.3870038762713e-06,0.000450304018050242,0.00072273013386567,2.69565618605884e-08,1.31926251050489e-10,-0.000192985165439318,-1.36540868228909e-09,1.53773056520193e-12,4.25790499511531e-08,7.01087178378538e-05,-0.0130415465834322,3.53841099821975e-15,1.1627943334676e-11,6.81602721526095e-06,-1.08655295705274e-07,-0.149131023809084,-4.99635018531152e-05,3.02375757671392e-06,5.06565739433787e-08,4.97099497509169e-16,2.35006140022012e-05,9.43739466324587e-06,5.91588411952548e-10,1.29168539772312e-09,-1.27695312537296e-17,1.84539829357425e-16,5.81239236873041e-12,1.30062340171706e-16,3.89153100065239e-12,-5.13051479885534e-16,6.41435276650871e-07,-4.54965017304998e-17,-0.000171758393597489,0.000210087608268224,1.24653154946864e-16,-3.13016948763908e-17,4.40403227282237e-07,6.68046067091144e-12,2.46046103368287e-16,2.745697803595e-07,-3.46614042007798e-08,-2.93910939144886e-11,-6.40729965568723e-16,1.7490380563243e-08,1.16164455682797e-08,-4.31064665296267e-16,6.26747038750249e-17,-2.05792672754917e-16,-7.06473521849207e-16,3.68715952794119e-16,-7.49768453942858e-13,3.3245321481199e-16,3.00886820546294e-12,1.07782874180157e-16,-5.70439473619585e-11,-1.68991756277077e-16,-1.71616632536979e-06,9.41883916788735e-16,1.2342137579487e-16,4.63061917226934e-16
"t30",0.0586352306133913,0.0223338337083003,1.22370185691806e-05,-0.0715909737213419,-0.0232383999068293,-0.195345263442337,-0.161006295326138,0.0508927764683844,-0.0102634064152658,-0.00135239778808772,0.0202379171932377,-0.00166644542808629,0.000240566520646367,-0.147164241310035,0.107229866653925,0.00114220853381858,-0.000903476056860232,-0.000184670475445881,3.19778569490487e-05,-5.74499906415456e-05,0.00743774703946776,-0.00618779008555169,0.0029407222027935,0.000326920797137676,-0.00145878133467684,0.00387538125111343,-0.000102681554031687,0.000543196880931884,-0.00988394860665335,-2.83183560756762e-05,0.108860523706701,-0.0212126832603824,-0.00150800227675012,0.00205530869423492,0.000510076535812625,-7.03312392915641e-09,-3.41095198189614e-07,4.67367441205153e-06,-2.51370026722103e-05,2.19093039647056e-05,-6.33726616534287e-08,-1.6665029772278e-07,-1.05824211481675e-05,0.00761781753044098,0.0104195158484823,-0.00715161350892482,-0.0183071109850468,-0.0264316143787491,7.20210741366897e-05,1.39373600480351e-07,-3.33758633979349e-07,0.000205684602361042,-0.00123605305143633,-0.000641695562432456,-0.00131673878668854,2.42545679361157e-05,-0.000280775466620647,0.000249295123701719,0.00192330828309515,-0.175645255081676,-1.40424231387177e-05,0.133871481243161,0.00254185152980286,0.000997388805461508,-0.000512591021287505,-0.0021268187995396,-6.82720955595046e-05,-0.000165448776192679,-0.0016853963015675,0.00261047928942041,3.43074652228459e-06,1.32985243508836e-06,0.0036241711414003,0.00020508761030683,-0.000128316249501762,0.000625284877520988,0.00020957295874213,0.00505753685945744,0.185052667169717,0.00265717072459797,0.000218917814624741,-0.113028401659956,-0.00128948012295258,0.0196077898900672,-0.00140525622309862,-7.35710975196532e-08,2.24747934330533e-16,-5.91741356953839e-05,-0.00076448352452267,-1.67346756957386e-16,9.59149819226728e-08,6.77872036100868e-07,1.17313026475944e-08,3.78996512031373e-08,3.83238612002547e-06,2.33660445664997e-08,2.4244851902786e-05,7.46153171175301e-09,9.10172092028574e-08,-0.00423923374021183,3.80574631151527e-11,9.1737449696378e-08,-1.41712564462892e-13,1.62921084486757e-05,1.68253881328154e-09,2.18933423588527e-06,2.03077404336957e-07,-3.8729232948876e-05,-6.87905408710599e-05,-3.00875908053843e-09,-1.53392456246867e-11,2.29905541666031e-05,1.96507971017086e-10,-2.79587318595438e-13,-1.01609147125708e-08,-1.69469533590015e-05,0.0031829586353051,-1.64689870123707e-16,-2.81642609785071e-12,-1.63295280901598e-06,1.79014530001841e-08,0.00767217388057188,1.76365676010933e-05,-1.08861503322322e-06,-1.8254127894323e-08,9.08810182598785e-17,-9.09195505264931e-06,-3.74858649010368e-06,-2.35441577784189e-10,-5.17883306239817e-10,-3.19610750365347e-16,3.25072874791744e-16,-3.43958640364785e-12,-4.85597768920347e-17,-2.88720694709754e-12,-1.13634531256594e-16,-5.23170768438835e-07,1.65552333536478e-17,0.000147180808160751,-0.000181344829479825,-1.37887585805942e-17,-6.33282181872e-17,-4.77030141707529e-07,-7.31179902146547e-12,1.41411540738168e-17,-3.14984068438548e-07,4.37019067130342e-08,3.77737007596572e-11,-1.21792561272058e-16,-2.40958283193745e-08,-1.62388764738206e-08,-1.98608538045726e-16,4.39995731821942e-17,-5.12773357881984e-17,-4.55143486289104e-16,2.52175165916086e-16,1.55138759518578e-12,2.03052856606294e-16,-9.2599456181942e-12,2.59114309006759e-17,1.83396259591441e-10,-2.44527381662532e-17,1.15420361301115e-05,5.58285674399878e-16,6.20429358839977e-17,1.33992451208552e-16
"t25",0.0576150022356672,0.0215323015459158,1.16565625144723e-05,-0.0642045071496583,-0.0208193899409548,-0.164277127734947,-0.128406967208599,0.0381470462841645,-0.00680384772184209,-0.000883716453724468,0.0121154304461626,-0.000908298911822995,9.1497863981148e-05,-0.0513209195680143,0.0236229560968842,0.000208367740689852,-8.93544556500545e-05,-9.86435316452817e-06,1.43368402157726e-06,-2.26948502726531e-06,-0.0012395661347138,0.00134947958272054,-0.000772005981062502,-0.000155259001925722,0.000760588972519949,-0.00266611608624499,7.21262728813928e-05,-0.000383421466105378,0.00691949905178851,1.96565285787514e-05,-0.0549191600181252,0.00568672709061681,0.000351496148281865,0.00425223738611063,0.00317838927439466,1.53752469708178e-06,2.18583307127033e-05,-0.000416969155159056,0.00603964173865313,0.0058669117751982,-8.42257301051815e-06,-7.5055829293653e-06,-9.22709611285428e-05,0.0483461862322937,0.0599428949043761,-0.0303540521952584,-0.0674328203773159,-0.0890806144929245,0.000239054613318166,4.39315877059087e-07,-8.98170708474399e-07,0.000548244451470318,-0.00300863016937195,-0.00151281356651757,-0.00297430641066643,4.75201907244708e-05,-0.000523452772767589,0.000428243964523953,0.00272364068293747,-0.236650497895238,-1.77249961842795e-05,0.12890446990202,0.00221237905593127,0.000721296123133516,-0.00034836645214245,-0.00138495160415705,-3.86826198426061e-05,-7.70533099639662e-05,-0.000690822219087828,0.000526505810076692,2.97161957811545e-07,4.80876911251924e-10,-3.20523979722988e-05,-3.07677419614628e-05,3.50797498388372e-05,-0.000200158629881601,-7.71856752840263e-05,-0.00295530247355343,-0.118324087425105,-0.00206984293868488,-0.000186861340340847,0.101553917409645,0.00116183787158281,-0.0258487003869482,0.00211401173773384,1.17566207404009e-07,-4.13084066252037e-16,9.90532150787722e-05,0.00131168078325702,1.27550381320624e-16,-1.59725312821565e-07,-1.01617392532086e-06,-1.65722428277607e-08,-3.8443374904157e-08,-3.36648795929182e-06,1.17661532420126e-08,2.46596265484813e-05,2.7422500901676e-08,4.54547615467648e-07,-0.043327227213545,-8.77192019665892e-08,1.73046703995236e-06,2.02346198466858e-10,-0.00203012896118828,-1.02116590926363e-07,-0.000118377411087134,-1.06788518368948e-05,0.00248182741714352,0.00492780514062016,2.82136550293557e-07,1.58624405940039e-09,-0.00254072659209678,-5.7412692509999e-08,-5.00855785311715e-11,-4.91929501484431e-07,-0.000773091449602487,0.135821939207404,-1.11261031384689e-14,-1.09437147280971e-10,-6.18235207343256e-05,5.3737701677855e-07,-0.00115836099861959,0.000498604893585945,-2.89076869171152e-05,-4.83587006597431e-07,2.58408728803658e-16,-0.000208671774446957,-8.23425791481425e-05,-5.15555705585214e-09,-1.12077099155695e-08,-4.34813228862219e-16,9.98099413806662e-16,-4.65913297473404e-11,6.87938506165959e-17,-3.2186677878742e-11,1.11003366551048e-16,-5.4365764449608e-06,-1.31033459880661e-16,0.001477332297104,-0.000117454274618441,-6.05976094542811e-17,2.20091909093293e-16,-4.14545257647953e-06,-6.31726801665585e-11,1.03474188489502e-17,-2.65323331980242e-06,3.50849397477172e-07,3.00458223360568e-10,-6.48670071091219e-17,-1.85549955123493e-07,-1.24228977506309e-07,-7.42896872902428e-17,3.98063626161081e-17,-1.69581699569156e-17,-4.24593611482645e-16,7.80821738875474e-17,1.02288015123821e-11,1.62456071796716e-16,-5.48678923671684e-11,-9.34554588158084e-17,1.07627964269523e-09,8.74064049059247e-17,6.0327619590721e-05,3.41084468920778e-16,-3.07951533710522e-17,-1.20153337437637e-16
