"","t1","t2","t3","t4","t5","t6","t7","t8","t9","t10","t11","t12","t13","t14","t15","t16","t17","t18","t19","t20","t21","t22","t23","t24","t25","t26","t27","t28","t29","t30","t31","t32","t33","t34","t35","t36","t37","t38","t39","t40","t41","t42","t43","t44","t45","t46","t47","t48","t49","t50","t51","t52","t53","t54","t55","t56","t57","t58","t59","t60","t61","t62","t63","t64","t65","t66","t67","t68","t69","t70","t71","t72","t73","t74","t75","t76","t77","t78","t79","t80","t81","t82","t83","t84","t85","t86","t87","t88","t89","t90","t91","t92","t93","t94","t95","t96","t97","t98","t99","t100","t101","t102","t103","t104","t105","t106","t107","t108","t109","t110","t111","t112","t113","t114","t115","t116","t117","t118","t119","t120","t121","t122","t123","t124","t125","t126","t127","t128","t129","t130","t131","t132","t133","t134","t135","t136"
"t1",0,3.73745708177949,2.36902115158184,2.89229649930766,3.39061542948468,4.06879178224617,4.19210535942239,4.88809566873577,6.81265954174592,11.9596008101943,7.50153741621921,8.14459798781394,7.72630416281646,9.85289672030619,8.71135237943078,8.28330052963825,8.06385013993763,8.72163835503775,9.634526040692,11.9596008101943,11.9596008101943,11.9596008101943,10.7668526743787,10.5938253010923,11.9596008101943,11.9596008101943,10.2454186314786,10.2955136150682,11.9596008101943,11.9596008101943,11.1745915883292,11.9596008101943,11.9596008101943,11.9596008101943,11.5881694024127,11.8314049471138,11.9596008101943,11.9596008101943,11.9596008101943,11.9596008101943,11.9596008101943,11.9596008101943,11.9596008101943,11.9596008101943,11.9596008101943,11.9596008101943,11.9596008101943,11.9596008101943,11.9596008101943,11.0616884987853,11.1766199688757,11.1239654465245,10.981383131247,11.9596008101943,11.9596008101943,11.9596008101943,11.9596008101943,11.9596008101943,11.9596008101943,11.1886020779944,11.9596008101943,11.9596008101943,11.2790151411568,11.9596008101943,11.9596008101943,11.1599817035778,11.9596008101943,11.9596008101943,11.9596008101943,11.9596008101943,11.9596008101943,11.9596008101943,11.9596008101943,11.9596008101943,11.8190145246532,11.9596008101943,11.4776748209702,11.4997013228836,11.9596008101943,11.9596008101943,11.9596008101943,11.9596008101943,11.9596008101943,11.9596008101943,11.9596008101943,11.9596008101943,11.9596008101943,11.9596008101943,11.9596008101943,11.9596008101943,11.9596008101943,11.9596008101943,11.9596008101943,11.9596008101943,11.9596008101943,11.9596008101943,11.9596008101943,11.8427055122881,11.9596008101943,11.9596008101943,11.9596008101943,11.9596008101943,11.9596008101943,11.9596008101943,11.9596008101943,11.9596008101943,11.9596008101943,11.9596008101943,11.9596008101943,11.9596008101943,11.9596008101943,11.9596008101943,11.9596008101943,11.9596008101943,11.9596008101943,11.9596008101943,11.9596008101943,11.9596008101943,11.9596008101943,11.9596008101943,11.9596008101943,11.9596008101943,11.9596008101943,11.9596008101943,11.9596008101943,11.9596008101943,11.9596008101943,11.9596008101943,11.9596008101943,11.9596008101943,11.9596008101943,11.9596008101943,11.9596008101943,11.9596008101943,11.9596008101943,11.9596008101943
"t2",3.73745708177949,0,1.40889410599536,4.1131790719296,4.61149800210662,5.28967435486811,5.41298793204433,6.10897824135771,8.03354211436786,13.1804833828163,6.54141037063274,7.18447094222746,6.76617711722999,11.0737792929281,9.93223495205272,9.50418310226019,9.28473271255957,9.94252092765969,10.8554086133139,10.9994737646078,13.1804833828163,10.9994737646078,9.80672562879227,11.8147078737142,13.1804833828163,13.1804833828163,9.28529158589216,9.33538656948174,10.9994737646078,10.9994737646078,12.3954741609511,13.1804833828163,10.9994737646078,10.9994737646078,10.6280423568262,10.8712779015274,13.1804833828163,10.9994737646078,10.9994737646078,10.9994737646078,10.9994737646078,13.1804833828163,13.1804833828163,13.1804833828163,13.1804833828163,13.1804833828163,10.9994737646078,10.9994737646078,13.1804833828163,12.2825710714072,10.2164929232893,10.163838400938,12.202265703869,13.1804833828163,13.1804833828163,13.1804833828163,13.1804833828163,10.9994737646078,10.9994737646078,12.4094846506163,13.1804833828163,10.9994737646078,12.4998977137788,13.1804833828163,10.9994737646078,10.1998546579913,10.9994737646078,10.9994737646078,13.1804833828163,13.1804833828163,10.9994737646078,10.9994737646078,13.1804833828163,13.1804833828163,13.0398970972752,13.1804833828163,12.6985573935921,12.7205838955056,10.9994737646078,10.9994737646078,10.9994737646078,13.1804833828163,13.1804833828163,13.1804833828163,10.9994737646078,10.9994737646078,10.9994737646078,10.9994737646078,10.9994737646078,10.9994737646078,10.9994737646078,10.9994737646078,13.1804833828163,13.1804833828163,10.9994737646078,10.9994737646078,10.9994737646078,10.8825784667016,10.9994737646078,10.9994737646078,10.9994737646078,13.1804833828163,10.9994737646078,10.9994737646078,10.9994737646078,10.9994737646078,10.9994737646078,13.1804833828163,13.1804833828163,13.1804833828163,13.1804833828163,13.1804833828163,10.9994737646078,10.9994737646078,10.9994737646078,10.9994737646078,10.9994737646078,10.9994737646078,10.9994737646078,13.1804833828163,13.1804833828163,13.1804833828163,13.1804833828163,10.9994737646078,10.9994737646078,10.9994737646078,10.9994737646078,10.9994737646078,10.9994737646078,10.9994737646078,10.9994737646078,10.9994737646078,10.9994737646078,10.9994737646078,10.9994737646078,10.9994737646078
"t3",2.36902115158184,1.40889410599536,0,2.74474314173195,3.24306207190897,3.92123842467046,4.04455200184668,4.74054231116006,6.66510618417021,11.8120474526186,5.14547206973868,5.7885326413334,5.37023881633593,9.70534336273048,8.56379902185507,8.13574717206254,7.91629678236192,8.57408499746204,9.48697268311629,9.60353546371379,11.8120474526186,9.60353546371379,8.41078732789821,10.4462719435166,11.8120474526186,11.8120474526186,7.88935328499811,7.93944826858769,9.60353546371379,9.60353546371379,11.0270382307535,11.8120474526186,9.60353546371379,9.60353546371379,9.23210405593215,9.47533960063332,11.8120474526186,9.60353546371379,9.60353546371379,9.60353546371379,9.60353546371379,11.8120474526186,11.8120474526186,11.8120474526186,11.8120474526186,11.8120474526186,9.60353546371379,9.60353546371379,11.8120474526186,10.9141351412095,8.8205546223952,8.76790010004398,10.8338297736713,11.8120474526186,11.8120474526186,11.8120474526186,11.8120474526186,9.60353546371379,9.60353546371379,11.0410487204187,11.8120474526186,9.60353546371379,11.1314617835811,11.8120474526186,9.60353546371379,8.80391635709726,9.60353546371379,9.60353546371379,11.8120474526186,11.8120474526186,9.60353546371379,9.60353546371379,11.8120474526186,11.8120474526186,11.6714611670775,11.8120474526186,11.3301214633945,11.3521479653079,9.60353546371379,9.60353546371379,9.60353546371379,11.8120474526186,11.8120474526186,11.8120474526186,9.60353546371379,9.60353546371379,9.60353546371379,9.60353546371379,9.60353546371379,9.60353546371379,9.60353546371379,9.60353546371379,11.8120474526186,11.8120474526186,9.60353546371379,9.60353546371379,9.60353546371379,9.48664016580756,9.60353546371379,9.60353546371379,9.60353546371379,11.8120474526186,9.60353546371379,9.60353546371379,9.60353546371379,9.60353546371379,9.60353546371379,11.8120474526186,11.8120474526186,11.8120474526186,11.8120474526186,11.8120474526186,9.60353546371379,9.60353546371379,9.60353546371379,9.60353546371379,9.60353546371379,9.60353546371379,9.60353546371379,11.8120474526186,11.8120474526186,11.8120474526186,11.8120474526186,9.60353546371379,9.60353546371379,9.60353546371379,9.60353546371379,9.60353546371378,9.60353546371379,9.60353546371379,9.60353546371379,9.60353546371379,9.60353546371379,9.60353546371379,9.60353546371379,9.60353546371379
"t4",2.89229649930766,4.1131790719296,2.74474314173195,0,2.38212520574209,1.58161427074654,1.70492784792276,3.87960544499318,4.32548203024629,10.9511105864517,7.87725940636932,8.52031997796405,8.10202615296657,7.36571920880656,6.22417486793115,7.27481030589566,7.05535991619504,6.23446084353812,7.14734852919237,12.3353228003444,9.47242329869469,12.3353228003444,11.1425746645289,8.10664778959265,10.9511105864517,10.9511105864517,10.6211406216288,10.6712356052183,12.3353228003444,12.3353228003444,8.68741407682957,9.47242329869469,12.3353228003444,12.3353228003444,11.9638913925628,12.207126937264,9.4724232986947,12.3353228003444,12.3353228003444,12.3353228003444,12.3353228003444,9.4724232986947,9.4724232986947,9.47242329869469,9.4724232986947,9.4724232986947,12.3353228003444,12.3353228003444,10.9511105864517,8.57451098728563,11.5523419590258,11.4996874366746,8.49420561974741,9.4724232986947,9.4724232986947,10.9511105864517,10.9511105864517,12.3353228003444,12.3353228003444,8.70142456649475,9.47242329869469,12.3353228003444,10.2705249174142,9.47242329869469,12.3353228003444,11.5357036937279,12.3353228003444,12.3353228003444,10.9511105864517,10.9511105864517,12.3353228003444,12.3353228003444,9.47242329869469,9.47242329869469,9.3318370131536,9.47242329869469,10.4691845972276,10.4912110991411,12.3353228003444,12.3353228003444,12.3353228003444,9.4724232986947,9.4724232986947,9.4724232986947,12.3353228003444,12.3353228003444,12.3353228003444,12.3353228003444,12.3353228003444,12.3353228003444,12.3353228003444,12.3353228003444,10.9511105864517,10.9511105864517,12.3353228003444,12.3353228003444,12.3353228003444,12.2184275024382,12.3353228003444,12.3353228003444,12.3353228003444,9.47242329869469,12.3353228003444,12.3353228003444,12.3353228003444,12.3353228003444,12.3353228003444,10.9511105864517,10.9511105864517,9.4724232986947,9.4724232986947,9.4724232986947,12.3353228003444,12.3353228003444,12.3353228003444,12.3353228003444,12.3353228003444,12.3353228003444,12.3353228003444,9.4724232986947,9.4724232986947,9.47242329869469,9.47242329869469,12.3353228003444,12.3353228003444,12.3353228003444,12.3353228003444,12.3353228003444,12.3353228003444,12.3353228003444,12.3353228003444,12.3353228003444,12.3353228003444,12.3353228003444,12.3353228003444,12.3353228003444
"t5",3.39061542948468,4.61149800210662,3.24306207190897,2.38212520574209,0,3.5586204886806,3.68193406585682,2.7797641372357,6.30248824818035,9.85126927869425,8.37557833654635,9.01863890814107,8.6003450831436,9.34272542674062,8.20118108586521,6.17496899813818,5.95551860843756,8.21146706147218,9.12435474712643,12.8336417305215,11.4494295166288,12.8336417305215,11.6408935947059,10.0836540075267,9.85126927869425,9.85126927869425,11.1194595518058,11.1695545353954,12.8336417305215,12.8336417305215,10.6644202947636,11.4494295166288,12.8336417305215,12.8336417305215,12.4622103227398,12.705445867441,11.4494295166288,12.8336417305215,12.8336417305215,12.8336417305215,12.8336417305215,11.4494295166288,11.4494295166288,11.4494295166288,11.4494295166288,11.4494295166288,12.8336417305215,12.8336417305215,9.85126927869425,10.5515172052197,12.0506608892029,11.9980063668516,10.4712118376815,11.4494295166288,11.4494295166288,9.85126927869425,9.85126927869425,12.8336417305215,12.8336417305215,10.6784307844288,11.4494295166288,12.8336417305215,9.17068360965676,11.4494295166287,12.8336417305215,12.0340226239049,12.8336417305215,12.8336417305215,9.85126927869425,9.85126927869425,12.8336417305215,12.8336417305215,11.4494295166288,11.4494295166288,11.3088432310877,11.4494295166287,9.36934328947009,9.39136979138357,12.8336417305215,12.8336417305215,12.8336417305215,11.4494295166288,11.4494295166288,11.4494295166288,12.8336417305215,12.8336417305215,12.8336417305215,12.8336417305215,12.8336417305215,12.8336417305215,12.8336417305215,12.8336417305215,9.85126927869425,9.85126927869425,12.8336417305215,12.8336417305215,12.8336417305215,12.7167464326152,12.8336417305215,12.8336417305215,12.8336417305215,11.4494295166288,12.8336417305215,12.8336417305215,12.8336417305215,12.8336417305215,12.8336417305215,9.85126927869425,9.85126927869425,11.4494295166288,11.4494295166288,11.4494295166288,12.8336417305215,12.8336417305215,12.8336417305215,12.8336417305215,12.8336417305215,12.8336417305215,12.8336417305215,11.4494295166288,11.4494295166288,11.4494295166288,11.4494295166288,12.8336417305215,12.8336417305215,12.8336417305215,12.8336417305215,12.8336417305215,12.8336417305215,12.8336417305215,12.8336417305215,12.8336417305215,12.8336417305215,12.8336417305215,12.8336417305215,12.8336417305215
"t6",4.06879178224617,5.28967435486811,3.92123842467046,1.58161427074654,3.5586204886806,0,1.69239781831342,5.05610072793169,4.31295200063695,12.1276058693902,9.05375468930784,9.69681526090256,9.27852143590509,7.83078439832001,6.68924005744461,8.45130558883417,8.23185519913355,6.22193081392878,7.13481849958303,13.5118180832829,9.93748848820815,13.5118180832829,12.3190699474674,8.09411775998331,12.1276058693902,12.1276058693902,11.7976359045673,11.8477308881568,13.5118180832829,13.5118180832829,8.67488404722023,9.45989326908535,13.5118180832829,13.5118180832829,13.1403866755013,13.3836222202025,9.45989326908536,13.5118180832829,13.5118180832829,13.5118180832829,13.5118180832829,9.93748848820815,9.93748848820815,9.93748848820815,9.45989326908536,9.45989326908536,13.5118180832829,13.5118180832829,12.1276058693902,8.56198095767629,12.7288372419644,12.6761827196131,8.48167559013807,9.45989326908536,9.45989326908536,12.1276058693902,12.1276058693902,13.5118180832829,13.5118180832829,8.68889453688541,9.45989326908535,13.5118180832829,11.4470202003527,9.45989326908535,13.5118180832829,12.7121989766664,13.5118180832829,13.5118180832829,12.1276058693902,12.1276058693902,13.5118180832829,13.5118180832829,9.93748848820815,9.93748848820815,9.31930698354426,9.45989326908535,11.6456798801661,11.6677063820796,13.5118180832829,13.5118180832829,13.5118180832829,9.45989326908536,9.93748848820815,9.93748848820815,13.5118180832829,13.5118180832829,13.5118180832829,13.5118180832829,13.5118180832829,13.5118180832829,13.5118180832829,13.5118180832829,12.1276058693902,12.1276058693902,13.5118180832829,13.5118180832829,13.5118180832829,13.3949227853767,13.5118180832829,13.5118180832829,13.5118180832829,9.93748848820815,13.5118180832829,13.5118180832829,13.5118180832829,13.5118180832829,13.5118180832829,12.1276058693902,12.1276058693902,9.45989326908536,9.45989326908536,9.45989326908536,13.5118180832829,13.5118180832829,13.5118180832829,13.5118180832829,13.5118180832829,13.5118180832829,13.5118180832829,9.45989326908536,9.45989326908536,9.93748848820815,9.93748848820815,13.5118180832829,13.5118180832829,13.5118180832829,13.5118180832829,13.5118180832829,13.5118180832829,13.5118180832829,13.5118180832829,13.5118180832829,13.5118180832829,13.5118180832829,13.5118180832829,13.5118180832829
"t7",4.19210535942239,5.41298793204433,4.04455200184668,1.70492784792276,3.68193406585682,1.69239781831342,0,5.17941430510791,4.16488522100644,12.2509194465665,9.17706826648406,9.82012883807878,9.40183501308131,7.95409797549623,6.81255363462083,8.57461916601039,8.35516877630977,6.07386403429827,6.98675171995252,13.6351316604592,10.0608020653844,13.6351316604592,12.4423835246436,7.9460509803528,12.2509194465665,12.2509194465665,11.9209494817435,11.9710444653331,13.6351316604592,13.6351316604592,8.52681726758971,9.31182648945484,13.6351316604592,13.6351316604592,13.2637002526775,13.5069357973787,9.31182648945484,13.6351316604592,13.6351316604592,13.6351316604592,13.6351316604592,10.0608020653844,10.0608020653844,10.0608020653844,9.31182648945484,9.31182648945484,13.6351316604592,13.6351316604592,12.2509194465665,8.41391417804578,12.8521508191406,12.7994962967894,8.33360881050755,9.31182648945484,9.31182648945484,12.2509194465665,12.2509194465665,13.6351316604592,13.6351316604592,8.5408277572549,9.31182648945484,13.6351316604592,11.570333777529,9.31182648945484,13.6351316604592,12.8355125538426,13.6351316604592,13.6351316604592,12.2509194465665,12.2509194465665,13.6351316604592,13.6351316604592,10.0608020653844,10.0608020653844,9.17124020391375,9.31182648945484,11.7689934573423,11.7910199592558,13.6351316604592,13.6351316604592,13.6351316604592,9.31182648945484,10.0608020653844,10.0608020653844,13.6351316604592,13.6351316604592,13.6351316604592,13.6351316604592,13.6351316604592,13.6351316604592,13.6351316604592,13.6351316604592,12.2509194465665,12.2509194465665,13.6351316604592,13.6351316604592,13.6351316604592,13.5182363625529,13.6351316604592,13.6351316604592,13.6351316604592,10.0608020653844,13.6351316604592,13.6351316604592,13.6351316604592,13.6351316604592,13.6351316604592,12.2509194465665,12.2509194465665,9.31182648945484,9.31182648945484,9.31182648945484,13.6351316604592,13.6351316604592,13.6351316604592,13.6351316604592,13.6351316604592,13.6351316604592,13.6351316604592,9.31182648945484,9.31182648945484,10.0608020653844,10.0608020653844,13.6351316604592,13.6351316604592,13.6351316604592,13.6351316604592,13.6351316604592,13.6351316604592,13.6351316604592,13.6351316604592,13.6351316604592,13.6351316604592,13.6351316604592,13.6351316604592,13.6351316604592
"t8",4.88809566873577,6.10897824135771,4.74054231116006,3.87960544499318,2.7797641372357,5.05610072793169,5.17941430510791,0,7.79996848743144,9.10957701455769,9.87305857579744,10.5161191473922,10.0978253223947,10.8402056659917,9.6986613251163,5.43327673400162,5.213826344301,9.70894730072327,10.6218349863775,14.3311219697725,12.9469097558798,14.3311219697725,13.138373833957,11.5811342467778,9.10957701455769,9.10957701455769,12.6169397910569,12.6670347746464,14.3311219697725,14.3311219697725,12.1619005340147,12.9469097558798,14.3311219697725,14.3311219697725,13.9596905619909,14.2029261066921,12.9469097558798,14.3311219697725,14.3311219697725,14.3311219697725,14.3311219697725,12.9469097558798,12.9469097558798,12.9469097558798,12.9469097558798,12.9469097558798,14.3311219697725,14.3311219697725,9.10957701455769,12.0489974444708,13.548141128454,13.4954866061027,11.9686920769326,12.9469097558798,12.9469097558798,9.10957701455769,9.10957701455769,14.3311219697725,14.3311219697725,12.1759110236799,12.9469097558798,14.3311219697725,8.4289913455202,12.9469097558798,14.3311219697725,13.531502863156,14.3311219697725,14.3311219697725,9.10957701455769,9.10957701455769,14.3311219697725,14.3311219697726,12.9469097558798,12.9469097558798,12.8063234703388,12.9469097558798,8.62765102533354,8.64967752724702,14.3311219697725,14.3311219697725,14.3311219697725,12.9469097558798,12.9469097558798,12.9469097558798,14.3311219697725,14.3311219697725,14.3311219697726,14.3311219697725,14.3311219697725,14.3311219697725,14.3311219697725,14.3311219697725,9.10957701455769,9.10957701455769,14.3311219697725,14.3311219697725,14.3311219697725,14.2142266718663,14.3311219697725,14.3311219697725,14.3311219697725,12.9469097558798,14.3311219697725,14.3311219697725,14.3311219697725,14.3311219697725,14.3311219697726,9.10957701455769,9.10957701455769,12.9469097558798,12.9469097558798,12.9469097558798,14.3311219697726,14.3311219697726,14.3311219697725,14.3311219697725,14.3311219697726,14.3311219697725,14.3311219697725,12.9469097558798,12.9469097558798,12.9469097558798,12.9469097558798,14.3311219697726,14.3311219697726,14.3311219697725,14.3311219697725,14.3311219697725,14.3311219697725,14.3311219697725,14.3311219697725,14.3311219697725,14.3311219697725,14.3311219697725,14.3311219697725,14.3311219697725
"t9",6.81265954174592,8.03354211436786,6.66510618417021,4.32548203024629,6.30248824818035,4.31295200063695,4.16488522100644,7.79996848743144,0,14.87147362889,11.7976224488076,12.4406830204023,12.0223891954048,10.5746521578198,9.43310781694436,11.1951733483339,10.9757229586333,2.45781544744771,6.97085107850195,16.2556858427827,12.6813562477079,16.2556858427827,15.0629377069671,7.93015033890224,14.87147362889,14.87147362889,14.541503664067,14.5915986476566,16.2556858427827,16.2556858427827,8.51091662613915,9.29592584800428,16.2556858427827,16.2556858427827,15.8842544350011,16.1274899797022,9.29592584800428,16.2556858427827,16.2556858427827,16.2556858427827,16.2556858427827,12.6813562477079,12.6813562477079,12.6813562477079,9.29592584800428,9.29592584800428,16.2556858427827,16.2556858427827,14.87147362889,8.39801353659521,15.4727050014641,15.4200504791129,8.31770816905699,9.29592584800428,9.29592584800428,14.87147362889,14.87147362889,16.2556858427827,16.2556858427827,8.52492711580433,9.29592584800428,16.2556858427827,14.1908879598525,5.69577790260428,16.2556858427827,15.4560667361662,16.2556858427827,16.2556858427827,14.87147362889,14.87147362889,16.2556858427827,16.2556858427827,12.6813562477079,12.6813562477079,5.55519161706319,5.69577790260428,14.3895476396658,14.4115741415793,16.2556858427827,16.2556858427827,16.2556858427827,9.29592584800428,12.6813562477079,12.6813562477079,16.2556858427827,16.2556858427827,16.2556858427827,16.2556858427827,16.2556858427827,16.2556858427827,16.2556858427827,16.2556858427827,14.87147362889,14.87147362889,16.2556858427827,16.2556858427827,16.2556858427827,16.1387905448765,16.2556858427827,16.2556858427827,16.2556858427827,12.6813562477079,16.2556858427827,16.2556858427827,16.2556858427827,16.2556858427827,16.2556858427827,14.87147362889,14.87147362889,9.29592584800428,9.29592584800428,9.29592584800428,16.2556858427827,16.2556858427827,16.2556858427827,16.2556858427827,16.2556858427827,16.2556858427827,16.2556858427827,9.29592584800428,9.29592584800428,12.6813562477079,12.6813562477079,16.2556858427827,16.2556858427827,16.2556858427827,16.2556858427827,16.2556858427827,16.2556858427827,16.2556858427827,16.2556858427827,16.2556858427827,16.2556858427827,16.2556858427827,16.2556858427827,16.2556858427827
"t10",11.9596008101943,13.1804833828163,11.8120474526186,10.9511105864517,9.85126927869425,12.1276058693902,12.2509194465665,9.10957701455769,14.87147362889,0,16.944563717256,17.5876242888507,17.1693304638532,17.9117108074503,16.7701664665748,10.8183683582683,10.5989179685677,16.7804524421818,17.6933401278361,21.4026271112311,20.0184148973384,21.4026271112311,20.2098789754155,18.6526393882363,13.5944785504454,13.5944785504454,19.6884449325154,19.738539916105,21.4026271112311,21.4026271112311,19.2334056754733,20.0184148973384,21.4026271112311,21.4026271112311,21.0311957034495,21.2744312481506,20.0184148973384,21.4026271112311,21.4026271112311,21.4026271112311,21.4026271112311,20.0184148973384,20.0184148973384,20.0184148973384,20.0184148973384,20.0184148973384,21.4026271112311,21.4026271112311,9.51508045903064,19.1205025859293,20.6196462699125,20.5669917475613,19.0401972183911,20.0184148973384,20.0184148973384,9.51508045903064,9.51508045903064,21.4026271112311,21.4026271112311,19.2474161651384,20.0184148973384,21.4026271112311,12.9138928814079,20.0184148973384,21.4026271112311,20.6030080046146,21.4026271112311,21.4026271112311,13.5944785504454,13.5944785504454,21.4026271112311,21.4026271112311,20.0184148973384,20.0184148973384,19.8778286117973,20.0184148973384,13.1125525612212,13.1345790631347,21.4026271112311,21.4026271112311,21.4026271112311,20.0184148973384,20.0184148973384,20.0184148973384,21.4026271112311,21.4026271112311,21.4026271112311,21.4026271112311,21.4026271112311,21.4026271112311,21.4026271112311,21.4026271112311,9.51508045903064,9.51508045903064,21.4026271112311,21.4026271112311,21.4026271112311,21.2857318133249,21.4026271112311,21.4026271112311,21.4026271112311,20.0184148973384,21.4026271112311,21.4026271112311,21.4026271112311,21.4026271112311,21.4026271112311,9.51508045903064,9.51508045903064,20.0184148973384,20.0184148973384,20.0184148973384,21.4026271112311,21.4026271112311,21.4026271112311,21.4026271112311,21.4026271112311,21.4026271112311,21.4026271112311,20.0184148973384,20.0184148973384,20.0184148973384,20.0184148973384,21.4026271112311,21.4026271112311,21.4026271112311,21.4026271112311,21.4026271112311,21.4026271112311,21.4026271112311,21.4026271112311,21.4026271112311,21.4026271112311,21.4026271112311,21.4026271112311,21.4026271112311
"t11",7.50153741621921,6.54141037063274,5.14547206973868,7.87725940636932,8.37557833654635,9.05375468930784,9.17706826648406,9.87305857579744,11.7976224488076,16.944563717256,0,1.13993958825406,0.299471474276071,14.8378596273679,13.6963152864924,13.2682634366999,13.0488130469993,13.7066012620994,14.6194889477537,4.95494241063444,16.944563717256,10.9006280347706,9.70787989895505,15.5787882081539,16.944563717256,16.944563717256,9.18644585605495,3.29085521550834,4.95494241063444,10.9006280347706,16.1595544953909,16.944563717256,10.9006280347706,4.95494241063444,4.5835110028528,4.82674654755397,16.944563717256,4.53276812165393,10.9006280347706,4.53276812165393,4.53276812165393,16.944563717256,16.944563717256,16.944563717256,16.944563717256,16.944563717256,4.95494241063444,4.53276812165393,16.944563717256,16.0466514058469,4.17196156931586,4.11930704696463,15.9663460383087,16.944563717256,16.944563717256,16.944563717256,16.944563717256,10.9006280347706,4.95494241063444,16.173564985056,16.944563717256,4.95494241063444,16.2639780482185,16.944563717256,4.95494241063444,4.15532330401791,4.95494241063444,4.95494241063444,16.944563717256,16.944563717256,10.9006280347706,4.95494241063444,16.944563717256,16.944563717256,16.8039774317149,16.944563717256,16.4626377280318,16.4846642299453,4.95494241063444,4.95494241063444,4.95494241063444,16.944563717256,16.944563717256,16.944563717256,4.95494241063444,4.95494241063444,4.95494241063444,4.95494241063444,4.95494241063444,4.95494241063444,4.95494241063444,4.53276812165393,16.944563717256,16.944563717256,10.9006280347706,10.9006280347706,4.95494241063444,10.7837327368644,10.9006280347706,4.53276812165393,4.53276812165393,16.944563717256,4.95494241063444,4.95494241063444,10.9006280347706,4.95494241063444,4.95494241063444,16.944563717256,16.944563717256,16.944563717256,16.944563717256,16.944563717256,4.95494241063444,4.95494241063444,4.95494241063444,4.95494241063444,4.95494241063444,10.9006280347706,10.9006280347706,16.944563717256,16.944563717256,16.944563717256,16.944563717256,4.95494241063444,4.95494241063444,4.95494241063444,4.95494241063444,10.9006280347706,4.95494241063444,4.95494241063444,4.95494241063444,4.95494241063444,4.95494241063444,4.95494241063444,10.9006280347706,10.9006280347706
"t12",8.14459798781394,7.18447094222746,5.7885326413334,8.52031997796405,9.01863890814107,9.69681526090256,9.82012883807878,10.5161191473922,12.4406830204023,17.5876242888507,1.13993958825406,0,1.36470633485131,15.4809201989626,14.3393758580872,13.9113240082946,13.691873618594,14.3496618336941,15.2625495193484,5.31505352378777,17.5876242888507,11.5436886063653,10.3509404705498,16.2218487797487,17.5876242888507,17.5876242888507,9.82950642764967,3.28655697208817,5.31505352378777,11.5436886063653,16.8026150669856,17.5876242888507,11.5436886063653,5.31505352378777,4.94362211600613,5.1868576607073,17.5876242888507,5.59800298222916,11.5436886063653,5.59800298222916,5.59800298222916,17.5876242888507,17.5876242888507,17.5876242888507,17.5876242888507,17.5876242888507,5.31505352378777,5.59800298222916,17.5876242888507,16.6897119774417,4.53207268246919,4.47941816011796,16.6094066099034,17.5876242888507,17.5876242888507,17.5876242888507,17.5876242888507,11.5436886063653,5.31505352378777,16.8166255566508,17.5876242888507,5.31505352378777,16.9070386198132,17.5876242888507,4.95064416721427,4.15102506059774,5.31505352378777,5.31505352378777,17.5876242888507,17.5876242888507,11.5436886063653,4.95064416721427,17.5876242888507,17.5876242888507,17.4470380033096,17.5876242888507,17.1056982996266,17.12772480154,5.31505352378777,5.31505352378777,5.31505352378777,17.5876242888507,17.5876242888507,17.5876242888507,5.31505352378777,5.31505352378777,4.95064416721427,5.31505352378777,5.31505352378777,5.31505352378777,5.31505352378777,5.59800298222916,17.5876242888507,17.5876242888507,11.5436886063653,11.5436886063653,4.95064416721427,11.4267933084591,11.5436886063653,5.59800298222916,5.59800298222916,17.5876242888507,5.31505352378777,5.31505352378777,11.5436886063653,5.31505352378777,5.31505352378777,17.5876242888507,17.5876242888507,17.5876242888507,17.5876242888507,17.5876242888507,5.31505352378777,5.31505352378777,5.31505352378777,5.31505352378777,4.95064416721427,11.5436886063653,11.5436886063653,17.5876242888507,17.5876242888507,17.5876242888507,17.5876242888507,4.95064416721427,4.95064416721427,4.95064416721427,4.95064416721427,11.5436886063653,5.31505352378777,5.31505352378777,5.31505352378777,5.31505352378777,4.95064416721427,4.95064416721427,11.5436886063653,11.5436886063653
"t13",7.72630416281646,6.76617711722999,5.37023881633593,8.10202615296657,8.6003450831436,9.27852143590509,9.40183501308131,10.0978253223947,12.0223891954048,17.1693304638532,0.299471474276071,1.36470633485131,0,15.0626263739651,13.9210820330897,13.4930301832972,13.2735797935965,13.9313680086967,14.8442556943509,5.17970915723169,17.1693304638532,11.1253947813679,9.9326466455523,15.8035549547512,17.1693304638532,17.1693304638532,9.41121260265219,3.51562196210559,5.17970915723169,11.1253947813679,16.3843212419881,17.1693304638532,11.1253947813679,5.17970915723169,4.80827774945005,5.05151329415122,17.1693304638532,4.32257553138008,11.1253947813679,4.32257553138008,4.32257553138008,17.1693304638532,17.1693304638532,17.1693304638532,17.1693304638532,17.1693304638532,5.17970915723169,4.32257553138008,17.1693304638532,16.2714181524442,4.39672831591311,4.34407379356188,16.191112784906,17.1693304638532,17.1693304638532,17.1693304638532,17.1693304638532,11.1253947813679,5.17970915723169,16.3983317316533,17.1693304638532,5.17970915723169,16.4887447948157,17.1693304638532,5.17970915723169,4.38009005061516,5.17970915723169,5.17970915723169,17.1693304638532,17.1693304638532,11.1253947813679,5.17970915723169,17.1693304638532,17.1693304638532,17.0287441783121,17.1693304638532,16.6874044746291,16.7094309765426,5.17970915723169,5.17970915723169,5.17970915723169,17.1693304638532,17.1693304638532,17.1693304638532,5.17970915723169,5.17970915723169,5.17970915723169,5.17970915723169,5.17970915723169,5.17970915723169,5.17970915723169,4.32257553138008,17.1693304638532,17.1693304638532,11.1253947813679,11.1253947813679,5.17970915723169,11.0084994834616,11.1253947813679,4.32257553138008,4.32257553138008,17.1693304638532,5.17970915723169,5.17970915723169,11.1253947813679,5.17970915723169,5.17970915723169,17.1693304638532,17.1693304638532,17.1693304638532,17.1693304638532,17.1693304638532,5.17970915723169,5.17970915723169,5.17970915723169,5.17970915723169,5.17970915723169,11.1253947813679,11.1253947813679,17.1693304638532,17.1693304638532,17.1693304638532,17.1693304638532,5.17970915723169,5.17970915723169,5.17970915723169,5.17970915723169,11.1253947813679,5.17970915723169,5.17970915723169,5.17970915723169,5.17970915723169,5.17970915723169,5.17970915723169,11.1253947813679,11.1253947813679
"t14",9.85289672030619,11.0737792929281,9.70534336273048,7.36571920880656,9.34272542674062,7.83078439832001,7.95409797549623,10.8402056659917,10.5746521578198,17.9117108074503,14.8378596273679,15.4809201989626,15.0626263739651,0,2.86809153062218,14.2354105268942,14.0159601371936,12.4836309711116,13.3965186567658,19.295923021343,6.11633996138572,19.295923021343,18.1031748855274,14.3558179171661,17.9117108074503,17.9117108074503,17.5817408426273,17.6318358262169,19.295923021343,19.295923021343,14.936584204403,15.7215934262682,19.295923021343,19.295923021343,18.9244916135613,19.1677271582625,15.7215934262682,19.295923021343,19.295923021343,19.295923021343,19.295923021343,6.11633996138572,6.11633996138572,6.11633996138572,15.7215934262682,15.7215934262682,19.295923021343,19.295923021343,17.9117108074503,14.8236811148591,18.5129421800244,18.4602876576732,14.7433757473209,15.7215934262682,15.7215934262682,17.9117108074503,17.9117108074503,19.295923021343,19.295923021343,14.9505946940682,15.7215934262682,19.295923021343,17.2311251384128,15.7215934262682,19.295923021343,18.4963039147264,19.295923021343,19.295923021343,17.9117108074503,17.9117108074503,19.295923021343,19.295923021343,6.11633996138572,6.11633996138572,15.5810071407271,15.7215934262682,17.4297848182261,17.4518113201396,19.295923021343,19.295923021343,19.295923021343,15.7215934262682,6.11633996138572,6.11633996138572,19.295923021343,19.295923021343,19.295923021343,19.295923021343,19.295923021343,19.295923021343,19.295923021343,19.295923021343,17.9117108074503,17.9117108074503,19.295923021343,19.295923021343,19.295923021343,19.1790277234367,19.295923021343,19.295923021343,19.295923021343,6.11633996138572,19.295923021343,19.295923021343,19.295923021343,19.295923021343,19.295923021343,17.9117108074503,17.9117108074503,15.7215934262682,15.7215934262682,15.7215934262682,19.295923021343,19.295923021343,19.295923021343,19.295923021343,19.295923021343,19.295923021343,19.295923021343,15.7215934262682,15.7215934262682,6.11633996138572,6.11633996138572,19.295923021343,19.295923021343,19.295923021343,19.295923021343,19.295923021343,19.295923021343,19.295923021343,19.295923021343,19.295923021343,19.295923021343,19.295923021343,19.295923021343,19.295923021343
"t15",8.71135237943078,9.93223495205272,8.56379902185507,6.22417486793115,8.20118108586521,6.68924005744461,6.81255363462083,9.6986613251163,9.43310781694436,16.7701664665748,13.6963152864924,14.3393758580872,13.9210820330897,2.86809153062218,0,13.0938661860188,12.8744157963182,11.3420866302362,12.2549743158904,18.1543786804676,4.77222195525792,18.1543786804676,16.961630544652,13.2142735762907,16.7701664665748,16.7701664665748,16.4401965017519,16.4902914853415,18.1543786804675,18.1543786804676,13.7950398635276,14.5800490853928,18.1543786804676,18.1543786804675,17.7829472726859,18.0261828173871,14.5800490853928,18.1543786804676,18.1543786804676,18.1543786804676,18.1543786804676,4.77222195525792,4.77222195525792,4.77222195525792,14.5800490853928,14.5800490853928,18.1543786804676,18.1543786804676,16.7701664665748,13.6821367739837,17.371397839149,17.3187433167977,13.6018314064455,14.5800490853928,14.5800490853928,16.7701664665748,16.7701664665748,18.1543786804676,18.1543786804676,13.8090503531928,14.5800490853928,18.1543786804676,16.0895807975374,14.5800490853928,18.1543786804676,17.354759573851,18.1543786804676,18.1543786804676,16.7701664665748,16.7701664665748,18.1543786804676,18.1543786804676,4.77222195525792,4.77222195525792,14.4394627998517,14.5800490853928,16.2882404773507,16.3102669792642,18.1543786804676,18.1543786804676,18.1543786804676,14.5800490853928,4.77222195525793,4.77222195525793,18.1543786804676,18.1543786804676,18.1543786804676,18.1543786804676,18.1543786804676,18.1543786804676,18.1543786804676,18.1543786804676,16.7701664665748,16.7701664665748,18.1543786804676,18.1543786804676,18.1543786804676,18.0374833825613,18.1543786804676,18.1543786804676,18.1543786804676,4.77222195525792,18.1543786804676,18.1543786804676,18.1543786804676,18.1543786804676,18.1543786804675,16.7701664665748,16.7701664665748,14.5800490853928,14.5800490853928,14.5800490853928,18.1543786804675,18.1543786804675,18.1543786804676,18.1543786804676,18.1543786804676,18.1543786804676,18.1543786804676,14.5800490853928,14.5800490853928,4.77222195525793,4.77222195525793,18.1543786804676,18.1543786804676,18.1543786804676,18.1543786804676,18.1543786804676,18.1543786804676,18.1543786804676,18.1543786804676,18.1543786804676,18.1543786804676,18.1543786804676,18.1543786804675,18.1543786804675
"t16",8.28330052963825,9.50418310226019,8.13574717206254,7.27481030589566,6.17496899813818,8.45130558883417,8.57461916601039,5.43327673400162,11.1951733483339,10.8183683582683,13.2682634366999,13.9113240082946,13.4930301832972,14.2354105268942,13.0938661860188,0,0.352548496669132,13.1041521616257,14.01703984728,17.726326830675,16.3421146167823,17.726326830675,16.5335786948595,14.9763391076803,10.8183683582683,10.8183683582683,16.0121446519593,16.0622396355489,17.726326830675,17.726326830675,15.5571053949172,16.3421146167823,17.726326830675,17.726326830675,17.3548954228934,17.5981309675946,16.3421146167823,17.726326830675,17.726326830675,17.726326830675,17.726326830675,16.3421146167823,16.3421146167823,16.3421146167823,16.3421146167823,16.3421146167823,17.726326830675,17.726326830675,10.8183683582683,15.4442023053733,16.9433459893564,16.8906914670052,15.363896937835,16.3421146167823,16.3421146167823,10.8183683582683,10.8183683582683,17.726326830675,17.726326830675,15.5711158845824,16.3421146167823,17.726326830675,10.1377826892308,16.3421146167823,17.726326830675,16.9267077240585,17.726326830675,17.726326830675,10.8183683582683,10.8183683582683,17.726326830675,17.726326830675,16.3421146167823,16.3421146167823,16.2015283312412,16.3421146167823,10.3364423690441,10.3584688709576,17.726326830675,17.726326830675,17.726326830675,16.3421146167823,16.3421146167823,16.3421146167823,17.726326830675,17.726326830675,17.726326830675,17.726326830675,17.726326830675,17.726326830675,17.726326830675,17.726326830675,10.8183683582683,10.8183683582683,17.726326830675,17.726326830675,17.726326830675,17.6094315327688,17.726326830675,17.726326830675,17.726326830675,16.3421146167823,17.726326830675,17.726326830675,17.726326830675,17.726326830675,17.726326830675,10.8183683582683,10.8183683582683,16.3421146167823,16.3421146167823,16.3421146167823,17.726326830675,17.726326830675,17.726326830675,17.726326830675,17.726326830675,17.726326830675,17.726326830675,16.3421146167823,16.3421146167823,16.3421146167823,16.3421146167823,17.726326830675,17.726326830675,17.726326830675,17.726326830675,17.726326830675,17.726326830675,17.726326830675,17.726326830675,17.726326830675,17.726326830675,17.726326830675,17.726326830675,17.726326830675
"t17",8.06385013993763,9.28473271255957,7.91629678236192,7.05535991619504,5.95551860843756,8.23185519913355,8.35516877630977,5.213826344301,10.9757229586333,10.5989179685677,13.0488130469993,13.691873618594,13.2735797935965,14.0159601371936,12.8744157963182,0.352548496669132,0,12.8847017719251,13.7975894575794,17.5068764409744,16.1226642270817,17.5068764409744,16.3141283051588,14.7568887179797,10.5989179685677,10.5989179685677,15.7926942622587,15.8427892458483,17.5068764409744,17.5068764409744,15.3376550052166,16.1226642270817,17.5068764409744,17.5068764409744,17.1354450331928,17.3786805778939,16.1226642270817,17.5068764409744,17.5068764409744,17.5068764409744,17.5068764409744,16.1226642270817,16.1226642270817,16.1226642270817,16.1226642270817,16.1226642270817,17.5068764409744,17.5068764409744,10.5989179685677,15.2247519156726,16.7238955996558,16.6712410773046,15.1444465481344,16.1226642270817,16.1226642270817,10.5989179685677,10.5989179685677,17.5068764409744,17.5068764409744,15.3516654948818,16.1226642270817,17.5068764409744,9.91833229953019,16.1226642270817,17.5068764409744,16.7072573343579,17.5068764409744,17.5068764409744,10.5989179685677,10.5989179685677,17.5068764409744,17.5068764409744,16.1226642270817,16.1226642270817,15.9820779415406,16.1226642270817,10.1169919793435,10.139018481257,17.5068764409744,17.5068764409744,17.5068764409744,16.1226642270817,16.1226642270817,16.1226642270817,17.5068764409744,17.5068764409744,17.5068764409744,17.5068764409744,17.5068764409744,17.5068764409744,17.5068764409744,17.5068764409744,10.5989179685677,10.5989179685677,17.5068764409744,17.5068764409744,17.5068764409744,17.3899811430682,17.5068764409744,17.5068764409744,17.5068764409744,16.1226642270817,17.5068764409744,17.5068764409744,17.5068764409744,17.5068764409744,17.5068764409744,10.5989179685677,10.5989179685677,16.1226642270817,16.1226642270817,16.1226642270817,17.5068764409744,17.5068764409744,17.5068764409744,17.5068764409744,17.5068764409744,17.5068764409744,17.5068764409744,16.1226642270817,16.1226642270817,16.1226642270817,16.1226642270817,17.5068764409744,17.5068764409744,17.5068764409744,17.5068764409744,17.5068764409744,17.5068764409744,17.5068764409744,17.5068764409744,17.5068764409744,17.5068764409744,17.5068764409744,17.5068764409744,17.5068764409744
