"","t1","t2","t3","t4","t5","t6","t7","t8","t9","t10","t11","t12","t13","t14","t15","t16","t17","t18","t19","t20","t21","t22","t23","t24","t25","t26","t27","t28","t29","t30","t31","t32","t33","t34","t35","t36","t37","t38","t39","t40","t41","t42","t43","t44","t45","t46","t47","t48","t49","t50","t51","t52","t53","t54","t55","t56","t57","t58","t59","t60","t61","t62","t63","t64","t65","t66","t67","t68","t69","t70","t71","t72","t73","t74","t75","t76","t77","t78","t79","t80","t81","t82","t83","t84","t85","t86","t87","t88","t89","t90","t91","t92","t93","t94","t95","t96","t97","t98","t99","t100","t101","t102","t103","t104","t105","t106","t107","t108","t109","t110","t111","t112","t113","t114","t115","t116","t117","t118","t119","t120","t121"
"t1",0,3.45040339721832,2.7843946441009,2.45271854643812,5.90397060032284,3.66138577158393,3.28350375129832,4.58558985931581,3.4208997157953,3.65875520944837,4.99018273902932,3.55461419068734,5.90397060032284,5.90397060032284,5.90397060032284,5.01746846758405,5.90397060032284,5.90397060032284,5.90397060032284,5.44909738286967,5.90397060032284,4.93192814986653,5.90397060032284,5.90397060032284,4.60662887985104,5.90397060032284,5.90397060032284,5.90397060032284,5.90397060032284,5.90397060032284,5.90397060032284,5.17802528361454,5.90397060032284,5.90397060032284,5.76195637074097,5.90397060032284,5.90397060032284,5.90397060032284,5.90397060032284,5.90397060032284,5.90397060032284,5.90397060032284,5.90397060032284,5.90397060032284,5.90397060032284,5.1630391195299,5.90397060032284,5.71581417275358,5.90397060032284,5.90397060032284,5.90397060032284,5.90397060032284,5.90397060032284,5.90397060032284,5.90397060032284,5.90397060032284,5.90397060032284,5.90397060032284,5.90397060032284,5.90397060032284,5.90397060032284,5.90397060032284,5.90397060032284,5.65351944384377,5.90397060032284,5.90397060032284,5.90397060032284,5.90397060032284,5.72292207182524,5.90397060032284,5.90397060032284,5.90397060032284,5.90397060032284,5.90397060032284,5.90397060032284,5.90397060032284,5.90397060032284,5.90397060032284,5.90397060032284,5.90397060032284,5.90397060032284,5.90397060032284,5.90397060032284,5.90397060032284,5.90397060032284,5.90397060032284,5.90397060032284,5.90397060032284,5.90397060032284,5.90397060032284,5.90397060032284,5.90397060032284,5.90397060032284,5.90397060032284,5.90397060032284,5.90397060032284,5.90397060032284,5.90397060032284,5.90397060032284,5.90397060032284,5.90397060032284,5.90397060032284,5.90397060032284,5.90397060032284,5.90397060032284,5.90397060032284,5.90397060032284,5.90397060032284,5.90397060032284,5.90397060032284,5.90397060032284,5.90397060032284,5.90397060032284,5.90397060032284,5.90397060032284,5.90397060032284,5.90397060032284,5.90397060032284,5.90397060032284,5.90397060032284,5.90397060032284
"t2",3.45040339721832,0,2.22797848703187,3.72521833933428,7.176470393219,4.25539563658303,3.87751361629742,5.17959972431491,5.16256994473456,5.40042543838763,6.73185296796857,5.29628441962659,5.34755444325381,5.34755444325381,6.49798046532194,5.61147833258315,6.49798046532194,5.34755444325381,5.34755444325381,6.04310724786876,6.49798046532194,5.52593801486563,6.49798046532194,6.49798046532194,4.05021272278201,6.49798046532194,5.34755444325381,5.34755444325381,6.49798046532194,6.49798046532194,5.34755444325381,4.62160912654552,5.34755444325381,5.34755444325381,6.35596623574007,6.49798046532194,6.49798046532194,5.34755444325381,7.64564082926209,5.34755444325381,5.34755444325381,5.34755444325381,6.49798046532194,5.34755444325381,5.34755444325381,5.757048984529,7.64564082926209,5.15939801568455,6.49798046532194,5.34755444325381,5.34755444325381,6.49798046532194,6.49798046532194,6.49798046532194,5.34755444325381,6.49798046532194,6.49798046532194,5.34755444325381,6.49798046532194,5.34755444325381,5.34755444325381,5.34755444325381,6.49798046532194,6.24752930884287,5.34755444325381,5.34755444325381,5.34755444325381,5.34755444325381,5.16650591475621,5.34755444325381,5.34755444325381,5.34755444325381,6.49798046532194,7.64564082926209,7.64564082926209,5.34755444325381,5.34755444325381,5.34755444325381,5.34755444325381,6.49798046532194,5.34755444325381,5.34755444325381,7.64564082926209,7.64564082926209,6.49798046532194,6.49798046532194,6.49798046532194,6.49798046532194,6.49798046532194,6.49798046532194,6.49798046532194,6.49798046532194,6.49798046532194,6.49798046532194,5.34755444325381,5.34755444325381,6.49798046532194,6.49798046532194,7.64564082926209,7.64564082926209,6.49798046532194,5.34755444325381,5.34755444325381,6.49798046532194,6.49798046532194,6.49798046532194,6.49798046532194,6.49798046532194,6.49798046532194,6.49798046532194,6.49798046532194,6.49798046532194,6.49798046532194,6.49798046532194,6.49798046532194,5.34755444325381,5.34755444325381,6.49798046532194,6.49798046532194,5.34755444325381,5.34755444325381
"t3",2.7843946441009,2.22797848703187,0,3.05920958621687,6.51046164010158,3.58938688346561,3.21150486318,4.51359097119749,4.49656119161714,4.73441668527021,6.06584421485116,4.63027566650918,4.17205115147115,4.17205115147115,5.83197171220452,4.94546957946573,5.83197171220452,4.17205115147114,4.17205115147114,5.37709849475135,5.83197171220452,4.85992926174822,5.83197171220452,5.83197171220452,2.87470943099934,5.83197171220452,4.17205115147114,4.17205115147115,5.83197171220452,5.83197171220452,4.17205115147114,3.44610583476285,4.17205115147114,4.17205115147114,5.68995748262266,5.83197171220452,5.83197171220452,4.17205115147114,6.97963207614468,4.17205115147114,4.17205115147114,4.17205115147114,5.83197171220452,4.17205115147114,4.17205115147114,5.09104023141158,6.97963207614468,3.98389472390188,5.83197171220452,4.17205115147115,4.17205115147115,5.83197171220452,5.83197171220452,5.83197171220452,4.17205115147114,5.83197171220452,5.83197171220452,4.17205115147115,5.83197171220452,4.17205115147114,4.17205115147115,4.17205115147115,5.83197171220452,5.58152055572545,4.17205115147114,4.17205115147115,4.17205115147115,4.17205115147114,3.99100262297355,4.17205115147114,4.17205115147114,4.17205115147114,5.83197171220452,6.97963207614468,6.97963207614468,4.17205115147115,4.17205115147115,4.17205115147114,4.17205115147114,5.83197171220452,4.17205115147114,4.17205115147114,6.97963207614468,6.97963207614468,5.83197171220452,5.83197171220452,5.83197171220452,5.83197171220452,5.83197171220452,5.83197171220452,5.83197171220452,5.83197171220452,5.83197171220452,5.83197171220452,4.17205115147114,4.17205115147114,5.83197171220452,5.83197171220452,6.97963207614468,6.97963207614468,5.83197171220452,4.17205115147114,4.17205115147114,5.83197171220452,5.83197171220452,5.83197171220452,5.83197171220452,5.83197171220452,5.83197171220452,5.83197171220452,5.83197171220452,5.83197171220452,5.83197171220452,5.83197171220452,5.83197171220452,4.17205115147115,4.17205115147115,5.83197171220452,5.83197171220452,4.17205115147114,4.17205115147114
"t4",2.45271854643812,3.72521833933428,3.05920958621687,0,3.5301159858946,3.93620071369989,3.55831869341428,4.86040480143177,4.16488509395436,4.40274058760743,5.73416811718838,4.2985995688464,6.1787855424388,6.17878554243881,6.17878554243881,5.29228340970001,6.1787855424388,6.1787855424388,6.1787855424388,5.72391232498563,6.1787855424388,5.2067430919825,6.1787855424388,6.1787855424388,4.881443821967,6.1787855424388,6.1787855424388,6.17878554243881,6.1787855424388,6.1787855424388,6.1787855424388,5.45284022573051,6.1787855424388,6.1787855424388,6.03677131285694,6.1787855424388,6.1787855424388,6.1787855424388,6.6479559784819,6.1787855424388,6.1787855424388,6.1787855424388,6.1787855424388,6.1787855424388,6.1787855424388,5.43785406164587,6.6479559784819,5.99062911486954,6.1787855424388,6.1787855424388,6.1787855424388,6.1787855424388,6.1787855424388,6.1787855424388,6.1787855424388,6.1787855424388,6.1787855424388,6.1787855424388,6.1787855424388,6.1787855424388,6.1787855424388,6.1787855424388,6.1787855424388,5.92833438595973,6.1787855424388,6.1787855424388,6.1787855424388,6.1787855424388,5.99773701394121,6.17878554243881,6.1787855424388,6.1787855424388,6.1787855424388,6.6479559784819,6.6479559784819,6.17878554243881,6.17878554243881,6.1787855424388,6.1787855424388,6.1787855424388,6.1787855424388,6.1787855424388,6.6479559784819,6.6479559784819,6.1787855424388,6.1787855424388,6.1787855424388,6.1787855424388,6.1787855424388,6.1787855424388,6.1787855424388,6.1787855424388,6.1787855424388,6.1787855424388,6.1787855424388,6.1787855424388,6.17878554243881,6.17878554243881,6.6479559784819,6.6479559784819,6.1787855424388,6.1787855424388,6.1787855424388,6.1787855424388,6.1787855424388,6.1787855424388,6.1787855424388,6.1787855424388,6.1787855424388,6.1787855424388,6.1787855424388,6.1787855424388,6.1787855424388,6.1787855424388,6.1787855424388,6.17878554243881,6.17878554243881,6.1787855424388,6.1787855424388,6.1787855424388,6.1787855424388
"t5",5.90397060032284,7.176470393219,6.51046164010158,3.5301159858946,0,7.38745276758461,7.009570747299,8.31165685531649,7.61613714783908,7.85399264149215,9.1854201710731,7.74985162273112,9.63003759632352,9.63003759632353,9.63003759632352,8.74353546358473,9.63003759632352,9.63003759632352,9.63003759632352,9.17516437887035,9.63003759632352,8.65799514586722,9.63003759632352,9.63003759632352,8.33269587585172,9.63003759632352,9.63003759632352,9.63003759632352,9.63003759632352,9.63003759632352,9.63003759632352,8.90409227961523,9.63003759632352,9.63003759632352,9.48802336674166,9.63003759632352,9.63003759632352,9.63003759632352,10.0992080323666,9.63003759632352,9.63003759632352,9.63003759632352,9.63003759632352,9.63003759632352,9.63003759632352,8.88910611553058,10.0992080323666,9.44188116875426,9.63003759632352,9.63003759632352,9.63003759632352,9.63003759632352,9.63003759632352,9.63003759632352,9.63003759632352,9.63003759632352,9.63003759632352,9.63003759632352,9.63003759632352,9.63003759632352,9.63003759632352,9.63003759632352,9.63003759632352,9.37958643984445,9.63003759632352,9.63003759632352,9.63003759632352,9.63003759632352,9.44898906782593,9.63003759632352,9.63003759632352,9.63003759632352,9.63003759632352,10.0992080323666,10.0992080323666,9.63003759632352,9.63003759632352,9.63003759632352,9.63003759632352,9.63003759632352,9.63003759632352,9.63003759632352,10.0992080323666,10.0992080323666,9.63003759632352,9.63003759632352,9.63003759632352,9.63003759632352,9.63003759632352,9.63003759632352,9.63003759632352,9.63003759632352,9.63003759632352,9.63003759632352,9.63003759632352,9.63003759632352,9.63003759632352,9.63003759632352,10.0992080323666,10.0992080323666,9.63003759632352,9.63003759632352,9.63003759632352,9.63003759632352,9.63003759632352,9.63003759632352,9.63003759632352,9.63003759632352,9.63003759632352,9.63003759632352,9.63003759632352,9.63003759632352,9.63003759632352,9.63003759632352,9.63003759632352,9.63003759632352,9.63003759632352,9.63003759632352,9.63003759632352,9.63003759632352,9.63003759632352
"t6",3.66138577158393,4.25539563658303,3.58938688346561,3.93620071369989,7.38745276758461,0,3.66212035748114,3.53792893640773,5.37355231910017,5.61140781275324,6.94283534233418,5.50726679399221,6.70896283968755,6.70896283968755,4.85630967741476,5.39608507376687,4.85630967741476,6.70896283968755,6.70896283968755,5.82771398905248,6.28258720650566,5.31054475604935,6.28258720650566,3.9980580105954,5.41162111921575,3.9980580105954,6.70896283968755,6.70896283968755,3.9980580105954,3.9980580105954,6.70896283968755,5.98301752297925,6.70896283968755,6.70896283968755,3.85604378101353,4.85630967741476,4.85630967741476,6.70896283968755,7.85662320362771,6.70896283968755,6.70896283968755,6.70896283968755,4.85630967741476,6.70896283968755,6.70896283968755,3.25712652980246,7.85662320362771,6.52080641211829,6.28258720650566,6.70896283968755,6.70896283968755,4.85630967741476,4.85630967741476,6.28258720650566,6.70896283968755,6.28258720650566,6.28258720650566,6.70896283968755,6.28258720650566,6.70896283968755,6.70896283968755,6.70896283968755,4.85630967741476,4.60585852093569,6.70896283968755,6.70896283968755,6.70896283968755,6.70896283968755,6.52791431118995,6.70896283968755,6.70896283968755,6.70896283968755,4.85630967741476,7.85662320362771,7.85662320362771,6.70896283968755,6.70896283968755,6.70896283968755,6.70896283968755,3.9980580105954,6.70896283968755,6.70896283968755,7.85662320362771,7.85662320362771,4.85630967741476,4.85630967741476,4.85630967741476,6.28258720650566,4.85630967741476,4.85630967741476,6.28258720650566,6.28258720650566,4.85630967741476,4.85630967741476,6.70896283968755,6.70896283968755,4.85630967741476,4.85630967741476,7.85662320362771,7.85662320362771,6.28258720650566,6.70896283968755,6.70896283968755,6.28258720650566,4.85630967741476,3.9980580105954,3.9980580105954,3.9980580105954,3.9980580105954,4.85630967741476,4.85630967741476,4.85630967741476,4.85630967741476,6.28258720650566,6.28258720650566,6.70896283968755,6.70896283968755,6.28258720650566,6.28258720650566,6.70896283968755,6.70896283968755
"t7",3.28350375129832,3.87751361629742,3.21150486318,3.55831869341428,7.009570747299,3.66212035748114,0,4.58632444521302,4.99567029881456,5.23352579246763,6.56495332204857,5.1293847737066,6.33108081940194,6.33108081940194,5.90470518622005,1.93744320938943,5.90470518622005,6.33108081940194,6.33108081940194,2.36907212467505,2.82394534212822,2.12979317825328,3.10183562870959,5.90470518622005,5.03373909893014,5.90470518622005,6.33108081940194,6.33108081940194,5.90470518622005,5.90470518622005,6.33108081940194,5.60513550269364,6.33108081940194,6.33108081940194,5.76269095663818,5.90470518622005,5.90470518622005,6.33108081940194,7.4787411833421,6.33108081940194,6.33108081940194,6.33108081940194,5.90470518622005,6.33108081940194,6.33108081940194,5.16377370542711,7.4787411833421,6.14292439183268,2.82394534212822,6.33108081940194,6.33108081940194,5.90470518622005,5.90470518622005,2.82394534212822,6.33108081940194,3.10183562870959,3.10183562870959,6.33108081940194,2.82394534212822,6.33108081940194,6.33108081940194,6.33108081940194,5.90470518622005,5.65425402974097,6.33108081940194,6.33108081940194,6.33108081940194,6.33108081940194,6.15003229090434,6.33108081940194,6.33108081940194,6.33108081940194,5.90470518622005,7.4787411833421,7.4787411833421,6.33108081940194,6.33108081940194,6.33108081940194,6.33108081940194,5.90470518622005,6.33108081940194,6.33108081940194,7.4787411833421,7.4787411833421,5.90470518622005,5.90470518622005,5.90470518622005,2.82394534212822,5.90470518622005,5.90470518622005,3.10183562870959,3.10183562870959,5.90470518622005,5.90470518622005,6.33108081940194,6.33108081940194,5.90470518622005,5.90470518622005,7.4787411833421,7.4787411833421,2.82394534212822,6.33108081940194,6.33108081940194,2.82394534212822,5.90470518622005,5.90470518622005,5.90470518622005,5.90470518622005,5.90470518622005,5.90470518622005,5.90470518622005,5.90470518622005,5.90470518622005,2.82394534212822,2.82394534212822,6.33108081940194,6.33108081940194,2.82394534212822,2.82394534212822,6.33108081940194,6.33108081940194
"t8",4.58558985931581,5.17959972431491,4.51359097119749,4.86040480143177,8.31165685531649,3.53792893640773,4.58632444521302,0,6.29775640683205,6.53561190048512,7.86703943006606,6.43147088172409,7.63316692741943,7.63316692741943,4.99307525490767,6.32028916149875,4.99307525490767,7.63316692741943,7.63316692741943,6.75191807678436,7.20679129423754,6.23474884378123,7.20679129423754,5.78051376514664,6.33582520694763,5.78051376514664,7.63316692741943,7.63316692741943,5.78051376514664,5.78051376514664,7.63316692741943,6.90722161071113,7.63316692741943,7.63316692741943,5.63849953556477,4.0001876955163,4.0001876955163,7.63316692741943,8.78082729135959,7.63316692741943,7.63316692741943,7.63316692741943,4.0001876955163,7.63316692741943,7.63316692741943,5.0395822843537,8.78082729135959,7.44501049985017,7.20679129423754,7.63316692741943,7.63316692741943,4.99307525490767,4.99307525490767,7.20679129423754,7.63316692741943,7.20679129423754,7.20679129423754,7.63316692741943,7.20679129423754,7.63316692741943,7.63316692741943,7.63316692741943,4.0001876955163,3.74973653903723,7.63316692741943,7.63316692741943,7.63316692741943,7.63316692741943,7.45211839892183,7.63316692741943,7.63316692741943,7.63316692741943,4.0001876955163,8.78082729135959,8.78082729135959,7.63316692741943,7.63316692741943,7.63316692741943,7.63316692741943,5.78051376514664,7.63316692741943,7.63316692741943,8.78082729135959,8.78082729135959,4.99307525490767,4.99307525490767,4.99307525490767,7.20679129423754,4.99307525490767,4.99307525490767,7.20679129423754,7.20679129423754,4.99307525490767,4.99307525490767,7.63316692741943,7.63316692741943,4.99307525490767,4.99307525490767,8.78082729135959,8.78082729135959,7.20679129423754,7.63316692741943,7.63316692741943,7.20679129423754,4.0001876955163,5.78051376514664,5.78051376514664,5.78051376514664,5.78051376514664,4.99307525490767,4.99307525490767,4.0001876955163,4.0001876955163,7.20679129423754,7.20679129423754,7.63316692741943,7.63316692741943,7.20679129423754,7.20679129423754,7.63316692741943,7.63316692741943
"t9",3.4208997157953,5.16256994473456,4.49656119161714,4.16488509395436,7.61613714783908,5.37355231910017,4.99567029881456,6.29775640683205,0,0.329541940226958,5.00679494748546,3.57122639914348,7.61613714783908,7.61613714783908,7.61613714783908,6.72963501510029,7.61613714783908,7.61613714783908,7.61613714783908,7.16126393038591,7.61613714783908,6.64409469738277,7.61613714783908,7.61613714783908,6.31879542736728,7.61613714783908,7.61613714783908,7.61613714783908,7.61613714783908,7.61613714783908,7.61613714783908,6.89019183113078,7.61613714783908,7.61613714783908,7.47412291825722,7.61613714783908,7.61613714783908,7.61613714783908,5.92058280877898,7.61613714783908,7.61613714783908,7.61613714783908,7.61613714783908,7.61613714783908,7.61613714783908,6.87520566704614,5.92058280877898,7.42798072026982,7.61613714783908,7.61613714783908,7.61613714783908,7.61613714783908,7.61613714783908,7.61613714783908,7.61613714783908,7.61613714783908,7.61613714783908,7.61613714783908,7.61613714783908,7.61613714783908,7.61613714783908,7.61613714783908,7.61613714783908,7.36568599136001,7.61613714783908,7.61613714783908,7.61613714783908,7.61613714783908,7.43508861934148,7.61613714783908,7.61613714783908,7.61613714783908,7.61613714783908,3.15654288317623,3.15654288317623,7.61613714783908,7.61613714783908,7.61613714783908,7.61613714783908,7.61613714783908,7.61613714783908,7.61613714783908,5.92058280877898,5.92058280877898,7.61613714783908,7.61613714783908,7.61613714783908,7.61613714783908,7.61613714783908,7.61613714783908,7.61613714783908,7.61613714783908,7.61613714783908,7.61613714783908,7.61613714783908,7.61613714783908,7.61613714783908,7.61613714783908,5.92058280877898,5.92058280877898,7.61613714783908,7.61613714783908,7.61613714783908,7.61613714783908,7.61613714783908,7.61613714783908,7.61613714783908,7.61613714783908,7.61613714783908,7.61613714783908,7.61613714783908,7.61613714783908,7.61613714783908,7.61613714783908,7.61613714783908,7.61613714783908,7.61613714783908,7.61613714783908,7.61613714783908,7.61613714783908,7.61613714783908
"t10",3.65875520944837,5.40042543838763,4.73441668527021,4.40274058760743,7.85399264149215,5.61140781275324,5.23352579246763,6.53561190048512,0.329541940226958,0,5.24465044113853,3.80908189279655,7.85399264149215,7.85399264149215,7.85399264149215,6.96749050875336,7.85399264149215,7.85399264149215,7.85399264149215,7.39911942403898,7.85399264149215,6.88195019103584,7.85399264149215,7.85399264149215,6.55665092102035,7.85399264149215,7.85399264149215,7.85399264149215,7.85399264149215,7.85399264149215,7.85399264149215,7.12804732478385,7.85399264149215,7.85399264149215,7.71197841191029,7.85399264149215,7.85399264149215,7.85399264149215,6.15843830243205,7.85399264149215,7.85399264149215,7.85399264149215,7.85399264149215,7.85399264149215,7.85399264149215,7.11306116069921,6.15843830243205,7.66583621392289,7.85399264149215,7.85399264149215,7.85399264149215,7.85399264149215,7.85399264149215,7.85399264149215,7.85399264149215,7.85399264149215,7.85399264149215,7.85399264149215,7.85399264149215,7.85399264149215,7.85399264149215,7.85399264149215,7.85399264149215,7.60354148501308,7.85399264149215,7.85399264149215,7.85399264149215,7.85399264149215,7.67294411299455,7.85399264149215,7.85399264149215,7.85399264149215,7.85399264149215,3.3943983768293,3.3943983768293,7.85399264149215,7.85399264149215,7.85399264149215,7.85399264149215,7.85399264149215,7.85399264149215,7.85399264149215,6.15843830243205,6.15843830243205,7.85399264149215,7.85399264149215,7.85399264149215,7.85399264149215,7.85399264149215,7.85399264149215,7.85399264149215,7.85399264149215,7.85399264149215,7.85399264149215,7.85399264149215,7.85399264149215,7.85399264149215,7.85399264149215,6.15843830243205,6.15843830243205,7.85399264149215,7.85399264149215,7.85399264149215,7.85399264149215,7.85399264149215,7.85399264149215,7.85399264149215,7.85399264149215,7.85399264149215,7.85399264149215,7.85399264149215,7.85399264149215,7.85399264149215,7.85399264149215,7.85399264149215,7.85399264149215,7.85399264149215,7.85399264149215,7.85399264149215,7.85399264149215,7.85399264149215
"t11",4.99018273902932,6.73185296796857,6.06584421485116,5.73416811718838,9.1854201710731,6.94283534233418,6.56495332204857,7.86703943006606,5.00679494748546,5.24465044113853,0,1.47697816406396,9.1854201710731,9.1854201710731,9.1854201710731,8.2989180383343,9.18542017107309,9.1854201710731,9.18542017107309,8.73054695361992,9.1854201710731,8.21337772061679,9.1854201710731,9.18542017107309,7.8880784506013,9.1854201710731,9.18542017107309,9.1854201710731,9.18542017107309,9.18542017107309,9.18542017107309,8.4594748543648,9.18542017107309,9.18542017107309,9.04340594149123,9.18542017107309,9.18542017107309,9.18542017107309,6.1954282088718,9.18542017107309,9.18542017107309,9.18542017107309,9.1854201710731,9.18542017107309,9.18542017107309,8.44448869028015,6.1954282088718,8.99726374350383,9.18542017107309,9.18542017107309,9.18542017107309,9.18542017107309,9.18542017107309,9.18542017107309,9.18542017107309,9.18542017107309,9.18542017107309,9.1854201710731,9.18542017107309,9.18542017107309,9.1854201710731,9.1854201710731,9.18542017107309,8.93496901459402,9.18542017107309,9.18542017107309,9.18542017107309,9.1854201710731,9.0043716425755,9.1854201710731,9.18542017107309,9.18542017107309,9.18542017107309,7.489865832013,7.489865832013,9.1854201710731,9.1854201710731,9.18542017107309,9.18542017107309,9.18542017107309,9.1854201710731,9.1854201710731,6.1954282088718,6.1954282088718,9.18542017107309,9.18542017107309,9.18542017107309,9.1854201710731,9.18542017107309,9.18542017107309,9.18542017107309,9.18542017107309,9.1854201710731,9.1854201710731,9.18542017107309,9.18542017107309,9.18542017107309,9.18542017107309,6.1954282088718,6.1954282088718,9.18542017107309,9.1854201710731,9.1854201710731,9.18542017107309,9.18542017107309,9.18542017107309,9.18542017107309,9.18542017107309,9.18542017107309,9.18542017107309,9.18542017107309,9.1854201710731,9.1854201710731,9.18542017107309,9.18542017107309,9.18542017107309,9.18542017107309,9.1854201710731,9.1854201710731,9.1854201710731,9.1854201710731
"t12",3.55461419068734,5.29628441962659,4.63027566650918,4.2985995688464,7.74985162273112,5.50726679399221,5.1293847737066,6.43147088172409,3.57122639914348,3.80908189279655,1.47697816406396,0,7.74985162273112,7.74985162273112,7.74985162273112,6.86334948999233,7.74985162273112,7.74985162273112,7.74985162273112,7.29497840527794,7.74985162273112,6.77780917227481,7.74985162273112,7.74985162273112,6.45250990225932,7.74985162273112,7.74985162273112,7.74985162273112,7.74985162273112,7.74985162273112,7.74985162273112,7.02390630602282,7.74985162273112,7.74985162273112,7.60783739314925,7.74985162273112,7.74985162273112,7.74985162273112,4.75985966052982,7.74985162273112,7.74985162273112,7.74985162273112,7.74985162273112,7.74985162273112,7.74985162273112,7.00892014193818,4.75985966052982,7.56169519516185,7.74985162273112,7.74985162273112,7.74985162273112,7.74985162273112,7.74985162273112,7.74985162273112,7.74985162273112,7.74985162273112,7.74985162273112,7.74985162273112,7.74985162273112,7.74985162273112,7.74985162273112,7.74985162273112,7.74985162273112,7.49940046625204,7.74985162273112,7.74985162273112,7.74985162273112,7.74985162273112,7.56880309423352,7.74985162273112,7.74985162273112,7.74985162273112,7.74985162273112,6.05429728367102,6.05429728367102,7.74985162273112,7.74985162273112,7.74985162273112,7.74985162273112,7.74985162273112,7.74985162273112,7.74985162273112,4.75985966052982,4.75985966052982,7.74985162273112,7.74985162273112,7.74985162273112,7.74985162273112,7.74985162273112,7.74985162273112,7.74985162273112,7.74985162273112,7.74985162273112,7.74985162273112,7.74985162273112,7.74985162273112,7.74985162273112,7.74985162273112,4.75985966052982,4.75985966052982,7.74985162273112,7.74985162273112,7.74985162273112,7.74985162273112,7.74985162273112,7.74985162273112,7.74985162273112,7.74985162273112,7.74985162273112,7.74985162273112,7.74985162273112,7.74985162273112,7.74985162273112,7.74985162273112,7.74985162273112,7.74985162273112,7.74985162273112,7.74985162273112,7.74985162273112,7.74985162273112,7.74985162273112
"t13",5.90397060032284,5.34755444325381,4.17205115147115,6.1787855424388,9.63003759632352,6.70896283968755,6.33108081940194,7.63316692741943,7.61613714783908,7.85399264149215,9.1854201710731,7.74985162273112,0,6.8268900174172,8.95154766842646,8.06504553568767,8.95154766842646,4.69505928932156,5.35180396290577,8.49667445097329,8.95154766842646,7.97950521797016,8.95154766842646,8.95154766842646,3.57717610425277,8.95154766842646,4.87451782472457,6.8268900174172,8.95154766842646,8.95154766842646,5.35180396290577,4.62585864619748,4.69505928932155,4.69505928932155,8.8095334388446,8.95154766842646,8.95154766842646,4.87451782472457,10.0992080323666,6.82689001741719,4.87451782472457,4.87451782472457,8.95154766842646,6.8268900174172,6.8268900174172,8.21061618763352,10.0992080323666,6.63873358984793,8.95154766842646,6.82689001741719,6.82689001741719,8.95154766842646,8.95154766842646,8.95154766842646,5.35180396290577,8.95154766842646,8.95154766842646,6.8268900174172,8.95154766842646,6.82689001741719,6.82689001741719,6.82689001741719,8.95154766842646,8.70109651194739,5.35180396290577,4.69505928932156,4.69505928932156,4.87451782472457,4.69346929622697,4.87451782472457,5.35180396290577,5.35180396290577,8.95154766842646,10.0992080323666,10.0992080323666,6.8268900174172,6.8268900174172,6.82689001741719,6.82689001741719,8.95154766842646,4.87451782472457,4.87451782472457,10.0992080323666,10.0992080323666,8.95154766842646,8.95154766842646,8.95154766842646,8.95154766842646,8.95154766842646,8.95154766842646,8.95154766842646,8.95154766842646,8.95154766842646,8.95154766842646,5.35180396290577,5.35180396290577,8.95154766842646,8.95154766842646,10.0992080323666,10.0992080323666,8.95154766842646,6.8268900174172,6.8268900174172,8.95154766842646,8.95154766842646,8.95154766842646,8.95154766842646,8.95154766842646,8.95154766842646,8.95154766842646,8.95154766842646,8.95154766842646,8.95154766842646,8.95154766842646,8.95154766842646,4.87451782472457,4.87451782472457,8.95154766842646,8.95154766842646,5.35180396290577,5.35180396290577
"t14",5.90397060032284,5.34755444325381,4.17205115147115,6.17878554243881,9.63003759632353,6.70896283968755,6.33108081940194,7.63316692741943,7.61613714783908,7.85399264149215,9.1854201710731,7.74985162273112,6.8268900174172,0,8.95154766842646,8.06504553568767,8.95154766842646,6.8268900174172,6.8268900174172,8.49667445097329,8.95154766842646,7.97950521797016,8.95154766842646,8.95154766842646,5.52954829694539,8.95154766842646,6.8268900174172,5.76318073215864,8.95154766842646,8.95154766842646,6.82689001741719,6.1009447007089,6.82689001741719,6.82689001741719,8.8095334388446,8.95154766842646,8.95154766842646,6.8268900174172,10.0992080323666,4.26888017747553,6.8268900174172,6.8268900174172,8.95154766842646,5.54702399115862,5.54702399115862,8.21061618763352,10.0992080323666,4.08072374990627,8.95154766842646,4.46674877346856,4.46674877346856,8.95154766842646,8.95154766842646,8.95154766842646,6.82689001741719,8.95154766842646,8.95154766842646,4.46674877346856,8.95154766842646,4.26888017747553,4.46674877346856,4.46674877346856,8.95154766842646,8.70109651194739,6.8268900174172,6.8268900174172,6.8268900174172,6.8268900174172,6.6458414889196,6.8268900174172,6.82689001741719,6.82689001741719,8.95154766842646,10.0992080323666,10.0992080323666,5.76318073215864,5.76318073215864,4.26888017747553,4.26888017747553,8.95154766842646,6.8268900174172,6.8268900174172,10.0992080323666,10.0992080323666,8.95154766842646,8.95154766842646,8.95154766842646,8.95154766842646,8.95154766842646,8.95154766842646,8.95154766842646,8.95154766842646,8.95154766842646,8.95154766842646,6.8268900174172,6.8268900174172,8.95154766842646,8.95154766842646,10.0992080323666,10.0992080323666,8.95154766842646,5.54702399115862,5.54702399115862,8.95154766842646,8.95154766842646,8.95154766842646,8.95154766842646,8.95154766842646,8.95154766842646,8.95154766842646,8.95154766842646,8.95154766842646,8.95154766842646,8.95154766842646,8.95154766842646,6.8268900174172,6.8268900174172,8.95154766842646,8.95154766842646,6.8268900174172,6.8268900174172
"t15",5.90397060032284,6.49798046532194,5.83197171220452,6.17878554243881,9.63003759632352,4.85630967741476,5.90470518622005,4.99307525490767,7.61613714783908,7.85399264149215,9.1854201710731,7.74985162273112,8.95154766842646,8.95154766842646,0,7.63866990250578,4.20262386304568,8.95154766842646,8.95154766842646,8.07029881779139,8.52517203524457,7.55312958478826,8.52517203524457,7.09889450615367,7.65420594795466,7.09889450615367,8.95154766842646,8.95154766842646,7.09889450615367,7.09889450615367,8.95154766842646,8.22560235171817,8.95154766842646,8.95154766842646,6.95688027657181,6.3114559959147,6.3114559959147,8.95154766842646,10.0992080323666,8.95154766842646,8.95154766842646,8.95154766842646,6.3114559959147,8.95154766842646,8.95154766842646,6.35796302536073,10.0992080323666,8.7633912408572,8.52517203524457,8.95154766842646,8.95154766842646,5.94965141488139,4.20262386304567,8.52517203524457,8.95154766842646,8.52517203524457,8.52517203524457,8.95154766842646,8.52517203524457,8.95154766842646,8.95154766842646,8.95154766842646,6.3114559959147,6.06100483943563,8.95154766842646,8.95154766842646,8.95154766842646,8.95154766842646,8.77049913992886,8.95154766842646,8.95154766842646,8.95154766842646,6.3114559959147,10.0992080323666,10.0992080323666,8.95154766842646,8.95154766842646,8.95154766842646,8.95154766842646,7.09889450615367,8.95154766842646,8.95154766842646,10.0992080323666,10.0992080323666,4.20262386304567,4.20262386304567,4.20262386304567,8.52517203524457,5.94965141488139,5.94965141488139,8.52517203524457,8.52517203524457,4.20262386304568,4.20262386304568,8.95154766842646,8.95154766842646,4.20262386304568,4.20262386304568,10.0992080323666,10.0992080323666,8.52517203524457,8.95154766842646,8.95154766842646,8.52517203524457,6.3114559959147,7.09889450615367,7.09889450615367,7.09889450615367,7.09889450615367,4.20262386304567,4.20262386304567,6.3114559959147,6.3114559959147,8.52517203524457,8.52517203524457,8.95154766842646,8.95154766842646,8.52517203524457,8.52517203524457,8.95154766842646,8.95154766842646
"t16",5.01746846758405,5.61147833258315,4.94546957946573,5.29228340970001,8.74353546358473,5.39608507376687,1.93744320938943,6.32028916149875,6.72963501510029,6.96749050875336,8.2989180383343,6.86334948999233,8.06504553568767,8.06504553568767,7.63866990250578,0,7.63866990250578,8.06504553568767,8.06504553568767,2.39822638758994,2.85309960504312,3.86375789453901,4.83580034499532,7.63866990250578,6.76770381521587,7.63866990250578,8.06504553568767,8.06504553568767,7.63866990250578,7.63866990250578,8.06504553568767,7.33910021897937,8.06504553568767,8.06504553568767,7.49665567292391,7.63866990250578,7.63866990250578,8.06504553568767,9.21270589962782,8.06504553568767,8.06504553568767,8.06504553568767,7.63866990250578,8.06504553568767,8.06504553568767,6.89773842171284,9.21270589962782,7.87688910811841,3.18094582369994,8.06504553568767,8.06504553568767,7.63866990250578,7.63866990250578,3.18094582369994,8.06504553568767,4.83580034499532,4.83580034499532,8.06504553568767,3.18094582369994,8.06504553568767,8.06504553568767,8.06504553568767,7.63866990250578,7.3882187460267,8.06504553568767,8.06504553568767,8.06504553568767,8.06504553568767,7.88399700719007,8.06504553568767,8.06504553568767,8.06504553568767,7.63866990250578,9.21270589962783,9.21270589962783,8.06504553568767,8.06504553568767,8.06504553568767,8.06504553568767,7.63866990250578,8.06504553568767,8.06504553568767,9.21270589962782,9.21270589962782,7.63866990250578,7.63866990250578,7.63866990250578,3.18094582369994,7.63866990250578,7.63866990250578,4.83580034499532,4.83580034499532,7.63866990250578,7.63866990250578,8.06504553568767,8.06504553568767,7.63866990250578,7.63866990250578,9.21270589962782,9.21270589962782,3.18094582369994,8.06504553568767,8.06504553568767,3.18094582369994,7.63866990250578,7.63866990250578,7.63866990250578,7.63866990250578,7.63866990250578,7.63866990250578,7.63866990250578,7.63866990250578,7.63866990250578,3.18094582369994,3.18094582369994,8.06504553568767,8.06504553568767,3.18094582369994,3.18094582369994,8.06504553568767,8.06504553568767
"t17",5.90397060032284,6.49798046532194,5.83197171220452,6.1787855424388,9.63003759632352,4.85630967741476,5.90470518622005,4.99307525490767,7.61613714783908,7.85399264149215,9.18542017107309,7.74985162273112,8.95154766842646,8.95154766842646,4.20262386304568,7.63866990250578,0,8.95154766842646,8.95154766842646,8.07029881779139,8.52517203524457,7.55312958478826,8.52517203524457,7.09889450615367,7.65420594795466,7.09889450615367,8.95154766842646,8.95154766842646,7.09889450615367,7.09889450615367,8.95154766842646,8.22560235171817,8.95154766842646,8.95154766842646,6.95688027657181,6.3114559959147,6.3114559959147,8.95154766842646,10.0992080323666,8.95154766842646,8.95154766842646,8.95154766842646,6.3114559959147,8.95154766842646,8.95154766842646,6.35796302536073,10.0992080323666,8.7633912408572,8.52517203524457,8.95154766842646,8.95154766842646,5.94965141488139,3.70099837252206,8.52517203524457,8.95154766842646,8.52517203524457,8.52517203524457,8.95154766842646,8.52517203524457,8.95154766842646,8.95154766842646,8.95154766842646,6.3114559959147,6.06100483943563,8.95154766842646,8.95154766842646,8.95154766842646,8.95154766842646,8.77049913992886,8.95154766842646,8.95154766842646,8.95154766842646,6.3114559959147,10.0992080323666,10.0992080323666,8.95154766842646,8.95154766842646,8.95154766842646,8.95154766842646,7.09889450615367,8.95154766842646,8.95154766842646,10.0992080323666,10.0992080323666,3.70099837252206,3.70099837252206,3.70099837252206,8.52517203524457,5.94965141488139,5.94965141488139,8.52517203524457,8.52517203524457,3.70099837252206,3.70099837252206,8.95154766842646,8.95154766842646,3.70099837252206,3.70099837252206,10.0992080323666,10.0992080323666,8.52517203524457,8.95154766842646,8.95154766842646,8.52517203524457,6.3114559959147,7.09889450615367,7.09889450615367,7.09889450615367,7.09889450615367,3.70099837252206,3.70099837252206,6.3114559959147,6.3114559959147,8.52517203524457,8.52517203524457,8.95154766842646,8.95154766842646,8.52517203524457,8.52517203524457,8.95154766842646,8.95154766842646
"t18",5.90397060032284,5.34755444325381,4.17205115147114,6.1787855424388,9.63003759632352,6.70896283968755,6.33108081940194,7.63316692741943,7.61613714783908,7.85399264149215,9.1854201710731,7.74985162273112,4.69505928932156,6.8268900174172,8.95154766842646,8.06504553568767,8.95154766842646,0,5.35180396290577,8.49667445097329,8.95154766842646,7.97950521797016,8.95154766842646,8.95154766842646,3.57717610425277,8.95154766842646,4.87451782472457,6.8268900174172,8.95154766842646,8.95154766842646,5.35180396290577,4.62585864619748,3.66164171322093,3.66164171322093,8.8095334388446,8.95154766842646,8.95154766842646,4.87451782472457,10.0992080323666,6.82689001741719,4.87451782472457,4.87451782472457,8.95154766842646,6.8268900174172,6.8268900174172,8.21061618763352,10.0992080323666,6.63873358984793,8.95154766842646,6.82689001741719,6.82689001741719,8.95154766842646,8.95154766842646,8.95154766842646,5.35180396290577,8.95154766842646,8.95154766842646,6.8268900174172,8.95154766842646,6.82689001741719,6.82689001741719,6.82689001741719,8.95154766842646,8.70109651194739,5.35180396290577,3.66164171322093,3.66164171322093,4.87451782472457,4.69346929622697,4.87451782472457,5.35180396290577,5.35180396290577,8.95154766842646,10.0992080323666,10.0992080323666,6.8268900174172,6.8268900174172,6.82689001741719,6.82689001741719,8.95154766842646,4.87451782472457,4.87451782472457,10.0992080323666,10.0992080323666,8.95154766842646,8.95154766842646,8.95154766842646,8.95154766842646,8.95154766842646,8.95154766842646,8.95154766842646,8.95154766842646,8.95154766842646,8.95154766842646,5.35180396290577,5.35180396290577,8.95154766842646,8.95154766842646,10.0992080323666,10.0992080323666,8.95154766842646,6.8268900174172,6.8268900174172,8.95154766842646,8.95154766842646,8.95154766842646,8.95154766842646,8.95154766842646,8.95154766842646,8.95154766842646,8.95154766842646,8.95154766842646,8.95154766842646,8.95154766842646,8.95154766842646,4.87451782472457,4.87451782472457,8.95154766842646,8.95154766842646,5.35180396290577,5.35180396290577
"t19",5.90397060032284,5.34755444325381,4.17205115147114,6.1787855424388,9.63003759632352,6.70896283968755,6.33108081940194,7.63316692741943,7.61613714783908,7.85399264149215,9.18542017107309,7.74985162273112,5.35180396290577,6.8268900174172,8.95154766842646,8.06504553568767,8.95154766842646,5.35180396290577,0,8.49667445097329,8.95154766842646,7.97950521797016,8.95154766842646,8.95154766842646,4.05446224243397,8.95154766842646,5.35180396290577,6.8268900174172,8.95154766842646,8.95154766842646,3.11130260587569,2.3853572891674,5.35180396290577,5.35180396290577,8.8095334388446,8.95154766842646,8.95154766842646,5.35180396290577,10.0992080323666,6.82689001741719,5.35180396290577,5.35180396290577,8.95154766842646,6.8268900174172,6.8268900174172,8.21061618763352,10.0992080323666,6.63873358984793,8.95154766842646,6.82689001741719,6.82689001741719,8.95154766842646,8.95154766842646,8.95154766842646,4.02503830685692,8.95154766842646,8.95154766842646,6.8268900174172,8.95154766842646,6.82689001741719,6.82689001741719,6.82689001741719,8.95154766842646,8.70109651194739,3.05651216057041,5.35180396290577,5.35180396290577,5.35180396290577,5.17075543440817,5.35180396290577,4.02503830685692,4.02503830685692,8.95154766842646,10.0992080323666,10.0992080323666,6.8268900174172,6.8268900174172,6.82689001741719,6.82689001741719,8.95154766842646,5.35180396290577,5.35180396290577,10.0992080323666,10.0992080323666,8.95154766842646,8.95154766842646,8.95154766842646,8.95154766842646,8.95154766842646,8.95154766842646,8.95154766842646,8.95154766842646,8.95154766842646,8.95154766842646,3.05651216057041,3.05651216057041,8.95154766842646,8.95154766842646,10.0992080323666,10.0992080323666,8.95154766842646,6.8268900174172,6.8268900174172,8.95154766842646,8.95154766842646,8.95154766842646,8.95154766842646,8.95154766842646,8.95154766842646,8.95154766842646,8.95154766842646,8.95154766842646,8.95154766842646,8.95154766842646,8.95154766842646,5.35180396290577,5.35180396290577,8.95154766842646,8.95154766842646,3.11639091929848,3.11639091929848
