"","t1","t2","t3","t4","t5","t6","t7","t8","t9","t10","t11","t12","t13","t14","t15","t16","t17","t18","t19","t20","t21","t22","t23","t24","t25","t26","t27","t28","t29","t30","t31","t32","t33","t34","t35","t36","t37","t38","t39","t40","t41","t42","t43","t44","t45","t46","t47","t48","t49","t50","t51","t52","t53","t54","t55","t56","t57","t58","t59","t60","t61","t62","t63","t64","t65","t66","t67","t68","t69","t70","t71","t72","t73","t74","t75","t76","t77","t78","t79","t80","t81","t82","t83","t84","t85","t86","t87","t88","t89","t90","t91","t92","t93","t94","t95","t96","t97","t98","t99","t100","t101","t102","t103","t104","t105","t106","t107","t108","t109","t110","t111","t112","t113","t114","t115","t116","t117","t118","t119"
"t1",0,2.15360809066459,3.20492682158547,3.97858879734577,4.32996870529342,3.55206743443396,3.63862850407696,4.91144174184068,6.22806355090571,3.46133500082647,2.99457917869536,6.22806355090571,6.22806355090571,4.51087435142036,6.22806355090571,4.79231792480165,6.22806355090571,6.22806355090571,5.76234706621265,6.22806355090571,6.22806355090571,6.22806355090571,6.22806355090571,6.22806355090571,6.22806355090571,6.22806355090571,6.22806355090571,6.22806355090571,4.88247950156157,6.22806355090571,6.22806355090571,6.22806355090571,6.22806355090571,6.22806355090571,5.76329806923227,6.22806355090571,5.34350767943972,6.22806355090571,6.22806355090571,6.22806355090571,6.22806355090571,6.22806355090571,6.22806355090571,6.22806355090571,6.22806355090571,6.22806355090571,6.22806355090571,6.22806355090571,5.58968694431313,6.04448630436113,6.22806355090571,6.22806355090571,4.3903999509986,6.22806355090571,6.07254986649651,6.22806355090571,5.81355235215534,6.22806355090571,6.22806355090571,6.22806355090571,6.22806355090571,6.22806355090571,6.22806355090571,6.22806355090571,6.22806355090571,6.22806355090571,6.22806355090571,6.22806355090571,6.22806355090571,6.22806355090571,6.22806355090571,6.22806355090571,6.22806355090571,6.22806355090571,6.22806355090571,6.22806355090571,4.3903999509986,4.3903999509986,6.22806355090571,6.22806355090571,6.04448630436113,6.04448630436113,6.22806355090571,6.22806355090571,6.22806355090571,6.22806355090571,6.22806355090571,6.22806355090571,6.22806355090571,6.22806355090571,6.22806355090571,6.22806355090571,6.22806355090571,6.22806355090571,6.22806355090571,6.22806355090571,6.22806355090571,6.22806355090571,6.22806355090571,6.22806355090571,6.22806355090571,6.22806355090571,6.22806355090571,6.22806355090571,6.04448630436113,6.04448630436113,6.22806355090571,6.22806355090571,6.22806355090571,6.22806355090571,6.22806355090571,6.22806355090571,6.22806355090571,6.22806355090571,6.22806355090571,6.22806355090571,6.22806355090571,6.22806355090571,6.22806355090571
"t2",2.15360809066459,0,4.98752294565924,5.76118492141954,6.11256482936719,5.33466355850772,5.42122462815073,6.69403786591445,8.01065967497948,4.9483655111561,4.481609689025,8.01065967497948,8.01065967497948,6.29347047549413,8.01065967497948,6.57491404887542,8.01065967497948,8.01065967497948,7.54494319028642,8.01065967497948,8.01065967497948,8.01065967497948,8.01065967497948,8.01065967497948,8.01065967497948,8.01065967497948,8.01065967497948,8.01065967497948,6.66507562563534,8.01065967497948,8.01065967497948,8.01065967497948,8.01065967497948,8.01065967497948,7.54589419330604,8.01065967497948,7.12610380351349,8.01065967497948,8.01065967497948,8.01065967497948,8.01065967497948,8.01065967497948,8.01065967497948,8.01065967497948,8.01065967497948,8.01065967497948,8.01065967497948,8.01065967497948,7.3722830683869,7.8270824284349,8.01065967497948,8.01065967497948,5.87743046132823,8.01065967497948,7.85514599057028,8.01065967497948,7.59614847622911,8.01065967497948,8.01065967497948,8.01065967497948,8.01065967497948,8.01065967497948,8.01065967497948,8.01065967497948,8.01065967497948,8.01065967497948,8.01065967497948,8.01065967497948,8.01065967497948,8.01065967497948,8.01065967497948,8.01065967497948,8.01065967497948,8.01065967497948,8.01065967497948,8.01065967497948,5.87743046132823,5.87743046132823,8.01065967497948,8.01065967497948,7.8270824284349,7.8270824284349,8.01065967497948,8.01065967497948,8.01065967497948,8.01065967497948,8.01065967497948,8.01065967497948,8.01065967497948,8.01065967497948,8.01065967497948,8.01065967497948,8.01065967497948,8.01065967497948,8.01065967497948,8.01065967497948,8.01065967497948,8.01065967497948,8.01065967497948,8.01065967497948,8.01065967497948,8.01065967497948,8.01065967497948,8.01065967497948,7.8270824284349,7.8270824284349,8.01065967497948,8.01065967497948,8.01065967497948,8.01065967497948,8.01065967497948,8.01065967497948,8.01065967497948,8.01065967497948,8.01065967497948,8.01065967497948,8.01065967497948,8.01065967497948,8.01065967497948
"t3",3.20492682158547,4.98752294565924,0,2.76111840903138,5.50979720692554,4.73189593606607,4.81845700570908,2.69824720658344,7.40789205253783,6.29524985582112,5.82849403369002,7.40789205253783,7.40789205253783,5.69070285305248,7.40789205253783,5.97214642643377,7.40789205253783,7.40789205253783,6.94217556784477,7.40789205253783,7.40789205253783,7.40789205253783,7.40789205253783,7.40789205253783,7.40789205253783,7.40789205253783,7.40789205253783,7.40789205253783,6.06230800319369,7.40789205253783,7.40789205253783,7.40789205253783,7.40789205253783,7.40789205253783,6.94312657086439,7.40789205253783,6.52333618107183,7.40789205253783,7.40789205253783,7.40789205253783,7.40789205253783,7.40789205253783,7.40789205253783,7.40789205253783,7.40789205253783,7.40789205253783,7.40789205253783,7.40789205253783,4.37221655599874,4.82701591604674,7.40789205253783,7.40789205253783,7.22431480599325,7.40789205253783,7.25237836812863,7.40789205253783,6.99338085378746,7.40789205253783,7.40789205253783,7.40789205253783,7.40789205253783,7.40789205253783,7.40789205253783,7.40789205253783,7.40789205253783,7.40789205253783,7.40789205253783,7.40789205253783,7.40789205253783,7.40789205253783,7.40789205253783,7.40789205253783,7.40789205253783,7.40789205253783,7.40789205253783,7.40789205253783,7.22431480599325,7.22431480599325,7.40789205253783,7.40789205253783,3.83129176910389,3.83129176910389,7.40789205253783,7.40789205253783,7.40789205253783,7.40789205253783,7.40789205253783,7.40789205253783,7.40789205253783,7.40789205253783,7.40789205253783,7.40789205253783,7.40789205253783,7.40789205253783,7.40789205253783,7.40789205253783,7.40789205253783,7.40789205253783,7.40789205253783,7.40789205253783,7.40789205253783,7.40789205253783,7.40789205253783,7.40789205253783,4.82701591604674,4.82701591604674,7.40789205253783,7.40789205253783,7.40789205253783,7.40789205253783,7.40789205253783,7.40789205253783,7.40789205253783,7.40789205253783,7.40789205253783,7.40789205253783,7.40789205253783,7.40789205253783,7.40789205253783
"t4",3.97858879734577,5.76118492141954,2.76111840903138,0,6.28345918268584,5.50555791182637,5.59211898146938,4.46763332928659,8.18155402829813,7.06891183158142,6.60215600945032,8.18155402829813,8.18155402829813,6.46436482881278,8.18155402829813,6.74580840219407,8.18155402829813,8.18155402829813,7.71583754360507,8.18155402829813,8.18155402829813,8.18155402829813,8.18155402829813,8.18155402829813,8.18155402829813,8.18155402829813,8.18155402829813,8.18155402829813,6.83596997895399,8.18155402829813,8.18155402829813,8.18155402829813,8.18155402829813,8.18155402829813,7.71678854662469,8.18155402829813,7.29699815683213,8.18155402829813,8.18155402829813,8.18155402829813,8.18155402829813,8.18155402829813,8.18155402829813,8.18155402829813,8.18155402829813,8.18155402829813,8.18155402829813,8.18155402829813,3.73612074393356,4.19092010398156,8.18155402829813,8.18155402829813,7.99797678175355,8.18155402829813,8.02604034388893,8.18155402829813,7.76704282954776,8.18155402829813,8.18155402829813,8.18155402829813,8.18155402829813,8.18155402829813,8.18155402829813,8.18155402829813,8.18155402829813,8.18155402829813,8.18155402829813,8.18155402829813,8.18155402829813,8.18155402829813,8.18155402829813,8.18155402829813,8.18155402829813,8.18155402829813,8.18155402829813,8.18155402829813,7.99797678175355,7.99797678175355,8.18155402829813,8.18155402829813,5.60067789180704,5.60067789180704,8.18155402829813,8.18155402829813,8.18155402829813,8.18155402829813,8.18155402829813,8.18155402829813,8.18155402829813,8.18155402829813,8.18155402829813,8.18155402829813,8.18155402829813,8.18155402829813,8.18155402829813,8.18155402829813,8.18155402829813,8.18155402829813,8.18155402829813,8.18155402829813,8.18155402829813,8.18155402829813,8.18155402829813,8.18155402829813,4.19092010398155,4.19092010398155,8.18155402829813,8.18155402829813,8.18155402829813,8.18155402829813,8.18155402829813,8.18155402829813,8.18155402829813,8.18155402829813,8.18155402829813,8.18155402829813,8.18155402829813,8.18155402829813,8.18155402829813
"t5",4.32996870529342,6.11256482936719,5.50979720692554,6.28345918268584,0,2.90714650963243,2.99370757927543,7.21631212718075,5.58314262610419,7.42029173952907,6.95353591739797,4.30467665886045,5.58314262610418,2.5874874593751,4.30467665886045,2.8689310327564,4.30467665886045,5.98203008446806,5.11742614141113,4.30467665886045,5.98203008446806,5.98203008446806,5.58314262610418,5.98203008446806,4.30467665886045,5.58314262610418,5.58314262610418,4.30467665886045,2.95909260951632,4.30467665886045,5.58314262610418,5.58314262610418,4.30467665886045,4.30467665886045,5.51726460279462,5.98203008446806,4.69858675463819,5.58314262610418,5.98203008446806,5.58314262610418,5.58314262610418,5.98203008446806,5.98203008446806,4.30467665886045,5.98203008446806,4.30467665886045,4.30467665886045,5.58314262610418,7.8945573296532,8.3493566897012,5.58314262610418,5.58314262610418,8.3493566897012,4.30467665886045,5.42762894169499,5.58314262610418,5.56751888571769,5.58314262610418,5.58314262610418,5.58314262610418,5.98203008446806,5.58314262610418,5.58314262610418,5.58314262610418,4.30467665886045,4.30467665886045,5.58314262610418,5.98203008446806,5.58314262610418,5.58314262610418,4.30467665886045,4.30467665886045,5.58314262610418,5.58314262610418,5.58314262610418,5.58314262610418,8.3493566897012,8.3493566897012,5.98203008446806,5.98203008446806,8.3493566897012,8.3493566897012,4.30467665886045,4.30467665886045,5.98203008446806,5.98203008446806,5.58314262610418,5.58314262610418,5.98203008446806,5.58314262610418,4.30467665886045,4.30467665886045,4.30467665886045,4.30467665886045,5.98203008446806,5.98203008446806,5.98203008446806,5.58314262610418,5.58314262610418,5.58314262610418,5.58314262610418,5.58314262610418,4.30467665886045,4.30467665886045,8.3493566897012,8.3493566897012,5.98203008446806,5.98203008446806,4.30467665886045,4.30467665886045,4.30467665886045,4.30467665886045,4.30467665886045,5.98203008446806,5.98203008446806,5.98203008446806,5.98203008446806,5.98203008446806,5.98203008446806
"t6",3.55206743443396,5.33466355850772,4.73189593606607,5.50555791182637,2.90714650963243,0,0.801741854350604,6.43841085632128,4.31404004741777,6.6423904686696,6.1756346465385,4.80524135524471,3.39117690117936,3.08805215575936,4.80524135524471,3.36949572914066,4.80524135524471,5.20412881360859,3.84832356272471,4.80524135524471,5.20412881360859,5.20412881360859,4.31404004741777,5.20412881360859,4.80524135524471,3.39117690117936,3.39117690117936,4.80524135524471,3.45965730590057,4.80524135524471,4.31404004741777,4.31404004741777,4.80524135524471,4.80524135524471,4.73936333193515,5.20412881360859,3.42948417595177,4.31404004741777,5.20412881360859,4.31404004741777,4.31404004741777,5.20412881360859,5.20412881360859,4.80524135524471,5.20412881360859,4.80524135524471,4.80524135524471,4.31404004741777,7.11665605879373,7.57145541884173,4.31404004741777,4.31404004741777,7.57145541884173,4.80524135524471,4.15852636300857,4.31404004741777,4.78961761485822,3.39117690117936,4.31404004741777,4.31404004741777,5.20412881360859,4.31404004741777,3.39117690117936,3.39117690117936,4.80524135524471,4.80524135524471,4.31404004741777,5.20412881360859,4.31404004741777,4.31404004741777,4.80524135524471,4.80524135524471,4.31404004741777,4.31404004741777,4.31404004741777,4.31404004741777,7.57145541884173,7.57145541884173,5.20412881360859,5.20412881360859,7.57145541884173,7.57145541884173,4.80524135524471,4.80524135524471,5.20412881360859,5.20412881360859,4.31404004741777,4.31404004741777,5.20412881360859,4.31404004741777,4.80524135524471,4.80524135524471,4.80524135524471,4.80524135524471,5.20412881360859,5.20412881360859,5.20412881360859,4.31404004741777,4.31404004741777,4.31404004741777,4.31404004741777,4.31404004741777,4.80524135524471,4.80524135524471,7.57145541884173,7.57145541884173,5.20412881360859,5.20412881360859,4.80524135524471,4.80524135524471,4.80524135524471,4.80524135524471,4.80524135524471,5.20412881360859,5.20412881360859,5.20412881360859,5.20412881360859,5.20412881360859,5.20412881360859
"t7",3.63862850407696,5.42122462815073,4.81845700570908,5.59211898146938,2.99370757927543,0.801741854350604,0,6.52497192596428,4.40060111706077,6.7289515383126,6.2621957161815,4.89180242488772,3.22774112506384,3.17461322540237,4.89180242488772,3.45605679878366,4.89180242488772,5.29068988325159,3.93488463236771,4.89180242488772,5.29068988325159,5.29068988325159,4.40060111706077,5.2906898832516,4.89180242488772,3.22774112506385,3.22774112506385,4.89180242488772,3.54621837554358,4.89180242488772,4.40060111706077,4.40060111706077,4.89180242488772,4.89180242488772,4.82592440157815,5.29068988325159,3.51604524559477,4.40060111706077,5.2906898832516,4.40060111706077,4.40060111706077,5.29068988325159,5.29068988325159,4.89180242488772,5.2906898832516,4.89180242488772,4.89180242488772,4.40060111706077,7.20321712843674,7.65801648848473,4.40060111706077,4.40060111706077,7.65801648848473,4.89180242488772,4.24508743265157,4.40060111706077,4.87617868450122,3.22774112506385,4.40060111706077,4.40060111706077,5.2906898832516,4.40060111706077,3.22774112506385,3.22774112506385,4.89180242488772,4.89180242488772,4.40060111706077,5.29068988325159,4.40060111706077,4.40060111706077,4.89180242488772,4.89180242488772,4.40060111706077,4.40060111706077,4.40060111706077,4.40060111706077,7.65801648848473,7.65801648848473,5.29068988325159,5.29068988325159,7.65801648848473,7.65801648848473,4.89180242488772,4.89180242488772,5.2906898832516,5.2906898832516,4.40060111706077,4.40060111706077,5.29068988325159,4.40060111706077,4.89180242488772,4.89180242488772,4.89180242488772,4.89180242488772,5.29068988325159,5.29068988325159,5.29068988325159,4.40060111706077,4.40060111706077,4.40060111706077,4.40060111706077,4.40060111706077,4.89180242488772,4.89180242488772,7.65801648848473,7.65801648848473,5.29068988325159,5.29068988325159,4.89180242488772,4.89180242488772,4.89180242488772,4.89180242488772,4.89180242488772,5.29068988325159,5.29068988325159,5.29068988325159,5.29068988325159,5.2906898832516,5.2906898832516
"t8",4.91144174184068,6.69403786591445,2.69824720658344,4.46763332928659,7.21631212718075,6.43841085632128,6.52497192596428,0,9.11440697279304,8.00176477607633,7.53500895394523,9.11440697279304,9.11440697279304,7.39721777330769,9.11440697279304,7.67866134668898,9.11440697279304,9.11440697279304,8.64869048809998,9.11440697279304,9.11440697279304,9.11440697279304,9.11440697279304,9.11440697279304,9.11440697279304,9.11440697279304,9.11440697279304,9.11440697279304,7.7688229234489,9.11440697279304,9.11440697279304,9.11440697279304,9.11440697279304,9.11440697279304,8.6496414911196,9.11440697279304,8.22985110132704,9.11440697279304,9.11440697279304,9.11440697279304,9.11440697279304,9.11440697279304,9.11440697279304,9.11440697279304,9.11440697279304,9.11440697279304,9.11440697279304,9.11440697279304,6.07873147625395,6.53353083630195,9.11440697279304,9.11440697279304,8.93082972624846,9.11440697279304,8.95889328838384,9.11440697279304,8.69989577404267,9.11440697279304,9.11440697279304,9.11440697279304,9.11440697279304,9.11440697279304,9.11440697279304,9.11440697279304,9.11440697279304,9.11440697279304,9.11440697279304,9.11440697279304,9.11440697279304,9.11440697279304,9.11440697279304,9.11440697279304,9.11440697279304,9.11440697279304,9.11440697279304,9.11440697279304,8.93082972624846,8.93082972624846,9.11440697279304,9.11440697279304,4.4106935439918,4.4106935439918,9.11440697279304,9.11440697279304,9.11440697279304,9.11440697279304,9.11440697279304,9.11440697279304,9.11440697279304,9.11440697279304,9.11440697279304,9.11440697279304,9.11440697279304,9.11440697279304,9.11440697279304,9.11440697279304,9.11440697279304,9.11440697279304,9.11440697279304,9.11440697279304,9.11440697279304,9.11440697279304,9.11440697279304,9.11440697279304,6.53353083630195,6.53353083630195,9.11440697279304,9.11440697279304,9.11440697279304,9.11440697279304,9.11440697279304,9.11440697279304,9.11440697279304,9.11440697279304,9.11440697279304,9.11440697279304,9.11440697279304,9.11440697279304,9.11440697279304
"t9",6.22806355090571,8.01065967497948,7.40789205253783,8.18155402829813,5.58314262610419,4.31404004741777,4.40060111706077,9.11440697279304,0,9.31838658514136,8.85163076301026,7.48123747171647,6.99003616388952,5.76404827223112,7.48123747171647,6.04549184561241,7.48123747171647,7.88012493008035,6.10716020626683,7.48123747171647,7.88012493008035,7.88012493008035,5.42924889383211,7.88012493008035,7.48123747171647,6.99003616388952,6.99003616388952,7.48123747171647,6.13565342237233,7.48123747171647,5.42924889383211,5.42924889383211,7.48123747171647,7.48123747171647,7.41535944840691,7.88012493008035,4.54469302236612,5.42924889383211,7.88012493008035,5.42924889383211,5.42924889383211,7.88012493008035,7.88012493008035,7.48123747171647,7.88012493008035,7.48123747171647,7.48123747171647,5.42924889383211,9.79265217526549,10.2474515353135,5.42924889383211,5.42924889383211,10.2474515353135,7.48123747171647,5.27373520942292,5.42924889383211,7.46561373132998,6.99003616388952,5.42924889383211,5.42924889383211,7.88012493008035,6.57287669095989,6.99003616388952,6.99003616388952,7.48123747171647,7.48123747171647,6.57287669095988,7.88012493008035,5.42924889383211,5.42924889383211,7.48123747171647,7.48123747171647,5.42924889383211,5.42924889383211,5.42924889383211,5.42924889383211,10.2474515353135,10.2474515353135,7.88012493008035,7.88012493008035,10.2474515353135,10.2474515353135,7.48123747171647,7.48123747171647,7.88012493008035,7.88012493008035,6.57287669095989,6.57287669095989,7.88012493008035,5.42924889383211,7.48123747171647,7.48123747171647,7.48123747171647,7.48123747171647,7.88012493008035,7.88012493008035,7.88012493008035,5.42924889383211,5.42924889383212,5.42924889383212,5.42924889383211,5.42924889383211,7.48123747171647,7.48123747171647,10.2474515353135,10.2474515353135,7.88012493008035,7.88012493008035,7.48123747171647,7.48123747171647,7.48123747171647,7.48123747171647,7.48123747171647,7.88012493008035,7.88012493008035,7.88012493008035,7.88012493008035,7.88012493008035,7.88012493008035
"t10",3.46133500082647,4.9483655111561,6.29524985582112,7.06891183158142,7.42029173952907,6.6423904686696,6.7289515383126,8.00176477607633,9.31838658514136,0,2.38997934273832,9.31838658514136,9.31838658514136,7.60119738565601,9.31838658514136,7.8826409590373,9.31838658514136,9.31838658514136,8.8526701004483,9.31838658514136,9.31838658514136,9.31838658514136,9.31838658514136,9.31838658514136,9.31838658514136,9.31838658514136,9.31838658514136,9.31838658514136,7.97280253579722,9.31838658514136,9.31838658514136,9.31838658514136,9.31838658514136,9.31838658514136,8.85362110346792,9.31838658514136,8.43383071367536,9.31838658514136,9.31838658514136,9.31838658514136,9.31838658514136,9.31838658514136,9.31838658514136,9.31838658514136,9.31838658514136,9.31838658514136,9.31838658514136,9.31838658514136,8.68000997854878,9.13480933859678,9.31838658514136,9.31838658514136,3.78580011504155,9.31838658514136,9.16287290073216,9.31838658514136,8.90387538639099,9.31838658514136,9.31838658514136,9.31838658514136,9.31838658514136,9.31838658514136,9.31838658514136,9.31838658514136,9.31838658514136,9.31838658514136,9.31838658514136,9.31838658514136,9.31838658514136,9.31838658514136,9.31838658514136,9.31838658514136,9.31838658514136,9.31838658514136,9.31838658514136,9.31838658514136,3.78580011504155,3.78580011504155,9.31838658514136,9.31838658514136,9.13480933859678,9.13480933859678,9.31838658514136,9.31838658514136,9.31838658514136,9.31838658514136,9.31838658514136,9.31838658514136,9.31838658514136,9.31838658514136,9.31838658514136,9.31838658514136,9.31838658514136,9.31838658514136,9.31838658514136,9.31838658514136,9.31838658514136,9.31838658514136,9.31838658514136,9.31838658514136,9.31838658514136,9.31838658514136,9.31838658514136,9.31838658514136,9.13480933859678,9.13480933859678,9.31838658514136,9.31838658514136,9.31838658514136,9.31838658514136,9.31838658514136,9.31838658514136,9.31838658514136,9.31838658514136,9.31838658514136,9.31838658514136,9.31838658514136,9.31838658514136,9.31838658514136
"t11",2.99457917869536,4.481609689025,5.82849403369002,6.60215600945032,6.95353591739797,6.1756346465385,6.2621957161815,7.53500895394523,8.85163076301026,2.38997934273832,0,8.85163076301026,8.85163076301026,7.13444156352491,8.85163076301026,7.4158851369062,8.85163076301026,8.85163076301025,8.3859142783172,8.85163076301026,8.85163076301026,8.85163076301026,8.85163076301026,8.85163076301026,8.85163076301026,8.85163076301026,8.85163076301026,8.85163076301026,7.50604671366612,8.85163076301026,8.85163076301026,8.85163076301026,8.85163076301026,8.85163076301026,8.38686528133681,8.85163076301026,7.96707489154426,8.85163076301026,8.85163076301026,8.85163076301026,8.85163076301026,8.85163076301025,8.85163076301026,8.85163076301026,8.85163076301026,8.85163076301026,8.85163076301026,8.85163076301026,8.21325415641768,8.66805351646568,8.85163076301026,8.85163076301026,3.16699690804521,8.85163076301026,8.69611707860106,8.85163076301026,8.43711956425989,8.85163076301026,8.85163076301026,8.85163076301026,8.85163076301026,8.85163076301025,8.85163076301026,8.85163076301026,8.85163076301025,8.85163076301025,8.85163076301025,8.85163076301026,8.85163076301026,8.85163076301026,8.85163076301026,8.85163076301026,8.85163076301026,8.85163076301026,8.85163076301026,8.85163076301026,3.16699690804521,3.16699690804521,8.85163076301026,8.85163076301026,8.66805351646568,8.66805351646568,8.85163076301026,8.85163076301026,8.85163076301026,8.85163076301026,8.85163076301025,8.85163076301025,8.85163076301026,8.85163076301026,8.85163076301026,8.85163076301026,8.85163076301026,8.85163076301026,8.85163076301026,8.85163076301026,8.85163076301026,8.85163076301026,8.85163076301026,8.85163076301026,8.85163076301025,8.85163076301025,8.85163076301026,8.85163076301026,8.66805351646568,8.66805351646568,8.85163076301026,8.85163076301026,8.85163076301026,8.85163076301026,8.85163076301026,8.85163076301026,8.85163076301026,8.85163076301026,8.85163076301026,8.85163076301026,8.85163076301026,8.85163076301026,8.85163076301026
"t12",6.22806355090571,8.01065967497948,7.40789205253783,8.18155402829813,4.30467665886045,4.80524135524471,4.89180242488772,9.11440697279304,7.48123747171647,9.31838658514136,8.85163076301026,0,7.48123747171647,4.45504115715821,4.36605470297723,2.93030907687317,4.36605470297723,7.88012493008035,7.01552098702341,6.17223035664356,7.88012493008035,7.88012493008035,7.48123747171647,7.88012493008035,4.36605470297723,7.48123747171647,7.48123747171647,4.36605470297723,3.02047065363309,4.36605470297723,7.48123747171647,7.48123747171647,4.76651981937769,4.36605470297723,7.41535944840691,7.88012493008035,6.59668160025048,7.48123747171647,7.88012493008035,7.48123747171647,7.48123747171647,7.88012493008035,7.88012493008035,4.36605470297723,7.88012493008035,4.76651981937769,4.76651981937769,7.48123747171647,9.79265217526549,10.2474515353135,7.48123747171647,7.48123747171647,10.2474515353135,6.17223035664356,7.32572378730727,7.48123747171647,7.46561373132998,7.48123747171647,7.48123747171647,7.48123747171647,7.88012493008035,7.48123747171647,7.48123747171647,7.48123747171647,6.17223035664356,6.17223035664356,7.48123747171647,7.88012493008035,7.48123747171647,7.48123747171647,6.17223035664356,6.17223035664356,7.48123747171647,7.48123747171647,7.48123747171647,7.48123747171647,10.2474515353135,10.2474515353135,7.88012493008035,7.88012493008035,10.2474515353135,10.2474515353135,4.36605470297723,6.17223035664356,7.88012493008035,7.88012493008035,7.48123747171647,7.48123747171647,7.88012493008035,7.48123747171647,4.36605470297723,4.36605470297723,6.17223035664356,6.17223035664356,7.88012493008035,7.88012493008035,7.88012493008035,7.48123747171647,7.48123747171647,7.48123747171647,7.48123747171647,7.48123747171647,4.36605470297723,4.36605470297723,10.2474515353135,10.2474515353135,7.88012493008035,7.88012493008035,4.36605470297723,4.76651981937769,4.76651981937769,4.36605470297723,4.36605470297723,7.88012493008035,7.88012493008035,7.88012493008035,7.88012493008035,7.88012493008035,7.88012493008035
"t13",6.22806355090571,8.01065967497948,7.40789205253783,8.18155402829813,5.58314262610418,3.39117690117936,3.22774112506384,9.11440697279304,6.99003616388952,9.31838658514136,8.85163076301026,7.48123747171647,0,5.76404827223112,7.48123747171647,6.04549184561241,7.48123747171647,7.88012493008035,6.52431967919646,7.48123747171647,7.88012493008035,7.88012493008035,6.99003616388952,7.88012493008035,7.48123747171647,4.26242425700006,4.26242425700006,7.48123747171647,6.13565342237233,7.48123747171647,6.99003616388952,6.99003616388952,7.48123747171647,7.48123747171647,7.41535944840691,7.88012493008035,6.10548029242353,6.99003616388952,7.88012493008035,6.99003616388952,6.99003616388952,7.88012493008035,7.88012493008035,7.48123747171647,7.88012493008035,7.48123747171647,7.48123747171647,6.99003616388952,9.79265217526549,10.2474515353135,6.99003616388952,6.99003616388952,10.2474515353135,7.48123747171647,6.83452247948032,6.99003616388952,7.46561373132998,4.30829519905802,6.99003616388952,6.99003616388952,7.88012493008035,6.99003616388952,4.30829519905802,4.30829519905802,7.48123747171647,7.48123747171647,6.99003616388952,7.88012493008035,6.99003616388952,6.99003616388952,7.48123747171647,7.48123747171647,6.99003616388952,6.99003616388952,6.99003616388952,6.99003616388952,10.2474515353135,10.2474515353135,7.88012493008035,7.88012493008035,10.2474515353135,10.2474515353135,7.48123747171647,7.48123747171647,7.88012493008035,7.88012493008035,6.99003616388952,6.99003616388952,7.88012493008035,6.99003616388952,7.48123747171647,7.48123747171647,7.48123747171647,7.48123747171647,7.88012493008035,7.88012493008035,7.88012493008035,6.99003616388952,6.99003616388952,6.99003616388952,6.99003616388952,6.99003616388952,7.48123747171647,7.48123747171647,10.2474515353135,10.2474515353135,7.88012493008035,7.88012493008035,7.48123747171647,7.48123747171647,7.48123747171647,7.48123747171647,7.48123747171647,7.88012493008035,7.88012493008035,7.88012493008035,7.88012493008035,7.88012493008035,7.88012493008035
"t14",4.51087435142036,6.29347047549413,5.69070285305248,6.46436482881278,2.5874874593751,3.08805215575936,3.17461322540237,7.39721777330769,5.76404827223112,7.60119738565601,7.13444156352491,4.45504115715821,5.76404827223112,0,4.45504115715821,3.01929553105415,4.45504115715821,6.162935730595,5.29833178753806,3.05799566124353,6.162935730595,6.162935730595,5.76404827223112,6.162935730595,4.45504115715821,5.76404827223112,5.76404827223112,4.45504115715821,3.10945710781407,4.45504115715821,5.76404827223112,5.76404827223112,4.45504115715821,4.45504115715821,5.69817024892156,6.162935730595,4.87949240076513,5.76404827223112,6.162935730595,5.76404827223112,5.76404827223112,6.162935730595,6.162935730595,4.45504115715821,6.162935730595,4.45504115715821,4.45504115715821,5.76404827223112,8.07546297578014,8.53026233582814,5.76404827223112,5.76404827223112,8.53026233582814,3.05799566124353,5.60853458782192,5.76404827223112,5.74842453184463,5.76404827223112,5.76404827223112,5.76404827223112,6.162935730595,5.76404827223112,5.76404827223112,5.76404827223112,3.05799566124353,3.05799566124353,5.76404827223112,6.162935730595,5.76404827223112,5.76404827223112,2.39677825692036,2.39677825692036,5.76404827223112,5.76404827223112,5.76404827223112,5.76404827223112,8.53026233582814,8.53026233582814,6.162935730595,6.162935730595,8.53026233582814,8.53026233582814,4.45504115715821,3.05799566124353,6.162935730595,6.162935730595,5.76404827223112,5.76404827223112,6.162935730595,5.76404827223112,4.45504115715821,4.45504115715821,3.05799566124353,3.05799566124353,6.162935730595,6.162935730595,6.162935730595,5.76404827223112,5.76404827223112,5.76404827223112,5.76404827223112,5.76404827223112,4.45504115715821,4.45504115715821,8.53026233582814,8.53026233582814,6.162935730595,6.162935730595,4.45504115715821,4.45504115715821,4.45504115715821,4.45504115715821,4.45504115715821,6.162935730595,6.162935730595,6.162935730595,6.162935730595,6.162935730595,6.162935730595
"t15",6.22806355090571,8.01065967497948,7.40789205253783,8.18155402829813,4.30467665886045,4.80524135524471,4.89180242488772,9.11440697279304,7.48123747171647,9.31838658514136,8.85163076301026,4.36605470297723,7.48123747171647,4.45504115715821,0,2.79778178618398,4.23352741228804,7.88012493008035,7.01552098702341,6.17223035664356,7.88012493008035,7.88012493008035,7.48123747171647,7.88012493008035,3.94826192165164,7.48123747171647,7.48123747171647,3.94826192165164,2.6026778723075,3.94826192165164,7.48123747171647,7.48123747171647,4.76651981937769,3.94826192165164,7.41535944840691,7.88012493008035,6.59668160025048,7.48123747171647,7.88012493008035,7.48123747171647,7.48123747171647,7.88012493008035,7.88012493008035,3.94826192165164,7.88012493008035,4.76651981937769,4.76651981937769,7.48123747171647,9.79265217526549,10.2474515353135,7.48123747171647,7.48123747171647,10.2474515353135,6.17223035664356,7.32572378730727,7.48123747171647,7.46561373132998,7.48123747171647,7.48123747171647,7.48123747171647,7.88012493008035,7.48123747171647,7.48123747171647,7.48123747171647,6.17223035664356,6.17223035664356,7.48123747171647,7.88012493008035,7.48123747171647,7.48123747171647,6.17223035664356,6.17223035664356,7.48123747171647,7.48123747171647,7.48123747171647,7.48123747171647,10.2474515353135,10.2474515353135,7.88012493008035,7.88012493008035,10.2474515353135,10.2474515353135,3.94826192165164,6.17223035664356,7.88012493008035,7.88012493008035,7.48123747171647,7.48123747171647,7.88012493008035,7.48123747171647,3.94826192165164,3.94826192165164,6.17223035664356,6.17223035664356,7.88012493008035,7.88012493008035,7.88012493008035,7.48123747171647,7.48123747171647,7.48123747171647,7.48123747171647,7.48123747171647,3.94826192165164,3.94826192165164,10.2474515353135,10.2474515353135,7.88012493008035,7.88012493008035,3.94826192165164,4.76651981937769,4.76651981937769,3.94826192165164,3.94826192165164,7.88012493008035,7.88012493008035,7.88012493008035,7.88012493008035,7.88012493008035,7.88012493008035
"t16",4.79231792480165,6.57491404887542,5.97214642643377,6.74580840219407,2.8689310327564,3.36949572914066,3.45605679878366,7.67866134668898,6.04549184561241,7.8826409590373,7.4158851369062,2.93030907687317,6.04549184561241,3.01929553105415,2.79778178618398,0,2.38946278879248,6.44437930397629,5.57977536091935,4.7364847305395,6.44437930397629,6.44437930397629,6.04549184561241,6.44437930397629,2.79778178618398,6.04549184561241,6.04549184561241,2.79778178618398,1.45219773683984,2.79778178618398,6.04549184561241,6.04549184561241,3.33077419327363,2.79778178618398,5.97961382230285,6.44437930397629,5.16093597414642,6.04549184561241,6.44437930397629,6.04549184561241,6.04549184561241,6.44437930397629,6.44437930397629,2.79778178618398,6.44437930397629,3.33077419327363,3.33077419327363,6.04549184561241,8.35690654916143,8.81170590920943,6.04549184561241,6.04549184561241,8.81170590920943,4.7364847305395,5.88997816120321,6.04549184561241,6.02986810522592,6.04549184561241,6.04549184561241,6.04549184561241,6.44437930397629,6.04549184561241,6.04549184561241,6.04549184561241,4.7364847305395,4.7364847305395,6.04549184561241,6.44437930397629,6.04549184561241,6.04549184561241,4.7364847305395,4.7364847305395,6.04549184561241,6.04549184561241,6.04549184561241,6.04549184561241,8.81170590920943,8.81170590920943,6.44437930397629,6.44437930397629,8.81170590920943,8.81170590920943,2.79778178618398,4.7364847305395,6.44437930397629,6.44437930397629,6.04549184561241,6.04549184561241,6.44437930397629,6.04549184561241,2.79778178618398,2.79778178618398,4.7364847305395,4.7364847305395,6.44437930397629,6.44437930397629,6.44437930397629,6.04549184561241,6.04549184561241,6.04549184561241,6.04549184561241,6.04549184561241,2.79778178618398,2.79778178618398,8.81170590920943,8.81170590920943,6.44437930397629,6.44437930397629,2.79778178618398,3.33077419327363,3.33077419327363,2.79778178618398,2.79778178618398,6.44437930397629,6.44437930397629,6.44437930397629,6.44437930397629,6.44437930397629,6.44437930397629
"t17",6.22806355090571,8.01065967497948,7.40789205253783,8.18155402829813,4.30467665886045,4.80524135524471,4.89180242488772,9.11440697279304,7.48123747171647,9.31838658514136,8.85163076301026,4.36605470297723,7.48123747171647,4.45504115715821,4.23352741228804,2.38946278879248,0,7.88012493008035,7.01552098702341,6.17223035664356,7.88012493008035,7.88012493008035,7.48123747171647,7.88012493008035,4.23352741228804,7.48123747171647,7.48123747171647,4.23352741228804,2.8879433629439,4.23352741228804,7.48123747171647,7.48123747171647,4.76651981937769,4.23352741228804,7.41535944840691,7.88012493008035,6.59668160025048,7.48123747171647,7.88012493008035,7.48123747171647,7.48123747171647,7.88012493008035,7.88012493008035,4.23352741228804,7.88012493008035,4.76651981937769,4.76651981937769,7.48123747171647,9.79265217526549,10.2474515353135,7.48123747171647,7.48123747171647,10.2474515353135,6.17223035664356,7.32572378730727,7.48123747171647,7.46561373132998,7.48123747171647,7.48123747171647,7.48123747171647,7.88012493008035,7.48123747171647,7.48123747171647,7.48123747171647,6.17223035664356,6.17223035664356,7.48123747171647,7.88012493008035,7.48123747171647,7.48123747171647,6.17223035664356,6.17223035664356,7.48123747171647,7.48123747171647,7.48123747171647,7.48123747171647,10.2474515353135,10.2474515353135,7.88012493008035,7.88012493008035,10.2474515353135,10.2474515353135,4.23352741228804,6.17223035664356,7.88012493008035,7.88012493008035,7.48123747171647,7.48123747171647,7.88012493008035,7.48123747171647,4.23352741228804,4.23352741228804,6.17223035664356,6.17223035664356,7.88012493008035,7.88012493008035,7.88012493008035,7.48123747171647,7.48123747171647,7.48123747171647,7.48123747171647,7.48123747171647,4.23352741228804,4.23352741228804,10.2474515353135,10.2474515353135,7.88012493008035,7.88012493008035,4.23352741228804,4.76651981937769,4.76651981937769,4.23352741228804,4.23352741228804,7.88012493008035,7.88012493008035,7.88012493008035,7.88012493008035,7.88012493008035,7.88012493008035
"t18",6.22806355090571,8.01065967497948,7.40789205253783,8.18155402829813,5.98203008446806,5.20412881360859,5.29068988325159,9.11440697279304,7.88012493008035,9.31838658514136,8.85163076301025,7.88012493008035,7.88012493008035,6.162935730595,7.88012493008035,6.44437930397629,7.88012493008035,0,7.41440844538729,7.88012493008035,7.05845202854177,7.05845202854177,7.88012493008035,5.35651049796058,7.88012493008035,7.88012493008035,7.88012493008035,7.88012493008035,6.53454088073621,7.88012493008035,7.88012493008035,7.88012493008035,7.88012493008035,7.88012493008035,6.59368654686833,7.05845202854177,6.99556905861435,7.88012493008035,7.05845202854177,7.88012493008035,7.88012493008035,5.35651049796058,3.71534145144041,7.88012493008035,7.05845202854177,7.88012493008035,7.88012493008035,7.88012493008035,9.79265217526549,10.2474515353135,7.88012493008035,7.88012493008035,10.2474515353135,7.88012493008035,7.72461124567115,7.88012493008035,3.30083025269003,7.88012493008035,7.88012493008035,7.88012493008035,7.05845202854177,7.88012493008035,7.88012493008035,7.88012493008035,7.88012493008035,7.88012493008035,7.88012493008035,5.35651049796058,7.88012493008035,7.88012493008035,7.88012493008035,7.88012493008035,7.88012493008035,7.88012493008035,7.88012493008035,7.88012493008035,10.2474515353135,10.2474515353135,5.35651049796058,5.35651049796058,10.2474515353135,10.2474515353135,7.88012493008035,7.88012493008035,7.05845202854177,7.05845202854177,7.88012493008035,7.88012493008035,5.35651049796058,7.88012493008035,7.88012493008035,7.88012493008035,7.88012493008035,7.88012493008035,3.71534145144041,5.35651049796058,5.35651049796058,7.88012493008035,7.88012493008035,7.88012493008035,7.88012493008035,7.88012493008035,7.88012493008035,7.88012493008035,10.2474515353135,10.2474515353135,3.71534145144041,3.71534145144041,7.88012493008035,7.88012493008035,7.88012493008035,7.88012493008035,7.88012493008035,3.71534145144041,3.71534145144041,3.71534145144041,3.71534145144041,7.05845202854177,7.05845202854177
"t19",5.76234706621265,7.54494319028642,6.94217556784477,7.71583754360507,5.11742614141113,3.84832356272471,3.93488463236771,8.64869048809998,6.10716020626683,8.8526701004483,8.3859142783172,7.01552098702341,6.52431967919646,5.29833178753806,7.01552098702341,5.57977536091935,7.01552098702341,7.41440844538729,0,7.01552098702341,7.41440844538729,7.41440844538729,6.10716020626683,7.41440844538729,7.01552098702341,6.52431967919646,6.52431967919646,7.01552098702341,5.66993693767927,7.01552098702341,6.10716020626682,6.10716020626682,7.01552098702341,7.01552098702341,6.94964296371385,7.41440844538729,5.22260433480083,6.10716020626683,7.41440844538729,6.10716020626682,6.10716020626682,7.41440844538729,7.41440844538729,7.01552098702341,7.41440844538729,7.01552098702341,7.01552098702341,6.10716020626683,9.32693569057243,9.78173505062043,6.10716020626683,6.10716020626683,9.78173505062043,7.01552098702341,5.95164652185763,6.10716020626683,6.99989724663692,6.52431967919646,6.10716020626682,6.10716020626682,7.41440844538729,3.24590075573389,6.52431967919646,6.52431967919646,7.01552098702341,7.01552098702341,3.24590075573389,7.41440844538729,6.10716020626682,6.10716020626682,7.01552098702341,7.01552098702341,6.10716020626683,6.10716020626683,6.10716020626683,6.10716020626683,9.78173505062043,9.78173505062043,7.41440844538729,7.41440844538729,9.78173505062043,9.78173505062043,7.01552098702341,7.01552098702341,7.41440844538729,7.41440844538729,3.24590075573389,3.24590075573389,7.41440844538729,6.10716020626682,7.01552098702341,7.01552098702341,7.01552098702341,7.01552098702341,7.41440844538729,7.41440844538729,7.41440844538729,6.10716020626682,6.10716020626683,6.10716020626683,6.10716020626683,6.10716020626683,7.01552098702341,7.01552098702341,9.78173505062043,9.78173505062043,7.41440844538729,7.41440844538729,7.01552098702341,7.01552098702341,7.01552098702341,7.01552098702341,7.01552098702341,7.41440844538729,7.41440844538729,7.41440844538729,7.41440844538729,7.41440844538729,7.41440844538729
