"","t1","t37","t34","t99","t100","t97","t98","t68","t56","t57","t38","t26","t40","t44","t45","t13","t83","t84","t10","t5","t91","t92","t6","t23","t21","t77","t95","t96","t78","t31","t41","t81","t82","t71","t55","t24","t25","t76","t12","t19","t20","t69","t70","t11","t18","t42","t28","t85","t86","t54","t48","t63","t64","t43","t22","t52","t53","t17","t14","t15","t16","t89","t90","t93","t94","t7","t51","t65","t66","t67","t74","t75","t8","t3","t29","t46","t47","t39","t33","t4","t58","t59","t62","t35","t30","t72","t73","t32","t49","t50","t36","t9","t79","t80","t2","t27","t87","t88","t60","t61"
"t1",0,4.150381272,24.1941118897,24.1941118896464,24.1941118896464,24.194111889435,24.194111889435,24.1941118896,24.1941118895,24.1941118895,24.1941118896,24.1941118896,24.1941118889,24.19411188892,24.19411188892,24.1941118891,24.19411188833,24.19411188833,24.1941118883,24.1941118881,24.194111888,24.194111888,24.1941118884,24.1941118891,24.194111888,24.194111888,24.19411188862,24.19411188862,24.19411188862,24.1941118886,24.1941118892,24.1941118892,24.1941118892,24.1941118892,24.1941118892,24.1941118874,24.1941118874,24.1941118874,24.1941118882,24.1941118881,24.1941118881,24.1941118884,24.1941118884,24.1941118884,24.1941118884,24.1941118884,24.1941118879,24.19411188828,24.19411188828,24.19411188824,24.1941118882,24.19411188746,24.19411188746,24.1941118874,24.1941118875,24.1941118869,24.1941118869,24.1941118869,24.1941118874,24.1941118874,24.1941118881,24.19411188814,24.19411188814,24.19411188867,24.19411188867,24.1941118882,24.1941118882,24.1941118878,24.19411188779,24.19411188779,24.1941118878,24.1941118878,24.1941118877,24.1941118882,24.1941118882,25.39118833048,25.39118833048,25.3911883305,25.3911883304,25.3911883303,25.3911883306,25.3911883306,25.3911883311,25.391188331,25.391188331,25.3911883305,25.3911883305,25.391188330886,25.391188330926,25.391188330926,25.391188330926,25.391188330886,25.39118833086,25.39118833086,25.3911883313,25.3911883313,25.39118833132,25.39118833132,25.3911883313,25.3911883313
"t37",4.150381272,0,24.1941118897,24.1941118896464,24.1941118896464,24.194111889435,24.194111889435,24.1941118896,24.1941118895,24.1941118895,24.1941118896,24.1941118896,24.1941118889,24.19411188892,24.19411188892,24.1941118891,24.19411188833,24.19411188833,24.1941118883,24.1941118881,24.194111888,24.194111888,24.1941118884,24.1941118891,24.194111888,24.194111888,24.19411188862,24.19411188862,24.19411188862,24.1941118886,24.1941118892,24.1941118892,24.1941118892,24.1941118892,24.1941118892,24.1941118874,24.1941118874,24.1941118874,24.1941118882,24.1941118881,24.1941118881,24.1941118884,24.1941118884,24.1941118884,24.1941118884,24.1941118884,24.1941118879,24.19411188828,24.19411188828,24.19411188824,24.1941118882,24.19411188746,24.19411188746,24.1941118874,24.1941118875,24.1941118869,24.1941118869,24.1941118869,24.1941118874,24.1941118874,24.1941118881,24.19411188814,24.19411188814,24.19411188867,24.19411188867,24.1941118882,24.1941118882,24.1941118878,24.19411188779,24.19411188779,24.1941118878,24.1941118878,24.1941118877,24.1941118882,24.1941118882,25.39118833048,25.39118833048,25.3911883305,25.3911883304,25.3911883303,25.3911883306,25.3911883306,25.3911883311,25.391188331,25.391188331,25.3911883305,25.3911883305,25.391188330886,25.391188330926,25.391188330926,25.391188330926,25.391188330886,25.39118833086,25.39118833086,25.3911883313,25.3911883313,25.39118833132,25.39118833132,25.3911883313,25.3911883313
"t34",24.1941118897,24.1941118897,0,1.6303238463464,1.6303238463464,3.240555648935,3.240555648935,3.2405556491,3.240555649,3.240555649,3.2405556491,3.2405556491,7.7429343864,7.74293438642,7.74293438642,7.7429343866,13.10249002383,13.10249002383,13.1024900238,13.1024900236,13.1024900235,13.1024900235,13.1024900239,15.2381429886,15.8840253597,15.8840253597,15.88402536032,15.88402536032,15.88402536032,15.8840253603,15.8840253609,15.8840253609,15.8840253609,15.8840253609,15.8840253609,20.8223936871,20.8223936871,20.8223936871,20.8223936879,20.8223936878,20.8223936878,20.8223936881,20.8223936881,20.8223936881,20.8223936881,20.8223936881,20.8223936876,20.82239368798,20.82239368798,20.82239368794,20.8223936879,20.82239368716,20.82239368716,20.8223936871,20.8223936872,20.8223936866,20.8223936866,20.8223936866,20.8223936871,20.8223936871,20.8223936878,20.82239368784,20.82239368784,20.82239368837,20.82239368837,20.8223936879,20.8223936879,20.8223936875,20.82239368749,20.82239368749,20.8223936875,20.8223936875,20.8223936874,20.8223936879,20.8223936879,25.39118832818,25.39118832818,25.3911883282,25.3911883281,25.391188328,25.3911883283,25.3911883283,25.3911883288,25.3911883287,25.3911883287,25.3911883282,25.3911883282,25.391188328586,25.391188328626,25.391188328626,25.391188328626,25.391188328586,25.39118832856,25.39118832856,25.391188329,25.391188329,25.39118832902,25.39118832902,25.391188329,25.391188329
"t99",24.1941118896464,24.1941118896464,1.6303238463464,0,0.0015789458928,3.2405556488814,3.2405556488814,3.2405556490464,3.2405556489464,3.2405556489464,3.2405556490464,3.2405556490464,7.7429343863464,7.7429343863664,7.7429343863664,7.7429343865464,13.1024900237764,13.1024900237764,13.1024900237464,13.1024900235464,13.1024900234464,13.1024900234464,13.1024900238464,15.2381429885464,15.8840253596464,15.8840253596464,15.8840253602664,15.8840253602664,15.8840253602664,15.8840253602464,15.8840253608464,15.8840253608464,15.8840253608464,15.8840253608464,15.8840253608464,20.8223936870464,20.8223936870464,20.8223936870464,20.8223936878464,20.8223936877464,20.8223936877464,20.8223936880464,20.8223936880464,20.8223936880464,20.8223936880464,20.8223936880464,20.8223936875464,20.8223936879264,20.8223936879264,20.8223936878864,20.8223936878464,20.8223936871064,20.8223936871064,20.8223936870464,20.8223936871464,20.8223936865464,20.8223936865464,20.8223936865464,20.8223936870464,20.8223936870464,20.8223936877464,20.8223936877864,20.8223936877864,20.8223936883164,20.8223936883164,20.8223936878464,20.8223936878464,20.8223936874464,20.8223936874364,20.8223936874364,20.8223936874464,20.8223936874464,20.8223936873464,20.8223936878464,20.8223936878464,25.3911883281264,25.3911883281264,25.3911883281464,25.3911883280464,25.3911883279464,25.3911883282464,25.3911883282464,25.3911883287464,25.3911883286464,25.3911883286464,25.3911883281464,25.3911883281464,25.3911883285324,25.3911883285724,25.3911883285724,25.3911883285724,25.3911883285324,25.3911883285064,25.3911883285064,25.3911883289464,25.3911883289464,25.3911883289664,25.3911883289664,25.3911883289464,25.3911883289464
"t100",24.1941118896464,24.1941118896464,1.6303238463464,0.0015789458928,0,3.2405556488814,3.2405556488814,3.2405556490464,3.2405556489464,3.2405556489464,3.2405556490464,3.2405556490464,7.7429343863464,7.7429343863664,7.7429343863664,7.7429343865464,13.1024900237764,13.1024900237764,13.1024900237464,13.1024900235464,13.1024900234464,13.1024900234464,13.1024900238464,15.2381429885464,15.8840253596464,15.8840253596464,15.8840253602664,15.8840253602664,15.8840253602664,15.8840253602464,15.8840253608464,15.8840253608464,15.8840253608464,15.8840253608464,15.8840253608464,20.8223936870464,20.8223936870464,20.8223936870464,20.8223936878464,20.8223936877464,20.8223936877464,20.8223936880464,20.8223936880464,20.8223936880464,20.8223936880464,20.8223936880464,20.8223936875464,20.8223936879264,20.8223936879264,20.8223936878864,20.8223936878464,20.8223936871064,20.8223936871064,20.8223936870464,20.8223936871464,20.8223936865464,20.8223936865464,20.8223936865464,20.8223936870464,20.8223936870464,20.8223936877464,20.8223936877864,20.8223936877864,20.8223936883164,20.8223936883164,20.8223936878464,20.8223936878464,20.8223936874464,20.8223936874364,20.8223936874364,20.8223936874464,20.8223936874464,20.8223936873464,20.8223936878464,20.8223936878464,25.3911883281264,25.3911883281264,25.3911883281464,25.3911883280464,25.3911883279464,25.3911883282464,25.3911883282464,25.3911883287464,25.3911883286464,25.3911883286464,25.3911883281464,25.3911883281464,25.3911883285324,25.3911883285724,25.3911883285724,25.3911883285724,25.3911883285324,25.3911883285064,25.3911883285064,25.3911883289464,25.3911883289464,25.3911883289664,25.3911883289664,25.3911883289464,25.3911883289464
"t97",24.194111889435,24.194111889435,3.240555648935,3.2405556488814,3.2405556488814,0,0.00232680387,2.031466060035,2.031466059935,2.031466059935,2.031466060035,2.605452859835,7.742934386135,7.742934386155,7.742934386155,7.742934386335,13.102490023565,13.102490023565,13.102490023535,13.102490023335,13.102490023235,13.102490023235,13.102490023635,15.238142988335,15.884025359435,15.884025359435,15.884025360055,15.884025360055,15.884025360055,15.884025360035,15.884025360635,15.884025360635,15.884025360635,15.884025360635,15.884025360635,20.822393686835,20.822393686835,20.822393686835,20.822393687635,20.822393687535,20.822393687535,20.822393687835,20.822393687835,20.822393687835,20.822393687835,20.822393687835,20.822393687335,20.822393687715,20.822393687715,20.822393687675,20.822393687635,20.822393686895,20.822393686895,20.822393686835,20.822393686935,20.822393686335,20.822393686335,20.822393686335,20.822393686835,20.822393686835,20.822393687535,20.822393687575,20.822393687575,20.822393688105,20.822393688105,20.822393687635,20.822393687635,20.822393687235,20.822393687225,20.822393687225,20.822393687235,20.822393687235,20.822393687135,20.822393687635,20.822393687635,25.391188327915,25.391188327915,25.391188327935,25.391188327835,25.391188327735,25.391188328035,25.391188328035,25.391188328535,25.391188328435,25.391188328435,25.391188327935,25.391188327935,25.391188328321,25.391188328361,25.391188328361,25.391188328361,25.391188328321,25.391188328295,25.391188328295,25.391188328735,25.391188328735,25.391188328755,25.391188328755,25.391188328735,25.391188328735
"t98",24.194111889435,24.194111889435,3.240555648935,3.2405556488814,3.2405556488814,0.00232680387,0,2.031466060035,2.031466059935,2.031466059935,2.031466060035,2.605452859835,7.742934386135,7.742934386155,7.742934386155,7.742934386335,13.102490023565,13.102490023565,13.102490023535,13.102490023335,13.102490023235,13.102490023235,13.102490023635,15.238142988335,15.884025359435,15.884025359435,15.884025360055,15.884025360055,15.884025360055,15.884025360035,15.884025360635,15.884025360635,15.884025360635,15.884025360635,15.884025360635,20.822393686835,20.822393686835,20.822393686835,20.822393687635,20.822393687535,20.822393687535,20.822393687835,20.822393687835,20.822393687835,20.822393687835,20.822393687835,20.822393687335,20.822393687715,20.822393687715,20.822393687675,20.822393687635,20.822393686895,20.822393686895,20.822393686835,20.822393686935,20.822393686335,20.822393686335,20.822393686335,20.822393686835,20.822393686835,20.822393687535,20.822393687575,20.822393687575,20.822393688105,20.822393688105,20.822393687635,20.822393687635,20.822393687235,20.822393687225,20.822393687225,20.822393687235,20.822393687235,20.822393687135,20.822393687635,20.822393687635,25.391188327915,25.391188327915,25.391188327935,25.391188327835,25.391188327735,25.391188328035,25.391188328035,25.391188328535,25.391188328435,25.391188328435,25.391188327935,25.391188327935,25.391188328321,25.391188328361,25.391188328361,25.391188328361,25.391188328321,25.391188328295,25.391188328295,25.391188328735,25.391188328735,25.391188328755,25.391188328755,25.391188328735,25.391188328735
"t68",24.1941118896,24.1941118896,3.2405556491,3.2405556490464,3.2405556490464,2.031466060035,2.031466060035,0,1.2792175495,1.2792175495,1.2792175496,2.60545286,7.7429343863,7.74293438632,7.74293438632,7.7429343865,13.10249002373,13.10249002373,13.1024900237,13.1024900235,13.1024900234,13.1024900234,13.1024900238,15.2381429885,15.8840253596,15.8840253596,15.88402536022,15.88402536022,15.88402536022,15.8840253602,15.8840253608,15.8840253608,15.8840253608,15.8840253608,15.8840253608,20.822393687,20.822393687,20.822393687,20.8223936878,20.8223936877,20.8223936877,20.822393688,20.822393688,20.822393688,20.822393688,20.822393688,20.8223936875,20.82239368788,20.82239368788,20.82239368784,20.8223936878,20.82239368706,20.82239368706,20.822393687,20.8223936871,20.8223936865,20.8223936865,20.8223936865,20.822393687,20.822393687,20.8223936877,20.82239368774,20.82239368774,20.82239368827,20.82239368827,20.8223936878,20.8223936878,20.8223936874,20.82239368739,20.82239368739,20.8223936874,20.8223936874,20.8223936873,20.8223936878,20.8223936878,25.39118832808,25.39118832808,25.3911883281,25.391188328,25.3911883279,25.3911883282,25.3911883282,25.3911883287,25.3911883286,25.3911883286,25.3911883281,25.3911883281,25.391188328486,25.391188328526,25.391188328526,25.391188328526,25.391188328486,25.39118832846,25.39118832846,25.3911883289,25.3911883289,25.39118832892,25.39118832892,25.3911883289,25.3911883289
"t56",24.1941118895,24.1941118895,3.240555649,3.2405556489464,3.2405556489464,2.031466059935,2.031466059935,1.2792175495,0,0.5114978152,0.7813210137,2.6054528599,7.7429343862,7.74293438622,7.74293438622,7.7429343864,13.10249002363,13.10249002363,13.1024900236,13.1024900234,13.1024900233,13.1024900233,13.1024900237,15.2381429884,15.8840253595,15.8840253595,15.88402536012,15.88402536012,15.88402536012,15.8840253601,15.8840253607,15.8840253607,15.8840253607,15.8840253607,15.8840253607,20.8223936869,20.8223936869,20.8223936869,20.8223936877,20.8223936876,20.8223936876,20.8223936879,20.8223936879,20.8223936879,20.8223936879,20.8223936879,20.8223936874,20.82239368778,20.82239368778,20.82239368774,20.8223936877,20.82239368696,20.82239368696,20.8223936869,20.822393687,20.8223936864,20.8223936864,20.8223936864,20.8223936869,20.8223936869,20.8223936876,20.82239368764,20.82239368764,20.82239368817,20.82239368817,20.8223936877,20.8223936877,20.8223936873,20.82239368729,20.82239368729,20.8223936873,20.8223936873,20.8223936872,20.8223936877,20.8223936877,25.39118832798,25.39118832798,25.391188328,25.3911883279,25.3911883278,25.3911883281,25.3911883281,25.3911883286,25.3911883285,25.3911883285,25.391188328,25.391188328,25.391188328386,25.391188328426,25.391188328426,25.391188328426,25.391188328386,25.39118832836,25.39118832836,25.3911883288,25.3911883288,25.39118832882,25.39118832882,25.3911883288,25.3911883288
"t57",24.1941118895,24.1941118895,3.240555649,3.2405556489464,3.2405556489464,2.031466059935,2.031466059935,1.2792175495,0.5114978152,0,0.7813210137,2.6054528599,7.7429343862,7.74293438622,7.74293438622,7.7429343864,13.10249002363,13.10249002363,13.1024900236,13.1024900234,13.1024900233,13.1024900233,13.1024900237,15.2381429884,15.8840253595,15.8840253595,15.88402536012,15.88402536012,15.88402536012,15.8840253601,15.8840253607,15.8840253607,15.8840253607,15.8840253607,15.8840253607,20.8223936869,20.8223936869,20.8223936869,20.8223936877,20.8223936876,20.8223936876,20.8223936879,20.8223936879,20.8223936879,20.8223936879,20.8223936879,20.8223936874,20.82239368778,20.82239368778,20.82239368774,20.8223936877,20.82239368696,20.82239368696,20.8223936869,20.822393687,20.8223936864,20.8223936864,20.8223936864,20.8223936869,20.8223936869,20.8223936876,20.82239368764,20.82239368764,20.82239368817,20.82239368817,20.8223936877,20.8223936877,20.8223936873,20.82239368729,20.82239368729,20.8223936873,20.8223936873,20.8223936872,20.8223936877,20.8223936877,25.39118832798,25.39118832798,25.391188328,25.3911883279,25.3911883278,25.3911883281,25.3911883281,25.3911883286,25.3911883285,25.3911883285,25.391188328,25.391188328,25.391188328386,25.391188328426,25.391188328426,25.391188328426,25.391188328386,25.39118832836,25.39118832836,25.3911883288,25.3911883288,25.39118832882,25.39118832882,25.3911883288,25.3911883288
"t38",24.1941118896,24.1941118896,3.2405556491,3.2405556490464,3.2405556490464,2.031466060035,2.031466060035,1.2792175496,0.7813210137,0.7813210137,0,2.60545286,7.7429343863,7.74293438632,7.74293438632,7.7429343865,13.10249002373,13.10249002373,13.1024900237,13.1024900235,13.1024900234,13.1024900234,13.1024900238,15.2381429885,15.8840253596,15.8840253596,15.88402536022,15.88402536022,15.88402536022,15.8840253602,15.8840253608,15.8840253608,15.8840253608,15.8840253608,15.8840253608,20.822393687,20.822393687,20.822393687,20.8223936878,20.8223936877,20.8223936877,20.822393688,20.822393688,20.822393688,20.822393688,20.822393688,20.8223936875,20.82239368788,20.82239368788,20.82239368784,20.8223936878,20.82239368706,20.82239368706,20.822393687,20.8223936871,20.8223936865,20.8223936865,20.8223936865,20.822393687,20.822393687,20.8223936877,20.82239368774,20.82239368774,20.82239368827,20.82239368827,20.8223936878,20.8223936878,20.8223936874,20.82239368739,20.82239368739,20.8223936874,20.8223936874,20.8223936873,20.8223936878,20.8223936878,25.39118832808,25.39118832808,25.3911883281,25.391188328,25.3911883279,25.3911883282,25.3911883282,25.3911883287,25.3911883286,25.3911883286,25.3911883281,25.3911883281,25.391188328486,25.391188328526,25.391188328526,25.391188328526,25.391188328486,25.39118832846,25.39118832846,25.3911883289,25.3911883289,25.39118832892,25.39118832892,25.3911883289,25.3911883289
"t26",24.1941118896,24.1941118896,3.2405556491,3.2405556490464,3.2405556490464,2.605452859835,2.605452859835,2.60545286,2.6054528599,2.6054528599,2.60545286,0,7.7429343863,7.74293438632,7.74293438632,7.7429343865,13.10249002373,13.10249002373,13.1024900237,13.1024900235,13.1024900234,13.1024900234,13.1024900238,15.2381429885,15.8840253596,15.8840253596,15.88402536022,15.88402536022,15.88402536022,15.8840253602,15.8840253608,15.8840253608,15.8840253608,15.8840253608,15.8840253608,20.822393687,20.822393687,20.822393687,20.8223936878,20.8223936877,20.8223936877,20.822393688,20.822393688,20.822393688,20.822393688,20.822393688,20.8223936875,20.82239368788,20.82239368788,20.82239368784,20.8223936878,20.82239368706,20.82239368706,20.822393687,20.8223936871,20.8223936865,20.8223936865,20.8223936865,20.822393687,20.822393687,20.8223936877,20.82239368774,20.82239368774,20.82239368827,20.82239368827,20.8223936878,20.8223936878,20.8223936874,20.82239368739,20.82239368739,20.8223936874,20.8223936874,20.8223936873,20.8223936878,20.8223936878,25.39118832808,25.39118832808,25.3911883281,25.391188328,25.3911883279,25.3911883282,25.3911883282,25.3911883287,25.3911883286,25.3911883286,25.3911883281,25.3911883281,25.391188328486,25.391188328526,25.391188328526,25.391188328526,25.391188328486,25.39118832846,25.39118832846,25.3911883289,25.3911883289,25.39118832892,25.39118832892,25.3911883289,25.3911883289
"t40",24.1941118889,24.1941118889,7.7429343864,7.7429343863464,7.7429343863464,7.742934386135,7.742934386135,7.7429343863,7.7429343862,7.7429343862,7.7429343863,7.7429343863,0,0.66703289162,0.66703289162,5.1780396678,13.10249002303,13.10249002303,13.102490023,13.1024900228,13.1024900227,13.1024900227,13.1024900231,15.2381429878,15.8840253589,15.8840253589,15.88402535952,15.88402535952,15.88402535952,15.8840253595,15.8840253601,15.8840253601,15.8840253601,15.8840253601,15.8840253601,20.8223936863,20.8223936863,20.8223936863,20.8223936871,20.822393687,20.822393687,20.8223936873,20.8223936873,20.8223936873,20.8223936873,20.8223936873,20.8223936868,20.82239368718,20.82239368718,20.82239368714,20.8223936871,20.82239368636,20.82239368636,20.8223936863,20.8223936864,20.8223936858,20.8223936858,20.8223936858,20.8223936863,20.8223936863,20.822393687,20.82239368704,20.82239368704,20.82239368757,20.82239368757,20.8223936871,20.8223936871,20.8223936867,20.82239368669,20.82239368669,20.8223936867,20.8223936867,20.8223936866,20.8223936871,20.8223936871,25.39118832738,25.39118832738,25.3911883274,25.3911883273,25.3911883272,25.3911883275,25.3911883275,25.391188328,25.3911883279,25.3911883279,25.3911883274,25.3911883274,25.391188327786,25.391188327826,25.391188327826,25.391188327826,25.391188327786,25.39118832776,25.39118832776,25.3911883282,25.3911883282,25.39118832822,25.39118832822,25.3911883282,25.3911883282
"t44",24.19411188892,24.19411188892,7.74293438642,7.7429343863664,7.7429343863664,7.742934386155,7.742934386155,7.74293438632,7.74293438622,7.74293438622,7.74293438632,7.74293438632,0.66703289162,0,0.617434639,5.17803966782,13.10249002305,13.10249002305,13.10249002302,13.10249002282,13.10249002272,13.10249002272,13.10249002312,15.23814298782,15.88402535892,15.88402535892,15.88402535954,15.88402535954,15.88402535954,15.88402535952,15.88402536012,15.88402536012,15.88402536012,15.88402536012,15.88402536012,20.82239368632,20.82239368632,20.82239368632,20.82239368712,20.82239368702,20.82239368702,20.82239368732,20.82239368732,20.82239368732,20.82239368732,20.82239368732,20.82239368682,20.8223936872,20.8223936872,20.82239368716,20.82239368712,20.82239368638,20.82239368638,20.82239368632,20.82239368642,20.82239368582,20.82239368582,20.82239368582,20.82239368632,20.82239368632,20.82239368702,20.82239368706,20.82239368706,20.82239368759,20.82239368759,20.82239368712,20.82239368712,20.82239368672,20.82239368671,20.82239368671,20.82239368672,20.82239368672,20.82239368662,20.82239368712,20.82239368712,25.3911883274,25.3911883274,25.39118832742,25.39118832732,25.39118832722,25.39118832752,25.39118832752,25.39118832802,25.39118832792,25.39118832792,25.39118832742,25.39118832742,25.391188327806,25.391188327846,25.391188327846,25.391188327846,25.391188327806,25.39118832778,25.39118832778,25.39118832822,25.39118832822,25.39118832824,25.39118832824,25.39118832822,25.39118832822
"t45",24.19411188892,24.19411188892,7.74293438642,7.7429343863664,7.7429343863664,7.742934386155,7.742934386155,7.74293438632,7.74293438622,7.74293438622,7.74293438632,7.74293438632,0.66703289162,0.617434639,0,5.17803966782,13.10249002305,13.10249002305,13.10249002302,13.10249002282,13.10249002272,13.10249002272,13.10249002312,15.23814298782,15.88402535892,15.88402535892,15.88402535954,15.88402535954,15.88402535954,15.88402535952,15.88402536012,15.88402536012,15.88402536012,15.88402536012,15.88402536012,20.82239368632,20.82239368632,20.82239368632,20.82239368712,20.82239368702,20.82239368702,20.82239368732,20.82239368732,20.82239368732,20.82239368732,20.82239368732,20.82239368682,20.8223936872,20.8223936872,20.82239368716,20.82239368712,20.82239368638,20.82239368638,20.82239368632,20.82239368642,20.82239368582,20.82239368582,20.82239368582,20.82239368632,20.82239368632,20.82239368702,20.82239368706,20.82239368706,20.82239368759,20.82239368759,20.82239368712,20.82239368712,20.82239368672,20.82239368671,20.82239368671,20.82239368672,20.82239368672,20.82239368662,20.82239368712,20.82239368712,25.3911883274,25.3911883274,25.39118832742,25.39118832732,25.39118832722,25.39118832752,25.39118832752,25.39118832802,25.39118832792,25.39118832792,25.39118832742,25.39118832742,25.391188327806,25.391188327846,25.391188327846,25.391188327846,25.391188327806,25.39118832778,25.39118832778,25.39118832822,25.39118832822,25.39118832824,25.39118832824,25.39118832822,25.39118832822
"t13",24.1941118891,24.1941118891,7.7429343866,7.7429343865464,7.7429343865464,7.742934386335,7.742934386335,7.7429343865,7.7429343864,7.7429343864,7.7429343865,7.7429343865,5.1780396678,5.17803966782,5.17803966782,0,13.10249002323,13.10249002323,13.1024900232,13.102490023,13.1024900229,13.1024900229,13.1024900233,15.238142988,15.8840253591,15.8840253591,15.88402535972,15.88402535972,15.88402535972,15.8840253597,15.8840253603,15.8840253603,15.8840253603,15.8840253603,15.8840253603,20.8223936865,20.8223936865,20.8223936865,20.8223936873,20.8223936872,20.8223936872,20.8223936875,20.8223936875,20.8223936875,20.8223936875,20.8223936875,20.822393687,20.82239368738,20.82239368738,20.82239368734,20.8223936873,20.82239368656,20.82239368656,20.8223936865,20.8223936866,20.822393686,20.822393686,20.822393686,20.8223936865,20.8223936865,20.8223936872,20.82239368724,20.82239368724,20.82239368777,20.82239368777,20.8223936873,20.8223936873,20.8223936869,20.82239368689,20.82239368689,20.8223936869,20.8223936869,20.8223936868,20.8223936873,20.8223936873,25.39118832758,25.39118832758,25.3911883276,25.3911883275,25.3911883274,25.3911883277,25.3911883277,25.3911883282,25.3911883281,25.3911883281,25.3911883276,25.3911883276,25.391188327986,25.391188328026,25.391188328026,25.391188328026,25.391188327986,25.39118832796,25.39118832796,25.3911883284,25.3911883284,25.39118832842,25.39118832842,25.3911883284,25.3911883284
"t83",24.19411188833,24.19411188833,13.10249002383,13.1024900237764,13.1024900237764,13.102490023565,13.102490023565,13.10249002373,13.10249002363,13.10249002363,13.10249002373,13.10249002373,13.10249002303,13.10249002305,13.10249002305,13.10249002323,0,0.16621010086,1.64799193843,2.61925789823,2.87245846613,2.87245846613,2.87245846653,15.23814298723,15.88402535833,15.88402535833,15.88402535895,15.88402535895,15.88402535895,15.88402535893,15.88402535953,15.88402535953,15.88402535953,15.88402535953,15.88402535953,20.82239368573,20.82239368573,20.82239368573,20.82239368653,20.82239368643,20.82239368643,20.82239368673,20.82239368673,20.82239368673,20.82239368673,20.82239368673,20.82239368623,20.82239368661,20.82239368661,20.82239368657,20.82239368653,20.82239368579,20.82239368579,20.82239368573,20.82239368583,20.82239368523,20.82239368523,20.82239368523,20.82239368573,20.82239368573,20.82239368643,20.82239368647,20.82239368647,20.822393687,20.822393687,20.82239368653,20.82239368653,20.82239368613,20.82239368612,20.82239368612,20.82239368613,20.82239368613,20.82239368603,20.82239368653,20.82239368653,25.39118832681,25.39118832681,25.39118832683,25.39118832673,25.39118832663,25.39118832693,25.39118832693,25.39118832743,25.39118832733,25.39118832733,25.39118832683,25.39118832683,25.391188327216,25.391188327256,25.391188327256,25.391188327256,25.391188327216,25.39118832719,25.39118832719,25.39118832763,25.39118832763,25.39118832765,25.39118832765,25.39118832763,25.39118832763
"t84",24.19411188833,24.19411188833,13.10249002383,13.1024900237764,13.1024900237764,13.102490023565,13.102490023565,13.10249002373,13.10249002363,13.10249002363,13.10249002373,13.10249002373,13.10249002303,13.10249002305,13.10249002305,13.10249002323,0.16621010086,0,1.64799193843,2.61925789823,2.87245846613,2.87245846613,2.87245846653,15.23814298723,15.88402535833,15.88402535833,15.88402535895,15.88402535895,15.88402535895,15.88402535893,15.88402535953,15.88402535953,15.88402535953,15.88402535953,15.88402535953,20.82239368573,20.82239368573,20.82239368573,20.82239368653,20.82239368643,20.82239368643,20.82239368673,20.82239368673,20.82239368673,20.82239368673,20.82239368673,20.82239368623,20.82239368661,20.82239368661,20.82239368657,20.82239368653,20.82239368579,20.82239368579,20.82239368573,20.82239368583,20.82239368523,20.82239368523,20.82239368523,20.82239368573,20.82239368573,20.82239368643,20.82239368647,20.82239368647,20.822393687,20.822393687,20.82239368653,20.82239368653,20.82239368613,20.82239368612,20.82239368612,20.82239368613,20.82239368613,20.82239368603,20.82239368653,20.82239368653,25.39118832681,25.39118832681,25.39118832683,25.39118832673,25.39118832663,25.39118832693,25.39118832693,25.39118832743,25.39118832733,25.39118832733,25.39118832683,25.39118832683,25.391188327216,25.391188327256,25.391188327256,25.391188327256,25.391188327216,25.39118832719,25.39118832719,25.39118832763,25.39118832763,25.39118832765,25.39118832765,25.39118832763,25.39118832763
"t10",24.1941118883,24.1941118883,13.1024900238,13.1024900237464,13.1024900237464,13.102490023535,13.102490023535,13.1024900237,13.1024900236,13.1024900236,13.1024900237,13.1024900237,13.102490023,13.10249002302,13.10249002302,13.1024900232,1.64799193843,1.64799193843,0,2.6192578982,2.8724584661,2.8724584661,2.8724584665,15.2381429872,15.8840253583,15.8840253583,15.88402535892,15.88402535892,15.88402535892,15.8840253589,15.8840253595,15.8840253595,15.8840253595,15.8840253595,15.8840253595,20.8223936857,20.8223936857,20.8223936857,20.8223936865,20.8223936864,20.8223936864,20.8223936867,20.8223936867,20.8223936867,20.8223936867,20.8223936867,20.8223936862,20.82239368658,20.82239368658,20.82239368654,20.8223936865,20.82239368576,20.82239368576,20.8223936857,20.8223936858,20.8223936852,20.8223936852,20.8223936852,20.8223936857,20.8223936857,20.8223936864,20.82239368644,20.82239368644,20.82239368697,20.82239368697,20.8223936865,20.8223936865,20.8223936861,20.82239368609,20.82239368609,20.8223936861,20.8223936861,20.822393686,20.8223936865,20.8223936865,25.39118832678,25.39118832678,25.3911883268,25.3911883267,25.3911883266,25.3911883269,25.3911883269,25.3911883274,25.3911883273,25.3911883273,25.3911883268,25.3911883268,25.391188327186,25.391188327226,25.391188327226,25.391188327226,25.391188327186,25.39118832716,25.39118832716,25.3911883276,25.3911883276,25.39118832762,25.39118832762,25.3911883276,25.3911883276
"t5",24.1941118881,24.1941118881,13.1024900236,13.1024900235464,13.1024900235464,13.102490023335,13.102490023335,13.1024900235,13.1024900234,13.1024900234,13.1024900235,13.1024900235,13.1024900228,13.10249002282,13.10249002282,13.102490023,2.61925789823,2.61925789823,2.6192578982,0,2.8724584659,2.8724584659,2.8724584663,15.238142987,15.8840253581,15.8840253581,15.88402535872,15.88402535872,15.88402535872,15.8840253587,15.8840253593,15.8840253593,15.8840253593,15.8840253593,15.8840253593,20.8223936855,20.8223936855,20.8223936855,20.8223936863,20.8223936862,20.8223936862,20.8223936865,20.8223936865,20.8223936865,20.8223936865,20.8223936865,20.822393686,20.82239368638,20.82239368638,20.82239368634,20.8223936863,20.82239368556,20.82239368556,20.8223936855,20.8223936856,20.822393685,20.822393685,20.822393685,20.8223936855,20.8223936855,20.8223936862,20.82239368624,20.82239368624,20.82239368677,20.82239368677,20.8223936863,20.8223936863,20.8223936859,20.82239368589,20.82239368589,20.8223936859,20.8223936859,20.8223936858,20.8223936863,20.8223936863,25.39118832658,25.39118832658,25.3911883266,25.3911883265,25.3911883264,25.3911883267,25.3911883267,25.3911883272,25.3911883271,25.3911883271,25.3911883266,25.3911883266,25.391188326986,25.391188327026,25.391188327026,25.391188327026,25.391188326986,25.39118832696,25.39118832696,25.3911883274,25.3911883274,25.39118832742,25.39118832742,25.3911883274,25.3911883274
"t91",24.194111888,24.194111888,13.1024900235,13.1024900234464,13.1024900234464,13.102490023235,13.102490023235,13.1024900234,13.1024900233,13.1024900233,13.1024900234,13.1024900234,13.1024900227,13.10249002272,13.10249002272,13.1024900229,2.87245846613,2.87245846613,2.8724584661,2.8724584659,0,0.0407720172,2.3205424916,15.2381429869,15.884025358,15.884025358,15.88402535862,15.88402535862,15.88402535862,15.8840253586,15.8840253592,15.8840253592,15.8840253592,15.8840253592,15.8840253592,20.8223936854,20.8223936854,20.8223936854,20.8223936862,20.8223936861,20.8223936861,20.8223936864,20.8223936864,20.8223936864,20.8223936864,20.8223936864,20.8223936859,20.82239368628,20.82239368628,20.82239368624,20.8223936862,20.82239368546,20.82239368546,20.8223936854,20.8223936855,20.8223936849,20.8223936849,20.8223936849,20.8223936854,20.8223936854,20.8223936861,20.82239368614,20.82239368614,20.82239368667,20.82239368667,20.8223936862,20.8223936862,20.8223936858,20.82239368579,20.82239368579,20.8223936858,20.8223936858,20.8223936857,20.8223936862,20.8223936862,25.39118832648,25.39118832648,25.3911883265,25.3911883264,25.3911883263,25.3911883266,25.3911883266,25.3911883271,25.391188327,25.391188327,25.3911883265,25.3911883265,25.391188326886,25.391188326926,25.391188326926,25.391188326926,25.391188326886,25.39118832686,25.39118832686,25.3911883273,25.3911883273,25.39118832732,25.39118832732,25.3911883273,25.3911883273
"t92",24.194111888,24.194111888,13.1024900235,13.1024900234464,13.1024900234464,13.102490023235,13.102490023235,13.1024900234,13.1024900233,13.1024900233,13.1024900234,13.1024900234,13.1024900227,13.10249002272,13.10249002272,13.1024900229,2.87245846613,2.87245846613,2.8724584661,2.8724584659,0.0407720172,0,2.3205424916,15.2381429869,15.884025358,15.884025358,15.88402535862,15.88402535862,15.88402535862,15.8840253586,15.8840253592,15.8840253592,15.8840253592,15.8840253592,15.8840253592,20.8223936854,20.8223936854,20.8223936854,20.8223936862,20.8223936861,20.8223936861,20.8223936864,20.8223936864,20.8223936864,20.8223936864,20.8223936864,20.8223936859,20.82239368628,20.82239368628,20.82239368624,20.8223936862,20.82239368546,20.82239368546,20.8223936854,20.8223936855,20.8223936849,20.8223936849,20.8223936849,20.8223936854,20.8223936854,20.8223936861,20.82239368614,20.82239368614,20.82239368667,20.82239368667,20.8223936862,20.8223936862,20.8223936858,20.82239368579,20.82239368579,20.8223936858,20.8223936858,20.8223936857,20.8223936862,20.8223936862,25.39118832648,25.39118832648,25.3911883265,25.3911883264,25.3911883263,25.3911883266,25.3911883266,25.3911883271,25.391188327,25.391188327,25.3911883265,25.3911883265,25.391188326886,25.391188326926,25.391188326926,25.391188326926,25.391188326886,25.39118832686,25.39118832686,25.3911883273,25.3911883273,25.39118832732,25.39118832732,25.3911883273,25.3911883273
"t6",24.1941118884,24.1941118884,13.1024900239,13.1024900238464,13.1024900238464,13.102490023635,13.102490023635,13.1024900238,13.1024900237,13.1024900237,13.1024900238,13.1024900238,13.1024900231,13.10249002312,13.10249002312,13.1024900233,2.87245846653,2.87245846653,2.8724584665,2.8724584663,2.3205424916,2.3205424916,0,15.2381429873,15.8840253584,15.8840253584,15.88402535902,15.88402535902,15.88402535902,15.884025359,15.8840253596,15.8840253596,15.8840253596,15.8840253596,15.8840253596,20.8223936858,20.8223936858,20.8223936858,20.8223936866,20.8223936865,20.8223936865,20.8223936868,20.8223936868,20.8223936868,20.8223936868,20.8223936868,20.8223936863,20.82239368668,20.82239368668,20.82239368664,20.8223936866,20.82239368586,20.82239368586,20.8223936858,20.8223936859,20.8223936853,20.8223936853,20.8223936853,20.8223936858,20.8223936858,20.8223936865,20.82239368654,20.82239368654,20.82239368707,20.82239368707,20.8223936866,20.8223936866,20.8223936862,20.82239368619,20.82239368619,20.8223936862,20.8223936862,20.8223936861,20.8223936866,20.8223936866,25.39118832688,25.39118832688,25.3911883269,25.3911883268,25.3911883267,25.391188327,25.391188327,25.3911883275,25.3911883274,25.3911883274,25.3911883269,25.3911883269,25.391188327286,25.391188327326,25.391188327326,25.391188327326,25.391188327286,25.39118832726,25.39118832726,25.3911883277,25.3911883277,25.39118832772,25.39118832772,25.3911883277,25.3911883277
"t23",24.1941118891,24.1941118891,15.2381429886,15.2381429885464,15.2381429885464,15.238142988335,15.238142988335,15.2381429885,15.2381429884,15.2381429884,15.2381429885,15.2381429885,15.2381429878,15.23814298782,15.23814298782,15.238142988,15.23814298723,15.23814298723,15.2381429872,15.238142987,15.2381429869,15.2381429869,15.2381429873,0,15.8840253591,15.8840253591,15.88402535972,15.88402535972,15.88402535972,15.8840253597,15.8840253603,15.8840253603,15.8840253603,15.8840253603,15.8840253603,20.8223936865,20.8223936865,20.8223936865,20.8223936873,20.8223936872,20.8223936872,20.8223936875,20.8223936875,20.8223936875,20.8223936875,20.8223936875,20.822393687,20.82239368738,20.82239368738,20.82239368734,20.8223936873,20.82239368656,20.82239368656,20.8223936865,20.8223936866,20.822393686,20.822393686,20.822393686,20.8223936865,20.8223936865,20.8223936872,20.82239368724,20.82239368724,20.82239368777,20.82239368777,20.8223936873,20.8223936873,20.8223936869,20.82239368689,20.82239368689,20.8223936869,20.8223936869,20.8223936868,20.8223936873,20.8223936873,25.39118832758,25.39118832758,25.3911883276,25.3911883275,25.3911883274,25.3911883277,25.3911883277,25.3911883282,25.3911883281,25.3911883281,25.3911883276,25.3911883276,25.391188327986,25.391188328026,25.391188328026,25.391188328026,25.391188327986,25.39118832796,25.39118832796,25.3911883284,25.3911883284,25.39118832842,25.39118832842,25.3911883284,25.3911883284
"t21",24.194111888,24.194111888,15.8840253597,15.8840253596464,15.8840253596464,15.884025359435,15.884025359435,15.8840253596,15.8840253595,15.8840253595,15.8840253596,15.8840253596,15.8840253589,15.88402535892,15.88402535892,15.8840253591,15.88402535833,15.88402535833,15.8840253583,15.8840253581,15.884025358,15.884025358,15.8840253584,15.8840253591,0,1.193247568,4.95707706462,4.95707706462,4.95707706462,8.7431292746,8.7431292752,8.7431292752,8.7431292752,8.7431292752,8.7431292752,20.8223936854,20.8223936854,20.8223936854,20.8223936862,20.8223936861,20.8223936861,20.8223936864,20.8223936864,20.8223936864,20.8223936864,20.8223936864,20.8223936859,20.82239368628,20.82239368628,20.82239368624,20.8223936862,20.82239368546,20.82239368546,20.8223936854,20.8223936855,20.8223936849,20.8223936849,20.8223936849,20.8223936854,20.8223936854,20.8223936861,20.82239368614,20.82239368614,20.82239368667,20.82239368667,20.8223936862,20.8223936862,20.8223936858,20.82239368579,20.82239368579,20.8223936858,20.8223936858,20.8223936857,20.8223936862,20.8223936862,25.39118832648,25.39118832648,25.3911883265,25.3911883264,25.3911883263,25.3911883266,25.3911883266,25.3911883271,25.391188327,25.391188327,25.3911883265,25.3911883265,25.391188326886,25.391188326926,25.391188326926,25.391188326926,25.391188326886,25.39118832686,25.39118832686,25.3911883273,25.3911883273,25.39118832732,25.39118832732,25.3911883273,25.3911883273
"t77",24.194111888,24.194111888,15.8840253597,15.8840253596464,15.8840253596464,15.884025359435,15.884025359435,15.8840253596,15.8840253595,15.8840253595,15.8840253596,15.8840253596,15.8840253589,15.88402535892,15.88402535892,15.8840253591,15.88402535833,15.88402535833,15.8840253583,15.8840253581,15.884025358,15.884025358,15.8840253584,15.8840253591,1.193247568,0,4.95707706462,4.95707706462,4.95707706462,8.7431292746,8.7431292752,8.7431292752,8.7431292752,8.7431292752,8.7431292752,20.8223936854,20.8223936854,20.8223936854,20.8223936862,20.8223936861,20.8223936861,20.8223936864,20.8223936864,20.8223936864,20.8223936864,20.8223936864,20.8223936859,20.82239368628,20.82239368628,20.82239368624,20.8223936862,20.82239368546,20.82239368546,20.8223936854,20.8223936855,20.8223936849,20.8223936849,20.8223936849,20.8223936854,20.8223936854,20.8223936861,20.82239368614,20.82239368614,20.82239368667,20.82239368667,20.8223936862,20.8223936862,20.8223936858,20.82239368579,20.82239368579,20.8223936858,20.8223936858,20.8223936857,20.8223936862,20.8223936862,25.39118832648,25.39118832648,25.3911883265,25.3911883264,25.3911883263,25.3911883266,25.3911883266,25.3911883271,25.391188327,25.391188327,25.3911883265,25.3911883265,25.391188326886,25.391188326926,25.391188326926,25.391188326926,25.391188326886,25.39118832686,25.39118832686,25.3911883273,25.3911883273,25.39118832732,25.39118832732,25.3911883273,25.3911883273
