"","t1","t2","t3","t4","t5","t6","t7","t8","t9","t10","t11","t12","t13","t14","t15","t16","t17","t18","t19","t20","t21","t22","t23","t24","t25","t26","t27","t28","t29","t30","t31","t32","t33","t34","t35","t36","t37","t38","t39","t40","t41","t42","t43","t44","t45","t46","t47","t48","t49","t50","t51","t52","t53","t54","t55","t56","t57","t58","t59","t60","t61","t62","t63","t64","t65","t66","t67","t68","t69","t70","t71","t72","t73","t74","t75","t76","t77","t78","t79","t80","t81","t82","t83","t84","t85","t86","t87","t88","t89","t90","t91","t92","t93","t94","t95","t96","t97","t98","t99","t100","t101","t102","t103","t104","t105","t106","t107","t108","t109","t110","t111","t112","t113","t114","t115","t116","t117","t118","t119","t120","t121","t122","t123","t124","t125","t126","t127","t128","t129","t130","t131","t132","t133","t134","t135","t136","t137","t138","t139","t140","t141","t142","t143","t144","t145","t146","t147","t148","t149","t150","t151","t152","t153","t154","t155","t156","t157","t158","t159","t160","t161","t162","t163","t164","t165","t166","t167","t168","t169","t170","t171"
"t1",0,2.49554198192325,5.83819895754815,9.57658087449731,8.38918534895881,8.44832712633445,8.16534885927651,10.8305407508737,11.0349627923198,9.9972364022291,11.1854232802208,11.6614298072835,12.5861820825917,10.9662513668444,10.8338536176124,14.4187357879032,11.2615480961264,11.453366311482,12.5889692833327,12.2485067385075,12.1193309495615,12.7025739757592,12.4583628462656,12.7039640365879,13.2090123201385,13.411540126129,14.8658043760453,13.140738421889,15.2150278859719,13.8368773994883,13.4571036659966,14.3040448646866,13.6809091485155,14.0277324544794,16.2871627302786,14.1978905197512,14.6941225528667,14.10717386001,14.0530828968595,14.3688463429195,14.6955592367795,14.3031597352223,16.2871627302786,15.4491186854174,16.2871627302786,14.1524270510686,16.0552342798426,14.4285933929118,16.1007011372759,15.0559011049147,14.5882118310632,14.6114618993495,16.2871627302786,16.2871627302786,16.2871627302786,14.965293729944,14.6364812152453,16.2871627302786,16.0815353136576,15.188462429607,16.129500508446,16.2871627302786,16.2871627302786,16.2871627302786,15.1875511649403,16.2871627302786,16.0624477956981,16.2871627302786,15.7396999793144,16.2871627302786,16.2871627302786,15.5756159278385,16.2871627302786,16.2871627302786,16.2871627302786,16.2871627302786,15.2005903266794,15.5407009566633,15.8682316729283,15.3728518298669,16.2871627302786,16.2871627302786,16.2871627302786,15.7005881767559,16.2871627302786,16.2871627302786,16.2871627302786,16.2871627302786,16.2871627302786,16.2871627302786,15.8865525219229,16.2871627302786,16.2871627302786,15.7848848861705,16.2871627302786,16.2871627302786,16.2871627302786,16.2871627302786,15.6472018844413,16.2871627302786,16.2871627302786,16.2871627302786,16.2871627302786,16.2871627302786,15.8928504829088,16.2871627302786,16.2871627302786,16.2871627302786,16.2871627302786,16.2871627302786,16.2871627302786,16.2871627302786,16.2871627302786,16.2871627302786,15.9345286817295,16.2871627302786,16.2871627302786,16.2871627302786,16.2871627302786,16.2871627302786,16.2871627302786,16.2871627302786,16.2871627302786,16.2871627302786,16.2871627302786,16.2871627302786,16.2871627302786,15.9911186863435,16.2871627302786,16.0468457294001,16.2871627302786,16.2871627302786,16.2871627302786,16.2871627302786,16.2871627302786,16.2871627302786,16.2871627302786,16.2871627302786,16.2871627302786,16.2871627302786,16.2871627302786,16.2871627302786,16.0695925828142,16.2871627302786,16.2871627302786,16.2871627302786,16.2871627302786,16.2871627302786,16.2871627302786,16.2871627302786,16.2871627302786,16.2871627302786,16.2871627302786,16.2871627302786,16.2871627302786,16.2871627302786,16.2871627302786,16.2871627302786,16.2871627302786,16.2871627302786,16.2871627302786,16.2871627302786,16.2871627302786,16.2871627302786,16.2871627302786,16.2871627302786,16.2871627302786,16.2871627302786,16.2871627302786,16.2871627302786,16.2871627302786
"t2",2.49554198192325,0,3.38004355255504,7.1184254695042,5.9310299439657,5.99017172134134,5.7071934542834,8.37238534588059,8.57680738732671,7.53908099723599,8.72726787522768,9.20327440229035,10.1280266775986,8.50809596185126,8.37569821261927,11.9605803829101,8.8033926911333,8.99521090648888,10.1308138783396,9.7903513335144,9.66117554456842,10.2444185707661,10.0002074412724,10.2458086315948,10.7508569151454,10.9533847211359,12.4076489710522,10.6825830168959,12.7568724809788,11.3787219944952,10.9989482610035,11.8458894596935,11.2227537435224,11.5695770494862,13.8290073252855,11.7397351147581,12.2359671478736,11.6490184550169,11.5949274918664,11.9106909379264,12.2374038317864,11.8450043302292,13.8290073252855,12.9909632804242,13.8290073252855,11.6942716460755,13.5970788748495,11.9704379879186,13.6425457322828,12.5977456999216,12.1300564260701,12.1533064943564,13.8290073252855,13.8290073252855,13.8290073252855,12.5071383249509,12.1783258102522,13.8290073252855,13.6233799086645,12.7303070246139,13.6713451034529,13.8290073252855,13.8290073252855,13.8290073252855,12.7293957599472,13.8290073252855,13.604292390705,13.8290073252855,13.2815445743213,13.8290073252855,13.8290073252855,13.1174605228454,13.8290073252855,13.8290073252855,13.8290073252855,13.8290073252855,12.7424349216863,13.0825455516701,13.4100762679352,12.9146964248738,13.8290073252855,13.8290073252855,13.8290073252855,13.2424327717628,13.8290073252855,13.8290073252855,13.8290073252855,13.8290073252855,13.8290073252855,13.8290073252855,13.4283971169298,13.8290073252855,13.8290073252855,13.3267294811774,13.8290073252855,13.8290073252855,13.8290073252855,13.8290073252855,13.1890464794482,13.8290073252855,13.8290073252855,13.8290073252855,13.8290073252855,13.8290073252855,13.4346950779156,13.8290073252855,13.8290073252855,13.8290073252855,13.8290073252855,13.8290073252855,13.8290073252855,13.8290073252855,13.8290073252855,13.8290073252855,13.4763732767364,13.8290073252855,13.8290073252855,13.8290073252855,13.8290073252855,13.8290073252855,13.8290073252855,13.8290073252855,13.8290073252855,13.8290073252855,13.8290073252855,13.8290073252855,13.8290073252855,13.5329632813504,13.8290073252855,13.588690324407,13.8290073252855,13.8290073252855,13.8290073252855,13.8290073252855,13.8290073252855,13.8290073252855,13.8290073252855,13.8290073252855,13.8290073252855,13.8290073252855,13.8290073252855,13.8290073252855,13.6114371778211,13.8290073252855,13.8290073252855,13.8290073252855,13.8290073252855,13.8290073252855,13.8290073252855,13.8290073252855,13.8290073252855,13.8290073252855,13.8290073252855,13.8290073252855,13.8290073252855,13.8290073252855,13.8290073252855,13.8290073252855,13.8290073252855,13.8290073252855,13.8290073252855,13.8290073252855,13.8290073252855,13.8290073252855,13.8290073252855,13.8290073252855,13.8290073252855,13.8290073252855,13.8290073252855,13.8290073252855,13.8290073252855
"t3",5.83819895754815,3.38004355255504,0,6.94524670120084,5.75785117566234,9.13773695081812,8.85475868376018,11.5199505753574,11.7243726168035,10.6866462267128,11.8748331047045,12.3508396317671,13.2755919070753,11.655661191328,11.523263442096,15.1081456123868,11.9509579206101,12.1427761359657,13.2783791078164,12.9379165629912,12.8087407740452,13.3919838002428,13.1477726707492,13.3933738610715,13.8984221446222,14.1009499506127,15.5552142005289,13.8301482463727,15.9044377104556,14.5262872239719,14.1465134904803,14.9934546891703,14.3703189729991,14.717142278963,16.9765725547623,14.8873003442349,15.3835323773503,14.7965836844937,14.7424927213432,15.0582561674032,15.3849690612632,14.992569559706,16.9765725547623,16.138528509901,16.9765725547623,14.8418368755522,16.7446441043263,15.1180032173954,16.7901109617596,15.7453109293984,15.2776216555469,15.3008717238332,16.9765725547623,16.9765725547623,16.9765725547623,15.6547035544276,15.3258910397289,16.9765725547623,16.7709451381413,15.8778722540907,16.8189103329297,16.9765725547623,16.9765725547623,16.9765725547623,15.876960989424,16.9765725547623,16.7518576201818,16.9765725547623,16.4291098037981,16.9765725547623,16.9765725547623,16.2650257523221,16.9765725547623,16.9765725547623,16.9765725547623,16.9765725547623,15.890000151163,16.2301107811469,16.5576414974119,16.0622616543506,16.9765725547623,16.9765725547623,16.9765725547623,16.3899980012396,16.9765725547623,16.9765725547623,16.9765725547623,16.9765725547623,16.9765725547623,16.9765725547623,16.5759623464066,16.9765725547623,16.9765725547623,16.4742947106542,16.9765725547623,16.9765725547623,16.9765725547623,16.9765725547623,16.336611708925,16.9765725547623,16.9765725547623,16.9765725547623,16.9765725547623,16.9765725547623,16.5822603073924,16.9765725547623,16.9765725547623,16.9765725547623,16.9765725547623,16.9765725547623,16.9765725547623,16.9765725547623,16.9765725547623,16.9765725547623,16.6239385062131,16.9765725547623,16.9765725547623,16.9765725547623,16.9765725547623,16.9765725547623,16.9765725547623,16.9765725547623,16.9765725547623,16.9765725547623,16.9765725547623,16.9765725547623,16.9765725547623,16.6805285108272,16.9765725547623,16.7362555538838,16.9765725547623,16.9765725547623,16.9765725547623,16.9765725547623,16.9765725547623,16.9765725547623,16.9765725547623,16.9765725547623,16.9765725547623,16.9765725547623,16.9765725547623,16.9765725547623,16.7590024072979,16.9765725547623,16.9765725547623,16.9765725547623,16.9765725547623,16.9765725547623,16.9765725547623,16.9765725547623,16.9765725547623,16.9765725547623,16.9765725547623,16.9765725547623,16.9765725547623,16.9765725547623,16.9765725547623,16.9765725547623,16.9765725547623,16.9765725547623,16.9765725547623,16.9765725547623,16.9765725547623,16.9765725547623,16.9765725547623,16.9765725547623,16.9765725547623,16.9765725547623,16.9765725547623,16.9765725547623,16.9765725547623
"t4",9.57658087449731,7.1184254695042,6.94524670120084,0,5.22693371688688,12.8761188677673,12.5931406007093,15.2583324923065,15.4627545337527,14.4250281436619,15.6132150216536,16.0892215487163,17.0139738240245,15.3940431082772,15.2616453590452,18.846527529336,15.6893398375592,15.8811580529148,17.0167610247655,16.6762984799403,16.5471226909944,17.130365717192,16.8861545876984,17.1317557780207,17.6368040615714,17.8393318675619,19.2935961174781,17.5685301633218,19.6428196274047,18.2646691409211,17.8848954074294,18.7318366061194,18.1087008899483,18.4555241959122,20.7149544717115,18.6256822611841,19.1219142942995,18.5349656014428,18.4808746382924,18.7966380843524,19.1233509782123,18.7309514766551,20.7149544717115,19.8769104268502,20.7149544717115,18.5802187925014,20.4830260212754,18.8563851343446,20.5284928787088,19.4836928463475,19.016003572496,19.0392536407823,20.7149544717115,20.7149544717115,20.7149544717115,19.3930854713768,19.0642729566781,20.7149544717115,20.5093270550904,19.6162541710399,20.5572922498788,20.7149544717115,20.7149544717115,20.7149544717115,19.6153429063732,20.7149544717115,20.490239537131,20.7149544717115,20.1674917207473,20.7149544717115,20.7149544717115,20.0034076692713,20.7149544717115,20.7149544717115,20.7149544717115,20.7149544717115,19.6283820681122,19.9684926980961,20.2960234143611,19.8006435712998,20.7149544717115,20.7149544717115,20.7149544717115,20.1283799181887,20.7149544717115,20.7149544717115,20.7149544717115,20.7149544717115,20.7149544717115,20.7149544717115,20.3143442633557,20.7149544717115,20.7149544717115,20.2126766276034,20.7149544717115,20.7149544717115,20.7149544717115,20.7149544717115,20.0749936258742,20.7149544717115,20.7149544717115,20.7149544717115,20.7149544717115,20.7149544717115,20.3206422243416,20.7149544717115,20.7149544717115,20.7149544717115,20.7149544717115,20.7149544717115,20.7149544717115,20.7149544717115,20.7149544717115,20.7149544717115,20.3623204231623,20.7149544717115,20.7149544717115,20.7149544717115,20.7149544717115,20.7149544717115,20.7149544717115,20.7149544717115,20.7149544717115,20.7149544717115,20.7149544717115,20.7149544717115,20.7149544717115,20.4189104277763,20.7149544717115,20.474637470833,20.7149544717115,20.7149544717115,20.7149544717115,20.7149544717115,20.7149544717115,20.7149544717115,20.7149544717115,20.7149544717115,20.7149544717115,20.7149544717115,20.7149544717115,20.7149544717115,20.497384324247,20.7149544717115,20.7149544717115,20.7149544717115,20.7149544717115,20.7149544717115,20.7149544717115,20.7149544717115,20.7149544717115,20.7149544717115,20.7149544717115,20.7149544717115,20.7149544717115,20.7149544717115,20.7149544717115,20.7149544717115,20.7149544717115,20.7149544717115,20.7149544717115,20.7149544717115,20.7149544717115,20.7149544717115,20.7149544717115,20.7149544717115,20.7149544717115,20.7149544717115,20.7149544717115,20.7149544717115,20.7149544717115
"t5",8.38918534895881,5.9310299439657,5.75785117566234,5.22693371688688,0,11.6887233422288,11.4057450751708,14.070936966768,14.2753590082141,13.2376326181234,14.4258194961151,14.9018260231778,15.826578298486,14.2066475827387,14.0742498335067,17.6591320037975,14.5019443120207,14.6937625273763,15.829365499227,15.4889029544018,15.3597271654558,15.9429701916535,15.6987590621599,15.9443602524822,16.4494085360329,16.6519363420234,18.1062005919396,16.3811346377833,18.4554241018662,17.0772736153826,16.6974998818909,17.5444410805809,16.9213053644098,17.2681286703737,19.527558946173,17.4382867356456,17.934518768761,17.3475700759043,17.2934791127539,17.6092425588139,17.9359554526738,17.5435559511166,19.527558946173,18.6895149013117,19.527558946173,17.3928232669629,19.2956304957369,17.6689896088061,19.3410973531703,18.296297320809,17.8286080469575,17.8518581152438,19.527558946173,19.527558946173,19.527558946173,18.2056899458383,17.8768774311396,19.527558946173,19.3219315295519,18.4288586455014,19.3698967243403,19.527558946173,19.527558946173,19.527558946173,18.4279473808347,19.527558946173,19.3028440115924,19.527558946173,18.9800961952088,19.527558946173,19.527558946173,18.8160121437328,19.527558946173,19.527558946173,19.527558946173,19.527558946173,18.4409865425737,18.7810971725576,19.1086278888226,18.6132480457612,19.527558946173,19.527558946173,19.527558946173,18.9409843926502,19.527558946173,19.527558946173,19.527558946173,19.527558946173,19.527558946173,19.527558946173,19.1269487378172,19.527558946173,19.527558946173,19.0252811020649,19.527558946173,19.527558946173,19.527558946173,19.527558946173,18.8875981003357,19.527558946173,19.527558946173,19.527558946173,19.527558946173,19.527558946173,19.1332466988031,19.527558946173,19.527558946173,19.527558946173,19.527558946173,19.527558946173,19.527558946173,19.527558946173,19.527558946173,19.527558946173,19.1749248976238,19.527558946173,19.527558946173,19.527558946173,19.527558946173,19.527558946173,19.527558946173,19.527558946173,19.527558946173,19.527558946173,19.527558946173,19.527558946173,19.527558946173,19.2315149022378,19.527558946173,19.2872419452945,19.527558946173,19.527558946173,19.527558946173,19.527558946173,19.527558946173,19.527558946173,19.527558946173,19.527558946173,19.527558946173,19.527558946173,19.527558946173,19.527558946173,19.3099887987085,19.527558946173,19.527558946173,19.527558946173,19.527558946173,19.527558946173,19.527558946173,19.527558946173,19.527558946173,19.527558946173,19.527558946173,19.527558946173,19.527558946173,19.527558946173,19.527558946173,19.527558946173,19.527558946173,19.527558946173,19.527558946173,19.527558946173,19.527558946173,19.527558946173,19.527558946173,19.527558946173,19.527558946173,19.527558946173,19.527558946173,19.527558946173,19.527558946173
"t6",8.44832712633445,5.99017172134134,9.13773695081812,12.8761188677673,11.6887233422288,0,0.491176111434333,5.97667352214142,6.18109556358755,3.30369388940351,4.4918807673952,6.80756257855118,5.89263956976609,4.27270885401878,4.14031110478679,7.7774050285528,6.40768086739413,6.59949908274972,7.73510205460044,5.55496422568191,7.26546372082925,6.00903146293358,5.76482033343996,6.01042152376229,6.56768156078816,6.71799761330344,8.22447361669489,6.49940766253866,8.52148537314633,7.14333488666268,6.76356115317103,7.61050235186101,6.98736663568989,7.33418994165376,9.59362021745304,9.34402329101897,8.00058004004108,7.4136313471844,7.35954038403395,7.67530383009395,8.00201672395391,7.60961722239672,9.64583197092826,8.75557617259177,9.64583197092826,7.5110962917182,9.361691767017,7.73505088008616,9.40715862445035,8.41457034556432,9.73434460233093,7.97013113999915,9.59362021745304,9.59362021745304,9.59362021745304,8.27175121711839,9.78261398651301,9.64583197092826,9.44020455430723,8.54713167025666,9.43595799562041,11.4332955015464,9.64583197092826,9.64583197092826,8.54622040558997,9.59362021745304,9.36890528287253,9.59362021745304,9.04615746648884,9.59362021745304,11.4332955015464,10.7217486991062,9.59362021745304,9.64583197092826,9.64583197092826,9.59362021745304,8.50704781385378,8.84715844383767,9.17468916010269,8.67930931704134,9.59362021745304,9.59362021745304,9.64583197092826,9.05925741740555,9.64583197092826,9.64583197092826,11.4332955015464,11.4332955015464,11.4332955015464,9.59362021745304,9.1930100090973,9.64583197092826,9.64583197092826,10.9310176574383,11.4332955015464,9.59362021745304,9.59362021745304,11.4332955015464,8.95365937161575,9.59362021745304,11.4332955015464,11.4332955015464,11.4332955015464,11.4332955015464,9.19930797008316,9.59362021745304,9.59362021745304,11.4332955015464,11.4332955015464,11.4332955015464,9.59362021745304,9.64583197092826,9.64583197092826,11.4332955015464,11.0806614529972,9.59362021745304,9.59362021745304,9.59362021745304,9.59362021745304,11.4332955015464,11.4332955015464,9.64583197092827,9.64583197092827,9.59362021745304,9.59362021745304,9.59362021745304,9.64583197092827,9.34978792699312,9.59362021745304,9.35330321657454,9.59362021745304,9.59362021745304,11.4332955015464,11.4332955015464,11.4332955015464,9.64583197092827,9.64583197092827,9.59362021745304,9.59362021745304,9.59362021745304,11.4332955015464,9.59362021745304,9.37605006998862,9.59362021745304,11.4332955015464,11.4332955015464,9.59362021745304,9.59362021745304,9.59362021745304,9.59362021745304,9.59362021745304,9.59362021745304,11.4332955015464,11.4332955015464,9.59362021745304,9.59362021745304,9.59362021745304,9.59362021745304,9.64583197092826,9.59362021745304,9.59362021745304,11.4332955015464,11.4332955015464,9.59362021745304,9.59362021745304,9.59362021745304,9.59362021745304,9.64583197092826,9.64583197092826,11.4332955015464,11.4332955015464
"t7",8.16534885927651,5.7071934542834,8.85475868376018,12.5931406007093,11.4057450751708,0.491176111434333,0,5.69369525508348,5.89811729652961,3.02071562234557,4.20890250033726,6.52458431149324,5.60966130270815,3.98973058696084,3.85733283772885,7.49442676149486,6.12470260033619,6.31652081569178,7.4521237875425,5.27198595862397,6.98248545377131,5.72605319587564,5.48184206638202,5.72744325670434,6.28470329373022,6.4350193462455,7.94149534963695,6.21642939548072,8.23850710608839,6.86035661960474,6.48058288611309,7.32752408480307,6.70438836863195,7.05121167459582,9.3106419503951,9.06104502396103,7.71760177298314,7.13065308012646,7.07656211697601,7.39232556303601,7.71903845689596,7.32663895533878,9.36285370387033,8.47259790553382,9.36285370387032,7.22811802466026,9.07871349995906,7.45207261302822,9.1241803573924,8.13159207850638,9.45136633527299,7.68715287294121,9.3106419503951,9.3106419503951,9.3106419503951,7.98877295006045,9.49963571945507,9.36285370387032,9.15722628724929,8.26415340319872,9.15297972856247,11.1503172344884,9.36285370387032,9.36285370387032,8.26324213853203,9.3106419503951,9.08592701581459,9.3106419503951,8.7631791994309,9.3106419503951,11.1503172344884,10.4387704320482,9.3106419503951,9.36285370387032,9.36285370387032,9.3106419503951,8.22406954679584,8.56418017677973,8.89171089304475,8.3963310499834,9.3106419503951,9.3106419503951,9.36285370387032,8.77627915034761,9.36285370387032,9.36285370387032,11.1503172344884,11.1503172344884,11.1503172344884,9.3106419503951,8.91003174203936,9.36285370387032,9.36285370387032,10.6480393903803,11.1503172344884,9.3106419503951,9.3106419503951,11.1503172344884,8.67068110455781,9.3106419503951,11.1503172344884,11.1503172344884,11.1503172344884,11.1503172344884,8.91632970302522,9.3106419503951,9.3106419503951,11.1503172344884,11.1503172344884,11.1503172344884,9.3106419503951,9.36285370387032,9.36285370387032,11.1503172344884,10.7976831859393,9.3106419503951,9.3106419503951,9.3106419503951,9.3106419503951,11.1503172344884,11.1503172344884,9.36285370387032,9.36285370387032,9.3106419503951,9.3106419503951,9.3106419503951,9.36285370387033,9.06680965993518,9.3106419503951,9.0703249495166,9.3106419503951,9.3106419503951,11.1503172344884,11.1503172344884,11.1503172344884,9.36285370387033,9.36285370387033,9.3106419503951,9.3106419503951,9.3106419503951,11.1503172344884,9.3106419503951,9.09307180293067,9.3106419503951,11.1503172344884,11.1503172344884,9.3106419503951,9.3106419503951,9.3106419503951,9.3106419503951,9.3106419503951,9.3106419503951,11.1503172344884,11.1503172344884,9.3106419503951,9.3106419503951,9.3106419503951,9.3106419503951,9.36285370387032,9.3106419503951,9.3106419503951,11.1503172344884,11.1503172344884,9.3106419503951,9.3106419503951,9.3106419503951,9.3106419503951,9.36285370387032,9.36285370387032,11.1503172344884,11.1503172344884
"t8",10.8305407508737,8.37238534588059,11.5199505753574,15.2583324923065,14.070936966768,5.97667352214142,5.69369525508348,0,4.37357240197696,7.52558279803607,8.71376967602776,6.08294592034242,10.1145284783986,8.49459776265133,8.36220001341934,11.9470821837101,5.68306420918537,5.87488242454096,7.01048539639168,9.77685313431447,6.54084706262049,10.2309203715661,9.98670924207252,10.2323104323948,10.7373587159455,10.939886521936,12.3941507718522,10.669084817696,12.7433742817789,11.3652237952952,10.9854500618036,11.8323912604936,11.2092555443224,11.5560788502863,13.8155091260856,8.6194066328102,12.2224689486736,11.635520255817,11.5814292926665,11.8971927387265,12.2239056325865,11.8315061310293,13.8155091260856,12.9774650812243,13.8155091260856,11.6807734468755,13.5835806756496,11.9569397887187,13.6290475330829,12.5842475007217,9.00972794412217,12.1398082951565,13.8155091260856,13.8155091260856,13.8155091260856,12.4936401257509,9.05799732830425,13.8155091260856,13.6098817094646,12.716808825414,13.657846904253,10.7086788433376,13.8155091260856,13.8155091260856,12.7158975607473,13.8155091260856,13.5907941915051,13.8155091260856,13.2680463751214,13.8155091260856,10.7086788433376,9.99713204089742,13.8155091260856,13.8155091260856,13.8155091260856,13.8155091260856,12.7289367224863,13.0690473524702,13.3965780687352,12.9011982256739,13.8155091260856,13.8155091260856,13.8155091260856,13.2289345725629,13.8155091260856,13.8155091260856,10.7086788433376,10.7086788433376,10.7086788433376,13.8155091260856,13.4148989177299,13.8155091260856,13.8155091260856,10.2064009992295,10.7086788433376,13.8155091260856,13.8155091260856,10.7086788433376,13.1755482802483,13.8155091260856,10.7086788433376,10.7086788433376,10.7086788433376,10.7086788433376,13.4211968787157,13.8155091260856,13.8155091260856,10.7086788433376,10.7086788433376,10.7086788433376,13.8155091260856,13.8155091260856,13.8155091260856,10.7086788433376,10.3560447947884,13.8155091260856,13.8155091260856,13.8155091260856,13.8155091260856,10.7086788433376,10.7086788433376,13.8155091260856,13.8155091260856,13.8155091260856,13.8155091260856,13.8155091260856,13.8155091260856,13.5194650821505,13.8155091260856,13.5751921252071,13.8155091260856,13.8155091260856,10.7086788433376,10.7086788433376,10.7086788433376,13.8155091260856,13.8155091260856,13.8155091260856,13.8155091260856,13.8155091260856,10.7086788433376,13.8155091260856,13.5979389786212,13.8155091260856,10.7086788433376,10.7086788433376,13.8155091260856,13.8155091260856,13.8155091260856,13.8155091260856,13.8155091260856,13.8155091260856,10.7086788433376,10.7086788433376,13.8155091260856,13.8155091260856,13.8155091260856,13.8155091260856,13.8155091260856,13.8155091260856,13.8155091260856,10.7086788433376,10.7086788433376,13.8155091260856,13.8155091260856,13.8155091260856,13.8155091260856,13.8155091260856,13.8155091260856,10.7086788433376,10.7086788433376
"t9",11.0349627923198,8.57680738732671,11.7243726168035,15.4627545337527,14.2753590082141,6.18109556358755,5.89811729652961,4.37357240197696,0,7.7300048394822,8.91819171747388,6.28736796178854,10.3189505198448,8.69901980409746,8.56662205486547,12.1515042251563,5.8874862506315,6.07930446598708,7.2149074378378,9.9812751757606,6.74526910406662,10.4353424130123,10.1911312835186,10.436732473841,10.9417807573916,11.1443085633821,12.5985728132984,10.8735068591421,12.947796323225,11.5696458367414,11.1898721032497,12.0368133019397,11.4136775857686,11.7605008917324,14.0199311675317,8.82382867425633,12.4268909901198,11.8399422972631,11.7858513341126,12.1016147801726,12.4283276740326,12.0359281724754,14.0199311675317,13.1818871226704,14.0199311675317,11.8851954883217,13.7880027170957,12.1613618301649,13.833469574529,12.7886695421678,9.21414998556829,12.3442303366026,14.0199311675317,14.0199311675317,14.0199311675317,12.6980621671971,9.26241936975038,14.0199311675317,13.8143037509107,12.9212308668601,13.8622689456991,10.9131008847837,14.0199311675317,14.0199311675317,12.9203196021934,14.0199311675317,13.7952162329512,14.0199311675317,13.4724684165675,14.0199311675317,10.9131008847837,10.2015540823436,14.0199311675317,14.0199311675317,14.0199311675317,14.0199311675317,12.9333587639325,13.2734693939164,13.6010001101814,13.10562026712,14.0199311675317,14.0199311675317,14.0199311675317,13.433356614009,14.0199311675317,14.0199311675317,10.9131008847837,10.9131008847837,10.9131008847837,14.0199311675317,13.619320959176,14.0199311675317,14.0199311675317,10.4108230406756,10.9131008847837,14.0199311675317,14.0199311675317,10.9131008847837,13.3799703216944,14.0199311675317,10.9131008847837,10.9131008847837,10.9131008847837,10.9131008847837,13.6256189201618,14.0199311675317,14.0199311675317,10.9131008847837,10.9131008847837,10.9131008847837,14.0199311675317,14.0199311675317,14.0199311675317,10.9131008847837,10.5604668362346,14.0199311675317,14.0199311675317,14.0199311675317,14.0199311675317,10.9131008847837,10.9131008847837,14.0199311675317,14.0199311675317,14.0199311675317,14.0199311675317,14.0199311675317,14.0199311675317,13.7238871235966,14.0199311675317,13.7796141666532,14.0199311675317,14.0199311675317,10.9131008847837,10.9131008847837,10.9131008847837,14.0199311675317,14.0199311675317,14.0199311675317,14.0199311675317,14.0199311675317,10.9131008847837,14.0199311675317,13.8023610200673,14.0199311675317,10.9131008847837,10.9131008847837,14.0199311675317,14.0199311675317,14.0199311675317,14.0199311675317,14.0199311675317,14.0199311675317,10.9131008847837,10.9131008847837,14.0199311675317,14.0199311675317,14.0199311675317,14.0199311675317,14.0199311675317,14.0199311675317,14.0199311675317,10.9131008847837,10.9131008847837,14.0199311675317,14.0199311675317,14.0199311675317,14.0199311675317,14.0199311675317,14.0199311675317,10.9131008847837,10.9131008847837
"t10",9.9972364022291,7.53908099723599,10.6866462267128,14.4250281436619,13.2376326181234,3.30369388940351,3.02071562234557,7.52558279803607,7.7300048394822,0,2.54377937247379,8.35647185444583,4.91478541593578,3.29485470018847,3.16245695095648,9.32631430444745,7.95659014328878,8.14840835864437,9.28401133049509,4.57711007185161,8.8143729967239,5.03117730910327,3.81671893851855,5.03256736993198,8.11659083668281,5.74014345947313,9.77338289258954,8.0483169384333,7.54363121931602,6.16548073283237,5.78570699934072,6.6326481980307,6.00951248185958,6.35633578782345,8.61576606362273,10.8929325669136,7.02272588621078,6.43577719335409,6.38168623020364,6.69744967626364,7.0241625701236,6.63176306856641,11.1947412468229,7.77772201876146,11.1947412468229,9.06000556761285,8.38383761318669,6.75719672625585,7.45905722952894,9.96347962145897,11.2832538782256,9.5190404158938,8.61576606362273,8.61576606362273,8.61576606362273,6.32364982219698,11.3315232624077,11.1947412468229,10.9891138302019,10.0960409461513,8.45810384179011,12.982204777441,11.1947412468229,11.1947412468229,10.0951296814846,7.64551882253163,8.39105112904222,8.61576606362273,8.06830331265854,8.61576606362273,12.982204777441,12.2706579750008,8.61576606362273,11.1947412468229,11.1947412468229,7.64551882253163,6.55894641893237,7.86930429000736,8.19683500627238,7.70145516321103,7.64551882253163,7.64551882253163,11.1947412468229,10.6081666933002,11.1947412468229,11.1947412468229,12.982204777441,12.982204777441,12.982204777441,8.61576606362273,8.21515585526699,11.1947412468229,11.1947412468229,12.4799269333329,12.982204777441,8.61576606362273,8.61576606362273,12.982204777441,7.97580521778544,8.61576606362274,12.982204777441,12.982204777441,12.982204777441,12.982204777441,7.25120657516175,8.61576606362273,8.61576606362273,12.982204777441,12.982204777441,12.982204777441,8.61576606362273,11.1947412468229,11.1947412468229,12.982204777441,12.6295707288918,8.61576606362273,8.61576606362273,8.61576606362273,8.61576606362273,12.982204777441,12.982204777441,11.1947412468229,11.1947412468229,8.61576606362273,8.61576606362273,8.61576606362273,11.1947412468229,10.8986972028878,8.61576606362273,8.37544906274423,8.61576606362273,8.61576606362273,12.982204777441,12.982204777441,12.982204777441,11.1947412468229,11.1947412468229,8.61576606362273,7.64551882253163,7.64551882253163,12.982204777441,8.61576606362273,8.39819591615831,8.61576606362273,12.982204777441,12.982204777441,7.64551882253164,7.64551882253164,8.61576606362273,8.61576606362273,7.64551882253164,7.64551882253164,12.982204777441,12.982204777441,8.61576606362273,8.61576606362273,8.61576606362273,8.61576606362273,11.1947412468229,7.64551882253163,7.64551882253163,12.982204777441,12.982204777441,8.61576606362274,8.61576606362274,7.64551882253163,7.64551882253163,11.1947412468229,11.1947412468229,12.982204777441,12.982204777441
"t11",11.1854232802208,8.72726787522768,11.8748331047045,15.6132150216536,14.4258194961151,4.4918807673952,4.20890250033726,8.71376967602776,8.91819171747388,2.54377937247379,0,9.54465873243752,6.10297229392747,4.48304157818016,4.35064382894817,10.5145011824391,9.14477702128047,9.33659523663606,10.4721982084868,5.7652969498433,10.0025598747156,6.21936418709496,4.30049147665985,6.22075424792367,9.3047777146745,6.92833033746482,10.9615697705812,9.23650381642499,8.73181809730771,7.35366761082406,6.97389387733241,7.82083507602239,7.19769935985127,7.54452266581514,9.80395294161442,12.0811194449053,8.21091276420247,7.62396407134578,7.56987310819533,7.88563655425533,8.21234944811529,7.8199499465581,12.3829281248146,8.96590889675315,12.3829281248146,10.2481924456045,9.57202449117838,7.94538360424754,7.94282976767024,11.1516664994507,12.4714407562173,10.7072272938855,9.80395294161442,9.80395294161442,9.80395294161442,6.80742236033828,12.5197101403994,12.3829281248146,12.1773007081936,11.284227824143,9.6462907197818,14.1703916554327,12.3829281248146,12.3829281248146,11.2833165594763,8.12929136067293,9.57923800703391,9.80395294161442,9.25649019065023,9.80395294161442,14.1703916554327,13.4588448529925,9.80395294161442,12.3829281248146,12.3829281248146,8.12929136067293,7.04271895707367,9.05749116799905,9.38502188426407,8.88964204120272,8.12929136067293,8.12929136067293,12.3829281248146,11.7963535712919,12.3829281248146,12.3829281248146,14.1703916554327,14.1703916554327,14.1703916554327,9.80395294161442,9.40334273325868,12.3829281248146,12.3829281248146,13.6681138113246,14.1703916554327,9.80395294161442,9.80395294161442,14.1703916554327,9.16399209577713,9.80395294161442,14.1703916554327,14.1703916554327,14.1703916554327,14.1703916554327,7.73497911330305,9.80395294161442,9.80395294161442,14.1703916554327,14.1703916554327,14.1703916554327,9.80395294161442,12.3829281248146,12.3829281248146,14.1703916554327,13.8177576068835,9.80395294161442,9.80395294161442,9.80395294161442,9.80395294161442,14.1703916554327,14.1703916554327,12.3829281248146,12.3829281248146,9.80395294161442,9.80395294161442,9.80395294161442,12.3829281248146,12.0868840808795,9.80395294161442,9.56363594073592,9.80395294161442,9.80395294161442,14.1703916554327,14.1703916554327,14.1703916554327,12.3829281248146,12.3829281248146,9.80395294161442,8.12929136067293,8.12929136067293,14.1703916554327,9.80395294161442,9.58638279415,9.80395294161442,14.1703916554327,14.1703916554327,8.12929136067294,8.12929136067294,9.80395294161442,9.80395294161442,8.12929136067293,8.12929136067293,14.1703916554327,14.1703916554327,9.80395294161442,9.80395294161442,9.80395294161442,9.80395294161442,12.3829281248146,8.12929136067293,8.12929136067293,14.1703916554327,14.1703916554327,9.80395294161442,9.80395294161442,8.12929136067293,8.12929136067293,12.3829281248146,12.3829281248146,14.1703916554327,14.1703916554327
"t12",11.6614298072835,9.20327440229035,12.3508396317671,16.0892215487163,14.9018260231778,6.80756257855118,6.52458431149324,6.08294592034242,6.28736796178854,8.35647185444583,9.54465873243752,0,10.9454175348084,9.32548681906109,9.1930890698291,12.7779712401199,2.85188351400031,3.04370172935589,4.17930470120661,10.6077421907242,3.70966636743542,11.0618094279759,10.8175982984823,11.0631994888046,11.5682477723553,11.7707755783458,13.225039828262,11.4999738741057,13.5742633381886,12.196112851705,11.8163391182133,12.6632803169033,12.0401446007322,12.3869679066961,14.6463981824954,5.78822593762514,13.0533580050834,12.4664093122267,12.4123183490763,12.7280817951363,13.0547946889962,12.662395187439,14.6463981824954,13.8083541376341,14.6463981824954,12.5116625032853,14.4144697320593,12.7878288451285,14.4599365894927,13.4151365571314,6.1785472489371,12.9706973515662,14.6463981824954,14.6463981824954,14.6463981824954,13.3245291821607,6.22681663311918,14.6463981824954,14.4407707658743,13.5476978818238,14.4887359606627,7.87749814815253,14.6463981824954,14.6463981824954,13.5467866171571,14.6463981824954,14.4216832479148,14.6463981824954,14.0989354315312,14.6463981824954,7.87749814815253,7.16595134571236,14.6463981824954,14.6463981824954,14.6463981824954,14.6463981824954,13.5598257788961,13.89993640888,14.227467125145,13.7320872820837,14.6463981824954,14.6463981824954,14.6463981824954,14.0598236289726,14.6463981824954,14.6463981824954,7.87749814815253,7.87749814815253,7.87749814815253,14.6463981824954,14.2457879741396,14.6463981824954,14.6463981824954,7.37522030404443,7.87749814815253,14.6463981824954,14.6463981824954,7.87749814815253,14.0064373366581,14.6463981824954,7.87749814815253,7.87749814815253,7.87749814815253,7.87749814815253,14.2520859351255,14.6463981824954,14.6463981824954,7.87749814815253,7.87749814815253,7.87749814815253,14.6463981824954,14.6463981824954,14.6463981824954,7.87749814815253,7.52486409960337,14.6463981824954,14.6463981824954,14.6463981824954,14.6463981824954,7.87749814815253,7.87749814815253,14.6463981824954,14.6463981824954,14.6463981824954,14.6463981824954,14.6463981824954,14.6463981824954,14.3503541385602,14.6463981824954,14.4060811816169,14.6463981824954,14.6463981824954,7.87749814815253,7.87749814815253,7.87749814815253,14.6463981824954,14.6463981824954,14.6463981824954,14.6463981824954,14.6463981824954,7.87749814815253,14.6463981824954,14.4288280350309,14.6463981824954,7.87749814815253,7.87749814815253,14.6463981824954,14.6463981824954,14.6463981824954,14.6463981824954,14.6463981824954,14.6463981824954,7.87749814815253,7.87749814815253,14.6463981824954,14.6463981824954,14.6463981824954,14.6463981824954,14.6463981824954,14.6463981824954,14.6463981824954,7.87749814815253,7.87749814815253,14.6463981824954,14.6463981824954,14.6463981824954,14.6463981824954,14.6463981824954,14.6463981824954,7.87749814815253,7.87749814815253
"t13",12.5861820825917,10.1280266775986,13.2755919070753,17.0139738240245,15.826578298486,5.89263956976609,5.60966130270815,10.1145284783986,10.3189505198448,4.91478541593578,6.10297229392747,10.9454175348084,0,3.09089209180921,3.01478888164409,11.91525998481,10.5455358236514,10.7373540390069,11.8729570108577,4.37314746347235,11.4033186770865,4.82721470072401,7.37591185997223,4.82860476155272,10.7055365170454,5.53618085109388,12.3623285729521,10.6372626187959,7.33966861093677,5.96151812445312,5.58174439096147,6.42868558965144,5.80554987348032,6.1523731794442,8.41180345524348,13.4818782472762,6.81876327783152,6.23181458497484,6.23401816089126,6.54978160695126,6.87649450081121,6.42780046018715,13.7836869271855,7.5737594103822,13.7836869271855,11.6489512479754,8.17987500480744,6.5532341178766,11.0182501509826,12.5524253018215,13.8721995585882,12.1079860962564,8.41180345524348,8.41180345524348,8.41180345524348,9.88284274365066,13.9204689427702,13.7836869271855,13.5780595105645,12.6849866265139,8.25414123341085,15.5711504578036,13.7836869271855,13.7836869271855,12.6840753618472,11.2047117439853,8.18708852066297,8.41180345524348,7.86434070427928,8.41180345524348,15.5711504578036,14.8596036553634,8.41180345524348,13.7836869271855,13.7836869271855,11.2047117439853,10.118139340386,7.66534168162811,7.99287239789312,7.49749255483177,11.2047117439853,11.2047117439853,13.7836869271855,13.1971123736628,13.7836869271855,13.7836869271855,15.5711504578036,15.5711504578036,15.5711504578036,8.41180345524348,8.01119324688774,13.7836869271855,13.7836869271855,15.0688726136955,15.5711504578036,8.41180345524348,8.41180345524348,15.5711504578036,7.77184260940619,8.41180345524348,15.5711504578036,15.5711504578036,15.5711504578036,15.5711504578036,10.8103994966154,8.41180345524348,8.41180345524348,15.5711504578036,15.5711504578036,15.5711504578036,8.41180345524348,13.7836869271855,13.7836869271855,15.5711504578036,15.2185164092544,8.41180345524348,8.41180345524348,8.41180345524348,8.41180345524348,15.5711504578036,15.5711504578036,13.7836869271855,13.7836869271855,8.41180345524348,8.41180345524348,8.41180345524348,13.7836869271855,13.4876428832503,8.41180345524348,8.17148645436498,8.41180345524348,8.41180345524348,15.5711504578036,15.5711504578036,15.5711504578036,13.7836869271855,13.7836869271855,8.41180345524348,11.2047117439853,11.2047117439853,15.5711504578036,8.41180345524348,8.19423330777905,8.41180345524348,15.5711504578036,15.5711504578036,11.2047117439853,11.2047117439853,8.41180345524348,8.41180345524348,11.2047117439853,11.2047117439853,15.5711504578036,15.5711504578036,8.41180345524348,8.41180345524348,8.41180345524348,8.41180345524348,13.7836869271855,11.2047117439853,11.2047117439853,15.5711504578036,15.5711504578036,8.41180345524348,8.41180345524348,11.2047117439853,11.2047117439853,13.7836869271855,13.7836869271855,15.5711504578036,15.5711504578036
