"","t1","t2","t3","t4","t5","t6","t7","t8","t9","t10","t11","t12","t13","t14","t15","t16","t17","t18","t19","t20","t21","t22","t23","t24","t25","t26","t27","t28","t29","t30","t31","t32","t33","t34","t35","t36","t37","t38","t39","t40","t41","t42","t43","t44","t45","t46","t47","t48","t49","t50","t51","t52","t53","t54","t55","t56","t57","t58","t59","t60","t61","t62","t63","t64","t65","t66","t67","t68","t69","t70","t71","t72","t73","t74","t75","t76","t77","t78","t79","t80","t81","t82","t83","t84","t85","t86","t87","t88","t89","t90","t91","t92","t93","t94","t95","t96","t97","t98","t99","t100","t101","t102","t103","t104","t105","t106","t107","t108","t109","t110","t111","t112","t113","t114","t115","t116","t117","t118","t119","t120","t121","t122","t123","t124","t125","t126","t127","t128","t129","t130","t131","t132","t133","t134","t135","t136","t137","t138","t139","t140","t141","t142","t143","t144","t145","t146","t147","t148","t149","t150","t151","t152","t153","t154"
"t1",0,2.85309797404251,3.08149182554873,3.98557065971523,5.57423026617841,2.945475054947,5.57653759726648,5.85084868788963,4.47433253519797,4.00671994185942,4.19886557427997,5.42635019536239,3.60421457235449,6.77894224689452,4.87583944680343,4.9471971429089,5.79692529770789,6.58762168343435,6.81337450757761,7.92344600759209,6.7683326303016,7.05511841984073,9.53857156800052,7.4636954741571,7.36409352832256,8.41282148373237,8.69574339852706,8.56118856746212,10.0089939029548,9.42824304413968,9.17029895091897,10.0089939029548,8.31376979362012,8.55848753832304,10.7819416983867,9.07131735261448,7.83364318705787,10.7819416983867,9.47819058430441,10.7819416983867,8.76713021534331,8.817777389322,9.4592255216335,10.0089939029548,10.0089939029548,9.16114682202296,8.86683638038756,9.38174182237267,10.7819416983867,10.7819416983867,10.7819416983867,9.01391529954186,10.0089939029548,10.0089939029548,10.0089939029548,10.0089939029548,10.7819416983867,10.7819416983867,10.7819416983867,9.52910172344595,10.7819416983867,10.5463556097792,10.0089939029548,10.7819416983867,10.7819416983867,10.7819416983867,9.82413181418695,10.7819416983867,9.70233497587562,9.88137433020912,9.76230809562209,10.7819416983867,10.7819416983867,10.7819416983867,10.7819416983867,10.7819416983867,10.0089939029548,10.7819416983867,10.7819416983867,10.7819416983867,10.7819416983867,10.7819416983867,10.7819416983867,10.7819416983867,10.7819416983867,10.0089939029548,10.0089939029548,10.7819416983867,10.7819416983867,10.7819416983867,10.7819416983867,10.7819416983867,10.7819416983867,10.7819416983867,10.1395841659009,10.7819416983867,10.7819416983867,10.7819416983867,10.7819416983867,10.7819416983867,10.5695959067215,10.0089939029548,10.0089939029548,10.7819416983867,10.0089939029548,10.0089939029548,10.0089939029548,10.5952849224671,10.7819416983867,10.7819416983867,10.7383602192615,10.0089939029548,10.7819416983867,10.7819416983867,10.7819416983867,10.0089939029548,10.0089939029548,10.7819416983867,10.7819416983867,10.7819416983867,10.7819416983867,10.7819416983867,10.7819416983867,10.7819416983867,10.7819416983867,10.7819416983867,10.7819416983867,10.7819416983867,10.75242244524,10.7819416983867,10.7819416983867,10.0089939029548,10.7819416983867,10.7819416983867,10.0089939029548,10.0089939029548,10.0089939029548,10.0089939029548,10.7819416983867,10.7819416983867,10.0089939029548,9.93966748124695,10.7819416983867,10.7819416983867,10.7819416983867,10.7819416983867,10.7819416983867,10.7819416983867,10.0089939029548,10.0089939029548,10.0089939029548,10.0089939029548,10.0089939029548,10.0089939029548
"t2",2.85309797404251,0,4.26950197174437,5.17358080591088,6.76224041237405,4.13348520114264,6.76454774346212,7.03885883408527,5.66234268139361,5.19473008805506,5.38687572047561,5.92038849915828,4.09825287615039,7.27298055069042,6.06384959299907,6.13520728910455,6.98493544390353,7.77563182963,8.00138465377325,9.11145615378773,7.95634277649724,7.54915672363662,10.7265817141962,8.65170562035274,8.5521036745182,9.60083162992801,9.88375354472271,9.05522687125802,10.5030322067507,9.92228134793558,9.66433725471486,10.5030322067507,8.80780809741601,9.05252584211893,11.9699518445824,10.2593274988101,8.32768149085376,11.9699518445824,10.6662007305001,11.9699518445824,9.95514036153895,10.0057875355176,9.95326382542939,10.5030322067507,10.5030322067507,9.65518512581885,10.0548465265832,9.87578012616856,11.9699518445824,11.9699518445824,11.9699518445824,9.50795360333775,10.5030322067507,10.5030322067507,10.5030322067507,10.5030322067507,11.9699518445824,11.9699518445824,11.9699518445824,10.7171118696416,11.9699518445824,11.7343657559748,10.5030322067507,11.9699518445824,11.9699518445824,11.9699518445824,11.0121419603826,11.9699518445824,10.1963732796715,11.0693844764048,10.9503182418177,11.9699518445824,11.9699518445824,11.9699518445824,11.9699518445824,11.9699518445824,10.5030322067507,11.9699518445824,11.9699518445824,11.9699518445824,11.9699518445824,11.9699518445824,11.9699518445824,11.9699518445824,11.9699518445824,10.5030322067507,10.5030322067507,11.9699518445824,11.9699518445824,11.9699518445824,11.9699518445824,11.9699518445824,11.9699518445824,11.9699518445824,11.3275943120966,11.9699518445824,11.9699518445824,11.9699518445824,11.9699518445824,11.9699518445824,11.7576060529172,10.5030322067507,10.5030322067507,11.9699518445824,10.5030322067507,10.5030322067507,10.5030322067507,11.7832950686627,11.9699518445824,11.9699518445824,11.9263703654571,10.5030322067507,11.9699518445824,11.9699518445824,11.9699518445824,10.5030322067507,10.5030322067507,11.9699518445824,11.9699518445824,11.9699518445824,11.9699518445824,11.9699518445824,11.9699518445824,11.9699518445824,11.9699518445824,11.9699518445824,11.9699518445824,11.9699518445824,11.9404325914356,11.9699518445824,11.9699518445824,10.5030322067507,11.9699518445824,11.9699518445824,10.5030322067507,10.5030322067507,10.5030322067507,10.5030322067507,11.9699518445824,11.9699518445824,10.5030322067507,10.4337057850428,11.9699518445824,11.9699518445824,11.9699518445824,11.9699518445824,11.9699518445824,11.9699518445824,10.5030322067507,10.5030322067507,10.5030322067507,10.5030322067507,10.5030322067507,10.5030322067507
"t3",3.08149182554873,4.26950197174437,0,2.03438714384855,4.26756229677766,1.63880708554625,5.31149767647843,5.58580876710158,4.20929261440992,3.74168002107137,2.24768205841328,6.84275419306425,5.02061857005636,8.19534624459639,2.92465593093675,2.99601362704222,5.53188537691984,6.3225817626463,4.86219099171093,5.97226249172541,4.81714911443492,8.4715224175426,9.27353164721247,5.51251195829042,7.09905360753451,6.46163796786569,6.74455988266038,9.97759256516399,11.4253979006566,10.8446470418416,10.5867029486208,11.4253979006566,9.73017379132198,9.97489153602491,10.5169017775987,7.1201338367478,9.25004718475974,10.5169017775987,9.21315066351636,10.5169017775987,6.81594669947662,6.86659387345532,10.8756295193354,11.4253979006566,11.4253979006566,10.5775508197248,8.60179645959951,10.7981458200745,10.5169017775987,10.5169017775987,10.5169017775987,10.4303192972437,11.4253979006566,11.4253979006566,11.4253979006566,11.4253979006566,10.5169017775987,10.5169017775987,10.5169017775987,9.2640618026579,8.83075818252004,10.2813156889911,11.4253979006566,8.83075818252004,8.83075818252004,10.5169017775987,7.87294829832027,10.5169017775987,11.1187389735775,7.93019081434243,7.81112457975541,8.83075818252004,8.83075818252004,10.5169017775987,10.5169017775987,10.5169017775987,11.4253979006566,10.5169017775987,10.5169017775987,10.5169017775987,10.5169017775987,10.5169017775987,10.5169017775987,10.5169017775987,10.5169017775987,11.4253979006566,11.4253979006566,8.83075818252004,8.83075818252004,10.5169017775987,10.5169017775987,10.5169017775987,10.5169017775987,10.5169017775987,9.87454424511287,10.5169017775987,10.5169017775987,8.83075818252004,8.83075818252004,10.5169017775987,10.3045559859335,11.4253979006566,11.4253979006566,10.5169017775987,11.4253979006566,11.4253979006566,11.4253979006566,10.330245001679,10.5169017775987,10.5169017775987,10.4733202984734,11.4253979006566,10.5169017775987,10.5169017775987,10.5169017775987,11.4253979006566,11.4253979006566,10.5169017775987,10.5169017775987,10.5169017775987,10.5169017775987,10.5169017775987,10.5169017775987,10.5169017775987,10.5169017775987,10.5169017775987,10.5169017775987,8.83075818252004,8.80123892937328,10.5169017775987,10.5169017775987,11.4253979006566,10.5169017775987,10.5169017775987,11.4253979006566,11.4253979006566,11.4253979006566,11.4253979006566,10.5169017775987,10.5169017775987,11.4253979006566,11.3560714789488,10.5169017775987,10.5169017775987,10.5169017775987,10.5169017775987,10.5169017775987,10.5169017775987,11.4253979006566,11.4253979006566,11.4253979006566,11.4253979006566,11.4253979006566,11.4253979006566
"t4",3.98557065971523,5.17358080591088,2.03438714384855,0,5.17164113094416,2.54288591971275,6.21557651064493,6.48988760126809,5.11337144857642,4.64575885523788,2.58990912833114,7.74683302723076,5.92469740422286,9.09942507876289,3.26688300085461,3.33824069696008,6.43596421108634,7.22666059681281,5.20441806162879,6.31448956164327,5.15937618435277,9.3756012517091,10.177610481379,5.85473902820828,8.00313244170101,6.80386503778355,7.08678695257824,10.8816713993305,12.3294767348231,11.7487258760081,11.4907817827873,12.3294767348231,10.6342526254885,10.8789703701914,11.4209806117652,7.46236090666566,10.1541260189262,11.4209806117652,10.1172294976829,11.4209806117652,7.15817376939448,7.20882094337318,11.7797083535019,12.3294767348231,12.3294767348231,11.4816296538913,9.50587529376602,11.702224654241,11.4209806117652,11.4209806117652,11.4209806117652,11.3343981314102,12.3294767348231,12.3294767348231,12.3294767348231,12.3294767348231,11.4209806117652,11.4209806117652,11.4209806117652,10.1681406368244,9.1729852524379,11.1853945231576,12.3294767348231,9.1729852524379,9.1729852524379,11.4209806117652,8.21517536823813,11.4209806117652,12.022817807744,8.27241788426029,8.15335164967327,9.1729852524379,9.1729852524379,11.4209806117652,11.4209806117652,11.4209806117652,12.3294767348231,11.4209806117652,11.4209806117652,11.4209806117652,11.4209806117652,11.4209806117652,11.4209806117652,11.4209806117652,11.4209806117652,12.3294767348231,12.3294767348231,9.1729852524379,9.1729852524379,11.4209806117652,11.4209806117652,11.4209806117652,11.4209806117652,11.4209806117652,10.7786230792794,11.4209806117652,11.4209806117652,9.1729852524379,9.1729852524379,11.4209806117652,11.2086348201,12.3294767348231,12.3294767348231,11.4209806117652,12.3294767348231,12.3294767348231,12.3294767348231,11.2343238358455,11.4209806117652,11.4209806117652,11.3773991326399,12.3294767348231,11.4209806117652,11.4209806117652,11.4209806117652,12.3294767348231,12.3294767348231,11.4209806117652,11.4209806117652,11.4209806117652,11.4209806117652,11.4209806117652,11.4209806117652,11.4209806117652,11.4209806117652,11.4209806117652,11.4209806117652,9.1729852524379,9.14346599929114,11.4209806117652,11.4209806117652,12.3294767348231,11.4209806117652,11.4209806117652,12.3294767348231,12.3294767348231,12.3294767348231,12.3294767348231,11.4209806117652,11.4209806117652,12.3294767348231,12.2601503131153,11.4209806117652,11.4209806117652,11.4209806117652,11.4209806117652,11.4209806117652,11.4209806117652,12.3294767348231,12.3294767348231,12.3294767348231,12.3294767348231,12.3294767348231,12.3294767348231
"t5",5.57423026617841,6.76224041237405,4.26756229677766,5.17164113094416,0,2.69758879921982,7.80423611710811,8.07854720773126,6.7020310550396,6.23441846170105,5.3849360455089,9.33549263369394,7.51335701068604,10.6880846852261,6.06190991803236,6.13326761413783,8.02462381754952,8.81532020327599,7.99944497880654,9.10951647882102,7.95440310153053,10.9642608581723,11.7662700878422,8.64976594538603,9.59179204816419,9.5988919549613,9.88181386975599,12.4703310057937,13.9181363412863,13.3373854824712,13.0794413892505,13.9181363412863,12.2229122319517,12.4676299766546,13.0096402182284,10.2573878238434,11.7427856253894,13.0096402182284,11.705889104146,13.0096402182284,9.95320068657224,10.0038478605509,13.368367959965,13.9181363412863,13.9181363412863,13.0702892603545,11.0945349002292,13.2908842607042,13.0096402182284,13.0096402182284,13.0096402182284,12.9230577378734,13.9181363412863,13.9181363412863,13.9181363412863,13.9181363412863,13.0096402182284,13.0096402182284,13.0096402182284,11.7568002432876,11.9680121696157,12.7740541296208,13.9181363412863,11.9680121696157,11.9680121696157,13.0096402182284,11.0102022854159,13.0096402182284,13.6114774142072,11.067444801438,10.948378566851,11.9680121696157,11.9680121696157,13.0096402182284,13.0096402182284,13.0096402182284,13.9181363412863,13.0096402182284,13.0096402182284,13.0096402182284,13.0096402182284,13.0096402182284,13.0096402182284,13.0096402182284,13.0096402182284,13.9181363412863,13.9181363412863,11.9680121696157,11.9680121696157,13.0096402182284,13.0096402182284,13.0096402182284,13.0096402182284,13.0096402182284,12.3672826857425,13.0096402182284,13.0096402182284,11.9680121696157,11.9680121696157,13.0096402182284,12.7972944265631,13.9181363412863,13.9181363412863,13.0096402182284,13.9181363412863,13.9181363412863,13.9181363412863,12.8229834423087,13.0096402182284,13.0096402182284,12.9660587391031,13.9181363412863,13.0096402182284,13.0096402182284,13.0096402182284,13.9181363412863,13.9181363412863,13.0096402182284,13.0096402182284,13.0096402182284,13.0096402182284,13.0096402182284,13.0096402182284,13.0096402182284,13.0096402182284,13.0096402182284,13.0096402182284,11.9680121696157,11.9384929164689,13.0096402182284,13.0096402182284,13.9181363412863,13.0096402182284,13.0096402182284,13.9181363412863,13.9181363412863,13.9181363412863,13.9181363412863,13.0096402182284,13.0096402182284,13.9181363412863,13.8488099195785,13.0096402182284,13.0096402182284,13.0096402182284,13.0096402182284,13.0096402182284,13.0096402182284,13.9181363412863,13.9181363412863,13.9181363412863,13.9181363412863,13.9181363412863,13.9181363412863
"t6",2.945475054947,4.13348520114264,1.63880708554625,2.54288591971275,2.69758879921982,0,5.1754809058767,5.44979199649985,4.07327584380819,3.60566325046964,2.75618083427748,6.70673742246252,4.88460179945463,8.05932947399466,3.43315470680095,3.50451240290642,5.39586860631811,6.18656499204457,5.37068976757512,6.48076126758961,5.32564789029911,8.33550564694086,9.13751487661074,6.02101073415462,6.96303683693277,6.97013674372989,7.25305865852458,9.84157579456226,11.2893811300549,10.7086302712398,10.4506861780191,11.2893811300549,9.59415702072025,9.83887476542317,10.3808850069969,7.628632612612,9.11403041415801,10.3808850069969,9.07713389291463,10.3808850069969,7.32444547534082,7.37509264931952,10.7396127487336,11.2893811300549,11.2893811300549,10.4415340491231,8.46577968899778,10.6621290494728,10.3808850069969,10.3808850069969,10.3808850069969,10.294302526642,11.2893811300549,11.2893811300549,11.2893811300549,11.2893811300549,10.3808850069969,10.3808850069969,10.3808850069969,9.12804503205616,9.33925695838424,10.1452989183894,11.2893811300549,9.33925695838424,9.33925695838424,10.3808850069969,8.38144707418447,10.3808850069969,10.9827222029758,8.43868959020663,8.3196233556196,9.33925695838424,9.33925695838424,10.3808850069969,10.3808850069969,10.3808850069969,11.2893811300549,10.3808850069969,10.3808850069969,10.3808850069969,10.3808850069969,10.3808850069969,10.3808850069969,10.3808850069969,10.3808850069969,11.2893811300549,11.2893811300549,9.33925695838424,9.33925695838424,10.3808850069969,10.3808850069969,10.3808850069969,10.3808850069969,10.3808850069969,9.73852747451113,10.3808850069969,10.3808850069969,9.33925695838424,9.33925695838424,10.3808850069969,10.1685392153317,11.2893811300549,11.2893811300549,10.3808850069969,11.2893811300549,11.2893811300549,11.2893811300549,10.1942282310773,10.3808850069969,10.3808850069969,10.3373035278717,11.2893811300549,10.3808850069969,10.3808850069969,10.3808850069969,11.2893811300549,11.2893811300549,10.3808850069969,10.3808850069969,10.3808850069969,10.3808850069969,10.3808850069969,10.3808850069969,10.3808850069969,10.3808850069969,10.3808850069969,10.3808850069969,9.33925695838424,9.30973770523748,10.3808850069969,10.3808850069969,11.2893811300549,10.3808850069969,10.3808850069969,11.2893811300549,11.2893811300549,11.2893811300549,11.2893811300549,10.3808850069969,10.3808850069969,11.2893811300549,11.2200547083471,10.3808850069969,10.3808850069969,10.3808850069969,10.3808850069969,10.3808850069969,10.3808850069969,11.2893811300549,11.2893811300549,11.2893811300549,11.2893811300549,11.2893811300549,11.2893811300549
"t7",5.57653759726648,6.76454774346212,5.31149767647843,6.21557651064493,7.80423611710811,5.1754809058767,0,5.40659571400356,4.03007956131191,3.56246696797336,6.42887142520967,9.337799964782,7.51566434177411,10.6903920163141,7.10584529773313,7.1772029938386,6.56812653143627,7.35882291716273,9.04338035850731,10.1534518585218,8.9983384812313,10.9665681892603,10.3097728017289,9.6937013250868,8.13529476205093,10.6428273346621,10.9257492494568,12.4726383368817,13.9204436723744,13.3396928135593,13.0817487203386,13.9204436723744,12.2252195630397,12.4699373077427,11.5531429321151,11.3013232035442,11.7450929564775,11.5531429321151,10.2493918180328,11.5531429321151,10.997136066273,11.0477832402517,13.3706752910531,13.9204436723744,13.9204436723744,13.0725965914426,9.63803761411594,13.2931915917923,11.5531429321151,11.5531429321151,11.5531429321151,12.9253650689615,13.9204436723744,13.9204436723744,13.9204436723744,13.9204436723744,11.5531429321151,11.5531429321151,11.5531429321151,10.3003029571743,13.0119475493164,11.3175568435076,13.9204436723744,13.0119475493164,13.0119475493164,11.5531429321151,12.0541376651167,11.5531429321151,13.6137847452952,12.1113801811388,11.9923139465518,13.0119475493164,13.0119475493164,11.5531429321151,11.5531429321151,11.5531429321151,13.9204436723744,11.5531429321151,11.5531429321151,11.5531429321151,11.5531429321151,11.5531429321151,11.5531429321151,11.5531429321151,11.5531429321151,13.9204436723744,13.9204436723744,13.0119475493164,13.0119475493164,11.5531429321151,11.5531429321151,11.5531429321151,11.5531429321151,11.5531429321151,10.9107853996293,11.5531429321151,11.5531429321151,13.0119475493164,13.0119475493164,11.5531429321151,11.3407971404499,13.9204436723744,13.9204436723744,11.5531429321151,13.9204436723744,13.9204436723744,13.9204436723744,11.3664861561954,11.5531429321151,11.5531429321151,11.5095614529898,13.9204436723744,11.5531429321151,11.5531429321151,11.5531429321151,13.9204436723744,13.9204436723744,11.5531429321151,11.5531429321151,11.5531429321151,11.5531429321151,11.5531429321151,11.5531429321151,11.5531429321151,11.5531429321151,11.5531429321151,11.5531429321151,13.0119475493164,12.9824282961697,11.5531429321151,11.5531429321151,13.9204436723744,11.5531429321151,11.5531429321151,13.9204436723744,13.9204436723744,13.9204436723744,13.9204436723744,11.5531429321151,11.5531429321151,13.9204436723744,13.8511172506666,11.5531429321151,11.5531429321151,11.5531429321151,11.5531429321151,11.5531429321151,11.5531429321151,13.9204436723744,13.9204436723744,13.9204436723744,13.9204436723744,13.9204436723744,13.9204436723744
"t8",5.85084868788963,7.03885883408527,5.58580876710158,6.48988760126809,8.07854720773126,5.44979199649985,5.40659571400356,0,3.29334427231472,2.82573167897617,6.70318251583282,9.61211105540515,7.78997543239726,10.9647031069373,7.38015638835628,7.45151408446175,6.84243762205941,7.63313400778588,9.31769144913046,10.4277629491449,9.27264957185445,11.2408792798835,10.584083892352,9.96801241570995,8.40960585267408,10.9171384252852,11.2000603400799,12.7469494275049,14.1947547629975,13.6140039041825,13.3560598109617,14.1947547629975,12.4995306536629,12.7442483983658,11.8274540227383,11.5756342941673,12.0194040471006,11.8274540227383,10.5237029086559,11.8274540227383,11.2714471568962,11.3220943308749,13.6449863816763,14.1947547629975,14.1947547629975,13.3469076820657,9.91234870473909,13.5675026824154,11.8274540227383,11.8274540227383,11.8274540227383,13.1996761595846,14.1947547629975,14.1947547629975,14.1947547629975,14.1947547629975,11.8274540227383,11.8274540227383,11.8274540227383,10.5746140477975,13.2862586399396,11.5918679341307,14.1947547629975,13.2862586399396,13.2862586399396,11.8274540227383,12.3284487557398,11.8274540227383,13.8880958359184,12.385691271762,12.2666250371749,13.2862586399396,13.2862586399396,11.8274540227383,11.8274540227383,11.8274540227383,14.1947547629975,11.8274540227383,11.8274540227383,11.8274540227383,11.8274540227383,11.8274540227383,11.8274540227383,11.8274540227383,11.8274540227383,14.1947547629975,14.1947547629975,13.2862586399396,13.2862586399396,11.8274540227383,11.8274540227383,11.8274540227383,11.8274540227383,11.8274540227383,11.1850964902524,11.8274540227383,11.8274540227383,13.2862586399396,13.2862586399396,11.8274540227383,11.615108231073,14.1947547629975,14.1947547629975,11.8274540227383,14.1947547629975,14.1947547629975,14.1947547629975,11.6407972468186,11.8274540227383,11.8274540227383,11.783872543613,14.1947547629975,11.8274540227383,11.8274540227383,11.8274540227383,14.1947547629975,14.1947547629975,11.8274540227383,11.8274540227383,11.8274540227383,11.8274540227383,11.8274540227383,11.8274540227383,11.8274540227383,11.8274540227383,11.8274540227383,11.8274540227383,13.2862586399396,13.2567393867928,11.8274540227383,11.8274540227383,14.1947547629975,11.8274540227383,11.8274540227383,14.1947547629975,14.1947547629975,14.1947547629975,14.1947547629975,11.8274540227383,11.8274540227383,14.1947547629975,14.1254283412897,11.8274540227383,11.8274540227383,11.8274540227383,11.8274540227383,11.8274540227383,11.8274540227383,14.1947547629975,14.1947547629975,14.1947547629975,14.1947547629975,14.1947547629975,14.1947547629975
"t9",4.47433253519797,5.66234268139361,4.20929261440992,5.11337144857642,6.7020310550396,4.07327584380819,4.03007956131191,3.29334427231472,0,0.774231931121939,5.32666636314116,8.23559490271349,6.4134592797056,9.58818695424563,6.00364023566462,6.07499793177009,5.46592146936775,6.25661785509422,7.9411752964388,9.05124679645328,7.89613341916279,9.86436312719184,9.20756773966039,8.59149626301829,7.03308969998242,9.54062227259356,9.82354418738825,11.3704332748132,12.8182386103059,12.2374877514908,11.9795436582701,12.8182386103059,11.1230145009712,11.3677322456741,10.4509378700466,10.1991181414757,10.642887894409,10.4509378700466,9.14718675596428,10.4509378700466,9.8949310042045,9.94557817818319,12.2684702289846,12.8182386103059,12.8182386103059,11.9703915293741,8.53583255204743,12.1909865297238,10.4509378700466,10.4509378700466,10.4509378700466,11.823160006893,12.8182386103059,12.8182386103059,12.8182386103059,12.8182386103059,10.4509378700466,10.4509378700466,10.4509378700466,9.19809789510581,11.9097424872479,10.215351781439,12.8182386103059,11.9097424872479,11.9097424872479,10.4509378700466,10.9519326030481,10.4509378700466,12.5115796832267,11.0091751190703,10.8901088844833,11.9097424872479,11.9097424872479,10.4509378700466,10.4509378700466,10.4509378700466,12.8182386103059,10.4509378700466,10.4509378700466,10.4509378700466,10.4509378700466,10.4509378700466,10.4509378700466,10.4509378700466,10.4509378700466,12.8182386103059,12.8182386103059,11.9097424872479,11.9097424872479,10.4509378700466,10.4509378700466,10.4509378700466,10.4509378700466,10.4509378700466,9.80858033756078,10.4509378700466,10.4509378700466,11.9097424872479,11.9097424872479,10.4509378700466,10.2385920783814,12.8182386103059,12.8182386103059,10.4509378700466,12.8182386103059,12.8182386103059,12.8182386103059,10.2642810941269,10.4509378700466,10.4509378700466,10.4073563909213,12.8182386103059,10.4509378700466,10.4509378700466,10.4509378700466,12.8182386103059,12.8182386103059,10.4509378700466,10.4509378700466,10.4509378700466,10.4509378700466,10.4509378700466,10.4509378700466,10.4509378700466,10.4509378700466,10.4509378700466,10.4509378700466,11.9097424872479,11.8802232341012,10.4509378700466,10.4509378700466,12.8182386103059,10.4509378700466,10.4509378700466,12.8182386103059,12.8182386103059,12.8182386103059,12.8182386103059,10.4509378700466,10.4509378700466,12.8182386103059,12.7489121885981,10.4509378700466,10.4509378700466,10.4509378700466,10.4509378700466,10.4509378700466,10.4509378700466,12.8182386103059,12.8182386103059,12.8182386103059,12.8182386103059,12.8182386103059,12.8182386103059
"t10",4.00671994185942,5.19473008805506,3.74168002107137,4.64575885523788,6.23441846170105,3.60566325046964,3.56246696797336,2.82573167897617,0.774231931121939,0,4.85905376980261,7.76798230937495,5.94584668636705,9.12057436090708,5.53602764232607,5.60738533843154,4.99830887602921,5.78900526175567,7.47356270310025,8.58363420311473,7.42852082582424,9.39675053385329,8.73995514632184,8.12388366967974,6.56547710664387,9.07300967925501,9.3559315940497,10.9028206814747,12.3506260169673,11.7698751581522,11.5119310649315,12.3506260169673,10.6554019076327,10.9001196523356,9.98332527670804,9.73150554813712,10.1752753010704,9.98332527670804,8.67957416262573,9.98332527670804,9.42731841086595,9.47796558484464,11.8008576356461,12.3506260169673,12.3506260169673,11.5027789360355,8.06821995870888,11.7233739363852,9.98332527670804,9.98332527670804,9.98332527670804,11.3555474135544,12.3506260169673,12.3506260169673,12.3506260169673,12.3506260169673,9.98332527670804,9.98332527670804,9.98332527670804,8.73048530176726,11.4421298939094,9.74773918810049,12.3506260169673,11.4421298939094,11.4421298939094,9.98332527670804,10.4843200097096,9.98332527670804,12.0439670898882,10.5415625257318,10.4224962911447,11.4421298939094,11.4421298939094,9.98332527670804,9.98332527670804,9.98332527670804,12.3506260169673,9.98332527670804,9.98332527670804,9.98332527670804,9.98332527670804,9.98332527670804,9.98332527670804,9.98332527670804,9.98332527670804,12.3506260169673,12.3506260169673,11.4421298939094,11.4421298939094,9.98332527670804,9.98332527670804,9.98332527670804,9.98332527670804,9.98332527670804,9.34096774422223,9.98332527670804,9.98332527670804,11.4421298939094,11.4421298939094,9.98332527670804,9.77097948504283,12.3506260169673,12.3506260169673,9.98332527670804,12.3506260169673,12.3506260169673,12.3506260169673,9.79666850078837,9.98332527670804,9.98332527670804,9.93974379758277,12.3506260169673,9.98332527670804,9.98332527670804,9.98332527670804,12.3506260169673,12.3506260169673,9.98332527670804,9.98332527670804,9.98332527670804,9.98332527670804,9.98332527670804,9.98332527670804,9.98332527670804,9.98332527670804,9.98332527670804,9.98332527670804,11.4421298939094,11.4126106407626,9.98332527670804,9.98332527670804,12.3506260169673,9.98332527670804,9.98332527670804,12.3506260169673,12.3506260169673,12.3506260169673,12.3506260169673,9.98332527670804,9.98332527670804,12.3506260169673,12.2812995952595,9.98332527670804,9.98332527670804,9.98332527670804,9.98332527670804,9.98332527670804,9.98332527670804,12.3506260169673,12.3506260169673,12.3506260169673,12.3506260169673,12.3506260169673,12.3506260169673
"t11",4.19886557427997,5.38687572047561,2.24768205841328,2.58990912833114,5.3849360455089,2.75618083427748,6.42887142520967,6.70318251583282,5.32666636314116,4.85905376980261,0,7.96012794179549,6.1379923187876,9.31271999332762,2.0101314078451,2.08148910395058,6.64925912565108,7.43995551137754,3.94766646861928,5.05773796863377,3.90262459134327,9.58889616627383,10.3909053959437,4.59798743519877,8.21642735626574,5.54711344477404,5.83003535956874,11.0949663138952,12.5427716493879,11.9620207905728,11.7040766973521,12.5427716493879,10.8475475400532,11.0922652847561,11.6342755263299,6.20560931365616,10.367420933491,11.6342755263299,10.3305244122476,11.6342755263299,5.90142217638498,5.95206935036368,11.9930032680666,12.5427716493879,12.5427716493879,11.6949245684561,9.71917020833075,11.9155195688058,11.6342755263299,11.6342755263299,11.6342755263299,11.547693045975,12.5427716493879,12.5427716493879,12.5427716493879,12.5427716493879,11.6342755263299,11.6342755263299,11.6342755263299,10.3814355513891,7.9162336594284,11.3986894377224,12.5427716493879,7.9162336594284,7.9162336594284,11.6342755263299,6.95842377522863,11.6342755263299,12.2361127223087,5.854320559198,5.73525432461098,7.9162336594284,7.9162336594284,11.6342755263299,11.6342755263299,11.6342755263299,12.5427716493879,11.6342755263299,11.6342755263299,11.6342755263299,11.6342755263299,11.6342755263299,11.6342755263299,11.6342755263299,11.6342755263299,12.5427716493879,12.5427716493879,6.75488792737561,6.75488792737561,11.6342755263299,11.6342755263299,11.6342755263299,11.6342755263299,11.6342755263299,10.9919179938441,11.6342755263299,11.6342755263299,6.75488792737561,6.75488792737561,11.6342755263299,11.4219297346647,12.5427716493879,12.5427716493879,11.6342755263299,12.5427716493879,12.5427716493879,12.5427716493879,11.4476187504102,11.6342755263299,11.6342755263299,11.5906940472046,12.5427716493879,11.6342755263299,11.6342755263299,11.6342755263299,12.5427716493879,12.5427716493879,11.6342755263299,11.6342755263299,11.6342755263299,11.6342755263299,11.6342755263299,11.6342755263299,11.6342755263299,11.6342755263299,11.6342755263299,11.6342755263299,7.9162336594284,7.88671440628163,11.6342755263299,11.6342755263299,12.5427716493879,11.6342755263299,11.6342755263299,12.5427716493879,12.5427716493879,12.5427716493879,12.5427716493879,11.6342755263299,11.6342755263299,12.5427716493879,12.4734452276801,11.6342755263299,11.6342755263299,11.6342755263299,11.6342755263299,11.6342755263299,11.6342755263299,12.5427716493879,12.5427716493879,12.5427716493879,12.5427716493879,12.5427716493879,12.5427716493879
"t12",5.42635019536239,5.92038849915828,6.84275419306425,7.74683302723076,9.33549263369394,6.70673742246252,9.337799964782,9.61211105540515,8.23559490271349,7.76798230937495,7.96012794179549,0,6.25240052816437,9.4271282027044,8.63710181431895,8.70845951042443,9.55818766522341,10.3488840509499,10.5746368750931,11.6847083751076,10.5295949978171,5.61427465658058,13.299833935516,11.2249578416726,11.1253558958381,12.1740838512479,12.4570057660426,7.12034480420197,12.6571798587646,12.0764289999496,7.72945518765882,12.6571798587646,10.96195574943,11.2066734941329,14.5432040659023,12.83257972013,10.4818291428677,14.5432040659023,13.2394529518199,14.5432040659023,12.5283925828588,12.5790397568375,12.1074114774434,12.6571798587646,8.56815013969462,7.72030305876281,12.6280987479031,12.0299277781825,14.5432040659023,14.5432040659023,14.5432040659023,11.6621012553517,12.6571798587646,8.56815013969462,8.56815013969462,8.56815013969462,14.5432040659023,14.5432040659023,14.5432040659023,13.2903640909615,14.5432040659023,14.3076179772947,12.6571798587646,14.5432040659023,14.5432040659023,14.5432040659023,13.5853941817025,14.5432040659023,8.26149121261546,13.6426366977246,13.5235704631376,14.5432040659023,14.5432040659023,14.5432040659023,14.5432040659023,14.5432040659023,12.6571798587646,14.5432040659023,14.5432040659023,14.5432040659023,14.5432040659023,14.5432040659023,14.5432040659023,14.5432040659023,14.5432040659023,8.56815013969462,8.56815013969462,14.5432040659023,14.5432040659023,14.5432040659023,14.5432040659023,14.5432040659023,14.5432040659023,14.5432040659023,13.9008465334164,14.5432040659023,14.5432040659023,14.5432040659023,14.5432040659023,14.5432040659023,14.330858274237,8.56815013969462,8.56815013969462,14.5432040659023,12.6571798587646,12.6571798587646,8.56815013969462,14.3565472899826,14.5432040659023,14.5432040659023,14.499622586777,8.56815013969462,14.5432040659023,14.5432040659023,14.5432040659022,8.56815013969462,8.56815013969462,14.5432040659023,14.5432040659023,14.5432040659023,14.5432040659023,14.5432040659023,14.5432040659023,14.5432040659023,14.5432040659023,14.5432040659023,14.5432040659023,14.5432040659023,14.5136848127555,14.5432040659023,14.5432040659023,12.6571798587646,14.5432040659023,14.5432040659023,8.56815013969462,8.56815013969462,8.56815013969462,8.56815013969462,14.5432040659023,14.5432040659023,12.6571798587646,12.5878534370568,14.5432040659023,14.5432040659023,14.5432040659023,14.5432040659023,14.5432040659023,14.5432040659023,12.6571798587646,12.6571798587646,8.56815013969462,8.56815013969462,8.56815013969462,8.56815013969462
"t13",3.60421457235449,4.09825287615039,5.02061857005636,5.92469740422286,7.51335701068604,4.88460179945463,7.51566434177411,7.78997543239726,6.4134592797056,5.94584668636705,6.1379923187876,6.25240052816437,0,3.18013232727132,6.81496619131106,6.88632388741653,7.73605204221552,8.52674842794198,8.75250125208524,9.86257275209972,8.70745937480923,7.88116875264271,11.4776983125082,9.40282221866473,9.30322027283018,10.35194822824,10.6348701430347,9.3872389002641,6.41018398333157,5.82943312451648,9.99634928372095,6.41018398333157,4.71495987399691,4.95967761869983,12.7210684428944,11.0104440971221,4.23483326743467,12.7210684428944,11.417317328812,12.7210684428944,10.7062569598509,10.7569041338296,5.86041560201029,6.41018398333157,10.8350442357568,9.98719715482494,10.8059631248952,5.78293190274947,12.7210684428944,12.7210684428944,12.7210684428944,5.41510537991865,6.41018398333157,10.8350442357568,10.8350442357568,10.8350442357568,12.7210684428944,12.7210684428944,12.7210684428944,11.4682284679536,12.7210684428944,12.4854823542868,6.41018398333157,12.7210684428944,12.7210684428944,12.7210684428944,11.7632585586946,12.7210684428944,10.5283853086776,11.8205010747167,11.7014348401297,12.7210684428944,12.7210684428944,12.7210684428944,12.7210684428944,12.7210684428944,6.41018398333157,12.7210684428944,12.7210684428944,12.7210684428944,12.7210684428944,12.7210684428944,12.7210684428944,12.7210684428944,12.7210684428944,10.8350442357568,10.8350442357568,12.7210684428944,12.7210684428944,12.7210684428944,12.7210684428944,12.7210684428944,12.7210684428944,12.7210684428944,12.0787109104085,12.7210684428944,12.7210684428944,12.7210684428944,12.7210684428944,12.7210684428944,12.5087226512291,10.8350442357568,10.8350442357568,12.7210684428944,6.41018398333157,6.41018398333157,10.8350442357568,12.5344116669747,12.7210684428944,12.7210684428944,12.6774869637691,10.8350442357568,12.7210684428944,12.7210684428944,12.7210684428944,10.8350442357568,10.8350442357568,12.7210684428944,12.7210684428944,12.7210684428944,12.7210684428944,12.7210684428944,12.7210684428944,12.7210684428944,12.7210684428944,12.7210684428944,12.7210684428944,12.7210684428944,12.6915491897476,12.7210684428944,12.7210684428944,6.41018398333157,12.7210684428944,12.7210684428944,10.8350442357568,10.8350442357568,10.8350442357568,10.8350442357568,12.7210684428944,12.7210684428944,6.41018398333157,6.34085756162375,12.7210684428944,12.7210684428944,12.7210684428944,12.7210684428944,12.7210684428944,12.7210684428944,6.41018398333157,6.41018398333157,10.8350442357568,10.8350442357568,10.8350442357568,10.8350442357568
"t14",6.77894224689452,7.27298055069042,8.19534624459639,9.09942507876289,10.6880846852261,8.05932947399466,10.6903920163141,10.9647031069373,9.58818695424563,9.12057436090708,9.31271999332762,9.4271282027044,3.18013232727132,0,9.98969386585109,10.0610515619566,10.9107797167555,11.701476102482,11.9272289266253,13.0373004266397,11.8821870493493,11.0558964271827,14.6524259870482,12.5775498932048,12.4779479473702,13.52667590278,13.8095978175747,12.5619665748041,9.47084762199779,8.8900967631827,13.171076958261,9.47084762199779,7.77562351266314,8.02034125736606,15.8957961174344,14.1851717716621,7.29549690610089,15.8957961174344,14.5920450033521,15.8957961174344,13.880984634391,13.9316318083697,8.92107924067652,9.47084762199779,14.0097719102968,13.161924829365,13.9806907994352,8.84359554141569,15.8957961174344,15.8957961174344,15.8957961174344,8.47576901858488,9.4708476219978,14.0097719102968,14.0097719102968,14.0097719102968,15.8957961174344,15.8957961174344,15.8957961174344,14.6429561424936,15.8957961174344,15.6602100288268,9.47084762199779,15.8957961174344,15.8957961174344,15.8957961174344,14.9379862332346,15.8957961174344,13.7031129832176,14.9952287492568,14.8761625146697,15.8957961174344,15.8957961174344,15.8957961174344,15.8957961174344,15.8957961174344,9.47084762199779,15.8957961174344,15.8957961174344,15.8957961174344,15.8957961174344,15.8957961174344,15.8957961174344,15.8957961174344,15.8957961174344,14.0097719102968,14.0097719102968,15.8957961174344,15.8957961174344,15.8957961174344,15.8957961174344,15.8957961174344,15.8957961174344,15.8957961174344,15.2534385849486,15.8957961174344,15.8957961174344,15.8957961174344,15.8957961174344,15.8957961174344,15.6834503257692,14.0097719102968,14.0097719102968,15.8957961174344,9.4708476219978,9.4708476219978,14.0097719102968,15.7091393415147,15.8957961174344,15.8957961174344,15.8522146383091,14.0097719102968,15.8957961174344,15.8957961174344,15.8957961174344,14.0097719102968,14.0097719102968,15.8957961174344,15.8957961174344,15.8957961174344,15.8957961174344,15.8957961174344,15.8957961174344,15.8957961174344,15.8957961174344,15.8957961174344,15.8957961174344,15.8957961174344,15.8662768642876,15.8957961174344,15.8957961174344,9.47084762199779,15.8957961174344,15.8957961174344,14.0097719102968,14.0097719102968,14.0097719102968,14.0097719102968,15.8957961174344,15.8957961174344,9.47084762199779,9.40152120028997,15.8957961174344,15.8957961174344,15.8957961174344,15.8957961174344,15.8957961174344,15.8957961174344,9.47084762199779,9.47084762199779,14.0097719102968,14.0097719102968,14.0097719102968,14.0097719102968
"t15",4.87583944680343,6.06384959299907,2.92465593093675,3.26688300085461,6.06190991803236,3.43315470680095,7.10584529773313,7.38015638835628,6.00364023566462,5.53602764232607,2.0101314078451,8.63710181431895,6.81496619131106,9.98969386585109,0,0.571469575454197,7.32623299817454,8.116929383901,2.4376469401229,4.03245617449595,2.87734279720546,10.2658700387973,11.0678792684672,3.08796790670239,8.89340122878921,4.03709391627766,4.32001583107236,11.7719401864187,13.2197455219113,12.6389946630963,12.3810505698755,13.2197455219113,11.5245214125767,11.7692391572796,12.3112493988534,4.69558978515978,11.0443948060144,12.3112493988534,11.0074982847711,12.3112493988534,4.3914026478886,4.4420498218673,12.6699771405901,13.2197455219113,13.2197455219113,12.3718984409795,10.3961440808542,12.5924934413292,12.3112493988534,12.3112493988534,12.3112493988534,12.2246669184984,13.2197455219113,13.2197455219113,13.2197455219113,13.2197455219113,12.3112493988534,12.3112493988534,12.3112493988534,11.0584094239126,6.40621413093202,12.0756633102458,13.2197455219113,6.40621413093202,6.40621413093202,12.3112493988534,5.44840424673225,12.3112493988534,12.9130865948322,7.69264016377425,7.57357392918723,6.40621413093202,6.40621413093202,12.3112493988534,12.3112493988534,12.3112493988534,13.2197455219113,12.3112493988534,12.3112493988534,12.3112493988534,12.3112493988534,12.3112493988534,12.3112493988534,12.3112493988534,12.3112493988534,13.2197455219113,13.2197455219113,8.59320753195187,8.59320753195187,12.3112493988534,12.3112493988534,12.3112493988534,12.3112493988534,12.3112493988534,11.6688918663676,12.3112493988534,12.3112493988534,8.59320753195187,8.59320753195187,12.3112493988534,12.0989036071882,13.2197455219113,13.2197455219113,12.3112493988534,13.2197455219113,13.2197455219113,13.2197455219113,12.1245926229337,12.3112493988534,12.3112493988534,12.2676679197281,13.2197455219113,12.3112493988534,12.3112493988534,12.3112493988534,13.2197455219113,13.2197455219113,12.3112493988534,12.3112493988534,12.3112493988534,12.3112493988534,12.3112493988534,12.3112493988534,12.3112493988534,12.3112493988534,12.3112493988534,12.3112493988534,6.40621413093202,6.37669487778525,12.3112493988534,12.3112493988534,13.2197455219113,12.3112493988534,12.3112493988534,13.2197455219113,13.2197455219113,13.2197455219113,13.2197455219113,12.3112493988534,12.3112493988534,13.2197455219113,13.1504191002035,12.3112493988534,12.3112493988534,12.3112493988534,12.3112493988534,12.3112493988534,12.3112493988534,13.2197455219113,13.2197455219113,13.2197455219113,13.2197455219113,13.2197455219113,13.2197455219113
