"","t1","t2","t3","t4","t5","t6","t7","t8","t9","t10","t11","t12","t13","t14","t15","t16","t17","t18","t19","t20","t21","t22","t23","t24","t25","t26","t27","t28","t29","t30","t31","t32","t33","t34","t35","t36","t37","t38","t39","t40","t41","t42","t43","t44","t45","t46","t47","t48","t49","t50","t51","t52","t53","t54","t55","t56","t57","t58","t59","t60","t61","t62","t63","t64","t65","t66","t67","t68","t69","t70","t71","t72","t73","t74","t75","t76","t77","t78","t79","t80","t81","t82","t83","t84","t85","t86","t87","t88","t89","t90","t91","t92","t93","t94","t95","t96","t97","t98","t99","t100","t101","t102","t103","t104","t105","t106","t107","t108","t109","t110","t111","t112","t113","t114","t115","t116","t117","t118","t119","t120","t121","t122","t123","t124","t125","t126","t127","t128","t129","t130","t131","t132","t133","t134","t135","t136","t137","t138","t139","t140","t141","t142","t143","t144","t145","t146","t147","t148","t149","t150","t151","t152","t153","t154","t155","t156","t157","t158","t159","t160","t161","t162","t163","t164","t165","t166","t167","t168","t169","t170","t171","t172","t173"
"t1",0,2.89644662054319,3.46802415901809,5.7646217542361,4.20976206293152,5.14638604095088,4.50474466903615,5.73506209206304,5.35603810969669,6.47381975384614,6.64437051585958,6.99136865547382,6.33222710502075,9.75915244008611,6.53929282245129,6.50883510735694,7.31043111618863,9.75915244008611,9.75915244008612,8.97677085910244,8.36119089971729,9.75915244008612,7.48312489593443,8.51269349734985,7.74254484419055,7.79960374539928,8.75760428393435,9.75915244008611,7.59570784802168,7.6845336047233,9.75915244008611,7.75717986712182,9.27684320689854,8.45331613289949,8.76014430357977,8.03787499885132,9.33803151388907,9.11644916006888,7.81638937274687,8.10963715903198,9.75915244008611,9.75915244008611,8.4953208620801,8.41628763621088,8.65061402297406,9.75915244008611,8.32322014669664,9.58197877110571,8.99388880132906,9.75915244008612,8.20843402345175,9.75915244008611,9.75915244008611,9.75915244008611,9.75915244008611,8.83106737679717,8.69966675551577,8.40980174906593,9.75915244008611,9.71768222092216,8.40649461157218,9.75915244008611,9.75915244008611,9.75915244008611,9.75915244008611,9.34887228107674,9.75915244008611,8.75583439604622,9.75915244008611,8.50058297286327,8.55514523304572,8.65994410471404,9.75915244008611,9.09081629370416,8.72472053352861,9.51603547885355,9.75915244008611,9.2421155656152,8.64322518377987,8.68877022037412,8.7758159605353,9.75915244008611,9.75915244008611,9.75915244008611,9.75915244008611,9.75915244008611,9.37331020280386,9.32928770203538,9.14323153412802,9.75915244008611,9.54997277792733,9.1252668733283,9.75915244008611,9.75915244008611,9.69372640462095,9.75915244008612,9.75915244008612,9.30031595152535,9.75915244008611,9.75915244008611,9.75915244008611,9.75915244008611,9.75915244008611,9.15577320119778,9.75915244008611,9.19117902397181,9.75915244008611,9.75915244008611,9.4313069901589,9.75915244008611,9.75915244008611,9.75915244008611,9.75915244008611,9.75915244008611,9.75915244008611,9.75915244008611,9.75915244008611,9.75915244008611,9.48601768608836,9.75915244008611,9.75915244008611,9.75915244008611,9.75915244008611,9.75915244008611,9.75915244008611,9.75915244008611,9.75915244008611,9.62429991126612,9.75915244008611,9.75915244008612,9.75915244008612,9.70010700427393,9.75915244008611,9.75915244008612,9.75915244008611,9.75915244008611,9.75915244008611,9.75915244008611,9.75915244008611,9.75915244008611,9.75915244008611,9.75915244008611,9.58695646113723,9.75915244008611,9.75915244008611,9.75915244008611,9.75915244008611,9.75915244008611,9.75915244008611,9.75915244008611,9.75915244008611,9.75915244008611,9.75915244008611,9.70319740934775,9.75915244008611,9.75915244008611,9.75915244008611,9.75915244008611,9.75915244008611,9.75915244008612,9.75915244008612,9.75915244008611,9.75915244008611,9.75915244008611,9.75915244008611,9.75915244008611,9.75915244008611,9.75915244008611,9.75915244008611,9.75915244008611,9.75915244008611,9.75915244008611,9.75915244008611
"t2",2.89644662054319,0,1.41925859161128,5.22832858544937,3.67346889414478,4.61009287216414,3.96845150024941,5.1987689232763,4.81974494090995,5.93752658505941,6.10807734707284,6.45507548668708,5.79593393623401,9.22285927129938,6.00299965366456,5.97254193857021,6.7741379474019,9.22285927129938,9.22285927129938,8.4404776903157,7.82489773093055,9.22285927129938,6.94683172714769,7.97640032856311,7.20625167540382,7.26331057661255,8.22131111514762,9.22285927129938,7.05941467923494,7.14824043593656,9.22285927129938,7.22088669833508,8.7405500381118,7.91702296411276,8.22385113479304,7.50158183006459,8.80173834510234,8.58015599128214,7.28009620396014,7.57334399024524,9.22285927129938,9.22285927129938,7.95902769329336,7.87999446742415,8.11432085418732,9.22285927129938,7.78692697790991,9.04568560231897,8.45759563254232,9.22285927129938,7.67214085466501,9.22285927129938,9.22285927129938,9.22285927129938,9.22285927129938,8.29477420801044,8.16337358672903,7.87350858027919,9.22285927129938,9.18138905213543,7.87020144278545,9.22285927129938,9.22285927129938,9.22285927129938,9.22285927129938,8.81257911229001,9.22285927129938,8.21954122725949,9.22285927129938,7.96428980407653,8.01885206425898,8.12365093592731,9.22285927129938,8.55452312491743,8.18842736474188,8.97974231006682,9.22285927129938,8.70582239682847,8.10693201499314,8.15247705158739,8.23952279174856,9.22285927129938,9.22285927129938,9.22285927129938,9.22285927129938,9.22285927129938,8.83701703401713,8.79299453324865,8.60693836534129,9.22285927129938,9.0136796091406,8.58897370454157,9.22285927129938,9.22285927129938,9.15743323583421,9.22285927129938,9.22285927129938,8.76402278273861,9.22285927129938,9.22285927129938,9.22285927129938,9.22285927129938,9.22285927129938,8.61948003241105,9.22285927129938,8.65488585518508,9.22285927129938,9.22285927129938,8.89501382137217,9.22285927129938,9.22285927129938,9.22285927129938,9.22285927129938,9.22285927129938,9.22285927129938,9.22285927129938,9.22285927129938,9.22285927129938,8.94972451730162,9.22285927129938,9.22285927129938,9.22285927129938,9.22285927129938,9.22285927129938,9.22285927129938,9.22285927129938,9.22285927129938,9.08800674247939,9.22285927129938,9.22285927129938,9.22285927129938,9.1638138354872,9.22285927129938,9.22285927129938,9.22285927129938,9.22285927129938,9.22285927129938,9.22285927129938,9.22285927129938,9.22285927129938,9.22285927129938,9.22285927129938,9.05066329235049,9.22285927129938,9.22285927129938,9.22285927129938,9.22285927129938,9.22285927129938,9.22285927129938,9.22285927129938,9.22285927129938,9.22285927129938,9.22285927129938,9.16690424056102,9.22285927129938,9.22285927129938,9.22285927129938,9.22285927129938,9.22285927129938,9.22285927129938,9.22285927129938,9.22285927129938,9.22285927129938,9.22285927129938,9.22285927129938,9.22285927129938,9.22285927129938,9.22285927129938,9.22285927129938,9.22285927129938,9.22285927129938,9.22285927129938,9.22285927129938
"t3",3.46802415901809,1.41925859161128,0,5.79990612392427,4.24504643261968,5.18167041063904,4.54002903872431,5.7703464617512,5.39132247938485,6.50910412353431,6.67965488554774,7.02665302516198,6.36751147470891,9.79443680977428,6.57457719213946,6.5441194770451,7.3457154858768,9.79443680977428,9.79443680977428,9.0120552287906,8.39647526940545,9.79443680977428,7.51840926562259,8.54797786703801,7.77782921387872,7.83488811508745,8.79288865362252,9.79443680977428,7.63099221770984,7.71981797441146,9.79443680977428,7.79246423680998,9.3121275765867,8.48860050258765,8.79542867326794,8.07315936853949,9.37331588357724,9.15173352975704,7.85167374243504,8.14492152872014,9.79443680977428,9.79443680977428,8.53060523176826,8.45157200589905,8.68589839266222,9.79443680977428,8.35850451638481,9.61726314079387,9.02917317101722,9.79443680977428,8.24371839313991,9.79443680977428,9.79443680977428,9.79443680977428,9.79443680977428,8.86635174648534,8.73495112520393,8.44508611875409,9.79443680977428,9.75296659061033,8.44177898126035,9.79443680977428,9.79443680977428,9.79443680977428,9.79443680977428,9.38415665076491,9.79443680977428,8.79111876573439,9.79443680977428,8.53586734255143,8.59042960273388,8.69522847440221,9.79443680977428,9.12610066339233,8.76000490321678,9.55131984854172,9.79443680977428,9.27739993530337,8.67850955346804,8.72405459006229,8.81110033022346,9.79443680977428,9.79443680977428,9.79443680977428,9.79443680977428,9.79443680977428,9.40859457249203,9.36457207172355,9.17851590381619,9.79443680977428,9.5852571476155,9.16055124301647,9.79443680977428,9.79443680977428,9.72901077430911,9.79443680977428,9.79443680977428,9.33560032121351,9.79443680977428,9.79443680977428,9.79443680977428,9.79443680977428,9.79443680977428,9.19105757088595,9.79443680977428,9.22646339365998,9.79443680977428,9.79443680977428,9.46659135984707,9.79443680977428,9.79443680977428,9.79443680977428,9.79443680977428,9.79443680977428,9.79443680977428,9.79443680977428,9.79443680977428,9.79443680977428,9.52130205577652,9.79443680977428,9.79443680977428,9.79443680977428,9.79443680977428,9.79443680977428,9.79443680977428,9.79443680977428,9.79443680977428,9.65958428095429,9.79443680977428,9.79443680977428,9.79443680977428,9.7353913739621,9.79443680977428,9.79443680977428,9.79443680977428,9.79443680977428,9.79443680977428,9.79443680977428,9.79443680977428,9.79443680977428,9.79443680977428,9.79443680977428,9.62224083082539,9.79443680977428,9.79443680977428,9.79443680977428,9.79443680977428,9.79443680977428,9.79443680977428,9.79443680977428,9.79443680977428,9.79443680977428,9.79443680977428,9.73848177903592,9.79443680977428,9.79443680977428,9.79443680977428,9.79443680977428,9.79443680977428,9.79443680977428,9.79443680977428,9.79443680977428,9.79443680977428,9.79443680977428,9.79443680977428,9.79443680977428,9.79443680977428,9.79443680977428,9.79443680977428,9.79443680977428,9.79443680977428,9.79443680977428,9.79443680977428
"t4",5.7646217542361,5.22832858544937,5.79990612392427,0,2.5330319459077,3.42942714912788,2.78778577721314,4.01810320024004,3.63907921787368,4.75686086202314,4.34669462211109,4.69369276172533,4.03455121127226,8.04219354826311,4.2416169287028,4.21115921360845,5.01275522244014,8.04219354826311,11.1831553048039,7.25981196727944,6.06351500596879,7.46147654633762,5.18544900218594,6.21501760360136,6.02558595236755,5.50192785165079,7.04064539211135,8.04219354826311,5.87874895619868,5.38685771097481,7.46147654633762,5.45950397337332,10.7008460716163,6.73635724107649,6.46246840983128,5.74019910510283,7.04035562014058,7.39949026824588,5.51871347899838,6.43290704200816,11.1831553048039,11.1831553048039,6.77836197025709,6.69932874438788,6.93365513115106,7.46147654633762,6.60626125487364,7.28430287735722,6.69621290758057,8.04219354826311,6.49147513162875,8.04219354826311,7.46147654633762,7.46147654633762,7.46147654633762,10.255070241515,10.1236696202335,6.69284285724292,8.08242232306229,7.42000632717367,6.10881871782369,8.04219354826311,8.08242232306229,8.08242232306229,7.46147654633762,10.7728751457945,8.04219354826311,6.45815850229773,7.46147654633762,6.78362408104027,6.83818634122272,6.94298521289104,8.04219354826311,7.37385740188116,6.42704463978012,7.21835958510506,7.46147654633762,7.5251566737922,6.92626629195687,6.97181132855112,6.47814006678681,11.1831553048039,8.04219354826311,7.46147654633762,7.46147654633762,11.1831553048039,7.65635131098086,10.7532905667532,6.84555564037953,8.04219354826311,7.83301388610433,7.4083079815053,7.46147654633762,7.46147654633762,7.39605051087246,8.04219354826311,8.04219354826311,7.58335705970235,8.04219354826311,8.04219354826311,7.46147654633762,7.46147654633762,8.04219354826311,7.43881430937478,7.46147654633762,6.89350313022332,11.1831553048039,7.46147654633762,7.13363109641041,8.04219354826311,8.04219354826311,7.46147654633762,7.46147654633762,8.04219354826311,8.04219354826311,7.46147654633762,7.46147654633762,7.46147654633762,7.76905879426536,8.04219354826311,8.04219354826311,8.04219354826311,11.1831553048039,11.1831553048039,8.04219354826311,8.04219354826311,8.04219354826311,7.90734101944312,8.04219354826311,8.04219354826311,8.04219354826311,7.40243111052544,7.46147654633762,8.04219354826311,8.04219354826311,11.1831553048039,11.1831553048039,7.46147654633762,7.46147654633762,7.46147654633762,7.46147654633762,7.46147654633762,7.28928056738874,8.04219354826311,8.04219354826311,11.1831553048039,11.1831553048039,8.04219354826311,8.04219354826311,7.46147654633762,7.46147654633762,8.04219354826311,8.04219354826311,7.98623851752475,8.04219354826311,7.46147654633762,7.46147654633762,8.04219354826311,8.04219354826311,8.04219354826311,8.04219354826311,8.04219354826311,8.04219354826311,8.04219354826311,8.04219354826311,11.1831553048039,11.1831553048039,8.04219354826311,8.04219354826311,11.1831553048039,11.1831553048039,7.46147654633762,7.46147654633762
"t5",4.20976206293152,3.67346889414478,4.24504643261968,2.5330319459077,0,1.91479623262247,1.27315486070774,2.50347228373464,2.12444830136828,3.24222994551774,3.41278070753117,3.75977884714541,3.10063729669234,6.52756263175771,3.30770301412289,3.27724529902853,4.07884130786023,6.52756263175771,9.62829561349931,5.74518105077403,5.12960109138888,6.52756263175771,4.25153508760602,5.28110368902144,4.51095503586215,4.56801393707088,5.52601447560595,6.52756263175771,4.36411803969327,4.45294379639489,6.52756263175771,4.52559005879341,9.14598638031173,5.22172632457109,5.52855449525137,4.80628519052292,6.10644170556067,5.88485935174047,4.58479956441847,4.12102610594914,9.62829561349931,9.62829561349931,5.26373105375169,5.18469782788248,5.41902421464565,6.52756263175771,5.09163033836824,6.3503889627773,5.76229899300065,6.52756263175771,4.97684421512334,6.52756263175771,6.52756263175771,6.52756263175771,6.52756263175771,8.70021055021036,8.56880992892896,5.17821194073752,5.77054138700327,6.48609241259376,5.17490480324378,6.52756263175771,5.77054138700327,5.77054138700327,6.52756263175771,9.21801545448994,6.52756263175771,5.52424458771782,6.52756263175771,5.26899316453486,5.32355542471732,5.42835429638564,6.52756263175771,5.85922648537576,5.49313072520021,6.28444567052515,6.52756263175771,6.0105257572868,5.41163537545147,5.45718041204572,5.54422615220689,9.6282956134993,6.52756263175771,6.52756263175771,6.52756263175771,9.6282956134993,6.14172039447546,9.19843087544857,5.91164172579962,6.52756263175771,6.31838296959893,5.8936770649999,6.52756263175771,6.52756263175771,6.46213659629254,6.52756263175771,6.52756263175771,6.06872614319694,6.52756263175771,6.52756263175771,6.52756263175771,6.52756263175771,6.52756263175771,5.92418339286938,6.52756263175771,5.95958921564341,9.6282956134993,6.52756263175771,6.19971718183049,6.52756263175771,6.52756263175771,6.52756263175771,6.52756263175771,6.52756263175771,6.52756263175771,6.52756263175771,6.52756263175771,6.52756263175771,6.25442787775995,6.52756263175771,6.52756263175771,6.52756263175771,9.6282956134993,9.6282956134993,6.52756263175771,6.52756263175771,6.52756263175771,6.39271010293772,6.52756263175771,6.52756263175771,6.52756263175771,6.46851719594553,6.52756263175771,6.52756263175771,6.52756263175771,9.6282956134993,9.6282956134993,6.52756263175771,6.52756263175771,6.52756263175771,6.52756263175771,6.52756263175771,6.35536665280882,6.52756263175771,6.52756263175771,9.6282956134993,9.6282956134993,6.52756263175771,6.52756263175771,6.52756263175771,6.52756263175771,6.52756263175771,6.52756263175771,6.47160760101935,6.52756263175771,6.52756263175771,6.52756263175771,6.52756263175771,6.52756263175771,6.52756263175771,6.52756263175771,6.52756263175771,6.52756263175771,6.52756263175771,6.52756263175771,9.6282956134993,9.6282956134993,6.52756263175771,6.52756263175771,9.6282956134993,9.6282956134993,6.52756263175771,6.52756263175771
"t6",5.14638604095088,4.61009287216414,5.18167041063904,3.42942714912788,1.91479623262247,0,1.33206712677366,2.56238454980055,2.1833605674342,3.30114221158365,4.30917591075135,4.65617405036559,3.99703249991252,6.58647489782362,4.20409821734307,4.17364050224872,4.97523651108041,6.58647489782363,10.5649195915187,5.80409331683995,6.02599629460906,7.42395783497789,5.1479302908262,6.17749889224162,4.56986730192806,5.46440914029106,5.73370962531172,6.58647489782362,4.42303030575919,5.34933899961507,7.42395783497789,5.42198526201359,10.0826103583311,5.280638590637,6.42494969847155,5.7026803937431,7.00283690878085,5.94377161780639,5.48119476763865,5.81467132872294,10.5649195915187,10.5649195915187,5.32264331981761,5.24361009394839,5.47793648071157,7.42395783497789,5.15054260443415,7.24678416599748,6.65869419622084,6.58647489782362,5.03575648118926,6.58647489782363,7.42395783497789,7.42395783497789,7.42395783497789,9.63683452822973,9.50543390694832,5.23712420680344,7.46418660977707,7.38248761581394,6.07130000646396,6.73525778146348,7.46418660977707,7.46418660977707,7.42395783497789,10.1546394325093,6.58647489782362,6.420639790938,7.42395783497789,5.47668831424064,5.38246769078323,5.48726656245155,6.58647489782362,5.91813875144167,6.38952592842039,7.18084087374533,7.42395783497789,6.06943802335271,5.61933052515724,5.66487556175149,6.44062135542708,10.5649195915187,6.58647489782362,7.42395783497789,7.42395783497789,10.5649195915187,6.20063266054137,10.1350548534679,6.8080369290198,6.73525778146348,6.5260781193047,6.10137221470567,7.42395783497789,7.42395783497789,7.35853179951272,6.58647489782362,6.58647489782362,6.27642129290271,6.73525778146348,6.73525778146348,7.42395783497789,7.42395783497789,6.73525778146348,5.98309565893529,7.42395783497789,6.85598441886359,10.5649195915187,7.42395783497789,7.09611238505068,6.58647489782362,6.73525778146348,7.42395783497789,7.42395783497789,6.58647489782362,6.58647489782362,7.42395783497789,7.42395783497789,7.42395783497789,6.31334014382587,6.58647489782362,6.58647489782362,6.58647489782362,10.5649195915187,10.5649195915187,6.58647489782362,6.58647489782362,6.73525778146348,6.45162236900363,6.58647489782362,6.58647489782362,6.58647489782362,7.36491239916571,7.42395783497789,6.58647489782363,6.73525778146348,10.5649195915187,10.5649195915187,7.42395783497789,7.42395783497789,7.42395783497789,7.42395783497789,7.42395783497789,7.251761856029,6.73525778146348,6.73525778146348,10.5649195915187,10.5649195915187,6.73525778146348,6.73525778146348,7.42395783497789,7.42395783497789,6.73525778146348,6.73525778146348,6.53051986708526,6.58647489782362,7.42395783497789,7.42395783497789,6.58647489782362,6.58647489782362,6.58647489782363,6.58647489782363,6.73525778146348,6.73525778146348,6.58647489782362,6.58647489782362,10.5649195915187,10.5649195915187,6.58647489782362,6.58647489782362,10.5649195915187,10.5649195915187,7.42395783497789,7.42395783497789
"t7",4.50474466903615,3.96845150024941,4.54002903872431,2.78778577721314,1.27315486070774,1.33206712677366,0,1.42730204703127,1.04827806466491,2.16605970881437,3.66753453883662,4.01453267845086,3.35539112799779,5.41518388547739,3.56245684542834,3.53199913033398,4.33359513916567,5.45139239505434,9.92327821960394,4.66901081407067,5.38435492269433,6.78231646306316,4.50628891891147,5.53585752032689,3.39857628958182,4.82276776837633,5.09206825339699,5.45139239505434,3.28794780298991,4.70769762770034,6.78231646306316,4.78034389009886,9.44096898641636,4.10934757829076,5.78330832655682,5.06103902182837,6.36119553686612,4.80868911503711,4.83955339572392,5.1730299568082,9.92327821960393,9.92327821960393,4.18756081704833,4.10852759117911,4.30664546836533,6.78231646306316,4.01546010166487,6.60514279408275,6.0170528243061,5.41518388547738,3.86446546884302,5.41518388547738,6.78231646306316,6.78231646306316,6.78231646306316,8.99519315631499,8.86379253503359,4.10204170403415,6.82254523786234,6.74084624389921,5.42965863454922,6.09361640954875,6.82254523786234,6.82254523786234,6.78231646306316,9.51299806059457,5.45139239505434,5.77899841902326,6.78231646306316,4.8350469423259,4.24738518801395,4.35218405968227,5.45139239505434,4.78305624867239,5.74788455650566,6.5391995018306,6.78231646306316,4.93435552058343,4.97768915324251,5.02323418983676,5.79897998351234,9.92327821960393,5.45139239505434,6.78231646306316,6.78231646306316,9.92327821960393,5.06555015777209,9.4934134815532,6.16639555710507,6.09361640954875,5.88443674738997,5.45973084279094,6.78231646306316,6.78231646306316,6.71689042759799,5.41518388547738,5.41518388547738,5.63477992098798,6.09361640954875,6.09361640954875,6.78231646306316,6.78231646306316,6.09361640954875,4.84801315616601,6.78231646306316,6.21434304694885,9.92327821960393,6.78231646306316,6.45447101313594,5.45139239505434,6.09361640954875,6.78231646306316,6.78231646306316,5.45139239505434,5.45139239505434,6.78231646306316,6.78231646306316,6.78231646306316,5.14204913147963,5.41518388547738,5.45139239505434,5.45139239505434,9.92327821960393,9.92327821960393,5.45139239505434,5.45139239505434,6.09361640954875,5.31653986623435,5.45139239505434,5.45139239505434,5.45139239505434,6.72327102725098,6.78231646306316,5.41518388547739,6.09361640954875,9.92327821960393,9.92327821960393,6.78231646306316,6.78231646306316,6.78231646306316,6.78231646306316,6.78231646306316,6.61012048411427,6.09361640954875,6.09361640954875,9.92327821960393,9.92327821960393,6.09361640954875,6.09361640954875,6.78231646306316,6.78231646306316,6.09361640954875,6.09361640954875,5.35922885473902,5.41518388547738,6.78231646306316,6.78231646306316,5.45139239505434,5.45139239505434,5.41518388547739,5.41518388547739,6.09361640954875,6.09361640954875,5.45139239505434,5.45139239505434,9.92327821960393,9.92327821960393,5.45139239505434,5.45139239505434,9.92327821960393,9.92327821960393,6.78231646306316,6.78231646306316
"t8",5.73506209206304,5.1987689232763,5.7703464617512,4.01810320024004,2.50347228373464,2.56238454980055,1.42730204703127,0,1.1512344305546,2.26901607470406,4.89785196186351,5.24485010147775,4.58570855102468,6.68170981808124,4.79277426845523,4.76231655336088,5.56391256219257,5.18208194569987,11.1535956426308,4.3997003647162,6.61467234572122,8.01263388609005,5.73660634193837,6.76617494335378,4.66510222218567,6.05308519140322,6.32238567642388,5.18208194569987,3.01863735363544,5.93801505072724,8.01263388609005,6.01066131312575,10.6712864094433,5.37587351089461,7.01362574958371,6.29135644485526,7.59151295989301,4.53937866568264,6.06987081875081,6.4033473798351,11.1535956426308,11.1535956426308,3.91825036769386,3.83921714182464,5.57317140096918,8.01263388609005,3.7461496523104,7.83546021710965,7.247370247333,6.68170981808124,5.13099140144687,6.68170981808124,8.01263388609005,8.01263388609005,8.01263388609005,10.2255105793419,10.0941099580605,3.83273125467968,8.05286266088923,7.9711636669261,6.65997605757612,7.32393383257564,8.05286266088923,8.05286266088923,8.01263388609005,10.7433154836215,5.18208194569987,7.00931584205016,8.01263388609005,6.0653643653528,3.97807473865948,4.0828736103278,5.18208194569987,4.51374579931792,6.97820197953255,7.76951692485749,8.01263388609005,4.66504507122896,6.2080065762694,6.25355161286365,7.02929740653924,11.1535956426308,5.18208194569987,8.01263388609005,8.01263388609005,11.1535956426308,4.79623970841762,10.7237309045801,7.39671298013196,7.32393383257564,7.11475417041686,6.69004826581783,8.01263388609005,8.01263388609005,7.94720785062489,6.68170981808124,6.68170981808124,6.86509734401488,7.32393383257564,7.32393383257564,8.01263388609005,8.01263388609005,7.32393383257564,4.57870270681154,8.01263388609005,7.44466046997575,11.1535956426308,8.01263388609005,7.68478843616284,5.18208194569987,7.32393383257564,8.01263388609005,8.01263388609005,5.18208194569987,5.18208194569987,8.01263388609005,8.01263388609005,8.01263388609005,6.40857506408348,6.68170981808124,5.18208194569987,5.18208194569987,11.1535956426308,11.1535956426308,5.18208194569987,5.18208194569987,7.32393383257564,5.04722941687988,5.18208194569987,5.18208194569987,5.18208194569987,7.95358845027787,8.01263388609005,6.68170981808124,7.32393383257564,11.1535956426308,11.1535956426308,8.01263388609005,8.01263388609005,8.01263388609005,8.01263388609005,8.01263388609005,7.84043790714116,7.32393383257564,7.32393383257564,11.1535956426308,11.1535956426308,7.32393383257564,7.32393383257564,8.01263388609005,8.01263388609005,7.32393383257564,7.32393383257564,6.62575478734288,6.68170981808124,8.01263388609005,8.01263388609005,5.18208194569987,5.18208194569987,6.68170981808124,6.68170981808124,7.32393383257564,7.32393383257564,5.18208194569987,5.18208194569987,11.1535956426308,11.1535956426308,5.18208194569987,5.18208194569987,11.1535956426308,11.1535956426308,8.01263388609005,8.01263388609005
"t9",5.35603810969669,4.81974494090995,5.39132247938485,3.63907921787368,2.12444830136828,2.1833605674342,1.04827806466491,1.1512344305546,0,1.21897840171334,4.51882797949716,4.8658261191114,4.20668456865833,6.30268583571488,4.41375028608888,4.38329257099452,5.18488857982621,5.17532477857768,10.7745716602645,4.392943197594,6.23564836335487,7.6336099037237,5.35758235957201,6.38715096098743,4.28607823981932,5.67406120903687,5.94336169405753,5.17532477857768,3.01188018651324,5.55899106836088,7.6336099037237,5.6316373307594,10.2922624270769,4.99684952852826,6.63460176721736,5.91233246248891,7.21248897752666,4.53262149856044,5.69084683638446,6.02432339746874,10.7745716602645,10.7745716602645,3.91149320057166,3.83245997470245,5.19414741860283,7.6336099037237,3.73939248518821,7.45643623474329,6.86834626496664,6.30268583571488,4.75196741908052,6.30268583571488,7.6336099037237,7.6336099037237,7.6336099037237,9.84648659697553,9.71508597569413,3.82597408755749,7.67383867852288,7.59213968455975,6.28095207520976,6.94490985020929,7.67383867852288,7.67383867852288,7.6336099037237,10.3642915012551,5.17532477857768,6.6302918596838,7.6336099037237,5.68634038298644,3.97131757153728,4.07611644320561,5.17532477857768,4.50698863219572,6.5991779971662,7.39049294249114,7.6336099037237,4.65828790410677,5.82898259390305,5.8745276304973,6.65027342417288,10.7745716602645,5.17532477857768,7.6336099037237,7.6336099037237,10.7745716602645,4.78948254129542,10.3447069222137,7.01768899776561,6.94490985020929,6.73573018805051,6.31102428345148,7.6336099037237,7.6336099037237,7.56818386825853,6.30268583571488,6.30268583571488,6.48607336164852,6.94490985020929,6.94490985020929,7.6336099037237,7.6336099037237,6.94490985020929,4.57194553968935,7.6336099037237,7.0656364876094,10.7745716602645,7.6336099037237,7.30576445379648,5.17532477857768,6.94490985020929,7.6336099037237,7.6336099037237,5.17532477857768,5.17532477857768,7.6336099037237,7.6336099037237,7.6336099037237,6.02955108171713,6.30268583571488,5.17532477857768,5.17532477857768,10.7745716602645,10.7745716602645,5.17532477857768,5.17532477857768,6.94490985020929,5.04047224975769,5.17532477857768,5.17532477857768,5.17532477857768,7.57456446791152,7.6336099037237,6.30268583571488,6.94490985020929,10.7745716602645,10.7745716602645,7.6336099037237,7.6336099037237,7.6336099037237,7.6336099037237,7.6336099037237,7.46141392477481,6.94490985020929,6.94490985020929,10.7745716602645,10.7745716602645,6.94490985020929,6.94490985020929,7.6336099037237,7.6336099037237,6.94490985020929,6.94490985020929,6.24673080497652,6.30268583571488,7.6336099037237,7.6336099037237,5.17532477857768,5.17532477857768,6.30268583571488,6.30268583571488,6.94490985020929,6.94490985020929,5.17532477857768,5.17532477857768,10.7745716602645,10.7745716602645,5.17532477857768,5.17532477857768,10.7745716602645,10.7745716602645,7.6336099037237,7.6336099037237
"t10",6.47381975384614,5.93752658505941,6.50910412353431,4.75686086202314,3.24222994551774,3.30114221158365,2.16605970881437,2.26901607470406,1.21897840171334,0,5.63660962364662,5.98360776326086,5.32446621280779,7.42046747986434,5.53153193023833,5.50107421514398,6.30267022397567,6.29310642272713,11.8923533044139,5.51072484174346,7.35343000750433,8.75139154787316,6.47536400372147,7.50493260513689,5.40385988396877,6.79184285318632,7.06114333820698,6.29310642272713,4.1296618306627,6.67677271251034,8.75139154787315,6.74941897490886,11.4100440712264,6.11463117267771,7.75238341136681,7.03011410663837,8.33027062167611,5.6504031427099,6.80862848053391,7.1421050416182,11.8923533044139,11.8923533044139,5.02927484472112,4.9502416188519,6.31192906275228,8.75139154787315,4.85717412933766,8.57421787889275,7.9861279091161,7.42046747986434,5.86974906322997,7.42046747986434,8.75139154787315,8.75139154787315,8.75139154787315,10.964268241125,10.8328676198436,4.94375573170695,8.79162032267234,8.70992132870921,7.39873371935922,8.06269149435875,8.79162032267234,8.79162032267234,8.75139154787315,11.4820731454046,6.29310642272713,7.74807350383326,8.75139154787315,6.8041220271359,5.08909921568674,5.19389808735506,6.29310642272713,5.62477027634518,7.71695964131566,8.50827458664059,8.75139154787315,5.77606954825622,6.94676423805251,6.99230927464675,7.76805506832234,11.8923533044139,6.29310642272713,8.75139154787315,8.75139154787315,11.8923533044139,5.90726418544488,11.4624885663632,8.13547064191506,8.06269149435874,7.85351183219996,7.42880592760093,8.75139154787315,8.75139154787315,8.68596551240799,7.42046747986434,7.42046747986434,7.60385500579798,8.06269149435875,8.06269149435875,8.75139154787315,8.75139154787315,8.06269149435875,5.6897271838388,8.75139154787315,8.18341813175885,11.8923533044139,8.75139154787315,8.42354609794594,6.29310642272713,8.06269149435875,8.75139154787315,8.75139154787315,6.29310642272713,6.29310642272713,8.75139154787315,8.75139154787315,8.75139154787315,7.14733272586658,7.42046747986434,6.29310642272713,6.29310642272713,11.8923533044139,11.8923533044139,6.29310642272713,6.29310642272713,8.06269149435875,6.15825389390714,6.29310642272713,6.29310642272713,6.29310642272713,8.69234611206097,8.75139154787315,7.42046747986434,8.06269149435874,11.8923533044139,11.8923533044139,8.75139154787315,8.75139154787315,8.75139154787315,8.75139154787315,8.75139154787315,8.57919556892427,8.06269149435875,8.06269149435875,11.8923533044139,11.8923533044139,8.06269149435875,8.06269149435875,8.75139154787316,8.75139154787316,8.06269149435875,8.06269149435875,7.36451244912598,7.42046747986434,8.75139154787315,8.75139154787315,6.29310642272713,6.29310642272713,7.42046747986434,7.42046747986434,8.06269149435874,8.06269149435874,6.29310642272713,6.29310642272713,11.8923533044139,11.8923533044139,6.29310642272713,6.29310642272713,11.8923533044139,11.8923533044139,8.75139154787315,8.75139154787315
"t11",6.64437051585958,6.10807734707284,6.67965488554774,4.34669462211109,3.41278070753117,4.30917591075135,3.66753453883662,4.89785196186351,4.51882797949716,5.63660962364662,0,2.85935698737036,2.20021543691729,8.92194230988659,2.40728115434784,2.37682343925348,3.17841944808518,8.92194230988659,12.0629040664274,8.13956072890291,4.54019344687078,5.93815498723961,4.35507964161618,5.3846482430316,6.90533471399102,3.66759207729583,7.92039415373483,8.92194230988659,6.75849771782215,4.55648835040505,6.63110718576787,3.93618241427531,11.5805948332398,7.61610600269996,4.93914685073327,4.21687754600482,6.20998625957083,8.27923902986935,3.99539191990037,7.31265580363163,12.0629040664274,12.0629040664274,7.65811073188057,7.57907750601136,7.81340389277453,5.93815498723961,7.48601001649712,5.44996710300225,5.17289134848256,8.92194230988659,7.37122389325222,8.92194230988659,5.62714077198266,5.62714077198266,5.93815498723961,11.1348190031384,11.003418381857,7.5725916188664,8.96217108468577,6.58963696660392,4.27448294346872,8.92194230988659,8.96217108468577,8.96217108468577,5.93815498723961,11.652623907418,8.92194230988659,5.62778914172798,6.63110718576787,7.66337284266374,7.71793510284619,7.82273397451452,8.92194230988659,8.25360616350464,5.59667527921037,6.38799022453531,6.63110718576787,8.40490543541568,7.80601505358035,7.8515600901746,5.64777070621706,12.0629040664274,8.92194230988659,6.63110718576787,6.63110718576787,12.0629040664274,8.53610007260434,11.6330393283766,5.01121986602457,8.92194230988659,8.71276264772781,8.28805674312878,5.62714077198266,5.62714077198266,5.56171473651749,8.92194230988659,8.92194230988659,8.46310582132582,8.92194230988659,8.92194230988659,5.62714077198266,5.62714077198266,8.92194230988659,8.31856307099826,5.93815498723961,5.37018157112531,12.0629040664274,5.62714077198266,5.29929532205544,8.92194230988659,8.92194230988659,5.62714077198266,5.62714077198266,8.92194230988659,8.92194230988659,6.63110718576787,5.93815498723961,5.93815498723961,8.64880755588883,8.92194230988659,8.92194230988659,8.92194230988659,12.0629040664274,12.0629040664274,8.92194230988659,8.92194230988659,8.92194230988659,8.78708978106659,8.92194230988659,8.92194230988659,8.92194230988659,5.87910955142743,5.93815498723961,8.92194230988659,8.92194230988659,12.0629040664274,12.0629040664274,5.62714077198266,5.62714077198266,5.62714077198266,5.62714077198266,5.62714077198266,5.45494479303377,8.92194230988659,8.92194230988659,12.0629040664274,12.0629040664274,8.92194230988659,8.92194230988659,6.63110718576787,6.63110718576787,8.92194230988659,8.92194230988659,8.86598727914823,8.92194230988659,5.93815498723961,5.93815498723961,8.92194230988659,8.92194230988659,8.92194230988659,8.92194230988659,8.92194230988659,8.92194230988659,8.92194230988659,8.92194230988659,12.0629040664274,12.0629040664274,8.92194230988659,8.92194230988659,12.0629040664274,12.0629040664274,6.63110718576787,6.63110718576787
"t12",6.99136865547382,6.45507548668708,7.02665302516198,4.69369276172533,3.75977884714541,4.65617405036559,4.01453267845086,5.24485010147775,4.8658261191114,5.98360776326086,2.85935698737036,0,1.93090006585112,9.26894044950083,2.13796578328167,2.10750806818731,2.90910407701901,9.26894044950083,12.4099022060416,8.48655886851715,4.88719158648502,6.28515312685385,4.70207778123042,5.73164638264584,7.25233285360526,3.39827670622966,8.26739229334907,9.26894044950083,7.10549585743639,4.90348649001929,6.97810532538211,4.28318055388955,11.927592972854,7.9631041423142,5.28614499034751,4.56387568561906,6.55698439918507,8.62623716948359,4.34239005951461,7.65965394324587,12.4099022060416,12.4099022060416,8.00510887149481,7.9260756456256,8.16040203238877,6.28515312685385,7.83300815611136,5.18065173193608,5.5198894880968,9.26894044950083,7.71822203286646,9.26894044950083,5.35782540091649,5.35782540091649,6.28515312685385,11.4818171427527,11.3504165214713,7.91958975848064,9.30916922430001,6.93663510621816,4.00516757240255,9.26894044950083,9.30916922430001,9.30916922430001,6.28515312685385,11.9996220470322,9.26894044950083,5.97478728134222,6.97810532538211,8.01037098227798,8.06493324246043,8.16973211412876,9.26894044950083,8.60060430311888,5.94367341882461,6.73498836414955,6.97810532538211,8.75190357502992,8.15301319319459,8.19855822978884,5.99476884583129,12.4099022060416,9.26894044950083,6.97810532538211,6.97810532538211,12.4099022060416,8.88309821221858,11.9800374679909,4.7419044949584,9.26894044950083,9.05976078734205,8.63505488274302,5.35782540091649,5.35782540091649,5.29239936545132,9.26894044950083,9.26894044950083,8.81010396094006,9.26894044950083,9.26894044950083,5.35782540091649,5.35782540091649,9.26894044950083,8.6655612106125,6.28515312685385,5.71717971073955,12.4099022060416,5.35782540091649,5.02997995098927,9.26894044950082,9.26894044950083,5.35782540091649,5.35782540091649,9.26894044950083,9.26894044950083,6.97810532538211,6.28515312685385,6.28515312685385,8.99580569550307,9.26894044950083,9.26894044950082,9.26894044950082,12.4099022060416,12.4099022060416,9.26894044950083,9.26894044950083,9.26894044950083,9.13408792068083,9.26894044950083,9.26894044950083,9.26894044950083,6.22610769104167,6.28515312685385,9.26894044950083,9.26894044950083,12.4099022060416,12.4099022060416,5.35782540091649,5.35782540091649,5.35782540091649,5.35782540091649,5.35782540091649,5.1856294219676,9.26894044950083,9.26894044950083,12.4099022060416,12.4099022060416,9.26894044950083,9.26894044950083,6.97810532538211,6.97810532538211,9.26894044950083,9.26894044950083,9.21298541876246,9.26894044950083,6.28515312685385,6.28515312685385,9.26894044950083,9.26894044950083,9.26894044950083,9.26894044950083,9.26894044950083,9.26894044950083,9.26894044950083,9.26894044950083,12.4099022060416,12.4099022060416,9.26894044950083,9.26894044950083,12.4099022060416,12.4099022060416,6.97810532538211,6.97810532538211
"t13",6.33222710502075,5.79593393623401,6.36751147470891,4.03455121127226,3.10063729669234,3.99703249991252,3.35539112799779,4.58570855102468,4.20668456865833,5.32446621280779,2.20021543691729,1.93090006585112,0,8.60979889904776,1.34551585336129,1.31505813826693,2.11665414709863,8.60979889904776,11.7507606555885,7.82741731806408,4.22805003603195,5.62601157640078,4.04293623077735,5.07250483219277,6.59319130315219,2.60582677630928,7.608250742896,8.60979889904776,6.44635430698332,4.24434493956622,6.31896377492904,3.62403900343648,11.268451422401,7.30396259186113,4.62700343989444,3.90473413516599,5.897842848732,7.96709561903052,3.68324850906154,7.0005123927928,11.7507606555885,11.7507606555885,7.34596732104174,7.26693409517253,7.5012604819357,5.62601157640078,7.17386660565829,4.3882018020157,4.86074793764373,8.60979889904776,7.05908048241339,8.60979889904776,4.56537547099611,4.56537547099611,5.62601157640078,10.8226755922996,10.6912749710182,7.26044820802757,8.65002767384694,6.27749355576509,3.21271764248218,8.60979889904776,8.65002767384694,8.65002767384694,5.62601157640078,11.3404804965792,8.60979889904776,5.31564573088915,6.31896377492904,7.35122943182491,7.40579169200736,7.51059056367569,8.60979889904776,7.94146275266581,5.28453186837154,6.07584681369648,6.31896377492904,8.09276202457685,7.49387164274152,7.53941667933577,5.33562729537822,11.7507606555885,8.60979889904776,6.31896377492904,6.31896377492904,11.7507606555885,8.22395666176551,11.3208959175378,3.94945456503802,8.60979889904776,8.40061923688898,7.97591333228995,4.56537547099611,4.56537547099611,4.49994943553094,8.60979889904776,8.60979889904776,8.15096241048699,8.60979889904776,8.60979889904776,4.56537547099611,4.56537547099611,8.60979889904776,8.00641966015943,5.62601157640078,5.05803816028648,11.7507606555885,4.56537547099611,4.23753002106889,8.60979889904775,8.60979889904776,4.56537547099611,4.56537547099611,8.60979889904776,8.60979889904776,6.31896377492904,5.62601157640078,5.62601157640078,8.33666414505,8.60979889904776,8.60979889904775,8.60979889904775,11.7507606555885,11.7507606555885,8.60979889904776,8.60979889904776,8.60979889904776,8.47494637022776,8.60979889904776,8.60979889904776,8.60979889904776,5.5669661405886,5.62601157640078,8.60979889904776,8.60979889904776,11.7507606555885,11.7507606555885,4.56537547099611,4.56537547099611,4.56537547099611,4.56537547099611,4.56537547099611,4.39317949204722,8.60979889904776,8.60979889904776,11.7507606555885,11.7507606555885,8.60979889904776,8.60979889904776,6.31896377492904,6.31896377492904,8.60979889904776,8.60979889904776,8.55384386830939,8.60979889904776,5.62601157640078,5.62601157640078,8.60979889904776,8.60979889904776,8.60979889904776,8.60979889904776,8.60979889904776,8.60979889904776,8.60979889904776,8.60979889904776,11.7507606555885,11.7507606555885,8.60979889904776,8.60979889904776,11.7507606555885,11.7507606555885,6.31896377492904,6.31896377492904
