"","birth_rate","death_rate","ultrametric","number_of_tips"
"1","NULL","NULL",FALSE,262
