"","t1","t2","t3","t4","t5","t6","t7","t8","t9","t10","t11","t12","t13","t14","t15","t16","t17","t18","t19","t20","t21","t22","t23","t24","t25","t26","t27","t28","t29","t30","t31","t32","t33","t34","t35","t36","t37","t38","t39","t40","t41","t42","t43","t44","t45","t46","t47","t48","t49","t50","t51","t52","t53","t54","t55","t56","t57","t58","t59","t60","t61","t62","t63","t64","t65","t66","t67","t68","t69","t70","t71","t72","t73","t74","t75","t76","t77","t78","t79","t80","t81","t82","t83","t84","t85","t86","t87","t88","t89","t90","t91","t92","t93","t94","t95","t96","t97","t98","t99","t100","t101","t102","t103","t104","t105","t106","t107","t108","t109","t110","t111","t112","t113","t114","t115","t116","t117","t118","t119","t120","t121","t122","t123","t124","t125","t126","t127","t128","t129","t130","t131","t132","t133","t134","t135","t136","t137","t138","t139","t140","t141","t142","t143","t144","t145","t146","t147","t148","t149","t150","t151","t152","t153","t154","t155","t156","t157","t158","t159","t160","t161","t162","t163","t164","t165","t166","t167","t168","t169","t170","t171","t172","t173","t174","t175","t176","t177"
"t1",0,1.5756781445,3.7891888302607,1.91071666558074,4.23822503845301,4.19134618492384,4.29083143141159,7.40473795415589,8.98846622510986,8.93709439887933,10.0965880930253,9.58724123385794,12.4779105373323,10.6276852224124,16.4041227571589,11.0945598493707,11.0107253633942,12.7628637971839,13.4023518099707,14.3563754343335,12.8290162412606,11.7828393204022,11.5169833319092,11.8752359662403,11.9636498712077,16.4041227571589,13.6472371514215,13.3258549849346,12.0888282959648,12.3417698588659,13.5974404857503,12.5125613401207,12.3526109049445,12.2374666842272,12.9982224582204,14.5179679727301,13.1677432855516,12.9818513323128,16.0353477182099,16.140800989698,13.586399235079,16.4041227571589,13.671178046571,15.0003985604693,14.9818740800019,16.4041227571589,14.9179399572762,14.2298282959799,14.7909529400789,15.50985268462,14.5318448602787,16.4041227571589,14.0253714139932,14.23570689542,14.4367394745428,16.4041227571589,16.4041227571589,14.2829430217806,14.8206170676666,15.3601270768251,14.9522649508829,16.2851998097771,14.7280512114118,16.4041227571589,16.4041227571589,14.8808331294019,14.6072039215405,16.4041227571589,14.8882218796199,16.4041227571589,15.4818609060412,16.4041227571589,16.4041227571589,16.4041227571589,15.9983377175606,15.9826292484148,16.0207999483237,16.4041227571589,16.4041227571589,16.4041227571589,16.4041227571589,16.4041227571589,15.8795144278904,16.4041227571589,16.4041227571589,15.561049577329,16.4041227571589,16.2197851178808,15.6606943682775,15.5319415493347,16.4041227571589,16.4041227571589,15.7984342070254,16.1146693679462,16.4041227571589,16.4041227571589,16.4041227571589,15.7174701169789,16.4041227571589,16.4041227571589,16.4041227571589,16.4041227571589,16.4041227571589,16.4041227571589,16.1534455006581,16.4041227571589,15.9948634268531,16.4041227571589,16.4041227571589,16.4041227571589,16.4041227571589,16.4041227571589,15.987189073738,16.4041227571589,16.4041227571589,16.4041227571589,16.4041227571589,16.4041227571589,16.4041227571589,16.4041227571589,16.4041227571589,16.4041227571589,16.092206859492,16.4041227571589,16.4041227571589,16.4041227571589,16.4041227571589,16.4041227571589,16.4041227571589,16.4041227571589,16.4041227571589,16.4041227571589,16.4041227571589,16.4041227571589,16.223718700681,16.4041227571589,16.4041227571589,16.4041227571589,16.4041227571589,16.4041227571589,16.4041227571589,16.4041227571589,16.4041227571589,16.4041227571589,16.4041227571589,16.235573979588,16.4041227571589,16.4041227571589,16.4041227571589,16.4041227571589,16.4041227571589,16.4041227571589,16.4041227571589,16.4041227571589,16.4041227571589,16.4041227571589,16.4041227571589,16.4041227571589,16.4041227571589,16.4041227571589,16.4041227571589,16.4041227571589,16.4041227571589,16.4041227571589,16.4041227571589,16.4041227571589,16.4041227571589,16.4041227571589,16.4041227571589,16.4041227571589,16.4041227571589,16.4041227571589,16.4041227571589,16.4041227571589,16.4041227571589,16.4041227571589,16.4041227571589
"t2",1.5756781445,0,4.00827774238262,2.12980557770266,2.99990875367826,2.95302990014909,3.05251514663684,7.62382686627781,9.20755513723178,9.15618331100124,10.3156770051472,9.80633014597986,12.6969994494543,10.8467741345343,16.6232116692808,11.3136487614926,11.2298142755161,12.9819527093058,13.6214407220927,14.5754643464554,13.0481051533825,12.0019282325241,11.7360722440312,12.0943248783622,12.1827387833296,16.6232116692809,13.8663260635434,13.5449438970566,12.3079172080868,12.5608587709879,13.8165293978723,12.7316502522426,12.5716998170664,12.4565555963491,13.2173113703423,14.7370568848521,13.3868321976735,13.2009402444347,16.2544366303319,16.3598899018199,13.805488147201,16.6232116692809,13.8902669586929,15.2194874725912,15.2009629921238,16.6232116692808,15.1370288693981,14.4489172081018,15.0100418522008,15.728941596742,14.7509337724006,16.6232116692808,14.2444603261151,14.4547958075419,14.6558283866647,16.6232116692809,16.6232116692808,14.5020319339025,15.0397059797885,15.579215988947,15.1713538630048,16.504288721899,14.9471401235337,16.6232116692808,16.6232116692808,15.0999220415239,14.8262928336624,16.6232116692809,15.1073107917419,16.6232116692808,15.7009498181631,16.6232116692809,16.6232116692808,16.6232116692808,16.2174266296825,16.2017181605367,16.2398888604456,16.6232116692809,16.6232116692809,16.6232116692809,16.6232116692808,16.6232116692808,16.0986033400124,16.6232116692808,16.6232116692809,15.780138489451,16.6232116692809,16.4388740300027,15.8797832803994,15.7510304614566,16.6232116692808,16.6232116692808,16.0175231191473,16.3337582800681,16.6232116692808,16.6232116692808,16.6232116692808,15.9365590291009,16.6232116692808,16.6232116692808,16.6232116692808,16.6232116692809,16.6232116692808,16.6232116692808,16.37253441278,16.6232116692808,16.213952338975,16.6232116692809,16.6232116692809,16.6232116692808,16.6232116692808,16.6232116692808,16.2062779858599,16.6232116692808,16.6232116692808,16.6232116692808,16.6232116692808,16.6232116692808,16.6232116692808,16.6232116692808,16.6232116692808,16.6232116692808,16.3112957716139,16.6232116692808,16.6232116692809,16.6232116692808,16.6232116692808,16.6232116692808,16.6232116692808,16.6232116692808,16.6232116692808,16.6232116692809,16.6232116692809,16.6232116692808,16.4428076128029,16.6232116692809,16.6232116692809,16.6232116692808,16.6232116692809,16.6232116692809,16.6232116692809,16.6232116692809,16.6232116692808,16.6232116692808,16.6232116692808,16.45466289171,16.6232116692808,16.6232116692808,16.6232116692809,16.6232116692809,16.6232116692808,16.6232116692808,16.6232116692808,16.6232116692808,16.6232116692808,16.6232116692808,16.6232116692808,16.6232116692809,16.6232116692809,16.6232116692808,16.6232116692808,16.6232116692808,16.6232116692808,16.6232116692808,16.6232116692808,16.6232116692808,16.6232116692808,16.6232116692808,16.6232116692808,16.6232116692809,16.6232116692809,16.6232116692808,16.6232116692808,16.6232116692808,16.6232116692808,16.6232116692808,16.6232116692808
"t3",3.7891888302607,4.00827774238262,0,2.35189407320451,6.67082463633564,6.62394578280646,6.72343102929421,9.66248205486998,11.246210325824,11.1948384995934,12.3543321937394,11.844985334572,14.7356546380464,12.8854293231265,18.661866857873,13.3523039500848,13.2684694641083,15.020607897898,15.6600959106848,16.6141195350476,15.0867603419747,14.0405834211163,13.7747274326233,14.1329800669544,14.2213939719218,18.661866857873,15.9049812521355,15.5835990856487,14.3465723966789,14.59951395958,15.8551845864644,14.7703054408348,14.6103550056586,14.4952107849413,15.2559665589345,16.7757120734442,15.4254873862657,15.2395954330269,18.293091818924,18.398545090412,15.8441433357931,18.661866857873,15.9289221472851,17.2581426611834,17.239618180716,18.661866857873,17.1756840579903,16.487572396694,17.048697040793,17.7675967853341,16.7895889609928,18.661866857873,16.2831155147073,16.4934509961341,16.6944835752569,18.661866857873,18.661866857873,16.5406871224947,17.0783611683807,17.6178711775392,17.210009051597,18.5429439104912,16.9857953121259,18.661866857873,18.661866857873,17.138577230116,16.8649480222546,18.661866857873,17.145965980334,18.661866857873,17.7396050067553,18.661866857873,18.661866857873,18.661866857873,18.2560818182747,18.2403733491289,18.2785440490378,18.661866857873,18.661866857873,18.661866857873,18.661866857873,18.661866857873,18.1372585286045,18.661866857873,18.661866857873,17.8187936780431,18.661866857873,18.4775292185949,17.9184384689916,17.7896856500488,18.661866857873,18.661866857873,18.0561783077395,18.3724134686603,18.661866857873,18.661866857873,18.661866857873,17.975214217693,18.661866857873,18.661866857873,18.661866857873,18.661866857873,18.661866857873,18.661866857873,18.4111896013722,18.661866857873,18.2526075275672,18.661866857873,18.661866857873,18.661866857873,18.661866857873,18.661866857873,18.2449331744521,18.661866857873,18.661866857873,18.661866857873,18.661866857873,18.661866857873,18.661866857873,18.661866857873,18.661866857873,18.661866857873,18.3499509602061,18.661866857873,18.661866857873,18.661866857873,18.661866857873,18.661866857873,18.661866857873,18.661866857873,18.661866857873,18.661866857873,18.661866857873,18.661866857873,18.4814628013951,18.661866857873,18.661866857873,18.661866857873,18.661866857873,18.661866857873,18.661866857873,18.661866857873,18.661866857873,18.661866857873,18.661866857873,18.4933180803021,18.661866857873,18.661866857873,18.661866857873,18.661866857873,18.661866857873,18.661866857873,18.661866857873,18.661866857873,18.661866857873,18.661866857873,18.661866857873,18.661866857873,18.661866857873,18.661866857873,18.661866857873,18.661866857873,18.661866857873,18.661866857873,18.661866857873,18.661866857873,18.661866857873,18.661866857873,18.661866857873,18.661866857873,18.661866857873,18.661866857873,18.661866857873,18.661866857873,18.661866857873,18.661866857873,18.661866857873
"t4",1.91071666558074,2.12980557770266,2.35189407320451,0,4.79235247165567,4.7454736181265,4.84495886461425,7.78400989019002,9.367738161144,9.31636633491346,10.4758600290595,9.96651316989207,12.8571824733665,11.0069571584466,16.7833946931931,11.4738317854049,11.3899972994284,13.142135733218,13.7816237460049,14.7356473703677,13.2082881772947,12.1621112564363,11.8962552679434,12.2545079022745,12.3429218072418,16.7833946931931,14.0265090874556,13.7051269209688,12.468100231999,12.7210417949001,13.9767124217845,12.8918332761548,12.7318828409786,12.6167386202613,13.3774943942545,14.8972399087643,13.5470152215857,13.3611232683469,16.4146196542441,16.5200729257321,13.9656711711132,16.7833946931931,14.0504499826051,15.3796704965035,15.361146016036,16.7833946931931,15.2972118933103,14.609100232014,15.1702248761131,15.8891246206542,14.9111167963128,16.7833946931931,14.4046433500274,14.6149788314542,14.8160114105769,16.7833946931931,16.7833946931931,14.6622149578147,15.1998890037007,15.7393990128592,15.3315368869171,16.6644717458112,15.107323147446,16.7833946931931,16.7833946931931,15.2601050654361,14.9864758575746,16.7833946931931,15.2674938156541,16.7833946931931,15.8611328420753,16.7833946931931,16.7833946931931,16.7833946931931,16.3776096535947,16.3619011844489,16.4000718843578,16.7833946931931,16.7833946931931,16.7833946931931,16.7833946931931,16.7833946931931,16.2587863639246,16.7833946931931,16.7833946931931,15.9403215133632,16.7833946931931,16.5990570539149,16.0399663043116,15.9112134853688,16.7833946931931,16.7833946931931,16.1777061430595,16.4939413039803,16.7833946931931,16.7833946931931,16.7833946931931,16.0967420530131,16.7833946931931,16.7833946931931,16.7833946931931,16.7833946931931,16.7833946931931,16.7833946931931,16.5327174366922,16.7833946931931,16.3741353628872,16.7833946931931,16.7833946931931,16.7833946931931,16.7833946931931,16.7833946931931,16.3664610097722,16.7833946931931,16.7833946931931,16.7833946931931,16.7833946931931,16.7833946931931,16.7833946931931,16.7833946931931,16.7833946931931,16.7833946931931,16.4714787955262,16.7833946931931,16.7833946931931,16.7833946931931,16.7833946931931,16.7833946931931,16.7833946931931,16.7833946931931,16.7833946931931,16.7833946931931,16.7833946931931,16.7833946931931,16.6029906367152,16.7833946931931,16.7833946931931,16.7833946931931,16.7833946931931,16.7833946931931,16.7833946931931,16.7833946931931,16.7833946931931,16.7833946931931,16.7833946931931,16.6148459156222,16.7833946931931,16.7833946931931,16.7833946931931,16.7833946931931,16.7833946931931,16.7833946931931,16.7833946931931,16.7833946931931,16.7833946931931,16.7833946931931,16.7833946931931,16.7833946931931,16.7833946931931,16.7833946931931,16.7833946931931,16.7833946931931,16.7833946931931,16.7833946931931,16.7833946931931,16.7833946931931,16.7833946931931,16.7833946931931,16.7833946931931,16.7833946931931,16.7833946931931,16.7833946931931,16.7833946931931,16.7833946931931,16.7833946931931,16.7833946931931,16.7833946931931
"t5",4.23822503845301,2.99990875367826,6.67082463633564,4.79235247165567,0,0.599617600143327,0.699102846631079,10.2863737602308,11.8701020311848,11.8187302049543,12.9782238991003,12.4688770399329,15.3595463434073,13.5093210284874,19.2857585632339,13.9761956554457,13.8923611694692,15.6444996032588,16.2839876160457,17.2380112404085,15.7106520473355,14.6644751264771,14.3986191379842,14.7568717723153,14.8452856772826,19.2857585632339,16.5288729574964,16.2074907910096,14.9704641020398,15.2234056649409,16.4790762918253,15.3941971461956,15.2342467110194,15.1191024903021,15.8798582642953,17.3996037788051,16.0493790916265,15.8634871383877,18.9169835242849,19.0224367957729,16.468035041154,19.2857585632339,16.5528138526459,17.8820343665443,17.8635098860768,19.2857585632339,17.7995757633511,17.1114641020548,17.6725887461539,18.391488490695,17.4134806663536,19.2857585632339,16.9070072200682,17.117342701495,17.3183752806177,19.2857585632339,19.2857585632339,17.1645788278555,17.7022528737415,18.2417628829,17.8339007569579,19.166835615852,17.6096870174867,19.2857585632339,19.2857585632339,17.7624689354769,17.4888397276154,19.2857585632339,17.7698576856949,19.2857585632339,18.3634967121161,19.2857585632339,19.2857585632339,19.2857585632339,18.8799735236355,18.8642650544897,18.9024357543986,19.2857585632339,19.2857585632339,19.2857585632339,19.2857585632339,19.2857585632339,18.7611502339654,19.2857585632339,19.2857585632339,18.442685383404,19.2857585632339,19.1014209239557,18.5423301743524,18.4135773554096,19.2857585632339,19.2857585632339,18.6800700131003,18.9963051740211,19.2857585632339,19.2857585632339,19.2857585632339,18.5991059230539,19.2857585632339,19.2857585632339,19.2857585632339,19.2857585632339,19.2857585632339,19.2857585632339,19.035081306733,19.2857585632339,18.876499232928,19.2857585632339,19.2857585632339,19.2857585632339,19.2857585632339,19.2857585632339,18.868824879813,19.2857585632339,19.2857585632339,19.2857585632339,19.2857585632339,19.2857585632339,19.2857585632339,19.2857585632339,19.2857585632339,19.2857585632339,18.973842665567,19.2857585632339,19.2857585632339,19.2857585632339,19.2857585632339,19.2857585632339,19.2857585632339,19.2857585632339,19.2857585632339,19.2857585632339,19.2857585632339,19.2857585632339,19.105354506756,19.2857585632339,19.2857585632339,19.2857585632339,19.2857585632339,19.2857585632339,19.2857585632339,19.2857585632339,19.2857585632339,19.2857585632339,19.2857585632339,19.117209785663,19.2857585632339,19.2857585632339,19.2857585632339,19.2857585632339,19.2857585632339,19.2857585632339,19.2857585632339,19.2857585632339,19.2857585632339,19.2857585632339,19.2857585632339,19.2857585632339,19.2857585632339,19.2857585632339,19.2857585632339,19.2857585632339,19.2857585632339,19.2857585632339,19.2857585632339,19.2857585632339,19.2857585632339,19.2857585632339,19.2857585632339,19.2857585632339,19.2857585632339,19.2857585632339,19.2857585632339,19.2857585632339,19.2857585632339,19.2857585632339,19.2857585632339
"t6",4.19134618492384,2.95302990014909,6.62394578280646,4.7454736181265,0.599617600143327,0,0.260622327964965,10.2394949067016,11.8232231776556,11.7718513514251,12.9313450455711,12.4219981864037,15.3126674898781,13.4624421749582,19.2388797097047,13.9293168019165,13.84548231594,15.5976207497296,16.2371087625165,17.1911323868793,15.6637731938063,14.6175962729479,14.351740284455,14.7099929187861,14.7984068237534,19.2388797097047,16.4819941039672,16.1606119374804,14.9235852485106,15.1765268114117,16.4321974382961,15.3473182926664,15.1873678574903,15.072223636773,15.8329794107661,17.3527249252759,16.0025002380974,15.8166082848585,18.8701046707557,18.9755579422437,16.4211561876248,19.2388797097047,16.5059349991167,17.8351555130151,17.8166310325477,19.2388797097047,17.7526969098219,17.0645852485256,17.6257098926247,18.3446096371658,17.3666018128245,19.2388797097047,16.860128366539,17.0704638479658,17.2714964270885,19.2388797097047,19.2388797097047,17.1176999743264,17.6553740202124,18.1948840293709,17.7870219034287,19.1199567623228,17.5628081639576,19.2388797097047,19.2388797097047,17.7155900819477,17.4419608740863,19.2388797097047,17.7229788321657,19.2388797097047,18.3166178585869,19.2388797097047,19.2388797097047,19.2388797097047,18.8330946701063,18.8173862009605,18.8555569008694,19.2388797097047,19.2388797097047,19.2388797097047,19.2388797097047,19.2388797097047,18.7142713804362,19.2388797097047,19.2388797097047,18.3958065298748,19.2388797097047,19.0545420704266,18.4954513208232,18.3666985018804,19.2388797097047,19.2388797097047,18.6331911595711,18.949426320492,19.2388797097047,19.2388797097047,19.2388797097047,18.5522270695247,19.2388797097047,19.2388797097047,19.2388797097047,19.2388797097047,19.2388797097047,19.2388797097047,18.9882024532039,19.2388797097047,18.8296203793989,19.2388797097047,19.2388797097047,19.2388797097047,19.2388797097047,19.2388797097047,18.8219460262838,19.2388797097047,19.2388797097047,19.2388797097047,19.2388797097047,19.2388797097047,19.2388797097047,19.2388797097047,19.2388797097047,19.2388797097047,18.9269638120378,19.2388797097047,19.2388797097047,19.2388797097047,19.2388797097047,19.2388797097047,19.2388797097047,19.2388797097047,19.2388797097047,19.2388797097047,19.2388797097047,19.2388797097047,19.0584756532268,19.2388797097047,19.2388797097047,19.2388797097047,19.2388797097047,19.2388797097047,19.2388797097047,19.2388797097047,19.2388797097047,19.2388797097047,19.2388797097047,19.0703309321338,19.2388797097047,19.2388797097047,19.2388797097047,19.2388797097047,19.2388797097047,19.2388797097047,19.2388797097047,19.2388797097047,19.2388797097047,19.2388797097047,19.2388797097047,19.2388797097047,19.2388797097047,19.2388797097047,19.2388797097047,19.2388797097047,19.2388797097047,19.2388797097047,19.2388797097047,19.2388797097047,19.2388797097047,19.2388797097047,19.2388797097047,19.2388797097047,19.2388797097047,19.2388797097047,19.2388797097047,19.2388797097047,19.2388797097047,19.2388797097047,19.2388797097047
"t7",4.29083143141159,3.05251514663684,6.72343102929421,4.84495886461425,0.699102846631079,0.260622327964965,0,10.3389801531894,11.9227084241434,11.8713365979128,13.0308302920588,12.5214834328915,15.4121527363658,13.5619274214459,19.3383649561924,14.0288020484042,13.9449675624277,15.6971059962174,16.3365940090043,17.290617633367,15.7632584402941,14.7170815194357,14.4512255309428,14.8094781652738,14.8978920702412,19.3383649561924,16.581479350455,16.2600971839682,15.0230704949983,15.2760120578994,16.5316826847838,15.4468035391542,15.286853103978,15.1717088832607,15.9324646572539,17.4522101717636,16.1019854845851,15.9160935313463,18.9695899172435,19.0750431887315,16.5206414341125,19.3383649561924,16.6054202456045,17.9346407595028,17.9161162790354,19.3383649561924,17.8521821563097,17.1640704950134,17.7251951391124,18.4440948836535,17.4660870593122,19.3383649561924,16.9596136130267,17.1699490944535,17.3709816735763,19.3383649561924,19.3383649561924,17.2171852208141,17.7548592667001,18.2943692758586,17.8865071499164,19.2194420088106,17.6622934104453,19.3383649561924,19.3383649561924,17.8150753284354,17.541446120574,19.3383649561924,17.8224640786535,19.3383649561924,18.4161031050747,19.3383649561924,19.3383649561924,19.3383649561924,18.9325799165941,18.9168714474483,18.9550421473572,19.3383649561924,19.3383649561924,19.3383649561924,19.3383649561924,19.3383649561924,18.813756626924,19.3383649561924,19.3383649561924,18.4952917763626,19.3383649561924,19.1540273169143,18.594936567311,18.4661837483682,19.3383649561924,19.3383649561924,18.7326764060589,19.0489115669797,19.3383649561924,19.3383649561924,19.3383649561924,18.6517123160124,19.3383649561924,19.3383649561924,19.3383649561924,19.3383649561924,19.3383649561924,19.3383649561924,19.0876876996916,19.3383649561924,18.9291056258866,19.3383649561924,19.3383649561924,19.3383649561924,19.3383649561924,19.3383649561924,18.9214312727715,19.3383649561924,19.3383649561924,19.3383649561924,19.3383649561924,19.3383649561924,19.3383649561924,19.3383649561924,19.3383649561924,19.3383649561924,19.0264490585255,19.3383649561924,19.3383649561924,19.3383649561924,19.3383649561924,19.3383649561924,19.3383649561924,19.3383649561924,19.3383649561924,19.3383649561924,19.3383649561924,19.3383649561924,19.1579608997145,19.3383649561924,19.3383649561924,19.3383649561924,19.3383649561924,19.3383649561924,19.3383649561924,19.3383649561924,19.3383649561924,19.3383649561924,19.3383649561924,19.1698161786216,19.3383649561924,19.3383649561924,19.3383649561924,19.3383649561924,19.3383649561924,19.3383649561924,19.3383649561924,19.3383649561924,19.3383649561924,19.3383649561924,19.3383649561924,19.3383649561924,19.3383649561924,19.3383649561924,19.3383649561924,19.3383649561924,19.3383649561924,19.3383649561924,19.3383649561924,19.3383649561924,19.3383649561924,19.3383649561924,19.3383649561924,19.3383649561924,19.3383649561924,19.3383649561924,19.3383649561924,19.3383649561924,19.3383649561924,19.3383649561924,19.3383649561924
"t8",7.40473795415589,7.62382686627781,9.66248205486998,7.78400989019002,10.2863737602308,10.2394949067016,10.3389801531894,0,3.10319141818481,3.05181959195427,4.21131328610026,3.70196642693289,6.59263573040728,4.74241041548736,10.5188479502339,5.20928504244566,5.12545055646916,6.87758899025883,7.51707700304569,8.47110062740846,6.94374143433553,5.89756451347714,5.63170852498419,5.98996115931527,6.07837506428262,10.5188479502339,7.7619623444964,7.44058017800959,6.20355348903978,6.45649505194088,7.71216567882528,6.6272865331956,6.46733609801944,6.35219187730215,7.11294765129531,8.63269316580508,7.28246847862655,7.09657652538772,10.1500729112849,10.2555261827729,7.70112442815398,10.5188479502339,7.78590323964591,9.11512375354426,9.09659927307684,10.5188479502339,9.03266515035111,8.34455348905483,8.90567813315386,9.62457787769498,8.64657005335365,10.5188479502339,8.14009660706817,8.35043208849497,8.55146466761771,10.5188479502339,10.5188479502339,8.39766821485554,8.93534226074154,9.47485226990005,9.06699014395787,10.399925002852,8.84277640448676,10.5188479502339,10.5188479502339,8.99555832247688,8.72192911461544,10.5188479502339,9.00294707269489,10.5188479502339,9.59658609911613,10.5188479502339,10.5188479502339,10.5188479502339,10.1130629106355,10.0973544414897,10.1355251413986,10.5188479502339,10.5188479502339,10.5188479502339,10.5188479502339,10.5188479502339,9.99423962096539,10.5188479502339,10.5188479502339,9.67577477040399,10.5188479502339,10.3345103109558,9.77541956135241,9.64666674240964,10.5188479502339,10.5188479502339,9.91315940010031,10.2293945610212,10.5188479502339,10.5188479502339,10.5188479502339,9.83219531005388,10.5188479502339,10.5188479502339,10.5188479502339,10.5188479502339,10.5188479502339,10.5188479502339,10.2681706937331,10.5188479502339,10.109588619928,10.5188479502339,10.5188479502339,10.5188479502339,10.5188479502339,10.5188479502339,10.101914266813,10.5188479502339,10.5188479502339,10.5188479502339,10.5188479502339,10.5188479502339,10.5188479502339,10.5188479502339,10.5188479502339,10.5188479502339,10.206932052567,10.5188479502339,10.5188479502339,10.5188479502339,10.5188479502339,10.5188479502339,10.5188479502339,10.5188479502339,10.5188479502339,10.5188479502339,10.5188479502339,10.5188479502339,10.338443893756,10.5188479502339,10.5188479502339,10.5188479502339,10.5188479502339,10.5188479502339,10.5188479502339,10.5188479502339,10.5188479502339,10.5188479502339,10.5188479502339,10.350299172663,10.5188479502339,10.5188479502339,10.5188479502339,10.5188479502339,10.5188479502339,10.5188479502339,10.5188479502339,10.5188479502339,10.5188479502339,10.5188479502339,10.5188479502339,10.5188479502339,10.5188479502339,10.5188479502339,10.5188479502339,10.5188479502339,10.5188479502339,10.5188479502339,10.5188479502339,10.5188479502339,10.5188479502339,10.5188479502339,10.5188479502339,10.5188479502339,10.5188479502339,10.5188479502339,10.5188479502339,10.5188479502339,10.5188479502339,10.5188479502339,10.5188479502339
"t9",8.98846622510986,9.20755513723178,11.246210325824,9.367738161144,11.8701020311848,11.8232231776556,11.9227084241434,3.10319141818481,0,1.03332526511632,2.76020498136616,2.25085812219878,4.57414140356933,3.21649461399567,8.50035362339592,3.68336924095397,3.59953475497747,4.85909466342088,5.991161201554,6.94518482591677,4.92524710749757,3.87907018663919,4.10579272349249,4.46404535782358,4.55245926279093,8.99293214874218,5.74346801765844,5.9146643765179,4.67763768754809,4.93057925044918,6.18624987733359,5.10137073170391,4.94142029652775,7.77463749317422,8.53539326716738,6.61419883896713,5.2639741517886,8.51902214125978,8.6241571097932,8.23703185593494,6.17520862666229,8.99293214874219,6.25998743815422,7.58920795205257,7.57068347158515,11.9412935661059,7.50674934885942,9.76699910492689,7.37976233166217,7.60608355085703,6.6280757265157,8.99293214874218,9.56254222294023,9.77287770436704,7.02554886612602,8.99293214874218,8.99293214874219,6.87175241336385,7.40942645924985,7.94893646840835,7.04849581711992,8.87400920136032,7.31686060299507,8.99293214874218,8.99293214874218,7.46964252098519,7.19601331312375,8.99293214874218,7.4770312712032,8.99293214874218,8.07067029762444,8.99293214874219,8.99293214874218,8.50035362339592,8.09456858379756,8.57143863999801,8.60960933990691,8.99293214874218,8.99293214874218,8.50035362339592,8.99293214874218,8.99293214874218,8.46832381947369,8.99293214874218,8.99293214874219,8.1498589689123,8.99293214874218,8.80859450946407,7.75692523451446,8.12075094091795,11.9412935661059,8.99293214874218,8.38724359860862,8.2109002341832,8.50035362339592,8.99293214874218,8.99293214874218,8.30627950856219,9.63509471896564,8.99293214874218,8.99293214874218,8.50035362339592,8.99293214874218,8.99293214874218,8.74225489224136,8.99293214874218,8.58367281843635,8.99293214874219,8.99293214874219,8.99293214874218,8.99293214874218,9.63509471896564,8.57599846532128,11.9412935661059,8.99293214874218,8.99293214874218,8.50035362339592,8.50035362339592,8.99293214874218,8.99293214874218,8.99293214874218,8.50035362339592,8.18843772572902,8.50035362339593,8.99293214874218,8.99293214874219,8.99293214874219,8.50035362339592,8.50035362339592,8.99293214874219,8.99293214874219,8.99293214874218,8.99293214874218,8.99293214874218,8.81252809226428,8.99293214874218,8.99293214874218,11.9412935661059,8.50035362339592,8.50035362339592,8.99293214874219,8.99293214874219,8.50035362339593,8.50035362339593,9.63509471896564,9.46654594139476,11.9412935661059,11.9412935661059,8.99293214874218,8.99293214874218,8.99293214874218,8.99293214874218,8.99293214874219,8.50035362339592,8.50035362339592,8.99293214874218,8.99293214874218,8.99293214874219,8.99293214874219,8.99293214874218,8.99293214874218,8.99293214874219,8.99293214874219,9.63509471896564,9.63509471896564,8.50035362339592,8.50035362339592,9.63509471896564,9.63509471896564,8.50035362339593,8.50035362339593,8.99293214874218,8.99293214874218,8.99293214874218,8.99293214874218,8.99293214874218,8.99293214874218
"t10",8.93709439887933,9.15618331100124,11.1948384995934,9.31636633491346,11.8187302049543,11.7718513514251,11.8713365979128,3.05181959195427,1.03332526511632,0,2.70883315513563,2.19948629596825,4.51116743196346,3.16512278776514,8.43737965179005,3.63199741472344,3.54816292874694,4.79612069181501,5.93978937532347,6.89381299968623,4.8622731358917,3.81609621503331,4.05442089726196,4.41267353159304,4.5010874365604,8.94156032251165,5.68049404605257,5.86329255028736,4.62626586131756,4.87920742421865,6.13487805110305,5.04999890547337,4.89004847029721,7.72326566694368,8.48402144093684,6.55122486736126,5.20100018018273,8.46765031502925,8.57278528356266,8.17405788432907,6.12383680043175,8.94156032251165,6.20861561192368,7.53783612582203,7.51931164535461,11.8899217398754,7.45537752262889,9.71562727869635,7.32839050543164,7.54310957925116,6.56510175490982,8.94156032251165,9.5111703967097,9.7215058781365,6.97417703989549,8.94156032251165,8.94156032251165,6.82038058713331,7.35805463301931,7.89756464217782,6.98552184551405,8.82263737512978,7.26548877676453,8.94156032251165,8.94156032251165,7.41827069475465,7.14464148689321,8.94156032251165,7.42565944497266,8.94156032251165,8.0192984713939,8.94156032251165,8.94156032251165,8.43737965179005,8.03159461219169,8.52006681376747,8.55823751367637,8.94156032251165,8.94156032251165,8.43737965179005,8.94156032251165,8.94156032251165,8.41695199324316,8.94156032251165,8.94156032251165,8.09848714268176,8.94156032251165,8.75722268323353,7.69395126290859,8.06937911468741,11.8899217398754,8.94156032251165,8.33587177237809,8.14792626257733,8.43737965179005,8.94156032251165,8.94156032251165,8.25490768233165,9.5837228927351,8.94156032251165,8.94156032251165,8.43737965179005,8.94156032251165,8.94156032251165,8.69088306601083,8.94156032251165,8.53230099220581,8.94156032251165,8.94156032251165,8.94156032251164,8.94156032251165,9.5837228927351,8.52462663909074,11.8899217398754,8.94156032251165,8.94156032251165,8.43737965179005,8.43737965179005,8.94156032251165,8.94156032251165,8.94156032251165,8.43737965179005,8.12546375412315,8.43737965179005,8.94156032251165,8.94156032251165,8.94156032251165,8.43737965179005,8.43737965179005,8.94156032251165,8.94156032251165,8.94156032251165,8.94156032251165,8.94156032251165,8.76115626603374,8.94156032251165,8.94156032251165,11.8899217398754,8.43737965179005,8.43737965179005,8.94156032251165,8.94156032251165,8.43737965179005,8.43737965179005,9.5837228927351,9.41517411516422,11.8899217398754,11.8899217398754,8.94156032251165,8.94156032251165,8.94156032251165,8.94156032251165,8.94156032251165,8.43737965179005,8.43737965179005,8.94156032251164,8.94156032251164,8.94156032251165,8.94156032251165,8.94156032251165,8.94156032251165,8.94156032251165,8.94156032251165,9.5837228927351,9.5837228927351,8.43737965179005,8.43737965179005,9.5837228927351,9.5837228927351,8.43737965179005,8.43737965179005,8.94156032251165,8.94156032251165,8.94156032251165,8.94156032251165,8.94156032251165,8.94156032251165
"t11",10.0965880930253,10.3156770051472,12.3543321937394,10.4758600290595,12.9782238991003,12.9313450455711,13.0308302920588,4.21131328610026,2.76020498136616,2.70883315513563,0,1.63301632191148,6.24964929358863,4.39942397866872,10.1758615134152,4.86629860562702,4.78246411965052,6.53460255344019,7.17409056622705,8.12811419058982,6.60075499751688,5.55457807665849,5.28872208816554,5.64697472249662,5.73538862746398,10.1758615134152,7.41897590767775,7.09759374119094,5.86056705222114,6.11350861512223,7.36917924200663,6.28430009637695,6.1243496612008,8.88275936108967,9.64351513508283,8.28970672898643,6.93948204180791,9.62714400917524,9.80708647446625,9.91253974595425,7.35813799133533,10.1758615134152,7.44291680282726,8.77213731672561,8.7536128362582,13.0494154340214,8.68967871353247,10.8751209728423,8.56269169633522,9.28159144087634,8.303583616535,10.1758615134152,10.6706640908557,10.8809995722825,8.20847823079907,10.1758615134152,10.1758615134152,8.05468177803689,8.59235582392289,9.1318658330814,8.72400370713923,10.0569385660334,8.49978996766811,10.1758615134152,10.1758615134152,8.65257188565823,8.3789426777968,10.1758615134152,8.65996063587624,10.1758615134152,9.25359966229748,10.1758615134152,10.1758615134152,10.1758615134152,9.77007647381686,9.75436800467105,9.79253870457995,10.1758615134152,10.1758615134152,10.1758615134152,10.1758615134152,10.1758615134152,9.65125318414674,10.1758615134152,10.1758615134152,9.33278833358534,10.1758615134152,9.99152387413711,9.43243312453377,9.30368030559099,13.0494154340214,10.1758615134152,9.57017296328167,9.88640812420251,10.1758615134152,10.1758615134152,10.1758615134152,9.48920887323523,10.7432165868811,10.1758615134152,10.1758615134152,10.1758615134152,10.1758615134152,10.1758615134152,9.92518425691441,10.1758615134152,9.76660218310939,10.1758615134152,10.1758615134152,10.1758615134152,10.1758615134152,10.7432165868811,9.75892782999432,13.0494154340214,10.1758615134152,10.1758615134152,10.1758615134152,10.1758615134152,10.1758615134152,10.1758615134152,10.1758615134152,10.1758615134152,9.86394561574833,10.1758615134152,10.1758615134152,10.1758615134152,10.1758615134152,10.1758615134152,10.1758615134152,10.1758615134152,10.1758615134152,10.1758615134152,10.1758615134152,10.1758615134152,9.99545745693732,10.1758615134152,10.1758615134152,13.0494154340214,10.1758615134152,10.1758615134152,10.1758615134152,10.1758615134152,10.1758615134152,10.1758615134152,10.7432165868811,10.5746678093102,13.0494154340214,13.0494154340214,10.1758615134152,10.1758615134152,10.1758615134152,10.1758615134152,10.1758615134152,10.1758615134152,10.1758615134152,10.1758615134152,10.1758615134152,10.1758615134152,10.1758615134152,10.1758615134152,10.1758615134152,10.1758615134152,10.1758615134152,10.7432165868811,10.7432165868811,10.1758615134152,10.1758615134152,10.7432165868811,10.7432165868811,10.1758615134152,10.1758615134152,10.1758615134152,10.1758615134152,10.1758615134152,10.1758615134152,10.1758615134152,10.1758615134152
"t12",9.58724123385794,9.80633014597986,11.844985334572,9.96651316989207,12.4688770399329,12.4219981864037,12.5214834328915,3.70196642693289,2.25085812219878,2.19948629596825,1.63301632191148,0,5.74030243442126,3.89007711950134,9.66651465424785,4.35695174645964,4.27311726048314,6.02525569427281,6.66474370705967,7.61876733142244,6.0914081383495,5.04523121749111,4.77937522899816,5.13762786332924,5.2260417682966,9.66651465424785,6.90962904851037,6.58824688202356,5.35122019305376,5.60416175595485,6.85983238283925,5.77495323720957,5.61500280203342,8.37341250192229,9.13416827591545,7.78035986981906,6.43013518264053,9.11779715000786,9.29773961529887,9.40319288678687,6.84879113216795,9.66651465424785,6.93356994365988,8.26279045755823,8.24426597709082,12.540068574854,8.18033185436509,10.365774113675,8.05334483716784,8.77224458170896,7.79423675736762,9.66651465424785,10.1613172316883,10.3716527131151,7.69913137163169,9.66651465424785,9.66651465424785,7.54533491886951,8.08300896475551,8.62251897391402,8.21465684797185,9.54759170686598,7.99044310850073,9.66651465424785,9.66651465424785,8.14322502649085,7.86959581862942,9.66651465424785,8.15061377670886,9.66651465424785,8.7442528031301,9.66651465424785,9.66651465424785,9.66651465424785,9.26072961464948,9.24502114550367,9.28319184541257,9.66651465424785,9.66651465424785,9.66651465424785,9.66651465424785,9.66651465424785,9.14190632497936,9.66651465424785,9.66651465424785,8.82344147441797,9.66651465424785,9.48217701496973,8.92308626536639,8.79433344642361,12.540068574854,9.66651465424785,9.06082610411429,9.37706126503513,9.66651465424785,9.66651465424785,9.66651465424785,8.97986201406785,10.2338697277137,9.66651465424785,9.66651465424785,9.66651465424785,9.66651465424785,9.66651465424785,9.41583739774703,9.66651465424785,9.25725532394202,9.66651465424785,9.66651465424785,9.66651465424784,9.66651465424785,10.2338697277137,9.24958097082694,12.540068574854,9.66651465424785,9.66651465424785,9.66651465424785,9.66651465424785,9.66651465424785,9.66651465424785,9.66651465424785,9.66651465424785,9.35459875658095,9.66651465424785,9.66651465424785,9.66651465424785,9.66651465424785,9.66651465424785,9.66651465424785,9.66651465424785,9.66651465424785,9.66651465424785,9.66651465424785,9.66651465424785,9.48611059776994,9.66651465424785,9.66651465424785,12.540068574854,9.66651465424785,9.66651465424785,9.66651465424785,9.66651465424785,9.66651465424785,9.66651465424785,10.2338697277137,10.0653209501428,12.540068574854,12.540068574854,9.66651465424785,9.66651465424785,9.66651465424785,9.66651465424785,9.66651465424785,9.66651465424785,9.66651465424785,9.66651465424784,9.66651465424784,9.66651465424785,9.66651465424785,9.66651465424785,9.66651465424785,9.66651465424785,9.66651465424785,10.2338697277137,10.2338697277137,9.66651465424785,9.66651465424785,10.2338697277137,10.2338697277137,9.66651465424785,9.66651465424785,9.66651465424785,9.66651465424785,9.66651465424785,9.66651465424785,9.66651465424785,9.66651465424785
"t13",12.4779105373323,12.6969994494543,14.7356546380464,12.8571824733665,15.3595463434073,15.3126674898781,15.4121527363658,6.59263573040728,4.57414140356933,4.51116743196346,6.24964929358863,5.74030243442126,0,6.70593892621815,9.82785001500331,7.17281355317645,7.08897906719995,6.18659105502827,9.48060551377648,10.4346291381392,6.25274349910497,5.20656657824658,7.59523703571497,7.95348967004605,8.04190357501341,12.4823764609647,7.07096440926584,9.40410868874037,8.16708199977056,8.42002356267166,9.67569418955606,8.59081504392638,8.43086460875022,11.2640818053967,12.0248375793898,7.94169523057452,6.59147054339599,12.0084664534823,12.1136014220157,9.56452824754233,9.66465293888476,12.4823764609647,9.74943175037669,11.078652264275,11.0601277838076,15.4307378783284,10.9961936610819,13.2564434171494,10.8692066438846,8.93357994246442,7.95557211812309,12.4823764609647,13.0519865351627,13.2623220165895,10.5149931783485,12.4823764609647,12.4823764609647,10.3611967255863,10.8988707714723,11.4383807806308,8.37599220872731,12.3634535135828,10.8063049152175,12.4823764609647,12.4823764609647,10.9590868332077,10.6854576253462,12.4823764609647,10.9664755834257,12.4823764609647,11.5601146098469,12.4823764609647,12.4823764609647,9.82785001500332,9.42206497540495,12.0608829522205,12.0990536521294,12.4823764609647,12.4823764609647,9.82785001500331,12.4823764609647,12.4823764609647,11.9577681316962,12.4823764609647,12.4823764609647,11.6393032811348,12.4823764609647,12.2980388216865,9.08442162612185,11.6101952531404,15.4307378783284,12.4823764609647,11.8766879108311,9.53839662579059,9.82785001500331,12.4823764609647,12.4823764609647,11.7957238207847,13.1245390311881,12.4823764609647,12.4823764609647,9.82785001500332,12.4823764609647,12.4823764609647,12.2316992044638,12.4823764609647,12.0731171306588,12.4823764609647,12.4823764609647,12.4823764609647,12.4823764609647,13.1245390311881,12.0654427775438,15.4307378783284,12.4823764609647,12.4823764609647,9.82785001500331,9.82785001500331,12.4823764609647,12.4823764609647,12.4823764609647,9.82785001500331,9.51593411733641,9.82785001500332,12.4823764609647,12.4823764609647,12.4823764609647,9.82785001500331,9.82785001500331,12.4823764609647,12.4823764609647,12.4823764609647,12.4823764609647,12.4823764609647,12.3019724044868,12.4823764609647,12.4823764609647,15.4307378783284,9.82785001500331,9.82785001500331,12.4823764609647,12.4823764609647,9.82785001500332,9.82785001500332,13.1245390311881,12.9559902536172,15.4307378783284,15.4307378783284,12.4823764609647,12.4823764609647,12.4823764609647,12.4823764609647,12.4823764609647,9.82785001500331,9.82785001500331,12.4823764609647,12.4823764609647,12.4823764609647,12.4823764609647,12.4823764609647,12.4823764609647,12.4823764609647,12.4823764609647,13.1245390311881,13.1245390311881,9.82785001500331,9.82785001500331,13.1245390311881,13.1245390311881,9.82785001500332,9.82785001500332,12.4823764609647,12.4823764609647,12.4823764609647,12.4823764609647,12.4823764609647,12.4823764609647
