"","t1","t2","t3","t4","t5","t6","t7","t8","t9","t10","t11","t12","t13","t14","t15","t16","t17","t18","t19","t20","t21","t22","t23","t24","t25","t26","t27","t28","t29","t30","t31","t32","t33","t34","t35","t36","t37","t38","t39","t40","t41","t42","t43","t44","t45","t46","t47","t48","t49","t50","t51","t52","t53","t54","t55","t56","t57","t58","t59","t60","t61","t62","t63","t64","t65","t66","t67","t68","t69","t70","t71","t72","t73","t74","t75","t76","t77","t78","t79","t80","t81","t82","t83","t84","t85","t86","t87","t88","t89","t90","t91","t92","t93","t94","t95","t96","t97","t98","t99","t100","t101","t102","t103","t104","t105","t106","t107","t108","t109","t110","t111","t112","t113"
"t1",0,1.68498191013651,2.34960684509678,6.03645650702806,5.03086009571034,5.94223822581616,4.79108356785969,5.94223822581616,7.57526452640885,5.94223822581616,5.46243891427002,7.57526452640885,7.57526452640885,5.94223822581616,4.98269304367039,5.94223822581616,4.73606358066331,4.32602914768379,5.94223822581616,5.94223822581616,5.94223822581616,5.94223822581616,5.94223822581616,5.94223822581616,5.94223822581616,7.57526452640885,5.94223822581616,5.94223822581616,5.94223822581616,5.94223822581616,5.94223822581616,5.94223822581616,5.94223822581616,5.94223822581616,5.94223822581616,5.20377802879319,5.94223822581616,5.94223822581616,5.94223822581616,5.94223822581616,5.70317061475521,5.94223822581616,5.94223822581616,7.57526452640885,7.57526452640885,5.94223822581616,7.57526452640885,5.94223822581616,5.94223822581616,5.94223822581616,5.94223822581616,5.94223822581616,5.94223822581616,5.74606970420917,5.94223822581616,5.94223822581616,7.57526452640885,5.94223822581616,5.94223822581616,7.57526452640885,5.94223822581616,5.94223822581616,5.94223822581616,5.94223822581616,5.94223822581616,7.57526452640885,7.57526452640885,5.94223822581616,5.94223822581616,5.94223822581616,5.94223822581616,5.94223822581616,5.94223822581616,5.94223822581616,5.94223822581616,5.94223822581616,5.94223822581616,5.94223822581616,5.94223822581616,7.57526452640885,7.57526452640885,5.94223822581616,5.94223822581616,5.94223822581616,5.94223822581616,7.57526452640885,7.57526452640885,5.94223822581616,5.94223822581616,7.57526452640885,5.94223822581616,5.94223822581616,7.57526452640885,5.94223822581616,5.94223822581616,5.94223822581616,5.94223822581616,7.57526452640885,7.57526452640885,5.94223822581616,5.94223822581616,5.94223822581616,5.94223822581616,5.94223822581616,5.94223822581616,5.94223822581616,5.94223822581616,7.57526452640885,7.57526452640885,7.57526452640885,7.57526452640885,5.94223822581616,5.94223822581616
"t2",1.68498191013651,0,1.72624510763515,7.67220517230895,4.40749835824871,4.82683464994229,4.16772183039806,5.31887648835453,9.21101319168974,5.31887648835453,7.09818757955091,9.21101319168974,9.21101319168974,5.31887648835453,4.35933130620875,5.31887648835453,4.11270184320168,3.70266741022216,5.31887648835453,5.31887648835453,4.82683464994229,5.31887648835453,5.31887648835453,5.31887648835453,5.31887648835453,9.21101319168974,5.31887648835453,5.31887648835453,5.31887648835453,5.31887648835453,5.31887648835453,5.31887648835453,5.31887648835453,5.31887648835453,5.31887648835453,4.58041629133156,5.31887648835453,5.31887648835453,5.31887648835453,5.31887648835453,5.07980887729358,5.31887648835453,5.31887648835453,9.21101319168974,9.21101319168974,5.31887648835453,9.21101319168974,5.31887648835453,5.31887648835453,5.31887648835453,5.31887648835453,5.31887648835453,5.31887648835453,4.6306661283353,5.31887648835453,5.31887648835453,9.21101319168974,5.31887648835453,5.31887648835453,9.21101319168974,5.31887648835453,5.31887648835453,5.31887648835453,5.31887648835453,5.31887648835453,9.21101319168974,9.21101319168974,5.31887648835453,5.31887648835453,5.31887648835453,5.31887648835453,5.31887648835453,5.31887648835453,4.82683464994229,4.82683464994229,5.31887648835453,5.31887648835453,5.31887648835453,5.31887648835453,9.21101319168974,9.21101319168974,5.31887648835453,5.31887648835453,5.31887648835453,5.31887648835453,9.21101319168974,9.21101319168974,5.31887648835453,5.31887648835453,9.21101319168974,5.31887648835453,5.31887648835453,9.21101319168974,5.31887648835453,5.31887648835453,5.31887648835453,5.31887648835453,9.21101319168974,9.21101319168974,5.31887648835453,5.31887648835453,5.31887648835453,5.31887648835453,5.31887648835453,5.31887648835453,5.31887648835453,5.31887648835453,9.21101319168974,9.21101319168974,9.21101319168974,9.21101319168974,5.31887648835453,5.31887648835453
"t3",2.34960684509678,1.72624510763515,0,8.33683010726922,3.28445006146024,5.9835014233148,3.97037244914036,5.12152710709683,9.87563812665002,5.12152710709683,7.76281251451119,9.87563812665002,9.87563812665002,5.12152710709683,4.16198192495106,5.12152710709683,3.91535246194398,2.57961911343369,5.12152710709683,5.12152710709683,5.9835014233148,5.12152710709683,5.12152710709683,5.12152710709683,5.12152710709683,9.87563812665002,5.12152710709683,5.12152710709683,5.12152710709683,5.12152710709683,5.12152710709683,5.12152710709683,4.19582819156606,4.19582819156606,5.12152710709683,4.38306691007386,4.19582819156606,5.12152710709683,5.12152710709683,5.12152710709683,4.88245949603588,5.12152710709683,5.12152710709683,9.87563812665002,9.87563812665002,5.12152710709683,9.87563812665002,5.12152710709683,5.12152710709683,4.19582819156606,4.19582819156606,5.12152710709683,5.12152710709683,5.78733290170781,4.19582819156606,4.19582819156606,9.87563812665002,5.12152710709683,5.12152710709683,9.87563812665002,4.19582819156606,4.19582819156606,5.12152710709683,5.12152710709683,5.12152710709683,9.87563812665002,9.87563812665002,5.12152710709683,5.12152710709683,5.12152710709683,5.12152710709683,5.12152710709683,5.12152710709683,5.9835014233148,5.9835014233148,4.19582819156606,4.19582819156606,5.12152710709683,5.12152710709683,9.87563812665002,9.87563812665002,5.12152710709683,5.12152710709683,5.12152710709683,4.19582819156606,9.87563812665002,9.87563812665002,5.12152710709683,5.12152710709683,9.87563812665002,5.12152710709683,5.12152710709683,9.87563812665002,5.12152710709683,5.12152710709683,5.12152710709683,5.12152710709683,9.87563812665002,9.87563812665002,5.12152710709683,5.12152710709683,4.19582819156606,4.19582819156606,5.12152710709683,5.12152710709683,5.12152710709683,5.12152710709683,9.87563812665002,9.87563812665002,9.87563812665002,9.87563812665002,5.12152710709683,5.12152710709683
"t4",6.03645650702806,7.67220517230895,8.33683010726922,0,11.0180833578828,11.9294614879886,10.7783068300321,11.9294614879886,7.12209754036946,11.9294614879886,5.00927192823062,5.6914052383615,5.6914052383615,11.9294614879886,10.9699163058428,11.9294614879886,10.7232868428358,10.3132524098562,11.9294614879886,11.9294614879886,11.9294614879886,11.9294614879886,11.9294614879886,11.9294614879886,11.9294614879886,5.6914052383615,11.9294614879886,11.9294614879886,11.9294614879886,11.9294614879886,11.9294614879886,11.9294614879886,11.9294614879886,11.9294614879886,11.9294614879886,11.1910012909656,11.9294614879886,11.9294614879886,11.9294614879886,11.9294614879886,11.6903938769277,11.9294614879886,11.9294614879886,7.12209754036946,7.12209754036946,11.9294614879886,7.12209754036946,11.9294614879886,11.9294614879886,11.9294614879886,11.9294614879886,11.9294614879886,11.9294614879886,11.7332929663816,11.9294614879886,11.9294614879886,7.12209754036946,11.9294614879886,11.9294614879886,7.12209754036946,11.9294614879886,11.9294614879886,11.9294614879886,11.9294614879886,11.9294614879886,7.12209754036946,7.12209754036946,11.9294614879886,11.9294614879886,11.9294614879886,11.9294614879886,11.9294614879886,11.9294614879886,11.9294614879886,11.9294614879886,11.9294614879886,11.9294614879886,11.9294614879886,11.9294614879886,7.12209754036946,7.12209754036946,11.9294614879886,11.9294614879886,11.9294614879886,11.9294614879886,5.6914052383615,5.6914052383615,11.9294614879886,11.9294614879886,5.6914052383615,11.9294614879886,11.9294614879886,5.6914052383615,11.9294614879886,11.9294614879886,11.9294614879886,11.9294614879886,5.6914052383615,5.6914052383615,11.9294614879886,11.9294614879886,11.9294614879886,11.9294614879886,11.9294614879886,11.9294614879886,11.9294614879886,11.9294614879886,7.12209754036946,7.12209754036946,7.12209754036946,7.12209754036946,11.9294614879886,11.9294614879886
"t5",5.03086009571034,4.40749835824871,3.28445006146024,11.0180833578828,0,8.66475467392836,6.65162569975392,7.80278035771039,12.5568913772636,7.80278035771039,10.4440657651247,12.5568913772636,12.5568913772636,7.80278035771039,6.84323517556462,7.80278035771039,6.59660571255754,4.36898388684239,7.80278035771039,7.80278035771039,8.66475467392836,7.80278035771039,7.80278035771039,7.80278035771039,7.80278035771039,12.5568913772636,7.80278035771039,7.80278035771039,7.80278035771039,7.80278035771039,7.80278035771039,7.80278035771039,5.98519296497476,5.98519296497476,7.80278035771039,7.06432016068742,5.98519296497476,7.80278035771039,7.80278035771039,7.80278035771039,7.56371274664944,7.80278035771039,7.80278035771039,12.5568913772636,12.5568913772636,7.80278035771039,12.5568913772636,7.80278035771039,7.80278035771039,5.98519296497476,5.98519296497476,7.80278035771039,7.80278035771039,8.46858615232137,5.98519296497476,5.98519296497476,12.5568913772636,7.80278035771039,7.80278035771039,12.5568913772636,5.98519296497476,5.98519296497476,7.80278035771039,7.80278035771039,7.80278035771039,12.5568913772636,12.5568913772636,7.80278035771039,7.80278035771039,7.80278035771039,7.80278035771039,7.80278035771039,7.80278035771039,8.66475467392836,8.66475467392836,5.98519296497476,5.98519296497476,7.80278035771039,7.80278035771039,12.5568913772636,12.5568913772636,7.80278035771039,7.80278035771039,7.80278035771039,5.98519296497476,12.5568913772636,12.5568913772636,7.80278035771039,7.80278035771039,12.5568913772636,7.80278035771039,7.80278035771039,12.5568913772636,7.80278035771039,7.80278035771039,7.80278035771039,7.80278035771039,12.5568913772636,12.5568913772636,7.80278035771039,7.80278035771039,5.98519296497476,5.98519296497476,7.80278035771039,7.80278035771039,7.80278035771039,7.80278035771039,12.5568913772636,12.5568913772636,12.5568913772636,12.5568913772636,7.80278035771039,7.80278035771039
"t6",5.94223822581616,4.82683464994229,5.9835014233148,11.9294614879886,8.66475467392836,0,8.42497814607772,9.57613280403418,13.4682695073694,9.57613280403418,11.3554438952306,13.4682695073694,13.4682695073694,9.57613280403418,8.61658762188841,9.57613280403418,8.36995815888133,7.95992372590181,9.57613280403418,9.57613280403418,6.12345905729062,9.57613280403418,9.57613280403418,9.57613280403418,9.57613280403418,13.4682695073694,9.57613280403418,9.57613280403418,9.57613280403418,9.57613280403418,9.57613280403418,9.57613280403418,9.57613280403418,9.57613280403418,9.57613280403418,8.83767260701121,9.57613280403418,9.57613280403418,9.57613280403418,9.57613280403418,9.33706519297323,9.57613280403418,9.57613280403418,13.4682695073694,13.4682695073694,9.57613280403418,13.4682695073694,9.57613280403418,9.57613280403418,9.57613280403418,9.57613280403418,9.57613280403418,9.57613280403418,5.92729053568362,9.57613280403418,9.57613280403418,13.4682695073694,9.57613280403418,9.57613280403418,13.4682695073694,9.57613280403418,9.57613280403418,9.57613280403418,9.57613280403418,9.57613280403418,13.4682695073694,13.4682695073694,9.57613280403418,9.57613280403418,9.57613280403418,9.57613280403418,9.57613280403418,9.57613280403418,6.12345905729061,6.12345905729061,9.57613280403418,9.57613280403418,9.57613280403418,9.57613280403418,13.4682695073694,13.4682695073694,9.57613280403418,9.57613280403418,9.57613280403418,9.57613280403418,13.4682695073694,13.4682695073694,9.57613280403418,9.57613280403418,13.4682695073694,9.57613280403418,9.57613280403418,13.4682695073694,9.57613280403418,9.57613280403418,9.57613280403418,9.57613280403418,13.4682695073694,13.4682695073694,9.57613280403418,9.57613280403418,9.57613280403418,9.57613280403418,9.57613280403418,9.57613280403418,9.57613280403418,9.57613280403418,13.4682695073694,13.4682695073694,13.4682695073694,13.4682695073694,9.57613280403418,9.57613280403418
"t7",4.79108356785969,4.16772183039806,3.97037244914036,10.7783068300321,6.65162569975392,8.42497814607772,0,5.34196854398996,12.3171148494129,5.34196854398996,10.2042892372741,12.3171148494129,12.3171148494129,5.34196854398996,4.1604347186948,4.78465686236153,4.13579389883711,5.94679475172737,5.34196854398996,4.78465686236153,8.42497814607772,5.34196854398996,5.34196854398996,5.11997990084058,5.34196854398996,12.3171148494129,5.34196854398996,5.34196854398996,5.34196854398996,5.28393328615616,5.28393328615616,5.34196854398996,7.56300382985974,7.56300382985974,5.34196854398996,4.38151970381761,7.56300382985974,5.34196854398996,5.34196854398996,5.11997990084058,4.88091228977962,5.34196854398996,5.34196854398996,12.3171148494129,12.3171148494129,5.34196854398996,12.3171148494129,4.78465686236153,4.78465686236153,7.56300382985974,7.56300382985974,5.11997990084057,5.11997990084057,8.22880962447072,7.56300382985974,7.56300382985974,12.3171148494129,5.34196854398996,5.34196854398996,12.3171148494129,7.56300382985974,7.56300382985974,5.34196854398996,5.34196854398996,5.34196854398996,12.3171148494129,12.3171148494129,5.34196854398996,5.34196854398996,5.34196854398996,5.34196854398996,4.78465686236153,4.78465686236153,8.42497814607771,8.42497814607771,7.56300382985974,7.56300382985974,5.34196854398996,5.34196854398996,12.3171148494129,12.3171148494129,5.11997990084058,5.11997990084058,5.11997990084058,7.56300382985974,12.3171148494129,12.3171148494129,5.34196854398996,5.34196854398996,12.3171148494129,5.34196854398996,5.34196854398996,12.3171148494129,5.34196854398996,5.34196854398996,5.11997990084058,5.11997990084058,12.3171148494129,12.3171148494129,4.78465686236153,4.78465686236153,7.56300382985974,7.56300382985974,5.34196854398996,5.34196854398996,5.34196854398996,5.34196854398996,12.3171148494129,12.3171148494129,12.3171148494129,12.3171148494129,5.11997990084058,5.11997990084058
"t8",5.94223822581616,5.31887648835453,5.12152710709683,11.9294614879886,7.80278035771039,9.57613280403418,5.34196854398996,0,13.4682695073694,5.5274124502462,11.3554438952306,13.4682695073694,13.4682695073694,6.29016452791838,5.53357801980065,6.49312320194643,5.08398988276553,7.09794940968384,6.4891554726518,6.49312320194643,9.57613280403418,5.5274124502462,5.5274124502462,6.49312320194643,5.5274124502462,13.4682695073694,6.4891554726518,6.4891554726518,6.4891554726518,6.49312320194643,6.49312320194643,6.29016452791838,8.71415848781621,8.71415848781621,5.5274124502462,5.75466300492346,8.71415848781621,6.4891554726518,6.4891554726518,6.49312320194643,6.25405559088548,6.29016452791838,6.29016452791838,13.4682695073694,13.4682695073694,6.29016452791838,13.4682695073694,6.49312320194643,6.49312320194643,8.71415848781621,8.71415848781621,6.49312320194643,6.49312320194643,9.37996428242719,8.71415848781621,8.71415848781621,13.4682695073694,6.29016452791838,6.29016452791838,13.4682695073694,8.71415848781621,8.71415848781621,6.29016452791838,6.29016452791838,6.29016452791838,13.4682695073694,13.4682695073694,6.4891554726518,6.4891554726518,6.29016452791838,6.29016452791838,6.49312320194643,6.49312320194643,9.57613280403418,9.57613280403418,8.71415848781621,8.71415848781621,5.5274124502462,5.5274124502462,13.4682695073694,13.4682695073694,6.49312320194643,6.49312320194643,6.49312320194643,8.71415848781621,13.4682695073694,13.4682695073694,6.29016452791838,6.4891554726518,13.4682695073694,6.29016452791838,6.29016452791838,13.4682695073694,6.29016452791838,6.29016452791838,6.49312320194643,6.49312320194643,13.4682695073694,13.4682695073694,6.49312320194643,6.49312320194643,8.71415848781621,8.71415848781621,6.4891554726518,6.4891554726518,6.29016452791838,6.29016452791838,13.4682695073694,13.4682695073694,13.4682695073694,13.4682695073694,6.49312320194643,6.49312320194643
"t9",7.57526452640885,9.21101319168974,9.87563812665002,7.12209754036946,12.5568913772636,13.4682695073694,12.3171148494129,13.4682695073694,0,13.4682695073694,3.09352347311919,8.66090555975025,8.66090555975025,13.4682695073694,12.5087243252236,13.4682695073694,12.2620948622165,11.852060429237,13.4682695073694,13.4682695073694,13.4682695073694,13.4682695073694,13.4682695073694,13.4682695073694,13.4682695073694,8.66090555975025,13.4682695073694,13.4682695073694,13.4682695073694,13.4682695073694,13.4682695073694,13.4682695073694,13.4682695073694,13.4682695073694,13.4682695073694,12.7298093103464,13.4682695073694,13.4682695073694,13.4682695073694,13.4682695073694,13.2292018963084,13.4682695073694,13.4682695073694,5.20634908525802,5.20634908525802,13.4682695073694,5.20634908525802,13.4682695073694,13.4682695073694,13.4682695073694,13.4682695073694,13.4682695073694,13.4682695073694,13.2721009857624,13.4682695073694,13.4682695073694,5.20634908525802,13.4682695073694,13.4682695073694,5.20634908525802,13.4682695073694,13.4682695073694,13.4682695073694,13.4682695073694,13.4682695073694,5.20634908525802,5.20634908525802,13.4682695073694,13.4682695073694,13.4682695073694,13.4682695073694,13.4682695073694,13.4682695073694,13.4682695073694,13.4682695073694,13.4682695073694,13.4682695073694,13.4682695073694,13.4682695073694,5.20634908525802,5.20634908525802,13.4682695073694,13.4682695073694,13.4682695073694,13.4682695073694,8.66090555975025,8.66090555975025,13.4682695073694,13.4682695073694,8.66090555975025,13.4682695073694,13.4682695073694,8.66090555975025,13.4682695073694,13.4682695073694,13.4682695073694,13.4682695073694,8.66090555975025,8.66090555975025,13.4682695073694,13.4682695073694,13.4682695073694,13.4682695073694,13.4682695073694,13.4682695073694,13.4682695073694,13.4682695073694,5.20634908525802,5.20634908525802,5.20634908525802,5.20634908525802,13.4682695073694,13.4682695073694
"t10",5.94223822581616,5.31887648835453,5.12152710709683,11.9294614879886,7.80278035771039,9.57613280403418,5.34196854398996,5.5274124502462,13.4682695073694,0,11.3554438952306,13.4682695073694,13.4682695073694,6.29016452791838,5.53357801980065,6.49312320194643,5.08398988276553,7.09794940968384,6.4891554726518,6.49312320194643,9.57613280403418,5.01729963243498,5.01729963243498,6.49312320194643,5.01729963243498,13.4682695073694,6.4891554726518,6.4891554726518,6.4891554726518,6.49312320194643,6.49312320194643,6.29016452791838,8.71415848781621,8.71415848781621,5.01729963243498,5.75466300492346,8.71415848781621,6.4891554726518,6.4891554726518,6.49312320194643,6.25405559088548,6.29016452791838,6.29016452791838,13.4682695073694,13.4682695073694,6.29016452791838,13.4682695073694,6.49312320194643,6.49312320194643,8.71415848781621,8.71415848781621,6.49312320194643,6.49312320194643,9.37996428242719,8.71415848781621,8.71415848781621,13.4682695073694,6.29016452791838,6.29016452791838,13.4682695073694,8.71415848781621,8.71415848781621,6.29016452791838,6.29016452791838,6.29016452791838,13.4682695073694,13.4682695073694,6.4891554726518,6.4891554726518,6.29016452791838,6.29016452791838,6.49312320194643,6.49312320194643,9.57613280403418,9.57613280403418,8.71415848781621,8.71415848781621,5.01729963243498,5.01729963243498,13.4682695073694,13.4682695073694,6.49312320194643,6.49312320194643,6.49312320194643,8.71415848781621,13.4682695073694,13.4682695073694,6.29016452791838,6.4891554726518,13.4682695073694,6.29016452791838,6.29016452791838,13.4682695073694,6.29016452791838,6.29016452791838,6.49312320194643,6.49312320194643,13.4682695073694,13.4682695073694,6.49312320194643,6.49312320194643,8.71415848781621,8.71415848781621,6.4891554726518,6.4891554726518,6.29016452791838,6.29016452791838,13.4682695073694,13.4682695073694,13.4682695073694,13.4682695073694,6.49312320194643,6.49312320194643
"t11",5.46243891427002,7.09818757955091,7.76281251451119,5.00927192823062,10.4440657651247,11.3554438952306,10.2042892372741,11.3554438952306,3.09352347311919,11.3554438952306,0,6.54807994761142,6.54807994761142,11.3554438952306,10.3958987130848,11.3554438952306,10.1492692500777,9.7392348170982,11.3554438952306,11.3554438952306,11.3554438952306,11.3554438952306,11.3554438952306,11.3554438952306,11.3554438952306,6.54807994761142,11.3554438952306,11.3554438952306,11.3554438952306,11.3554438952306,11.3554438952306,11.3554438952306,11.3554438952306,11.3554438952306,11.3554438952306,10.6169836982076,11.3554438952306,11.3554438952306,11.3554438952306,11.3554438952306,11.1163762841696,11.3554438952306,11.3554438952306,2.2368915790703,2.2368915790703,11.3554438952306,2.2368915790703,11.3554438952306,11.3554438952306,11.3554438952306,11.3554438952306,11.3554438952306,11.3554438952306,11.1592753736236,11.3554438952306,11.3554438952306,2.2368915790703,11.3554438952306,11.3554438952306,2.2368915790703,11.3554438952306,11.3554438952306,11.3554438952306,11.3554438952306,11.3554438952306,2.2368915790703,2.2368915790703,11.3554438952306,11.3554438952306,11.3554438952306,11.3554438952306,11.3554438952306,11.3554438952306,11.3554438952306,11.3554438952306,11.3554438952306,11.3554438952306,11.3554438952306,11.3554438952306,2.2368915790703,2.2368915790703,11.3554438952306,11.3554438952306,11.3554438952306,11.3554438952306,6.54807994761142,6.54807994761142,11.3554438952306,11.3554438952306,6.54807994761142,11.3554438952306,11.3554438952306,6.54807994761142,11.3554438952306,11.3554438952306,11.3554438952306,11.3554438952306,6.54807994761142,6.54807994761142,11.3554438952306,11.3554438952306,11.3554438952306,11.3554438952306,11.3554438952306,11.3554438952306,11.3554438952306,11.3554438952306,2.2368915790703,2.2368915790703,2.2368915790703,2.2368915790703,11.3554438952306,11.3554438952306
"t12",7.57526452640885,9.21101319168974,9.87563812665002,5.6914052383615,12.5568913772636,13.4682695073694,12.3171148494129,13.4682695073694,8.66090555975025,13.4682695073694,6.54807994761142,0,4.18844316616449,13.4682695073694,12.5087243252236,13.4682695073694,12.2620948622165,11.852060429237,13.4682695073694,13.4682695073694,13.4682695073694,13.4682695073694,13.4682695073694,13.4682695073694,13.4682695073694,4.19782136723707,13.4682695073694,13.4682695073694,13.4682695073694,13.4682695073694,13.4682695073694,13.4682695073694,13.4682695073694,13.4682695073694,13.4682695073694,12.7298093103464,13.4682695073694,13.4682695073694,13.4682695073694,13.4682695073694,13.2292018963084,13.4682695073694,13.4682695073694,8.66090555975025,8.66090555975025,13.4682695073694,8.66090555975025,13.4682695073694,13.4682695073694,13.4682695073694,13.4682695073694,13.4682695073694,13.4682695073694,13.2721009857624,13.4682695073694,13.4682695073694,8.66090555975025,13.4682695073694,13.4682695073694,8.66090555975025,13.4682695073694,13.4682695073694,13.4682695073694,13.4682695073694,13.4682695073694,8.66090555975025,8.66090555975025,13.4682695073694,13.4682695073694,13.4682695073694,13.4682695073694,13.4682695073694,13.4682695073694,13.4682695073694,13.4682695073694,13.4682695073694,13.4682695073694,13.4682695073694,13.4682695073694,8.66090555975025,8.66090555975025,13.4682695073694,13.4682695073694,13.4682695073694,13.4682695073694,4.19782136723706,4.19782136723706,13.4682695073694,13.4682695073694,4.19782136723707,13.4682695073694,13.4682695073694,4.19782136723707,13.4682695073694,13.4682695073694,13.4682695073694,13.4682695073694,4.19782136723707,4.19782136723707,13.4682695073694,13.4682695073694,13.4682695073694,13.4682695073694,13.4682695073694,13.4682695073694,13.4682695073694,13.4682695073694,8.66090555975025,8.66090555975025,8.66090555975025,8.66090555975025,13.4682695073694,13.4682695073694
"t13",7.57526452640885,9.21101319168974,9.87563812665002,5.6914052383615,12.5568913772636,13.4682695073694,12.3171148494129,13.4682695073694,8.66090555975025,13.4682695073694,6.54807994761142,4.18844316616449,0,13.4682695073694,12.5087243252236,13.4682695073694,12.2620948622165,11.852060429237,13.4682695073694,13.4682695073694,13.4682695073694,13.4682695073694,13.4682695073694,13.4682695073694,13.4682695073694,4.19782136723707,13.4682695073694,13.4682695073694,13.4682695073694,13.4682695073694,13.4682695073694,13.4682695073694,13.4682695073694,13.4682695073694,13.4682695073694,12.7298093103464,13.4682695073694,13.4682695073694,13.4682695073694,13.4682695073694,13.2292018963084,13.4682695073694,13.4682695073694,8.66090555975025,8.66090555975025,13.4682695073694,8.66090555975025,13.4682695073694,13.4682695073694,13.4682695073694,13.4682695073694,13.4682695073694,13.4682695073694,13.2721009857624,13.4682695073694,13.4682695073694,8.66090555975025,13.4682695073694,13.4682695073694,8.66090555975025,13.4682695073694,13.4682695073694,13.4682695073694,13.4682695073694,13.4682695073694,8.66090555975025,8.66090555975025,13.4682695073694,13.4682695073694,13.4682695073694,13.4682695073694,13.4682695073694,13.4682695073694,13.4682695073694,13.4682695073694,13.4682695073694,13.4682695073694,13.4682695073694,13.4682695073694,8.66090555975025,8.66090555975025,13.4682695073694,13.4682695073694,13.4682695073694,13.4682695073694,4.19782136723706,4.19782136723706,13.4682695073694,13.4682695073694,4.19782136723707,13.4682695073694,13.4682695073694,4.19782136723707,13.4682695073694,13.4682695073694,13.4682695073694,13.4682695073694,4.19782136723707,4.19782136723707,13.4682695073694,13.4682695073694,13.4682695073694,13.4682695073694,13.4682695073694,13.4682695073694,13.4682695073694,13.4682695073694,8.66090555975025,8.66090555975025,8.66090555975025,8.66090555975025,13.4682695073694,13.4682695073694
"t14",5.94223822581616,5.31887648835453,5.12152710709683,11.9294614879886,7.80278035771039,9.57613280403418,5.34196854398996,6.29016452791838,13.4682695073694,6.29016452791838,11.3554438952306,13.4682695073694,13.4682695073694,0,5.53357801980065,6.49312320194643,3.47512227173589,7.09794940968384,6.4891554726518,6.49312320194643,9.57613280403418,6.29016452791838,6.29016452791838,6.49312320194643,6.29016452791838,13.4682695073694,6.4891554726518,6.4891554726518,6.4891554726518,6.49312320194643,6.49312320194643,4.68129691688874,8.71415848781621,8.71415848781621,6.29016452791838,5.75466300492346,8.71415848781621,6.4891554726518,6.4891554726518,6.49312320194643,6.25405559088548,4.68129691688874,4.68129691688874,13.4682695073694,13.4682695073694,4.68129691688874,13.4682695073694,6.49312320194643,6.49312320194643,8.71415848781621,8.71415848781621,6.49312320194643,6.49312320194643,9.37996428242719,8.71415848781621,8.71415848781621,13.4682695073694,4.68129691688874,4.68129691688874,13.4682695073694,8.71415848781621,8.71415848781621,3.99743269684681,4.68129691688874,4.68129691688874,13.4682695073694,13.4682695073694,6.4891554726518,6.4891554726518,4.68129691688874,4.68129691688874,6.49312320194643,6.49312320194643,9.57613280403418,9.57613280403418,8.71415848781621,8.71415848781621,6.29016452791838,6.29016452791838,13.4682695073694,13.4682695073694,6.49312320194643,6.49312320194643,6.49312320194643,8.71415848781621,13.4682695073694,13.4682695073694,3.99743269684681,6.4891554726518,13.4682695073694,4.68129691688874,4.68129691688874,13.4682695073694,3.99743269684681,3.99743269684681,6.49312320194643,6.49312320194643,13.4682695073694,13.4682695073694,6.49312320194643,6.49312320194643,8.71415848781621,8.71415848781621,6.4891554726518,6.4891554726518,4.68129691688874,4.68129691688874,13.4682695073694,13.4682695073694,13.4682695073694,13.4682695073694,6.49312320194643,6.49312320194643
"t15",4.98269304367039,4.35933130620875,4.16198192495106,10.9699163058428,6.84323517556462,8.61658762188841,4.1604347186948,5.53357801980065,12.5087243252236,5.53357801980065,10.3958987130848,12.5087243252236,12.5087243252236,5.53357801980065,0,5.31158937665127,4.32740337464781,6.13840422753807,5.53357801980065,5.31158937665127,8.61658762188841,5.53357801980065,5.53357801980065,4.5016638373034,5.53357801980065,12.5087243252236,5.53357801980065,5.53357801980065,5.53357801980065,5.47554276196685,5.47554276196685,5.53357801980065,7.75461330567044,7.75461330567044,5.53357801980065,2.01962985416241,7.75461330567044,5.53357801980065,5.53357801980065,3.00435772290652,2.76529011184557,5.53357801980065,5.53357801980065,12.5087243252236,12.5087243252236,5.53357801980065,12.5087243252236,5.31158937665127,5.31158937665127,7.75461330567044,7.75461330567044,2.75809005118538,2.75809005118538,8.42041910028142,7.75461330567043,7.75461330567043,12.5087243252236,5.53357801980065,5.53357801980065,12.5087243252236,7.75461330567044,7.75461330567043,5.53357801980065,5.53357801980065,5.53357801980065,12.5087243252236,12.5087243252236,5.53357801980065,5.53357801980065,5.53357801980065,5.53357801980065,5.31158937665127,5.31158937665127,8.61658762188841,8.61658762188841,7.75461330567044,7.75461330567044,5.53357801980065,5.53357801980065,12.5087243252236,12.5087243252236,2.75809005118538,2.75809005118538,4.5016638373034,7.75461330567043,12.5087243252236,12.5087243252236,5.53357801980065,5.53357801980065,12.5087243252236,5.53357801980065,5.53357801980065,12.5087243252236,5.53357801980065,5.53357801980065,4.5016638373034,4.5016638373034,12.5087243252236,12.5087243252236,5.31158937665127,5.31158937665127,7.75461330567043,7.75461330567043,5.53357801980065,5.53357801980065,5.53357801980065,5.53357801980065,12.5087243252236,12.5087243252236,12.5087243252236,12.5087243252236,3.00435772290652,3.00435772290652
"t16",5.94223822581616,5.31887648835453,5.12152710709683,11.9294614879886,7.80278035771039,9.57613280403418,4.78465686236153,6.49312320194643,13.4682695073694,6.49312320194643,11.3554438952306,13.4682695073694,13.4682695073694,6.49312320194643,5.31158937665127,0,5.28694855679358,7.09794940968384,6.49312320194643,3.64053131597424,9.57613280403418,6.49312320194643,6.49312320194643,6.27113455879704,6.49312320194643,13.4682695073694,6.49312320194643,6.49312320194643,6.49312320194643,6.43508794411262,6.43508794411262,6.49312320194643,8.71415848781621,8.71415848781621,6.49312320194643,5.53267436177407,8.71415848781621,6.49312320194643,6.49312320194643,6.27113455879704,6.03206694773609,6.49312320194643,6.49312320194643,13.4682695073694,13.4682695073694,6.49312320194643,13.4682695073694,3.64053131597424,3.64053131597424,8.71415848781621,8.71415848781621,6.27113455879704,6.27113455879704,9.37996428242719,8.71415848781621,8.71415848781621,13.4682695073694,6.49312320194643,6.49312320194643,13.4682695073694,8.71415848781621,8.71415848781621,6.49312320194643,6.49312320194643,6.49312320194643,13.4682695073694,13.4682695073694,6.49312320194643,6.49312320194643,6.49312320194643,6.49312320194643,3.64053131597424,3.64053131597424,9.57613280403418,9.57613280403418,8.71415848781621,8.71415848781621,6.49312320194643,6.49312320194643,13.4682695073694,13.4682695073694,6.27113455879704,6.27113455879704,6.27113455879704,8.71415848781621,13.4682695073694,13.4682695073694,6.49312320194643,6.49312320194643,13.4682695073694,6.49312320194643,6.49312320194643,13.4682695073694,6.49312320194643,6.49312320194643,6.27113455879704,6.27113455879704,13.4682695073694,13.4682695073694,3.64053131597424,3.64053131597424,8.71415848781621,8.71415848781621,6.49312320194643,6.49312320194643,6.49312320194643,6.49312320194643,13.4682695073694,13.4682695073694,13.4682695073694,13.4682695073694,6.27113455879704,6.27113455879704
"t17",4.73606358066331,4.11270184320168,3.91535246194398,10.7232868428358,6.59660571255754,8.36995815888133,4.13579389883711,5.08398988276553,12.2620948622165,5.08398988276553,10.1492692500777,12.2620948622165,12.2620948622165,3.47512227173589,4.32740337464781,5.28694855679358,0,5.89177476453099,5.28298082749895,5.28694855679358,8.36995815888133,5.08398988276553,5.08398988276553,5.28694855679358,5.08398988276553,12.2620948622166,5.28298082749895,5.28298082749895,5.28298082749895,5.28694855679358,5.28694855679358,3.00931478921506,7.50798384266336,7.50798384266336,5.08398988276553,4.54848835977061,7.50798384266336,5.28298082749895,5.28298082749895,5.28694855679358,5.04788094573263,3.00931478921506,3.00931478921506,12.2620948622166,12.2620948622166,2.39030018170725,12.2620948622165,5.28694855679358,5.28694855679358,7.50798384266336,7.50798384266336,5.28694855679358,5.28694855679358,8.17378963727434,7.50798384266336,7.50798384266336,12.2620948622165,2.39030018170725,2.39030018170725,12.2620948622165,7.50798384266336,7.50798384266336,3.47512227173589,3.00931478921506,3.00931478921506,12.2620948622165,12.2620948622165,5.28298082749895,5.28298082749895,3.00931478921506,3.00931478921506,5.28694855679358,5.28694855679358,8.36995815888133,8.36995815888133,7.50798384266336,7.50798384266336,5.08398988276553,5.08398988276553,12.2620948622165,12.2620948622165,5.28694855679358,5.28694855679358,5.28694855679358,7.50798384266336,12.2620948622165,12.2620948622165,3.47512227173589,5.28298082749895,12.2620948622165,3.00931478921506,3.00931478921506,12.2620948622165,3.47512227173589,3.47512227173589,5.28694855679358,5.28694855679358,12.2620948622165,12.2620948622165,5.28694855679358,5.28694855679358,7.50798384266336,7.50798384266336,5.28298082749895,5.28298082749895,2.39030018170725,2.39030018170725,12.2620948622166,12.2620948622166,12.2620948622165,12.2620948622165,5.28694855679358,5.28694855679358
"t18",4.32602914768379,3.70266741022216,2.57961911343369,10.3132524098562,4.36898388684239,7.95992372590181,5.94679475172737,7.09794940968384,11.852060429237,7.09794940968384,9.7392348170982,11.852060429237,11.852060429237,7.09794940968384,6.13840422753807,7.09794940968384,5.89177476453099,0,7.09794940968384,7.09794940968384,7.95992372590181,7.09794940968384,7.09794940968384,7.09794940968384,7.09794940968384,11.852060429237,7.09794940968384,7.09794940968384,7.09794940968384,7.09794940968384,7.09794940968384,7.09794940968384,4.00342440299937,4.00342440299937,7.09794940968384,6.35948921266087,4.00342440299937,7.09794940968384,7.09794940968384,7.09794940968384,6.85888179862289,7.09794940968384,7.09794940968384,11.852060429237,11.852060429237,7.09794940968384,11.852060429237,7.09794940968384,7.09794940968384,1.77593270380533,1.77593270380533,7.09794940968384,7.09794940968384,7.76375520429482,1.77593270380533,1.77593270380533,11.852060429237,7.09794940968384,7.09794940968384,11.852060429237,4.00342440299936,1.77593270380533,7.09794940968384,7.09794940968384,7.09794940968384,11.852060429237,11.852060429237,7.09794940968384,7.09794940968384,7.09794940968384,7.09794940968384,7.09794940968384,7.09794940968384,7.95992372590181,7.95992372590181,4.00342440299936,4.00342440299936,7.09794940968384,7.09794940968384,11.852060429237,11.852060429237,7.09794940968384,7.09794940968384,7.09794940968384,1.77593270380533,11.852060429237,11.852060429237,7.09794940968384,7.09794940968384,11.852060429237,7.09794940968384,7.09794940968384,11.852060429237,7.09794940968384,7.09794940968384,7.09794940968384,7.09794940968384,11.852060429237,11.852060429237,7.09794940968384,7.09794940968384,1.77593270380533,1.77593270380533,7.09794940968384,7.09794940968384,7.09794940968384,7.09794940968384,11.852060429237,11.852060429237,11.852060429237,11.852060429237,7.09794940968384,7.09794940968384
"t19",5.94223822581616,5.31887648835453,5.12152710709683,11.9294614879886,7.80278035771039,9.57613280403418,5.34196854398996,6.4891554726518,13.4682695073694,6.4891554726518,11.3554438952306,13.4682695073694,13.4682695073694,6.4891554726518,5.53357801980065,6.49312320194643,5.28298082749895,7.09794940968384,0,6.49312320194643,9.57613280403418,6.4891554726518,6.4891554726518,6.49312320194643,6.4891554726518,13.4682695073694,3.309056440646,3.309056440646,3.309056440646,6.49312320194643,6.49312320194643,6.4891554726518,8.71415848781621,8.71415848781621,6.4891554726518,5.75466300492346,8.71415848781621,4.27685360450253,4.27685360450253,6.49312320194643,6.25405559088548,6.4891554726518,6.4891554726518,13.4682695073694,13.4682695073694,6.4891554726518,13.4682695073694,6.49312320194643,6.49312320194643,8.71415848781621,8.71415848781621,6.49312320194643,6.49312320194643,9.37996428242719,8.71415848781621,8.71415848781621,13.4682695073694,6.4891554726518,6.4891554726518,13.4682695073694,8.71415848781621,8.71415848781621,6.4891554726518,6.4891554726518,6.4891554726518,13.4682695073694,13.4682695073694,5.18886240920785,5.18886240920785,6.4891554726518,6.4891554726518,6.49312320194643,6.49312320194643,9.57613280403418,9.57613280403418,8.71415848781621,8.71415848781621,6.4891554726518,6.4891554726518,13.4682695073694,13.4682695073694,6.49312320194643,6.49312320194643,6.49312320194643,8.71415848781621,13.4682695073694,13.4682695073694,6.4891554726518,4.53177489326864,13.4682695073694,6.4891554726518,6.4891554726518,13.4682695073694,6.4891554726518,6.4891554726518,6.49312320194643,6.49312320194643,13.4682695073694,13.4682695073694,6.49312320194643,6.49312320194643,8.71415848781621,8.71415848781621,4.53177489326864,4.53177489326864,6.4891554726518,6.4891554726518,13.4682695073694,13.4682695073694,13.4682695073694,13.4682695073694,6.49312320194643,6.49312320194643
"t20",5.94223822581616,5.31887648835453,5.12152710709683,11.9294614879886,7.80278035771039,9.57613280403418,4.78465686236153,6.49312320194643,13.4682695073694,6.49312320194643,11.3554438952306,13.4682695073694,13.4682695073694,6.49312320194643,5.31158937665127,3.64053131597424,5.28694855679358,7.09794940968384,6.49312320194643,0,9.57613280403418,6.49312320194643,6.49312320194643,6.27113455879704,6.49312320194643,13.4682695073694,6.49312320194643,6.49312320194643,6.49312320194643,6.43508794411263,6.43508794411263,6.49312320194643,8.71415848781621,8.71415848781621,6.49312320194643,5.53267436177407,8.71415848781621,6.49312320194643,6.49312320194643,6.27113455879704,6.03206694773609,6.49312320194643,6.49312320194643,13.4682695073694,13.4682695073694,6.49312320194643,13.4682695073694,2.8714260169629,2.8714260169629,8.71415848781621,8.71415848781621,6.27113455879704,6.27113455879704,9.37996428242719,8.71415848781621,8.71415848781621,13.4682695073694,6.49312320194643,6.49312320194643,13.4682695073694,8.71415848781621,8.71415848781621,6.49312320194643,6.49312320194643,6.49312320194643,13.4682695073694,13.4682695073694,6.49312320194643,6.49312320194643,6.49312320194643,6.49312320194643,2.8714260169629,2.8714260169629,9.57613280403418,9.57613280403418,8.71415848781621,8.71415848781621,6.49312320194643,6.49312320194643,13.4682695073694,13.4682695073694,6.27113455879704,6.27113455879704,6.27113455879704,8.71415848781621,13.4682695073694,13.4682695073694,6.49312320194643,6.49312320194643,13.4682695073694,6.49312320194643,6.49312320194643,13.4682695073694,6.49312320194643,6.49312320194643,6.27113455879704,6.27113455879704,13.4682695073694,13.4682695073694,2.8714260169629,2.8714260169629,8.71415848781621,8.71415848781621,6.49312320194643,6.49312320194643,6.49312320194643,6.49312320194643,13.4682695073694,13.4682695073694,13.4682695073694,13.4682695073694,6.27113455879704,6.27113455879704
"t21",5.94223822581616,4.82683464994229,5.9835014233148,11.9294614879886,8.66475467392836,6.12345905729062,8.42497814607772,9.57613280403418,13.4682695073694,9.57613280403418,11.3554438952306,13.4682695073694,13.4682695073694,9.57613280403418,8.61658762188841,9.57613280403418,8.36995815888133,7.95992372590181,9.57613280403418,9.57613280403418,0,9.57613280403418,9.57613280403418,9.57613280403418,9.57613280403418,13.4682695073694,9.57613280403418,9.57613280403418,9.57613280403418,9.57613280403418,9.57613280403418,9.57613280403418,9.57613280403418,9.57613280403418,9.57613280403418,8.83767260701121,9.57613280403418,9.57613280403418,9.57613280403418,9.57613280403418,9.33706519297323,9.57613280403418,9.57613280403418,13.4682695073694,13.4682695073694,9.57613280403418,13.4682695073694,9.57613280403418,9.57613280403418,9.57613280403418,9.57613280403418,9.57613280403418,9.57613280403418,2.48613426197223,9.57613280403418,9.57613280403418,13.4682695073694,9.57613280403418,9.57613280403418,13.4682695073694,9.57613280403418,9.57613280403418,9.57613280403418,9.57613280403418,9.57613280403418,13.4682695073694,13.4682695073694,9.57613280403418,9.57613280403418,9.57613280403418,9.57613280403418,9.57613280403418,9.57613280403418,2.68230278357922,2.68230278357922,9.57613280403418,9.57613280403418,9.57613280403418,9.57613280403418,13.4682695073694,13.4682695073694,9.57613280403418,9.57613280403418,9.57613280403418,9.57613280403418,13.4682695073694,13.4682695073694,9.57613280403418,9.57613280403418,13.4682695073694,9.57613280403418,9.57613280403418,13.4682695073694,9.57613280403418,9.57613280403418,9.57613280403418,9.57613280403418,13.4682695073694,13.4682695073694,9.57613280403418,9.57613280403418,9.57613280403418,9.57613280403418,9.57613280403418,9.57613280403418,9.57613280403418,9.57613280403418,13.4682695073694,13.4682695073694,13.4682695073694,13.4682695073694,9.57613280403418,9.57613280403418
"t22",5.94223822581616,5.31887648835453,5.12152710709683,11.9294614879886,7.80278035771039,9.57613280403418,5.34196854398996,5.5274124502462,13.4682695073694,5.01729963243498,11.3554438952306,13.4682695073694,13.4682695073694,6.29016452791838,5.53357801980065,6.49312320194643,5.08398988276553,7.09794940968384,6.4891554726518,6.49312320194643,9.57613280403418,0,2.54167522289534,6.49312320194643,2.88977208010637,13.4682695073694,6.4891554726518,6.4891554726518,6.4891554726518,6.49312320194643,6.49312320194643,6.29016452791838,8.71415848781621,8.71415848781621,2.88977208010637,5.75466300492346,8.71415848781621,6.4891554726518,6.4891554726518,6.49312320194643,6.25405559088548,6.29016452791838,6.29016452791838,13.4682695073694,13.4682695073694,6.29016452791838,13.4682695073694,6.49312320194643,6.49312320194643,8.71415848781621,8.71415848781621,6.49312320194643,6.49312320194643,9.37996428242719,8.71415848781621,8.71415848781621,13.4682695073694,6.29016452791838,6.29016452791838,13.4682695073694,8.71415848781621,8.71415848781621,6.29016452791838,6.29016452791838,6.29016452791838,13.4682695073694,13.4682695073694,6.4891554726518,6.4891554726518,6.29016452791838,6.29016452791838,6.49312320194643,6.49312320194643,9.57613280403418,9.57613280403418,8.71415848781621,8.71415848781621,2.88977208010637,2.88977208010637,13.4682695073694,13.4682695073694,6.49312320194643,6.49312320194643,6.49312320194643,8.71415848781621,13.4682695073694,13.4682695073694,6.29016452791838,6.4891554726518,13.4682695073694,6.29016452791838,6.29016452791838,13.4682695073694,6.29016452791838,6.29016452791838,6.49312320194643,6.49312320194643,13.4682695073694,13.4682695073694,6.49312320194643,6.49312320194643,8.71415848781621,8.71415848781621,6.4891554726518,6.4891554726518,6.29016452791838,6.29016452791838,13.4682695073694,13.4682695073694,13.4682695073694,13.4682695073694,6.49312320194643,6.49312320194643
"t23",5.94223822581616,5.31887648835453,5.12152710709683,11.9294614879886,7.80278035771039,9.57613280403418,5.34196854398996,5.5274124502462,13.4682695073694,5.01729963243498,11.3554438952306,13.4682695073694,13.4682695073694,6.29016452791838,5.53357801980065,6.49312320194643,5.08398988276553,7.09794940968384,6.4891554726518,6.49312320194643,9.57613280403418,2.54167522289534,0,6.49312320194643,2.88977208010637,13.4682695073694,6.4891554726518,6.4891554726518,6.4891554726518,6.49312320194643,6.49312320194643,6.29016452791838,8.71415848781621,8.71415848781621,2.88977208010637,5.75466300492346,8.71415848781621,6.4891554726518,6.4891554726518,6.49312320194643,6.25405559088548,6.29016452791838,6.29016452791838,13.4682695073694,13.4682695073694,6.29016452791838,13.4682695073694,6.49312320194643,6.49312320194643,8.71415848781621,8.71415848781621,6.49312320194643,6.49312320194643,9.37996428242719,8.71415848781621,8.71415848781621,13.4682695073694,6.29016452791838,6.29016452791838,13.4682695073694,8.71415848781621,8.71415848781621,6.29016452791838,6.29016452791838,6.29016452791838,13.4682695073694,13.4682695073694,6.4891554726518,6.4891554726518,6.29016452791838,6.29016452791838,6.49312320194643,6.49312320194643,9.57613280403418,9.57613280403418,8.71415848781621,8.71415848781621,2.88977208010637,2.88977208010637,13.4682695073694,13.4682695073694,6.49312320194643,6.49312320194643,6.49312320194643,8.71415848781621,13.4682695073694,13.4682695073694,6.29016452791838,6.4891554726518,13.4682695073694,6.29016452791838,6.29016452791838,13.4682695073694,6.29016452791838,6.29016452791838,6.49312320194643,6.49312320194643,13.4682695073694,13.4682695073694,6.49312320194643,6.49312320194643,8.71415848781621,8.71415848781621,6.4891554726518,6.4891554726518,6.29016452791838,6.29016452791838,13.4682695073694,13.4682695073694,13.4682695073694,13.4682695073694,6.49312320194643,6.49312320194643
"t24",5.94223822581616,5.31887648835453,5.12152710709683,11.9294614879886,7.80278035771039,9.57613280403418,5.11997990084058,6.49312320194643,13.4682695073694,6.49312320194643,11.3554438952306,13.4682695073694,13.4682695073694,6.49312320194643,4.5016638373034,6.27113455879704,5.28694855679358,7.09794940968384,6.49312320194643,6.27113455879704,9.57613280403418,6.49312320194643,6.49312320194643,0,6.49312320194643,13.4682695073694,6.49312320194643,6.49312320194643,6.49312320194643,6.43508794411263,6.43508794411263,6.49312320194643,8.71415848781621,8.71415848781621,6.49312320194643,4.72274882242621,8.71415848781621,6.49312320194643,6.49312320194643,5.46120901944917,5.22214140838822,6.49312320194643,6.49312320194643,13.4682695073694,13.4682695073694,6.49312320194643,13.4682695073694,6.27113455879704,6.27113455879704,8.71415848781621,8.71415848781621,5.46120901944917,5.46120901944917,9.37996428242719,8.71415848781621,8.71415848781621,13.4682695073694,6.49312320194643,6.49312320194643,13.4682695073694,8.71415848781621,8.71415848781621,6.49312320194643,6.49312320194643,6.49312320194643,13.4682695073694,13.4682695073694,6.49312320194643,6.49312320194643,6.49312320194643,6.49312320194643,6.27113455879704,6.27113455879704,9.57613280403418,9.57613280403418,8.71415848781621,8.71415848781621,6.49312320194643,6.49312320194643,13.4682695073694,13.4682695073694,5.46120901944917,5.46120901944917,2.40719949380019,8.71415848781621,13.4682695073694,13.4682695073694,6.49312320194643,6.49312320194643,13.4682695073694,6.49312320194643,6.49312320194643,13.4682695073694,6.49312320194643,6.49312320194643,2.40719949380019,2.40719949380019,13.4682695073694,13.4682695073694,6.27113455879704,6.27113455879704,8.71415848781621,8.71415848781621,6.49312320194643,6.49312320194643,6.49312320194643,6.49312320194643,13.4682695073694,13.4682695073694,13.4682695073694,13.4682695073694,5.46120901944917,5.46120901944917
"t25",5.94223822581616,5.31887648835453,5.12152710709683,11.9294614879886,7.80278035771039,9.57613280403418,5.34196854398996,5.5274124502462,13.4682695073694,5.01729963243498,11.3554438952306,13.4682695073694,13.4682695073694,6.29016452791838,5.53357801980065,6.49312320194643,5.08398988276553,7.09794940968384,6.4891554726518,6.49312320194643,9.57613280403418,2.88977208010637,2.88977208010637,6.49312320194643,0,13.4682695073694,6.4891554726518,6.4891554726518,6.4891554726518,6.49312320194643,6.49312320194643,6.29016452791838,8.71415848781621,8.71415848781621,2.38929023627113,5.75466300492346,8.71415848781621,6.4891554726518,6.4891554726518,6.49312320194643,6.25405559088548,6.29016452791838,6.29016452791838,13.4682695073694,13.4682695073694,6.29016452791838,13.4682695073694,6.49312320194643,6.49312320194643,8.71415848781621,8.71415848781621,6.49312320194643,6.49312320194643,9.37996428242719,8.71415848781621,8.71415848781621,13.4682695073694,6.29016452791838,6.29016452791838,13.4682695073694,8.71415848781621,8.71415848781621,6.29016452791838,6.29016452791838,6.29016452791838,13.4682695073694,13.4682695073694,6.4891554726518,6.4891554726518,6.29016452791838,6.29016452791838,6.49312320194643,6.49312320194643,9.57613280403418,9.57613280403418,8.71415848781621,8.71415848781621,2.38929023627113,2.38929023627113,13.4682695073694,13.4682695073694,6.49312320194643,6.49312320194643,6.49312320194643,8.71415848781621,13.4682695073694,13.4682695073694,6.29016452791838,6.4891554726518,13.4682695073694,6.29016452791838,6.29016452791838,13.4682695073694,6.29016452791838,6.29016452791838,6.49312320194643,6.49312320194643,13.4682695073694,13.4682695073694,6.49312320194643,6.49312320194643,8.71415848781621,8.71415848781621,6.4891554726518,6.4891554726518,6.29016452791838,6.29016452791838,13.4682695073694,13.4682695073694,13.4682695073694,13.4682695073694,6.49312320194643,6.49312320194643
"t26",7.57526452640885,9.21101319168974,9.87563812665002,5.6914052383615,12.5568913772636,13.4682695073694,12.3171148494129,13.4682695073694,8.66090555975025,13.4682695073694,6.54807994761142,4.19782136723707,4.19782136723707,13.4682695073694,12.5087243252236,13.4682695073694,12.2620948622166,11.852060429237,13.4682695073694,13.4682695073694,13.4682695073694,13.4682695073694,13.4682695073694,13.4682695073694,13.4682695073694,0,13.4682695073694,13.4682695073694,13.4682695073694,13.4682695073694,13.4682695073694,13.4682695073694,13.4682695073694,13.4682695073694,13.4682695073694,12.7298093103464,13.4682695073694,13.4682695073694,13.4682695073694,13.4682695073694,13.2292018963084,13.4682695073694,13.4682695073694,8.66090555975025,8.66090555975025,13.4682695073694,8.66090555975025,13.4682695073694,13.4682695073694,13.4682695073694,13.4682695073694,13.4682695073694,13.4682695073694,13.2721009857624,13.4682695073694,13.4682695073694,8.66090555975025,13.4682695073694,13.4682695073694,8.66090555975025,13.4682695073694,13.4682695073694,13.4682695073694,13.4682695073694,13.4682695073694,8.66090555975025,8.66090555975025,13.4682695073694,13.4682695073694,13.4682695073694,13.4682695073694,13.4682695073694,13.4682695073694,13.4682695073694,13.4682695073694,13.4682695073694,13.4682695073694,13.4682695073694,13.4682695073694,8.66090555975025,8.66090555975025,13.4682695073694,13.4682695073694,13.4682695073694,13.4682695073694,3.08619006215218,3.08619006215218,13.4682695073694,13.4682695073694,2.31015661360553,13.4682695073694,13.4682695073694,2.31015661360553,13.4682695073694,13.4682695073694,13.4682695073694,13.4682695073694,2.31015661360553,2.31015661360553,13.4682695073694,13.4682695073694,13.4682695073694,13.4682695073694,13.4682695073694,13.4682695073694,13.4682695073694,13.4682695073694,8.66090555975025,8.66090555975025,8.66090555975025,8.66090555975025,13.4682695073694,13.4682695073694
"t27",5.94223822581616,5.31887648835453,5.12152710709683,11.9294614879886,7.80278035771039,9.57613280403418,5.34196854398996,6.4891554726518,13.4682695073694,6.4891554726518,11.3554438952306,13.4682695073694,13.4682695073694,6.4891554726518,5.53357801980065,6.49312320194643,5.28298082749895,7.09794940968384,3.309056440646,6.49312320194643,9.57613280403418,6.4891554726518,6.4891554726518,6.49312320194643,6.4891554726518,13.4682695073694,0,2.24128271818433,2.24128271818433,6.49312320194643,6.49312320194643,6.4891554726518,8.71415848781621,8.71415848781621,6.4891554726518,5.75466300492346,8.71415848781621,4.27685360450253,4.27685360450253,6.49312320194643,6.25405559088548,6.4891554726518,6.4891554726518,13.4682695073694,13.4682695073694,6.4891554726518,13.4682695073694,6.49312320194643,6.49312320194643,8.71415848781621,8.71415848781621,6.49312320194643,6.49312320194643,9.37996428242719,8.71415848781621,8.71415848781621,13.4682695073694,6.4891554726518,6.4891554726518,13.4682695073694,8.71415848781621,8.71415848781621,6.4891554726518,6.4891554726518,6.4891554726518,13.4682695073694,13.4682695073694,5.18886240920785,5.18886240920785,6.4891554726518,6.4891554726518,6.49312320194643,6.49312320194643,9.57613280403418,9.57613280403418,8.71415848781621,8.71415848781621,6.4891554726518,6.4891554726518,13.4682695073694,13.4682695073694,6.49312320194643,6.49312320194643,6.49312320194643,8.71415848781621,13.4682695073694,13.4682695073694,6.4891554726518,4.53177489326864,13.4682695073694,6.4891554726518,6.4891554726518,13.4682695073694,6.4891554726518,6.4891554726518,6.49312320194643,6.49312320194643,13.4682695073694,13.4682695073694,6.49312320194643,6.49312320194643,8.71415848781621,8.71415848781621,4.53177489326864,4.53177489326864,6.4891554726518,6.4891554726518,13.4682695073694,13.4682695073694,13.4682695073694,13.4682695073694,6.49312320194643,6.49312320194643
"t28",5.94223822581616,5.31887648835453,5.12152710709683,11.9294614879886,7.80278035771039,9.57613280403418,5.34196854398996,6.4891554726518,13.4682695073694,6.4891554726518,11.3554438952306,13.4682695073694,13.4682695073694,6.4891554726518,5.53357801980065,6.49312320194643,5.28298082749895,7.09794940968384,3.309056440646,6.49312320194643,9.57613280403418,6.4891554726518,6.4891554726518,6.49312320194643,6.4891554726518,13.4682695073694,2.24128271818433,0,2.23302595109853,6.49312320194643,6.49312320194643,6.4891554726518,8.71415848781621,8.71415848781621,6.4891554726518,5.75466300492346,8.71415848781621,4.27685360450253,4.27685360450253,6.49312320194643,6.25405559088548,6.4891554726518,6.4891554726518,13.4682695073694,13.4682695073694,6.4891554726518,13.4682695073694,6.49312320194643,6.49312320194643,8.71415848781621,8.71415848781621,6.49312320194643,6.49312320194643,9.37996428242719,8.71415848781621,8.71415848781621,13.4682695073694,6.4891554726518,6.4891554726518,13.4682695073694,8.71415848781621,8.71415848781621,6.4891554726518,6.4891554726518,6.4891554726518,13.4682695073694,13.4682695073694,5.18886240920785,5.18886240920785,6.4891554726518,6.4891554726518,6.49312320194643,6.49312320194643,9.57613280403418,9.57613280403418,8.71415848781621,8.71415848781621,6.4891554726518,6.4891554726518,13.4682695073694,13.4682695073694,6.49312320194643,6.49312320194643,6.49312320194643,8.71415848781621,13.4682695073694,13.4682695073694,6.4891554726518,4.53177489326864,13.4682695073694,6.4891554726518,6.4891554726518,13.4682695073694,6.4891554726518,6.4891554726518,6.49312320194643,6.49312320194643,13.4682695073694,13.4682695073694,6.49312320194643,6.49312320194643,8.71415848781621,8.71415848781621,4.53177489326864,4.53177489326864,6.4891554726518,6.4891554726518,13.4682695073694,13.4682695073694,13.4682695073694,13.4682695073694,6.49312320194643,6.49312320194643
"t29",5.94223822581616,5.31887648835453,5.12152710709683,11.9294614879886,7.80278035771039,9.57613280403418,5.34196854398996,6.4891554726518,13.4682695073694,6.4891554726518,11.3554438952306,13.4682695073694,13.4682695073694,6.4891554726518,5.53357801980065,6.49312320194643,5.28298082749895,7.09794940968384,3.309056440646,6.49312320194643,9.57613280403418,6.4891554726518,6.4891554726518,6.49312320194643,6.4891554726518,13.4682695073694,2.24128271818433,2.23302595109853,0,6.49312320194643,6.49312320194643,6.4891554726518,8.71415848781621,8.71415848781621,6.4891554726518,5.75466300492346,8.71415848781621,4.27685360450253,4.27685360450253,6.49312320194643,6.25405559088548,6.4891554726518,6.4891554726518,13.4682695073694,13.4682695073694,6.4891554726518,13.4682695073694,6.49312320194643,6.49312320194643,8.71415848781621,8.71415848781621,6.49312320194643,6.49312320194643,9.37996428242719,8.71415848781621,8.71415848781621,13.4682695073694,6.4891554726518,6.4891554726518,13.4682695073694,8.71415848781621,8.71415848781621,6.4891554726518,6.4891554726518,6.4891554726518,13.4682695073694,13.4682695073694,5.18886240920785,5.18886240920785,6.4891554726518,6.4891554726518,6.49312320194643,6.49312320194643,9.57613280403418,9.57613280403418,8.71415848781621,8.71415848781621,6.4891554726518,6.4891554726518,13.4682695073694,13.4682695073694,6.49312320194643,6.49312320194643,6.49312320194643,8.71415848781621,13.4682695073694,13.4682695073694,6.4891554726518,4.53177489326864,13.4682695073694,6.4891554726518,6.4891554726518,13.4682695073694,6.4891554726518,6.4891554726518,6.49312320194643,6.49312320194643,13.4682695073694,13.4682695073694,6.49312320194643,6.49312320194643,8.71415848781621,8.71415848781621,4.53177489326864,4.53177489326864,6.4891554726518,6.4891554726518,13.4682695073694,13.4682695073694,13.4682695073694,13.4682695073694,6.49312320194643,6.49312320194643
"t30",5.94223822581616,5.31887648835453,5.12152710709683,11.9294614879886,7.80278035771039,9.57613280403418,5.28393328615616,6.49312320194643,13.4682695073694,6.49312320194643,11.3554438952306,13.4682695073694,13.4682695073694,6.49312320194643,5.47554276196685,6.43508794411262,5.28694855679358,7.09794940968384,6.49312320194643,6.43508794411263,9.57613280403418,6.49312320194643,6.49312320194643,6.43508794411263,6.49312320194643,13.4682695073694,6.49312320194643,6.49312320194643,6.49312320194643,0,2.23282682849273,6.49312320194643,8.71415848781621,8.71415848781621,6.49312320194643,5.69662774708966,8.71415848781621,6.49312320194643,6.49312320194643,6.43508794411263,6.19602033305167,6.49312320194643,6.49312320194643,13.4682695073694,13.4682695073694,6.49312320194643,13.4682695073694,6.43508794411262,6.43508794411262,8.71415848781621,8.71415848781621,6.43508794411262,6.43508794411262,9.37996428242719,8.71415848781621,8.71415848781621,13.4682695073694,6.49312320194643,6.49312320194643,13.4682695073694,8.71415848781621,8.71415848781621,6.49312320194643,6.49312320194643,6.49312320194643,13.4682695073694,13.4682695073694,6.49312320194643,6.49312320194643,6.49312320194643,6.49312320194643,6.43508794411262,6.43508794411262,9.57613280403418,9.57613280403418,8.71415848781621,8.71415848781621,6.49312320194643,6.49312320194643,13.4682695073694,13.4682695073694,6.43508794411262,6.43508794411262,6.43508794411263,8.71415848781621,13.4682695073694,13.4682695073694,6.49312320194643,6.49312320194643,13.4682695073694,6.49312320194643,6.49312320194643,13.4682695073694,6.49312320194643,6.49312320194643,6.43508794411263,6.43508794411263,13.4682695073694,13.4682695073694,6.43508794411262,6.43508794411262,8.71415848781621,8.71415848781621,6.49312320194643,6.49312320194643,6.49312320194643,6.49312320194643,13.4682695073694,13.4682695073694,13.4682695073694,13.4682695073694,6.43508794411262,6.43508794411262
"t31",5.94223822581616,5.31887648835453,5.12152710709683,11.9294614879886,7.80278035771039,9.57613280403418,5.28393328615616,6.49312320194643,13.4682695073694,6.49312320194643,11.3554438952306,13.4682695073694,13.4682695073694,6.49312320194643,5.47554276196685,6.43508794411262,5.28694855679358,7.09794940968384,6.49312320194643,6.43508794411263,9.57613280403418,6.49312320194643,6.49312320194643,6.43508794411263,6.49312320194643,13.4682695073694,6.49312320194643,6.49312320194643,6.49312320194643,2.23282682849273,0,6.49312320194643,8.71415848781621,8.71415848781621,6.49312320194643,5.69662774708966,8.71415848781621,6.49312320194643,6.49312320194643,6.43508794411263,6.19602033305167,6.49312320194643,6.49312320194643,13.4682695073694,13.4682695073694,6.49312320194643,13.4682695073694,6.43508794411262,6.43508794411262,8.71415848781621,8.71415848781621,6.43508794411262,6.43508794411262,9.37996428242719,8.71415848781621,8.71415848781621,13.4682695073694,6.49312320194643,6.49312320194643,13.4682695073694,8.71415848781621,8.71415848781621,6.49312320194643,6.49312320194643,6.49312320194643,13.4682695073694,13.4682695073694,6.49312320194643,6.49312320194643,6.49312320194643,6.49312320194643,6.43508794411262,6.43508794411262,9.57613280403418,9.57613280403418,8.71415848781621,8.71415848781621,6.49312320194643,6.49312320194643,13.4682695073694,13.4682695073694,6.43508794411262,6.43508794411262,6.43508794411263,8.71415848781621,13.4682695073694,13.4682695073694,6.49312320194643,6.49312320194643,13.4682695073694,6.49312320194643,6.49312320194643,13.4682695073694,6.49312320194643,6.49312320194643,6.43508794411263,6.43508794411263,13.4682695073694,13.4682695073694,6.43508794411262,6.43508794411262,8.71415848781621,8.71415848781621,6.49312320194643,6.49312320194643,6.49312320194643,6.49312320194643,13.4682695073694,13.4682695073694,13.4682695073694,13.4682695073694,6.43508794411262,6.43508794411262
"t32",5.94223822581616,5.31887648835453,5.12152710709683,11.9294614879886,7.80278035771039,9.57613280403418,5.34196854398996,6.29016452791838,13.4682695073694,6.29016452791838,11.3554438952306,13.4682695073694,13.4682695073694,4.68129691688874,5.53357801980065,6.49312320194643,3.00931478921506,7.09794940968384,6.4891554726518,6.49312320194643,9.57613280403418,6.29016452791838,6.29016452791838,6.49312320194643,6.29016452791838,13.4682695073694,6.4891554726518,6.4891554726518,6.4891554726518,6.49312320194643,6.49312320194643,0,8.71415848781621,8.71415848781621,6.29016452791838,5.75466300492346,8.71415848781621,6.4891554726518,6.4891554726518,6.49312320194643,6.25405559088548,2.34638839800743,2.34638839800743,13.4682695073694,13.4682695073694,4.21548943436791,13.4682695073694,6.49312320194643,6.49312320194643,8.71415848781621,8.71415848781621,6.49312320194643,6.49312320194643,9.37996428242719,8.71415848781621,8.71415848781621,13.4682695073694,4.21548943436791,4.21548943436791,13.4682695073694,8.71415848781621,8.71415848781621,4.68129691688874,2.25806189162743,2.25806189162743,13.4682695073694,13.4682695073694,6.4891554726518,6.4891554726518,1.95811941878961,1.95811941878961,6.49312320194643,6.49312320194643,9.57613280403418,9.57613280403418,8.71415848781621,8.71415848781621,6.29016452791838,6.29016452791838,13.4682695073694,13.4682695073694,6.49312320194643,6.49312320194643,6.49312320194643,8.71415848781621,13.4682695073694,13.4682695073694,4.68129691688874,6.4891554726518,13.4682695073694,3.29522396186286,3.29522396186286,13.4682695073694,4.68129691688874,4.68129691688874,6.49312320194643,6.49312320194643,13.4682695073694,13.4682695073694,6.49312320194643,6.49312320194643,8.71415848781621,8.71415848781621,6.4891554726518,6.4891554726518,4.21548943436791,4.21548943436791,13.4682695073694,13.4682695073694,13.4682695073694,13.4682695073694,6.49312320194643,6.49312320194643
"t33",5.94223822581616,5.31887648835453,4.19582819156606,11.9294614879886,5.98519296497476,9.57613280403418,7.56300382985974,8.71415848781621,13.4682695073694,8.71415848781621,11.3554438952306,13.4682695073694,13.4682695073694,8.71415848781621,7.75461330567044,8.71415848781621,7.50798384266336,4.00342440299937,8.71415848781621,8.71415848781621,9.57613280403418,8.71415848781621,8.71415848781621,8.71415848781621,8.71415848781621,13.4682695073694,8.71415848781621,8.71415848781621,8.71415848781621,8.71415848781621,8.71415848781621,8.71415848781621,0,1.93924852759853,8.71415848781621,7.97569829079324,5.15858598070967,8.71415848781621,8.71415848781621,8.71415848781621,8.47509087675526,8.71415848781621,8.71415848781621,13.4682695073694,13.4682695073694,8.71415848781621,13.4682695073694,8.71415848781621,8.71415848781621,5.61963348113173,5.61963348113173,8.71415848781621,8.71415848781621,9.37996428242719,5.61963348113173,5.61963348113173,13.4682695073694,8.71415848781621,8.71415848781621,13.4682695073694,5.15858598070967,5.61963348113173,8.71415848781621,8.71415848781621,8.71415848781621,13.4682695073694,13.4682695073694,8.71415848781621,8.71415848781621,8.71415848781621,8.71415848781621,8.71415848781621,8.71415848781621,9.57613280403418,9.57613280403418,5.15858598070967,5.15858598070967,8.71415848781621,8.71415848781621,13.4682695073694,13.4682695073694,8.71415848781621,8.71415848781621,8.71415848781621,5.61963348113173,13.4682695073694,13.4682695073694,8.71415848781621,8.71415848781621,13.4682695073694,8.71415848781621,8.71415848781621,13.4682695073694,8.71415848781621,8.71415848781621,8.71415848781621,8.71415848781621,13.4682695073694,13.4682695073694,8.71415848781621,8.71415848781621,5.61963348113173,5.61963348113173,8.71415848781621,8.71415848781621,8.71415848781621,8.71415848781621,13.4682695073694,13.4682695073694,13.4682695073694,13.4682695073694,8.71415848781621,8.71415848781621
"t34",5.94223822581616,5.31887648835453,4.19582819156606,11.9294614879886,5.98519296497476,9.57613280403418,7.56300382985974,8.71415848781621,13.4682695073694,8.71415848781621,11.3554438952306,13.4682695073694,13.4682695073694,8.71415848781621,7.75461330567044,8.71415848781621,7.50798384266336,4.00342440299937,8.71415848781621,8.71415848781621,9.57613280403418,8.71415848781621,8.71415848781621,8.71415848781621,8.71415848781621,13.4682695073694,8.71415848781621,8.71415848781621,8.71415848781621,8.71415848781621,8.71415848781621,8.71415848781621,1.93924852759853,0,8.71415848781621,7.97569829079324,5.15858598070967,8.71415848781621,8.71415848781621,8.71415848781621,8.47509087675526,8.71415848781621,8.71415848781621,13.4682695073694,13.4682695073694,8.71415848781621,13.4682695073694,8.71415848781621,8.71415848781621,5.61963348113173,5.61963348113173,8.71415848781621,8.71415848781621,9.37996428242719,5.61963348113173,5.61963348113173,13.4682695073694,8.71415848781621,8.71415848781621,13.4682695073694,5.15858598070967,5.61963348113173,8.71415848781621,8.71415848781621,8.71415848781621,13.4682695073694,13.4682695073694,8.71415848781621,8.71415848781621,8.71415848781621,8.71415848781621,8.71415848781621,8.71415848781621,9.57613280403418,9.57613280403418,5.15858598070967,5.15858598070967,8.71415848781621,8.71415848781621,13.4682695073694,13.4682695073694,8.71415848781621,8.71415848781621,8.71415848781621,5.61963348113173,13.4682695073694,13.4682695073694,8.71415848781621,8.71415848781621,13.4682695073694,8.71415848781621,8.71415848781621,13.4682695073694,8.71415848781621,8.71415848781621,8.71415848781621,8.71415848781621,13.4682695073694,13.4682695073694,8.71415848781621,8.71415848781621,5.61963348113173,5.61963348113173,8.71415848781621,8.71415848781621,8.71415848781621,8.71415848781621,13.4682695073694,13.4682695073694,13.4682695073694,13.4682695073694,8.71415848781621,8.71415848781621
"t35",5.94223822581616,5.31887648835453,5.12152710709683,11.9294614879886,7.80278035771039,9.57613280403418,5.34196854398996,5.5274124502462,13.4682695073694,5.01729963243498,11.3554438952306,13.4682695073694,13.4682695073694,6.29016452791838,5.53357801980065,6.49312320194643,5.08398988276553,7.09794940968384,6.4891554726518,6.49312320194643,9.57613280403418,2.88977208010637,2.88977208010637,6.49312320194643,2.38929023627113,13.4682695073694,6.4891554726518,6.4891554726518,6.4891554726518,6.49312320194643,6.49312320194643,6.29016452791838,8.71415848781621,8.71415848781621,0,5.75466300492346,8.71415848781621,6.4891554726518,6.4891554726518,6.49312320194643,6.25405559088548,6.29016452791838,6.29016452791838,13.4682695073694,13.4682695073694,6.29016452791838,13.4682695073694,6.49312320194643,6.49312320194643,8.71415848781621,8.71415848781621,6.49312320194643,6.49312320194643,9.37996428242719,8.71415848781621,8.71415848781621,13.4682695073694,6.29016452791838,6.29016452791838,13.4682695073694,8.71415848781621,8.71415848781621,6.29016452791838,6.29016452791838,6.29016452791838,13.4682695073694,13.4682695073694,6.4891554726518,6.4891554726518,6.29016452791838,6.29016452791838,6.49312320194643,6.49312320194643,9.57613280403418,9.57613280403418,8.71415848781621,8.71415848781621,1.85911511805218,1.85911511805218,13.4682695073694,13.4682695073694,6.49312320194643,6.49312320194643,6.49312320194643,8.71415848781621,13.4682695073694,13.4682695073694,6.29016452791838,6.4891554726518,13.4682695073694,6.29016452791838,6.29016452791838,13.4682695073694,6.29016452791838,6.29016452791838,6.49312320194643,6.49312320194643,13.4682695073694,13.4682695073694,6.49312320194643,6.49312320194643,8.71415848781621,8.71415848781621,6.4891554726518,6.4891554726518,6.29016452791838,6.29016452791838,13.4682695073694,13.4682695073694,13.4682695073694,13.4682695073694,6.49312320194643,6.49312320194643
"t36",5.20377802879319,4.58041629133156,4.38306691007386,11.1910012909656,7.06432016068742,8.83767260701121,4.38151970381761,5.75466300492346,12.7298093103464,5.75466300492346,10.6169836982076,12.7298093103464,12.7298093103464,5.75466300492346,2.01962985416241,5.53267436177407,4.54848835977061,6.35948921266087,5.75466300492346,5.53267436177407,8.83767260701121,5.75466300492346,5.75466300492346,4.72274882242621,5.75466300492346,12.7298093103464,5.75466300492346,5.75466300492346,5.75466300492346,5.69662774708966,5.69662774708966,5.75466300492346,7.97569829079324,7.97569829079324,5.75466300492346,0,7.97569829079324,5.75466300492346,5.75466300492346,3.22544270802933,2.98637509696837,5.75466300492346,5.75466300492346,12.7298093103464,12.7298093103464,5.75466300492346,12.7298093103464,5.53267436177407,5.53267436177407,7.97569829079324,7.97569829079324,1.01046216860536,1.01046216860536,8.64150408540422,7.97569829079324,7.97569829079324,12.7298093103464,5.75466300492346,5.75466300492346,12.7298093103464,7.97569829079324,7.97569829079324,5.75466300492346,5.75466300492346,5.75466300492346,12.7298093103464,12.7298093103464,5.75466300492346,5.75466300492346,5.75466300492346,5.75466300492346,5.53267436177407,5.53267436177407,8.83767260701121,8.83767260701121,7.97569829079324,7.97569829079324,5.75466300492346,5.75466300492346,12.7298093103464,12.7298093103464,2.50212027454399,2.50212027454399,4.72274882242621,7.97569829079324,12.7298093103464,12.7298093103464,5.75466300492346,5.75466300492346,12.7298093103464,5.75466300492346,5.75466300492346,12.7298093103464,5.75466300492346,5.75466300492346,4.72274882242621,4.72274882242621,12.7298093103464,12.7298093103464,5.53267436177407,5.53267436177407,7.97569829079324,7.97569829079324,5.75466300492346,5.75466300492346,5.75466300492346,5.75466300492346,12.7298093103464,12.7298093103464,12.7298093103464,12.7298093103464,3.22544270802933,3.22544270802933
"t37",5.94223822581616,5.31887648835453,4.19582819156606,11.9294614879886,5.98519296497476,9.57613280403418,7.56300382985974,8.71415848781621,13.4682695073694,8.71415848781621,11.3554438952306,13.4682695073694,13.4682695073694,8.71415848781621,7.75461330567044,8.71415848781621,7.50798384266336,4.00342440299937,8.71415848781621,8.71415848781621,9.57613280403418,8.71415848781621,8.71415848781621,8.71415848781621,8.71415848781621,13.4682695073694,8.71415848781621,8.71415848781621,8.71415848781621,8.71415848781621,8.71415848781621,8.71415848781621,5.15858598070967,5.15858598070967,8.71415848781621,7.97569829079324,0,8.71415848781621,8.71415848781621,8.71415848781621,8.47509087675526,8.71415848781621,8.71415848781621,13.4682695073694,13.4682695073694,8.71415848781621,13.4682695073694,8.71415848781621,8.71415848781621,5.61963348113173,5.61963348113173,8.71415848781621,8.71415848781621,9.37996428242719,5.61963348113173,5.61963348113173,13.4682695073694,8.71415848781621,8.71415848781621,13.4682695073694,1.70654024488365,5.61963348113173,8.71415848781621,8.71415848781621,8.71415848781621,13.4682695073694,13.4682695073694,8.71415848781621,8.71415848781621,8.71415848781621,8.71415848781621,8.71415848781621,8.71415848781621,9.57613280403418,9.57613280403418,1.70654024488365,1.70654024488365,8.71415848781621,8.71415848781621,13.4682695073694,13.4682695073694,8.71415848781621,8.71415848781621,8.71415848781621,5.61963348113173,13.4682695073694,13.4682695073694,8.71415848781621,8.71415848781621,13.4682695073694,8.71415848781621,8.71415848781621,13.4682695073694,8.71415848781621,8.71415848781621,8.71415848781621,8.71415848781621,13.4682695073694,13.4682695073694,8.71415848781621,8.71415848781621,5.61963348113173,5.61963348113173,8.71415848781621,8.71415848781621,8.71415848781621,8.71415848781621,13.4682695073694,13.4682695073694,13.4682695073694,13.4682695073694,8.71415848781621,8.71415848781621
"t38",5.94223822581616,5.31887648835453,5.12152710709683,11.9294614879886,7.80278035771039,9.57613280403418,5.34196854398996,6.4891554726518,13.4682695073694,6.4891554726518,11.3554438952306,13.4682695073694,13.4682695073694,6.4891554726518,5.53357801980065,6.49312320194643,5.28298082749895,7.09794940968384,4.27685360450253,6.49312320194643,9.57613280403418,6.4891554726518,6.4891554726518,6.49312320194643,6.4891554726518,13.4682695073694,4.27685360450253,4.27685360450253,4.27685360450253,6.49312320194643,6.49312320194643,6.4891554726518,8.71415848781621,8.71415848781621,6.4891554726518,5.75466300492346,8.71415848781621,0,1.6661692015904,6.49312320194643,6.25405559088548,6.4891554726518,6.4891554726518,13.4682695073694,13.4682695073694,6.4891554726518,13.4682695073694,6.49312320194643,6.49312320194643,8.71415848781621,8.71415848781621,6.49312320194643,6.49312320194643,9.37996428242719,8.71415848781621,8.71415848781621,13.4682695073694,6.4891554726518,6.4891554726518,13.4682695073694,8.71415848781621,8.71415848781621,6.4891554726518,6.4891554726518,6.4891554726518,13.4682695073694,13.4682695073694,5.18886240920785,5.18886240920785,6.4891554726518,6.4891554726518,6.49312320194643,6.49312320194643,9.57613280403418,9.57613280403418,8.71415848781621,8.71415848781621,6.4891554726518,6.4891554726518,13.4682695073694,13.4682695073694,6.49312320194643,6.49312320194643,6.49312320194643,8.71415848781621,13.4682695073694,13.4682695073694,6.4891554726518,4.53177489326864,13.4682695073694,6.4891554726518,6.4891554726518,13.4682695073694,6.4891554726518,6.4891554726518,6.49312320194643,6.49312320194643,13.4682695073694,13.4682695073694,6.49312320194643,6.49312320194643,8.71415848781621,8.71415848781621,4.53177489326864,4.53177489326864,6.4891554726518,6.4891554726518,13.4682695073694,13.4682695073694,13.4682695073694,13.4682695073694,6.49312320194643,6.49312320194643
"t39",5.94223822581616,5.31887648835453,5.12152710709683,11.9294614879886,7.80278035771039,9.57613280403418,5.34196854398996,6.4891554726518,13.4682695073694,6.4891554726518,11.3554438952306,13.4682695073694,13.4682695073694,6.4891554726518,5.53357801980065,6.49312320194643,5.28298082749895,7.09794940968384,4.27685360450253,6.49312320194643,9.57613280403418,6.4891554726518,6.4891554726518,6.49312320194643,6.4891554726518,13.4682695073694,4.27685360450253,4.27685360450253,4.27685360450253,6.49312320194643,6.49312320194643,6.4891554726518,8.71415848781621,8.71415848781621,6.4891554726518,5.75466300492346,8.71415848781621,1.6661692015904,0,6.49312320194643,6.25405559088548,6.4891554726518,6.4891554726518,13.4682695073694,13.4682695073694,6.4891554726518,13.4682695073694,6.49312320194643,6.49312320194643,8.71415848781621,8.71415848781621,6.49312320194643,6.49312320194643,9.37996428242719,8.71415848781621,8.71415848781621,13.4682695073694,6.4891554726518,6.4891554726518,13.4682695073694,8.71415848781621,8.71415848781621,6.4891554726518,6.4891554726518,6.4891554726518,13.4682695073694,13.4682695073694,5.18886240920785,5.18886240920785,6.4891554726518,6.4891554726518,6.49312320194643,6.49312320194643,9.57613280403418,9.57613280403418,8.71415848781621,8.71415848781621,6.4891554726518,6.4891554726518,13.4682695073694,13.4682695073694,6.49312320194643,6.49312320194643,6.49312320194643,8.71415848781621,13.4682695073694,13.4682695073694,6.4891554726518,4.53177489326864,13.4682695073694,6.4891554726518,6.4891554726518,13.4682695073694,6.4891554726518,6.4891554726518,6.49312320194643,6.49312320194643,13.4682695073694,13.4682695073694,6.49312320194643,6.49312320194643,8.71415848781621,8.71415848781621,4.53177489326864,4.53177489326864,6.4891554726518,6.4891554726518,13.4682695073694,13.4682695073694,13.4682695073694,13.4682695073694,6.49312320194643,6.49312320194643
"t40",5.94223822581616,5.31887648835453,5.12152710709683,11.9294614879886,7.80278035771039,9.57613280403418,5.11997990084058,6.49312320194643,13.4682695073694,6.49312320194643,11.3554438952306,13.4682695073694,13.4682695073694,6.49312320194643,3.00435772290652,6.27113455879704,5.28694855679358,7.09794940968384,6.49312320194643,6.27113455879704,9.57613280403418,6.49312320194643,6.49312320194643,5.46120901944917,6.49312320194643,13.4682695073694,6.49312320194643,6.49312320194643,6.49312320194643,6.43508794411263,6.43508794411263,6.49312320194643,8.71415848781621,8.71415848781621,6.49312320194643,3.22544270802933,8.71415848781621,6.49312320194643,6.49312320194643,0,1.35613976794523,6.49312320194643,6.49312320194643,13.4682695073694,13.4682695073694,6.49312320194643,13.4682695073694,6.27113455879704,6.27113455879704,8.71415848781621,8.71415848781621,3.96390290505229,3.96390290505229,9.37996428242719,8.71415848781621,8.71415848781621,13.4682695073694,6.49312320194643,6.49312320194643,13.4682695073694,8.71415848781621,8.71415848781621,6.49312320194643,6.49312320194643,6.49312320194643,13.4682695073694,13.4682695073694,6.49312320194643,6.49312320194643,6.49312320194643,6.49312320194643,6.27113455879704,6.27113455879704,9.57613280403418,9.57613280403418,8.71415848781621,8.71415848781621,6.49312320194643,6.49312320194643,13.4682695073694,13.4682695073694,3.96390290505229,3.96390290505229,5.46120901944917,8.71415848781621,13.4682695073694,13.4682695073694,6.49312320194643,6.49312320194643,13.4682695073694,6.49312320194643,6.49312320194643,13.4682695073694,6.49312320194643,6.49312320194643,5.46120901944917,5.46120901944917,13.4682695073694,13.4682695073694,6.27113455879704,6.27113455879704,8.71415848781621,8.71415848781621,6.49312320194643,6.49312320194643,6.49312320194643,6.49312320194643,13.4682695073694,13.4682695073694,13.4682695073694,13.4682695073694,2.9053820993603,2.9053820993603
"t41",5.70317061475521,5.07980887729358,4.88245949603588,11.6903938769277,7.56371274664944,9.33706519297323,4.88091228977962,6.25405559088548,13.2292018963084,6.25405559088548,11.1163762841696,13.2292018963084,13.2292018963084,6.25405559088548,2.76529011184557,6.03206694773609,5.04788094573263,6.85888179862289,6.25405559088548,6.03206694773609,9.33706519297323,6.25405559088548,6.25405559088548,5.22214140838822,6.25405559088548,13.2292018963084,6.25405559088548,6.25405559088548,6.25405559088548,6.19602033305167,6.19602033305167,6.25405559088548,8.47509087675526,8.47509087675526,6.25405559088548,2.98637509696837,8.47509087675526,6.25405559088548,6.25405559088548,1.35613976794523,0,6.25405559088548,6.25405559088548,13.2292018963084,13.2292018963084,6.25405559088548,13.2292018963084,6.03206694773609,6.03206694773609,8.47509087675526,8.47509087675526,3.72483529399134,3.72483529399134,9.14089667136624,8.47509087675526,8.47509087675526,13.2292018963084,6.25405559088548,6.25405559088548,13.2292018963084,8.47509087675526,8.47509087675526,6.25405559088548,6.25405559088548,6.25405559088548,13.2292018963084,13.2292018963084,6.25405559088548,6.25405559088548,6.25405559088548,6.25405559088548,6.03206694773609,6.03206694773609,9.33706519297323,9.33706519297323,8.47509087675526,8.47509087675526,6.25405559088548,6.25405559088548,13.2292018963084,13.2292018963084,3.72483529399134,3.72483529399134,5.22214140838822,8.47509087675526,13.2292018963084,13.2292018963084,6.25405559088548,6.25405559088548,13.2292018963084,6.25405559088548,6.25405559088548,13.2292018963084,6.25405559088548,6.25405559088548,5.22214140838822,5.22214140838822,13.2292018963084,13.2292018963084,6.03206694773609,6.03206694773609,8.47509087675526,8.47509087675526,6.25405559088548,6.25405559088548,6.25405559088548,6.25405559088548,13.2292018963084,13.2292018963084,13.2292018963084,13.2292018963084,2.66631448829935,2.66631448829935
"t42",5.94223822581616,5.31887648835453,5.12152710709683,11.9294614879886,7.80278035771039,9.57613280403418,5.34196854398996,6.29016452791838,13.4682695073694,6.29016452791838,11.3554438952306,13.4682695073694,13.4682695073694,4.68129691688874,5.53357801980065,6.49312320194643,3.00931478921506,7.09794940968384,6.4891554726518,6.49312320194643,9.57613280403418,6.29016452791838,6.29016452791838,6.49312320194643,6.29016452791838,13.4682695073694,6.4891554726518,6.4891554726518,6.4891554726518,6.49312320194643,6.49312320194643,2.34638839800743,8.71415848781621,8.71415848781621,6.29016452791838,5.75466300492346,8.71415848781621,6.4891554726518,6.4891554726518,6.49312320194643,6.25405559088548,0,1.56524615253746,13.4682695073694,13.4682695073694,4.21548943436791,13.4682695073694,6.49312320194643,6.49312320194643,8.71415848781621,8.71415848781621,6.49312320194643,6.49312320194643,9.37996428242719,8.71415848781621,8.71415848781621,13.4682695073694,4.21548943436791,4.21548943436791,13.4682695073694,8.71415848781621,8.71415848781621,4.68129691688874,2.34638839800743,2.34638839800743,13.4682695073694,13.4682695073694,6.4891554726518,6.4891554726518,2.34638839800743,2.34638839800743,6.49312320194643,6.49312320194643,9.57613280403418,9.57613280403418,8.71415848781621,8.71415848781621,6.29016452791838,6.29016452791838,13.4682695073694,13.4682695073694,6.49312320194643,6.49312320194643,6.49312320194643,8.71415848781621,13.4682695073694,13.4682695073694,4.68129691688874,6.4891554726518,13.4682695073694,3.29522396186286,3.29522396186286,13.4682695073694,4.68129691688874,4.68129691688874,6.49312320194643,6.49312320194643,13.4682695073694,13.4682695073694,6.49312320194643,6.49312320194643,8.71415848781621,8.71415848781621,6.4891554726518,6.4891554726518,4.21548943436791,4.21548943436791,13.4682695073694,13.4682695073694,13.4682695073694,13.4682695073694,6.49312320194643,6.49312320194643
"t43",5.94223822581616,5.31887648835453,5.12152710709683,11.9294614879886,7.80278035771039,9.57613280403418,5.34196854398996,6.29016452791838,13.4682695073694,6.29016452791838,11.3554438952306,13.4682695073694,13.4682695073694,4.68129691688874,5.53357801980065,6.49312320194643,3.00931478921506,7.09794940968384,6.4891554726518,6.49312320194643,9.57613280403418,6.29016452791838,6.29016452791838,6.49312320194643,6.29016452791838,13.4682695073694,6.4891554726518,6.4891554726518,6.4891554726518,6.49312320194643,6.49312320194643,2.34638839800743,8.71415848781621,8.71415848781621,6.29016452791838,5.75466300492346,8.71415848781621,6.4891554726518,6.4891554726518,6.49312320194643,6.25405559088548,1.56524615253746,0,13.4682695073694,13.4682695073694,4.21548943436791,13.4682695073694,6.49312320194643,6.49312320194643,8.71415848781621,8.71415848781621,6.49312320194643,6.49312320194643,9.37996428242719,8.71415848781621,8.71415848781621,13.4682695073694,4.21548943436791,4.21548943436791,13.4682695073694,8.71415848781621,8.71415848781621,4.68129691688874,2.34638839800743,2.34638839800743,13.4682695073694,13.4682695073694,6.4891554726518,6.4891554726518,2.34638839800743,2.34638839800743,6.49312320194643,6.49312320194643,9.57613280403418,9.57613280403418,8.71415848781621,8.71415848781621,6.29016452791838,6.29016452791838,13.4682695073694,13.4682695073694,6.49312320194643,6.49312320194643,6.49312320194643,8.71415848781621,13.4682695073694,13.4682695073694,4.68129691688874,6.4891554726518,13.4682695073694,3.29522396186286,3.29522396186286,13.4682695073694,4.68129691688874,4.68129691688874,6.49312320194643,6.49312320194643,13.4682695073694,13.4682695073694,6.49312320194643,6.49312320194643,8.71415848781621,8.71415848781621,6.4891554726518,6.4891554726518,4.21548943436791,4.21548943436791,13.4682695073694,13.4682695073694,13.4682695073694,13.4682695073694,6.49312320194643,6.49312320194643
"t44",7.57526452640885,9.21101319168974,9.87563812665002,7.12209754036946,12.5568913772636,13.4682695073694,12.3171148494129,13.4682695073694,5.20634908525802,13.4682695073694,2.2368915790703,8.66090555975025,8.66090555975025,13.4682695073694,12.5087243252236,13.4682695073694,12.2620948622166,11.852060429237,13.4682695073694,13.4682695073694,13.4682695073694,13.4682695073694,13.4682695073694,13.4682695073694,13.4682695073694,8.66090555975025,13.4682695073694,13.4682695073694,13.4682695073694,13.4682695073694,13.4682695073694,13.4682695073694,13.4682695073694,13.4682695073694,13.4682695073694,12.7298093103464,13.4682695073694,13.4682695073694,13.4682695073694,13.4682695073694,13.2292018963084,13.4682695073694,13.4682695073694,0,1.37513553984441,13.4682695073694,4.19160311005647,13.4682695073694,13.4682695073694,13.4682695073694,13.4682695073694,13.4682695073694,13.4682695073694,13.2721009857624,13.4682695073694,13.4682695073694,2.5366887376853,13.4682695073694,13.4682695073694,4.19160311005647,13.4682695073694,13.4682695073694,13.4682695073694,13.4682695073694,13.4682695073694,4.19160311005647,4.19160311005647,13.4682695073694,13.4682695073694,13.4682695073694,13.4682695073694,13.4682695073694,13.4682695073694,13.4682695073694,13.4682695073694,13.4682695073694,13.4682695073694,13.4682695073694,13.4682695073694,2.5366887376853,2.5366887376853,13.4682695073694,13.4682695073694,13.4682695073694,13.4682695073694,8.66090555975025,8.66090555975025,13.4682695073694,13.4682695073694,8.66090555975025,13.4682695073694,13.4682695073694,8.66090555975025,13.4682695073694,13.4682695073694,13.4682695073694,13.4682695073694,8.66090555975025,8.66090555975025,13.4682695073694,13.4682695073694,13.4682695073694,13.4682695073694,13.4682695073694,13.4682695073694,13.4682695073694,13.4682695073694,4.19160311005647,4.19160311005647,4.19160311005647,4.19160311005647,13.4682695073694,13.4682695073694
"t45",7.57526452640885,9.21101319168974,9.87563812665002,7.12209754036946,12.5568913772636,13.4682695073694,12.3171148494129,13.4682695073694,5.20634908525802,13.4682695073694,2.2368915790703,8.66090555975025,8.66090555975025,13.4682695073694,12.5087243252236,13.4682695073694,12.2620948622166,11.852060429237,13.4682695073694,13.4682695073694,13.4682695073694,13.4682695073694,13.4682695073694,13.4682695073694,13.4682695073694,8.66090555975025,13.4682695073694,13.4682695073694,13.4682695073694,13.4682695073694,13.4682695073694,13.4682695073694,13.4682695073694,13.4682695073694,13.4682695073694,12.7298093103464,13.4682695073694,13.4682695073694,13.4682695073694,13.4682695073694,13.2292018963084,13.4682695073694,13.4682695073694,1.37513553984441,0,13.4682695073694,4.19160311005647,13.4682695073694,13.4682695073694,13.4682695073694,13.4682695073694,13.4682695073694,13.4682695073694,13.2721009857624,13.4682695073694,13.4682695073694,2.5366887376853,13.4682695073694,13.4682695073694,4.19160311005647,13.4682695073694,13.4682695073694,13.4682695073694,13.4682695073694,13.4682695073694,4.19160311005647,4.19160311005647,13.4682695073694,13.4682695073694,13.4682695073694,13.4682695073694,13.4682695073694,13.4682695073694,13.4682695073694,13.4682695073694,13.4682695073694,13.4682695073694,13.4682695073694,13.4682695073694,2.5366887376853,2.5366887376853,13.4682695073694,13.4682695073694,13.4682695073694,13.4682695073694,8.66090555975025,8.66090555975025,13.4682695073694,13.4682695073694,8.66090555975025,13.4682695073694,13.4682695073694,8.66090555975025,13.4682695073694,13.4682695073694,13.4682695073694,13.4682695073694,8.66090555975025,8.66090555975025,13.4682695073694,13.4682695073694,13.4682695073694,13.4682695073694,13.4682695073694,13.4682695073694,13.4682695073694,13.4682695073694,4.19160311005647,4.19160311005647,4.19160311005647,4.19160311005647,13.4682695073694,13.4682695073694
"t46",5.94223822581616,5.31887648835453,5.12152710709683,11.9294614879886,7.80278035771039,9.57613280403418,5.34196854398996,6.29016452791838,13.4682695073694,6.29016452791838,11.3554438952306,13.4682695073694,13.4682695073694,4.68129691688874,5.53357801980065,6.49312320194643,2.39030018170725,7.09794940968384,6.4891554726518,6.49312320194643,9.57613280403418,6.29016452791838,6.29016452791838,6.49312320194643,6.29016452791838,13.4682695073694,6.4891554726518,6.4891554726518,6.4891554726518,6.49312320194643,6.49312320194643,4.21548943436791,8.71415848781621,8.71415848781621,6.29016452791838,5.75466300492346,8.71415848781621,6.4891554726518,6.4891554726518,6.49312320194643,6.25405559088548,4.21548943436791,4.21548943436791,13.4682695073694,13.4682695073694,0,13.4682695073694,6.49312320194643,6.49312320194643,8.71415848781621,8.71415848781621,6.49312320194643,6.49312320194643,9.37996428242719,8.71415848781621,8.71415848781621,13.4682695073694,1.20616857194158,1.20616857194158,13.4682695073694,8.71415848781621,8.71415848781621,4.68129691688874,4.21548943436791,4.21548943436791,13.4682695073694,13.4682695073694,6.4891554726518,6.4891554726518,4.21548943436791,4.21548943436791,6.49312320194643,6.49312320194643,9.57613280403418,9.57613280403418,8.71415848781621,8.71415848781621,6.29016452791838,6.29016452791838,13.4682695073694,13.4682695073694,6.49312320194643,6.49312320194643,6.49312320194643,8.71415848781621,13.4682695073694,13.4682695073694,4.68129691688874,6.4891554726518,13.4682695073694,4.21548943436791,4.21548943436791,13.4682695073694,4.68129691688874,4.68129691688874,6.49312320194643,6.49312320194643,13.4682695073694,13.4682695073694,6.49312320194643,6.49312320194643,8.71415848781621,8.71415848781621,6.4891554726518,6.4891554726518,1.20616857194158,1.20616857194158,13.4682695073694,13.4682695073694,13.4682695073694,13.4682695073694,6.49312320194643,6.49312320194643
"t47",7.57526452640885,9.21101319168974,9.87563812665002,7.12209754036946,12.5568913772636,13.4682695073694,12.3171148494129,13.4682695073694,5.20634908525802,13.4682695073694,2.2368915790703,8.66090555975025,8.66090555975025,13.4682695073694,12.5087243252236,13.4682695073694,12.2620948622165,11.852060429237,13.4682695073694,13.4682695073694,13.4682695073694,13.4682695073694,13.4682695073694,13.4682695073694,13.4682695073694,8.66090555975025,13.4682695073694,13.4682695073694,13.4682695073694,13.4682695073694,13.4682695073694,13.4682695073694,13.4682695073694,13.4682695073694,13.4682695073694,12.7298093103464,13.4682695073694,13.4682695073694,13.4682695073694,13.4682695073694,13.2292018963084,13.4682695073694,13.4682695073694,4.19160311005647,4.19160311005647,13.4682695073694,0,13.4682695073694,13.4682695073694,13.4682695073694,13.4682695073694,13.4682695073694,13.4682695073694,13.2721009857624,13.4682695073694,13.4682695073694,4.19160311005647,13.4682695073694,13.4682695073694,3.09421238196138,13.4682695073694,13.4682695073694,13.4682695073694,13.4682695073694,13.4682695073694,1.19597766097642,1.19597766097642,13.4682695073694,13.4682695073694,13.4682695073694,13.4682695073694,13.4682695073694,13.4682695073694,13.4682695073694,13.4682695073694,13.4682695073694,13.4682695073694,13.4682695073694,13.4682695073694,4.19160311005647,4.19160311005647,13.4682695073694,13.4682695073694,13.4682695073694,13.4682695073694,8.66090555975025,8.66090555975025,13.4682695073694,13.4682695073694,8.66090555975025,13.4682695073694,13.4682695073694,8.66090555975025,13.4682695073694,13.4682695073694,13.4682695073694,13.4682695073694,8.66090555975025,8.66090555975025,13.4682695073694,13.4682695073694,13.4682695073694,13.4682695073694,13.4682695073694,13.4682695073694,13.4682695073694,13.4682695073694,3.09421238196138,3.09421238196138,1.94118326324438,1.94118326324438,13.4682695073694,13.4682695073694
"t48",5.94223822581616,5.31887648835453,5.12152710709683,11.9294614879886,7.80278035771039,9.57613280403418,4.78465686236153,6.49312320194643,13.4682695073694,6.49312320194643,11.3554438952306,13.4682695073694,13.4682695073694,6.49312320194643,5.31158937665127,3.64053131597424,5.28694855679358,7.09794940968384,6.49312320194643,2.8714260169629,9.57613280403418,6.49312320194643,6.49312320194643,6.27113455879704,6.49312320194643,13.4682695073694,6.49312320194643,6.49312320194643,6.49312320194643,6.43508794411262,6.43508794411262,6.49312320194643,8.71415848781621,8.71415848781621,6.49312320194643,5.53267436177407,8.71415848781621,6.49312320194643,6.49312320194643,6.27113455879704,6.03206694773609,6.49312320194643,6.49312320194643,13.4682695073694,13.4682695073694,6.49312320194643,13.4682695073694,0,1.105679047778,8.71415848781621,8.71415848781621,6.27113455879704,6.27113455879704,9.37996428242719,8.71415848781621,8.71415848781621,13.4682695073694,6.49312320194643,6.49312320194643,13.4682695073694,8.71415848781621,8.71415848781621,6.49312320194643,6.49312320194643,6.49312320194643,13.4682695073694,13.4682695073694,6.49312320194643,6.49312320194643,6.49312320194643,6.49312320194643,1.98479017815587,1.98479017815587,9.57613280403418,9.57613280403418,8.71415848781621,8.71415848781621,6.49312320194643,6.49312320194643,13.4682695073694,13.4682695073694,6.27113455879704,6.27113455879704,6.27113455879704,8.71415848781621,13.4682695073694,13.4682695073694,6.49312320194643,6.49312320194643,13.4682695073694,6.49312320194643,6.49312320194643,13.4682695073694,6.49312320194643,6.49312320194643,6.27113455879704,6.27113455879704,13.4682695073694,13.4682695073694,1.98479017815587,1.98479017815587,8.71415848781621,8.71415848781621,6.49312320194643,6.49312320194643,6.49312320194643,6.49312320194643,13.4682695073694,13.4682695073694,13.4682695073694,13.4682695073694,6.27113455879704,6.27113455879704
"t49",5.94223822581616,5.31887648835453,5.12152710709683,11.9294614879886,7.80278035771039,9.57613280403418,4.78465686236153,6.49312320194643,13.4682695073694,6.49312320194643,11.3554438952306,13.4682695073694,13.4682695073694,6.49312320194643,5.31158937665127,3.64053131597424,5.28694855679358,7.09794940968384,6.49312320194643,2.8714260169629,9.57613280403418,6.49312320194643,6.49312320194643,6.27113455879704,6.49312320194643,13.4682695073694,6.49312320194643,6.49312320194643,6.49312320194643,6.43508794411262,6.43508794411262,6.49312320194643,8.71415848781621,8.71415848781621,6.49312320194643,5.53267436177407,8.71415848781621,6.49312320194643,6.49312320194643,6.27113455879704,6.03206694773609,6.49312320194643,6.49312320194643,13.4682695073694,13.4682695073694,6.49312320194643,13.4682695073694,1.105679047778,0,8.71415848781621,8.71415848781621,6.27113455879704,6.27113455879704,9.37996428242719,8.71415848781621,8.71415848781621,13.4682695073694,6.49312320194643,6.49312320194643,13.4682695073694,8.71415848781621,8.71415848781621,6.49312320194643,6.49312320194643,6.49312320194643,13.4682695073694,13.4682695073694,6.49312320194643,6.49312320194643,6.49312320194643,6.49312320194643,1.98479017815587,1.98479017815587,9.57613280403418,9.57613280403418,8.71415848781621,8.71415848781621,6.49312320194643,6.49312320194643,13.4682695073694,13.4682695073694,6.27113455879704,6.27113455879704,6.27113455879704,8.71415848781621,13.4682695073694,13.4682695073694,6.49312320194643,6.49312320194643,13.4682695073694,6.49312320194643,6.49312320194643,13.4682695073694,6.49312320194643,6.49312320194643,6.27113455879704,6.27113455879704,13.4682695073694,13.4682695073694,1.98479017815587,1.98479017815587,8.71415848781621,8.71415848781621,6.49312320194643,6.49312320194643,6.49312320194643,6.49312320194643,13.4682695073694,13.4682695073694,13.4682695073694,13.4682695073694,6.27113455879704,6.27113455879704
"t50",5.94223822581616,5.31887648835453,4.19582819156606,11.9294614879886,5.98519296497476,9.57613280403418,7.56300382985974,8.71415848781621,13.4682695073694,8.71415848781621,11.3554438952306,13.4682695073694,13.4682695073694,8.71415848781621,7.75461330567044,8.71415848781621,7.50798384266336,1.77593270380533,8.71415848781621,8.71415848781621,9.57613280403418,8.71415848781621,8.71415848781621,8.71415848781621,8.71415848781621,13.4682695073694,8.71415848781621,8.71415848781621,8.71415848781621,8.71415848781621,8.71415848781621,8.71415848781621,5.61963348113173,5.61963348113173,8.71415848781621,7.97569829079324,5.61963348113173,8.71415848781621,8.71415848781621,8.71415848781621,8.47509087675526,8.71415848781621,8.71415848781621,13.4682695073694,13.4682695073694,8.71415848781621,13.4682695073694,8.71415848781621,8.71415848781621,0,1.07353696549661,8.71415848781621,8.71415848781621,9.37996428242719,1.07353696549661,1.07353696549661,13.4682695073694,8.71415848781621,8.71415848781621,13.4682695073694,5.61963348113173,1.70797762705964,8.71415848781621,8.71415848781621,8.71415848781621,13.4682695073694,13.4682695073694,8.71415848781621,8.71415848781621,8.71415848781621,8.71415848781621,8.71415848781621,8.71415848781621,9.57613280403418,9.57613280403418,5.61963348113173,5.61963348113173,8.71415848781621,8.71415848781621,13.4682695073694,13.4682695073694,8.71415848781621,8.71415848781621,8.71415848781621,1.70797762705964,13.4682695073694,13.4682695073694,8.71415848781621,8.71415848781621,13.4682695073694,8.71415848781621,8.71415848781621,13.4682695073694,8.71415848781621,8.71415848781621,8.71415848781621,8.71415848781621,13.4682695073694,13.4682695073694,8.71415848781621,8.71415848781621,1.70797762705964,1.70797762705964,8.71415848781621,8.71415848781621,8.71415848781621,8.71415848781621,13.4682695073694,13.4682695073694,13.4682695073694,13.4682695073694,8.71415848781621,8.71415848781621
"t51",5.94223822581616,5.31887648835453,4.19582819156606,11.9294614879886,5.98519296497476,9.57613280403418,7.56300382985974,8.71415848781621,13.4682695073694,8.71415848781621,11.3554438952306,13.4682695073694,13.4682695073694,8.71415848781621,7.75461330567044,8.71415848781621,7.50798384266336,1.77593270380533,8.71415848781621,8.71415848781621,9.57613280403418,8.71415848781621,8.71415848781621,8.71415848781621,8.71415848781621,13.4682695073694,8.71415848781621,8.71415848781621,8.71415848781621,8.71415848781621,8.71415848781621,8.71415848781621,5.61963348113173,5.61963348113173,8.71415848781621,7.97569829079324,5.61963348113173,8.71415848781621,8.71415848781621,8.71415848781621,8.47509087675526,8.71415848781621,8.71415848781621,13.4682695073694,13.4682695073694,8.71415848781621,13.4682695073694,8.71415848781621,8.71415848781621,1.07353696549661,0,8.71415848781621,8.71415848781621,9.37996428242719,1.04583739478678,1.04583739478678,13.4682695073694,8.71415848781621,8.71415848781621,13.4682695073694,5.61963348113173,1.70797762705964,8.71415848781621,8.71415848781621,8.71415848781621,13.4682695073694,13.4682695073694,8.71415848781621,8.71415848781621,8.71415848781621,8.71415848781621,8.71415848781621,8.71415848781621,9.57613280403418,9.57613280403418,5.61963348113173,5.61963348113173,8.71415848781621,8.71415848781621,13.4682695073694,13.4682695073694,8.71415848781621,8.71415848781621,8.71415848781621,1.70797762705964,13.4682695073694,13.4682695073694,8.71415848781621,8.71415848781621,13.4682695073694,8.71415848781621,8.71415848781621,13.4682695073694,8.71415848781621,8.71415848781621,8.71415848781621,8.71415848781621,13.4682695073694,13.4682695073694,8.71415848781621,8.71415848781621,1.70797762705964,1.70797762705964,8.71415848781621,8.71415848781621,8.71415848781621,8.71415848781621,13.4682695073694,13.4682695073694,13.4682695073694,13.4682695073694,8.71415848781621,8.71415848781621
"t52",5.94223822581616,5.31887648835453,5.12152710709683,11.9294614879886,7.80278035771039,9.57613280403418,5.11997990084057,6.49312320194643,13.4682695073694,6.49312320194643,11.3554438952306,13.4682695073694,13.4682695073694,6.49312320194643,2.75809005118538,6.27113455879704,5.28694855679358,7.09794940968384,6.49312320194643,6.27113455879704,9.57613280403418,6.49312320194643,6.49312320194643,5.46120901944917,6.49312320194643,13.4682695073694,6.49312320194643,6.49312320194643,6.49312320194643,6.43508794411262,6.43508794411262,6.49312320194643,8.71415848781621,8.71415848781621,6.49312320194643,1.01046216860536,8.71415848781621,6.49312320194643,6.49312320194643,3.96390290505229,3.72483529399134,6.49312320194643,6.49312320194643,13.4682695073694,13.4682695073694,6.49312320194643,13.4682695073694,6.27113455879704,6.27113455879704,8.71415848781621,8.71415848781621,0,1.03092694232196,9.37996428242719,8.71415848781621,8.71415848781621,13.4682695073694,6.49312320194643,6.49312320194643,13.4682695073694,8.71415848781621,8.71415848781621,6.49312320194643,6.49312320194643,6.49312320194643,13.4682695073694,13.4682695073694,6.49312320194643,6.49312320194643,6.49312320194643,6.49312320194643,6.27113455879704,6.27113455879704,9.57613280403418,9.57613280403418,8.71415848781621,8.71415848781621,6.49312320194643,6.49312320194643,13.4682695073694,13.4682695073694,3.24058047156696,3.24058047156696,5.46120901944917,8.71415848781621,13.4682695073694,13.4682695073694,6.49312320194643,6.49312320194643,13.4682695073694,6.49312320194643,6.49312320194643,13.4682695073694,6.49312320194643,6.49312320194643,5.46120901944917,5.46120901944917,13.4682695073694,13.4682695073694,6.27113455879704,6.27113455879704,8.71415848781621,8.71415848781621,6.49312320194643,6.49312320194643,6.49312320194643,6.49312320194643,13.4682695073694,13.4682695073694,13.4682695073694,13.4682695073694,3.96390290505229,3.96390290505229
"t53",5.94223822581616,5.31887648835453,5.12152710709683,11.9294614879886,7.80278035771039,9.57613280403418,5.11997990084057,6.49312320194643,13.4682695073694,6.49312320194643,11.3554438952306,13.4682695073694,13.4682695073694,6.49312320194643,2.75809005118538,6.27113455879704,5.28694855679358,7.09794940968384,6.49312320194643,6.27113455879704,9.57613280403418,6.49312320194643,6.49312320194643,5.46120901944917,6.49312320194643,13.4682695073694,6.49312320194643,6.49312320194643,6.49312320194643,6.43508794411262,6.43508794411262,6.49312320194643,8.71415848781621,8.71415848781621,6.49312320194643,1.01046216860536,8.71415848781621,6.49312320194643,6.49312320194643,3.96390290505229,3.72483529399134,6.49312320194643,6.49312320194643,13.4682695073694,13.4682695073694,6.49312320194643,13.4682695073694,6.27113455879704,6.27113455879704,8.71415848781621,8.71415848781621,1.03092694232196,0,9.37996428242719,8.71415848781621,8.71415848781621,13.4682695073694,6.49312320194643,6.49312320194643,13.4682695073694,8.71415848781621,8.71415848781621,6.49312320194643,6.49312320194643,6.49312320194643,13.4682695073694,13.4682695073694,6.49312320194643,6.49312320194643,6.49312320194643,6.49312320194643,6.27113455879704,6.27113455879704,9.57613280403418,9.57613280403418,8.71415848781621,8.71415848781621,6.49312320194643,6.49312320194643,13.4682695073694,13.4682695073694,3.24058047156696,3.24058047156696,5.46120901944917,8.71415848781621,13.4682695073694,13.4682695073694,6.49312320194643,6.49312320194643,13.4682695073694,6.49312320194643,6.49312320194643,13.4682695073694,6.49312320194643,6.49312320194643,5.46120901944917,5.46120901944917,13.4682695073694,13.4682695073694,6.27113455879704,6.27113455879704,8.71415848781621,8.71415848781621,6.49312320194643,6.49312320194643,6.49312320194643,6.49312320194643,13.4682695073694,13.4682695073694,13.4682695073694,13.4682695073694,3.96390290505229,3.96390290505229
"t54",5.74606970420917,4.6306661283353,5.78733290170781,11.7332929663816,8.46858615232137,5.92729053568362,8.22880962447072,9.37996428242719,13.2721009857624,9.37996428242719,11.1592753736236,13.2721009857624,13.2721009857624,9.37996428242719,8.42041910028142,9.37996428242719,8.17378963727434,7.76375520429482,9.37996428242719,9.37996428242719,2.48613426197223,9.37996428242719,9.37996428242719,9.37996428242719,9.37996428242719,13.2721009857624,9.37996428242719,9.37996428242719,9.37996428242719,9.37996428242719,9.37996428242719,9.37996428242719,9.37996428242719,9.37996428242719,9.37996428242719,8.64150408540422,9.37996428242719,9.37996428242719,9.37996428242719,9.37996428242719,9.14089667136624,9.37996428242719,9.37996428242719,13.2721009857624,13.2721009857624,9.37996428242719,13.2721009857624,9.37996428242719,9.37996428242719,9.37996428242719,9.37996428242719,9.37996428242719,9.37996428242719,0,9.37996428242719,9.37996428242719,13.2721009857624,9.37996428242719,9.37996428242719,13.2721009857624,9.37996428242719,9.37996428242719,9.37996428242719,9.37996428242719,9.37996428242719,13.2721009857624,13.2721009857624,9.37996428242719,9.37996428242719,9.37996428242719,9.37996428242719,9.37996428242719,9.37996428242719,0.783442291948296,0.783442291948296,9.37996428242719,9.37996428242719,9.37996428242719,9.37996428242719,13.2721009857624,13.2721009857624,9.37996428242719,9.37996428242719,9.37996428242719,9.37996428242719,13.2721009857624,13.2721009857624,9.37996428242719,9.37996428242719,13.2721009857624,9.37996428242719,9.37996428242719,13.2721009857624,9.37996428242719,9.37996428242719,9.37996428242719,9.37996428242719,13.2721009857624,13.2721009857624,9.37996428242719,9.37996428242719,9.37996428242719,9.37996428242719,9.37996428242719,9.37996428242719,9.37996428242719,9.37996428242719,13.2721009857624,13.2721009857624,13.2721009857624,13.2721009857624,9.37996428242719,9.37996428242719
"t55",5.94223822581616,5.31887648835453,4.19582819156606,11.9294614879886,5.98519296497476,9.57613280403418,7.56300382985974,8.71415848781621,13.4682695073694,8.71415848781621,11.3554438952306,13.4682695073694,13.4682695073694,8.71415848781621,7.75461330567043,8.71415848781621,7.50798384266336,1.77593270380533,8.71415848781621,8.71415848781621,9.57613280403418,8.71415848781621,8.71415848781621,8.71415848781621,8.71415848781621,13.4682695073694,8.71415848781621,8.71415848781621,8.71415848781621,8.71415848781621,8.71415848781621,8.71415848781621,5.61963348113173,5.61963348113173,8.71415848781621,7.97569829079324,5.61963348113173,8.71415848781621,8.71415848781621,8.71415848781621,8.47509087675526,8.71415848781621,8.71415848781621,13.4682695073694,13.4682695073694,8.71415848781621,13.4682695073694,8.71415848781621,8.71415848781621,1.07353696549661,1.04583739478678,8.71415848781621,8.71415848781621,9.37996428242719,0,0.978149789950305,13.4682695073694,8.71415848781621,8.71415848781621,13.4682695073694,5.61963348113173,1.70797762705964,8.71415848781621,8.71415848781621,8.71415848781621,13.4682695073694,13.4682695073694,8.71415848781621,8.71415848781621,8.71415848781621,8.71415848781621,8.71415848781621,8.71415848781621,9.57613280403418,9.57613280403418,5.61963348113173,5.61963348113173,8.71415848781621,8.71415848781621,13.4682695073694,13.4682695073694,8.71415848781621,8.71415848781621,8.71415848781621,1.70797762705964,13.4682695073694,13.4682695073694,8.71415848781621,8.71415848781621,13.4682695073694,8.71415848781621,8.71415848781621,13.4682695073694,8.71415848781621,8.71415848781621,8.71415848781621,8.71415848781621,13.4682695073694,13.4682695073694,8.71415848781621,8.71415848781621,1.70797762705964,1.70797762705964,8.71415848781621,8.71415848781621,8.71415848781621,8.71415848781621,13.4682695073694,13.4682695073694,13.4682695073694,13.4682695073694,8.71415848781621,8.71415848781621
"t56",5.94223822581616,5.31887648835453,4.19582819156606,11.9294614879886,5.98519296497476,9.57613280403418,7.56300382985974,8.71415848781621,13.4682695073694,8.71415848781621,11.3554438952306,13.4682695073694,13.4682695073694,8.71415848781621,7.75461330567043,8.71415848781621,7.50798384266336,1.77593270380533,8.71415848781621,8.71415848781621,9.57613280403418,8.71415848781621,8.71415848781621,8.71415848781621,8.71415848781621,13.4682695073694,8.71415848781621,8.71415848781621,8.71415848781621,8.71415848781621,8.71415848781621,8.71415848781621,5.61963348113173,5.61963348113173,8.71415848781621,7.97569829079324,5.61963348113173,8.71415848781621,8.71415848781621,8.71415848781621,8.47509087675526,8.71415848781621,8.71415848781621,13.4682695073694,13.4682695073694,8.71415848781621,13.4682695073694,8.71415848781621,8.71415848781621,1.07353696549661,1.04583739478678,8.71415848781621,8.71415848781621,9.37996428242719,0.978149789950305,0,13.4682695073694,8.71415848781621,8.71415848781621,13.4682695073694,5.61963348113173,1.70797762705964,8.71415848781621,8.71415848781621,8.71415848781621,13.4682695073694,13.4682695073694,8.71415848781621,8.71415848781621,8.71415848781621,8.71415848781621,8.71415848781621,8.71415848781621,9.57613280403418,9.57613280403418,5.61963348113173,5.61963348113173,8.71415848781621,8.71415848781621,13.4682695073694,13.4682695073694,8.71415848781621,8.71415848781621,8.71415848781621,1.70797762705964,13.4682695073694,13.4682695073694,8.71415848781621,8.71415848781621,13.4682695073694,8.71415848781621,8.71415848781621,13.4682695073694,8.71415848781621,8.71415848781621,8.71415848781621,8.71415848781621,13.4682695073694,13.4682695073694,8.71415848781621,8.71415848781621,1.70797762705964,1.70797762705964,8.71415848781621,8.71415848781621,8.71415848781621,8.71415848781621,13.4682695073694,13.4682695073694,13.4682695073694,13.4682695073694,8.71415848781621,8.71415848781621
"t57",7.57526452640885,9.21101319168974,9.87563812665002,7.12209754036946,12.5568913772636,13.4682695073694,12.3171148494129,13.4682695073694,5.20634908525802,13.4682695073694,2.2368915790703,8.66090555975025,8.66090555975025,13.4682695073694,12.5087243252236,13.4682695073694,12.2620948622165,11.852060429237,13.4682695073694,13.4682695073694,13.4682695073694,13.4682695073694,13.4682695073694,13.4682695073694,13.4682695073694,8.66090555975025,13.4682695073694,13.4682695073694,13.4682695073694,13.4682695073694,13.4682695073694,13.4682695073694,13.4682695073694,13.4682695073694,13.4682695073694,12.7298093103464,13.4682695073694,13.4682695073694,13.4682695073694,13.4682695073694,13.2292018963084,13.4682695073694,13.4682695073694,2.5366887376853,2.5366887376853,13.4682695073694,4.19160311005647,13.4682695073694,13.4682695073694,13.4682695073694,13.4682695073694,13.4682695073694,13.4682695073694,13.2721009857624,13.4682695073694,13.4682695073694,0,13.4682695073694,13.4682695073694,4.19160311005647,13.4682695073694,13.4682695073694,13.4682695073694,13.4682695073694,13.4682695073694,4.19160311005647,4.19160311005647,13.4682695073694,13.4682695073694,13.4682695073694,13.4682695073694,13.4682695073694,13.4682695073694,13.4682695073694,13.4682695073694,13.4682695073694,13.4682695073694,13.4682695073694,13.4682695073694,0.957729754698772,0.957729754698772,13.4682695073694,13.4682695073694,13.4682695073694,13.4682695073694,8.66090555975025,8.66090555975025,13.4682695073694,13.4682695073694,8.66090555975025,13.4682695073694,13.4682695073694,8.66090555975025,13.4682695073694,13.4682695073694,13.4682695073694,13.4682695073694,8.66090555975025,8.66090555975025,13.4682695073694,13.4682695073694,13.4682695073694,13.4682695073694,13.4682695073694,13.4682695073694,13.4682695073694,13.4682695073694,4.19160311005647,4.19160311005647,4.19160311005647,4.19160311005647,13.4682695073694,13.4682695073694
"t58",5.94223822581616,5.31887648835453,5.12152710709683,11.9294614879886,7.80278035771039,9.57613280403418,5.34196854398996,6.29016452791838,13.4682695073694,6.29016452791838,11.3554438952306,13.4682695073694,13.4682695073694,4.68129691688874,5.53357801980065,6.49312320194643,2.39030018170725,7.09794940968384,6.4891554726518,6.49312320194643,9.57613280403418,6.29016452791838,6.29016452791838,6.49312320194643,6.29016452791838,13.4682695073694,6.4891554726518,6.4891554726518,6.4891554726518,6.49312320194643,6.49312320194643,4.21548943436791,8.71415848781621,8.71415848781621,6.29016452791838,5.75466300492346,8.71415848781621,6.4891554726518,6.4891554726518,6.49312320194643,6.25405559088548,4.21548943436791,4.21548943436791,13.4682695073694,13.4682695073694,1.20616857194158,13.4682695073694,6.49312320194643,6.49312320194643,8.71415848781621,8.71415848781621,6.49312320194643,6.49312320194643,9.37996428242719,8.71415848781621,8.71415848781621,13.4682695073694,0,0.950671411098094,13.4682695073694,8.71415848781621,8.71415848781621,4.68129691688874,4.21548943436791,4.21548943436791,13.4682695073694,13.4682695073694,6.4891554726518,6.4891554726518,4.21548943436791,4.21548943436791,6.49312320194643,6.49312320194643,9.57613280403418,9.57613280403418,8.71415848781621,8.71415848781621,6.29016452791838,6.29016452791838,13.4682695073694,13.4682695073694,6.49312320194643,6.49312320194643,6.49312320194643,8.71415848781621,13.4682695073694,13.4682695073694,4.68129691688874,6.4891554726518,13.4682695073694,4.21548943436791,4.21548943436791,13.4682695073694,4.68129691688874,4.68129691688874,6.49312320194643,6.49312320194643,13.4682695073694,13.4682695073694,6.49312320194643,6.49312320194643,8.71415848781621,8.71415848781621,6.4891554726518,6.4891554726518,0.950671411098094,0.950671411098094,13.4682695073694,13.4682695073694,13.4682695073694,13.4682695073694,6.49312320194643,6.49312320194643
"t59",5.94223822581616,5.31887648835453,5.12152710709683,11.9294614879886,7.80278035771039,9.57613280403418,5.34196854398996,6.29016452791838,13.4682695073694,6.29016452791838,11.3554438952306,13.4682695073694,13.4682695073694,4.68129691688874,5.53357801980065,6.49312320194643,2.39030018170725,7.09794940968384,6.4891554726518,6.49312320194643,9.57613280403418,6.29016452791838,6.29016452791838,6.49312320194643,6.29016452791838,13.4682695073694,6.4891554726518,6.4891554726518,6.4891554726518,6.49312320194643,6.49312320194643,4.21548943436791,8.71415848781621,8.71415848781621,6.29016452791838,5.75466300492346,8.71415848781621,6.4891554726518,6.4891554726518,6.49312320194643,6.25405559088548,4.21548943436791,4.21548943436791,13.4682695073694,13.4682695073694,1.20616857194158,13.4682695073694,6.49312320194643,6.49312320194643,8.71415848781621,8.71415848781621,6.49312320194643,6.49312320194643,9.37996428242719,8.71415848781621,8.71415848781621,13.4682695073694,0.950671411098094,0,13.4682695073694,8.71415848781621,8.71415848781621,4.68129691688874,4.21548943436791,4.21548943436791,13.4682695073694,13.4682695073694,6.4891554726518,6.4891554726518,4.21548943436791,4.21548943436791,6.49312320194643,6.49312320194643,9.57613280403418,9.57613280403418,8.71415848781621,8.71415848781621,6.29016452791838,6.29016452791838,13.4682695073694,13.4682695073694,6.49312320194643,6.49312320194643,6.49312320194643,8.71415848781621,13.4682695073694,13.4682695073694,4.68129691688874,6.4891554726518,13.4682695073694,4.21548943436791,4.21548943436791,13.4682695073694,4.68129691688874,4.68129691688874,6.49312320194643,6.49312320194643,13.4682695073694,13.4682695073694,6.49312320194643,6.49312320194643,8.71415848781621,8.71415848781621,6.4891554726518,6.4891554726518,0.885861016173772,0.885861016173772,13.4682695073694,13.4682695073694,13.4682695073694,13.4682695073694,6.49312320194643,6.49312320194643
"t60",7.57526452640885,9.21101319168974,9.87563812665002,7.12209754036946,12.5568913772636,13.4682695073694,12.3171148494129,13.4682695073694,5.20634908525802,13.4682695073694,2.2368915790703,8.66090555975025,8.66090555975025,13.4682695073694,12.5087243252236,13.4682695073694,12.2620948622165,11.852060429237,13.4682695073694,13.4682695073694,13.4682695073694,13.4682695073694,13.4682695073694,13.4682695073694,13.4682695073694,8.66090555975025,13.4682695073694,13.4682695073694,13.4682695073694,13.4682695073694,13.4682695073694,13.4682695073694,13.4682695073694,13.4682695073694,13.4682695073694,12.7298093103464,13.4682695073694,13.4682695073694,13.4682695073694,13.4682695073694,13.2292018963084,13.4682695073694,13.4682695073694,4.19160311005647,4.19160311005647,13.4682695073694,3.09421238196138,13.4682695073694,13.4682695073694,13.4682695073694,13.4682695073694,13.4682695073694,13.4682695073694,13.2721009857624,13.4682695073694,13.4682695073694,4.19160311005647,13.4682695073694,13.4682695073694,0,13.4682695073694,13.4682695073694,13.4682695073694,13.4682695073694,13.4682695073694,3.09421238196138,3.09421238196138,13.4682695073694,13.4682695073694,13.4682695073694,13.4682695073694,13.4682695073694,13.4682695073694,13.4682695073694,13.4682695073694,13.4682695073694,13.4682695073694,13.4682695073694,13.4682695073694,4.19160311005647,4.19160311005647,13.4682695073694,13.4682695073694,13.4682695073694,13.4682695073694,8.66090555975025,8.66090555975025,13.4682695073694,13.4682695073694,8.66090555975025,13.4682695073694,13.4682695073694,8.66090555975025,13.4682695073694,13.4682695073694,13.4682695073694,13.4682695073694,8.66090555975025,8.66090555975025,13.4682695073694,13.4682695073694,13.4682695073694,13.4682695073694,13.4682695073694,13.4682695073694,13.4682695073694,13.4682695073694,0.849411207117677,0.849411207117677,3.09421238196138,3.09421238196138,13.4682695073694,13.4682695073694
"t61",5.94223822581616,5.31887648835453,4.19582819156606,11.9294614879886,5.98519296497476,9.57613280403418,7.56300382985974,8.71415848781621,13.4682695073694,8.71415848781621,11.3554438952306,13.4682695073694,13.4682695073694,8.71415848781621,7.75461330567044,8.71415848781621,7.50798384266336,4.00342440299936,8.71415848781621,8.71415848781621,9.57613280403418,8.71415848781621,8.71415848781621,8.71415848781621,8.71415848781621,13.4682695073694,8.71415848781621,8.71415848781621,8.71415848781621,8.71415848781621,8.71415848781621,8.71415848781621,5.15858598070967,5.15858598070967,8.71415848781621,7.97569829079324,1.70654024488365,8.71415848781621,8.71415848781621,8.71415848781621,8.47509087675526,8.71415848781621,8.71415848781621,13.4682695073694,13.4682695073694,8.71415848781621,13.4682695073694,8.71415848781621,8.71415848781621,5.61963348113173,5.61963348113173,8.71415848781621,8.71415848781621,9.37996428242719,5.61963348113173,5.61963348113173,13.4682695073694,8.71415848781621,8.71415848781621,13.4682695073694,0,5.61963348113173,8.71415848781621,8.71415848781621,8.71415848781621,13.4682695073694,13.4682695073694,8.71415848781621,8.71415848781621,8.71415848781621,8.71415848781621,8.71415848781621,8.71415848781621,9.57613280403418,9.57613280403418,0.816330069411604,0.816330069411604,8.71415848781621,8.71415848781621,13.4682695073694,13.4682695073694,8.71415848781621,8.71415848781621,8.71415848781621,5.61963348113173,13.4682695073694,13.4682695073694,8.71415848781621,8.71415848781621,13.4682695073694,8.71415848781621,8.71415848781621,13.4682695073694,8.71415848781621,8.71415848781621,8.71415848781621,8.71415848781621,13.4682695073694,13.4682695073694,8.71415848781621,8.71415848781621,5.61963348113173,5.61963348113173,8.71415848781621,8.71415848781621,8.71415848781621,8.71415848781621,13.4682695073694,13.4682695073694,13.4682695073694,13.4682695073694,8.71415848781621,8.71415848781621
"t62",5.94223822581616,5.31887648835453,4.19582819156606,11.9294614879886,5.98519296497476,9.57613280403418,7.56300382985974,8.71415848781621,13.4682695073694,8.71415848781621,11.3554438952306,13.4682695073694,13.4682695073694,8.71415848781621,7.75461330567043,8.71415848781621,7.50798384266336,1.77593270380533,8.71415848781621,8.71415848781621,9.57613280403418,8.71415848781621,8.71415848781621,8.71415848781621,8.71415848781621,13.4682695073694,8.71415848781621,8.71415848781621,8.71415848781621,8.71415848781621,8.71415848781621,8.71415848781621,5.61963348113173,5.61963348113173,8.71415848781621,7.97569829079324,5.61963348113173,8.71415848781621,8.71415848781621,8.71415848781621,8.47509087675526,8.71415848781621,8.71415848781621,13.4682695073694,13.4682695073694,8.71415848781621,13.4682695073694,8.71415848781621,8.71415848781621,1.70797762705964,1.70797762705964,8.71415848781621,8.71415848781621,9.37996428242719,1.70797762705964,1.70797762705964,13.4682695073694,8.71415848781621,8.71415848781621,13.4682695073694,5.61963348113173,0,8.71415848781621,8.71415848781621,8.71415848781621,13.4682695073694,13.4682695073694,8.71415848781621,8.71415848781621,8.71415848781621,8.71415848781621,8.71415848781621,8.71415848781621,9.57613280403418,9.57613280403418,5.61963348113173,5.61963348113173,8.71415848781621,8.71415848781621,13.4682695073694,13.4682695073694,8.71415848781621,8.71415848781621,8.71415848781621,0.662166728154736,13.4682695073694,13.4682695073694,8.71415848781621,8.71415848781621,13.4682695073694,8.71415848781621,8.71415848781621,13.4682695073694,8.71415848781621,8.71415848781621,8.71415848781621,8.71415848781621,13.4682695073694,13.4682695073694,8.71415848781621,8.71415848781621,0.662166728154736,0.662166728154736,8.71415848781621,8.71415848781621,8.71415848781621,8.71415848781621,13.4682695073694,13.4682695073694,13.4682695073694,13.4682695073694,8.71415848781621,8.71415848781621
"t63",5.94223822581616,5.31887648835453,5.12152710709683,11.9294614879886,7.80278035771039,9.57613280403418,5.34196854398996,6.29016452791838,13.4682695073694,6.29016452791838,11.3554438952306,13.4682695073694,13.4682695073694,3.99743269684681,5.53357801980065,6.49312320194643,3.47512227173589,7.09794940968384,6.4891554726518,6.49312320194643,9.57613280403418,6.29016452791838,6.29016452791838,6.49312320194643,6.29016452791838,13.4682695073694,6.4891554726518,6.4891554726518,6.4891554726518,6.49312320194643,6.49312320194643,4.68129691688874,8.71415848781621,8.71415848781621,6.29016452791838,5.75466300492346,8.71415848781621,6.4891554726518,6.4891554726518,6.49312320194643,6.25405559088548,4.68129691688874,4.68129691688874,13.4682695073694,13.4682695073694,4.68129691688874,13.4682695073694,6.49312320194643,6.49312320194643,8.71415848781621,8.71415848781621,6.49312320194643,6.49312320194643,9.37996428242719,8.71415848781621,8.71415848781621,13.4682695073694,4.68129691688874,4.68129691688874,13.4682695073694,8.71415848781621,8.71415848781621,0,4.68129691688874,4.68129691688874,13.4682695073694,13.4682695073694,6.4891554726518,6.4891554726518,4.68129691688874,4.68129691688874,6.49312320194643,6.49312320194643,9.57613280403418,9.57613280403418,8.71415848781621,8.71415848781621,6.29016452791838,6.29016452791838,13.4682695073694,13.4682695073694,6.49312320194643,6.49312320194643,6.49312320194643,8.71415848781621,13.4682695073694,13.4682695073694,0.641767339940077,6.4891554726518,13.4682695073694,4.68129691688874,4.68129691688874,13.4682695073694,0.641767339940077,0.641767339940077,6.49312320194643,6.49312320194643,13.4682695073694,13.4682695073694,6.49312320194643,6.49312320194643,8.71415848781621,8.71415848781621,6.4891554726518,6.4891554726518,4.68129691688874,4.68129691688874,13.4682695073694,13.4682695073694,13.4682695073694,13.4682695073694,6.49312320194643,6.49312320194643
"t64",5.94223822581616,5.31887648835453,5.12152710709683,11.9294614879886,7.80278035771039,9.57613280403418,5.34196854398996,6.29016452791838,13.4682695073694,6.29016452791838,11.3554438952306,13.4682695073694,13.4682695073694,4.68129691688874,5.53357801980065,6.49312320194643,3.00931478921506,7.09794940968384,6.4891554726518,6.49312320194643,9.57613280403418,6.29016452791838,6.29016452791838,6.49312320194643,6.29016452791838,13.4682695073694,6.4891554726518,6.4891554726518,6.4891554726518,6.49312320194643,6.49312320194643,2.25806189162743,8.71415848781621,8.71415848781621,6.29016452791838,5.75466300492346,8.71415848781621,6.4891554726518,6.4891554726518,6.49312320194643,6.25405559088548,2.34638839800743,2.34638839800743,13.4682695073694,13.4682695073694,4.21548943436791,13.4682695073694,6.49312320194643,6.49312320194643,8.71415848781621,8.71415848781621,6.49312320194643,6.49312320194643,9.37996428242719,8.71415848781621,8.71415848781621,13.4682695073694,4.21548943436791,4.21548943436791,13.4682695073694,8.71415848781621,8.71415848781621,4.68129691688874,0,0.608512142835447,13.4682695073694,13.4682695073694,6.4891554726518,6.4891554726518,2.25806189162743,2.25806189162743,6.49312320194643,6.49312320194643,9.57613280403418,9.57613280403418,8.71415848781621,8.71415848781621,6.29016452791838,6.29016452791838,13.4682695073694,13.4682695073694,6.49312320194643,6.49312320194643,6.49312320194643,8.71415848781621,13.4682695073694,13.4682695073694,4.68129691688874,6.4891554726518,13.4682695073694,3.29522396186286,3.29522396186286,13.4682695073694,4.68129691688874,4.68129691688874,6.49312320194643,6.49312320194643,13.4682695073694,13.4682695073694,6.49312320194643,6.49312320194643,8.71415848781621,8.71415848781621,6.4891554726518,6.4891554726518,4.21548943436791,4.21548943436791,13.4682695073694,13.4682695073694,13.4682695073694,13.4682695073694,6.49312320194643,6.49312320194643
"t65",5.94223822581616,5.31887648835453,5.12152710709683,11.9294614879886,7.80278035771039,9.57613280403418,5.34196854398996,6.29016452791838,13.4682695073694,6.29016452791838,11.3554438952306,13.4682695073694,13.4682695073694,4.68129691688874,5.53357801980065,6.49312320194643,3.00931478921506,7.09794940968384,6.4891554726518,6.49312320194643,9.57613280403418,6.29016452791838,6.29016452791838,6.49312320194643,6.29016452791838,13.4682695073694,6.4891554726518,6.4891554726518,6.4891554726518,6.49312320194643,6.49312320194643,2.25806189162743,8.71415848781621,8.71415848781621,6.29016452791838,5.75466300492346,8.71415848781621,6.4891554726518,6.4891554726518,6.49312320194643,6.25405559088548,2.34638839800743,2.34638839800743,13.4682695073694,13.4682695073694,4.21548943436791,13.4682695073694,6.49312320194643,6.49312320194643,8.71415848781621,8.71415848781621,6.49312320194643,6.49312320194643,9.37996428242719,8.71415848781621,8.71415848781621,13.4682695073694,4.21548943436791,4.21548943436791,13.4682695073694,8.71415848781621,8.71415848781621,4.68129691688874,0.608512142835447,0,13.4682695073694,13.4682695073694,6.4891554726518,6.4891554726518,2.25806189162743,2.25806189162743,6.49312320194643,6.49312320194643,9.57613280403418,9.57613280403418,8.71415848781621,8.71415848781621,6.29016452791838,6.29016452791838,13.4682695073694,13.4682695073694,6.49312320194643,6.49312320194643,6.49312320194643,8.71415848781621,13.4682695073694,13.4682695073694,4.68129691688874,6.4891554726518,13.4682695073694,3.29522396186286,3.29522396186286,13.4682695073694,4.68129691688874,4.68129691688874,6.49312320194643,6.49312320194643,13.4682695073694,13.4682695073694,6.49312320194643,6.49312320194643,8.71415848781621,8.71415848781621,6.4891554726518,6.4891554726518,4.21548943436791,4.21548943436791,13.4682695073694,13.4682695073694,13.4682695073694,13.4682695073694,6.49312320194643,6.49312320194643
"t66",7.57526452640885,9.21101319168974,9.87563812665002,7.12209754036946,12.5568913772636,13.4682695073694,12.3171148494129,13.4682695073694,5.20634908525802,13.4682695073694,2.2368915790703,8.66090555975025,8.66090555975025,13.4682695073694,12.5087243252236,13.4682695073694,12.2620948622165,11.852060429237,13.4682695073694,13.4682695073694,13.4682695073694,13.4682695073694,13.4682695073694,13.4682695073694,13.4682695073694,8.66090555975025,13.4682695073694,13.4682695073694,13.4682695073694,13.4682695073694,13.4682695073694,13.4682695073694,13.4682695073694,13.4682695073694,13.4682695073694,12.7298093103464,13.4682695073694,13.4682695073694,13.4682695073694,13.4682695073694,13.2292018963084,13.4682695073694,13.4682695073694,4.19160311005647,4.19160311005647,13.4682695073694,1.19597766097642,13.4682695073694,13.4682695073694,13.4682695073694,13.4682695073694,13.4682695073694,13.4682695073694,13.2721009857624,13.4682695073694,13.4682695073694,4.19160311005647,13.4682695073694,13.4682695073694,3.09421238196138,13.4682695073694,13.4682695073694,13.4682695073694,13.4682695073694,13.4682695073694,0,0.52531655791716,13.4682695073694,13.4682695073694,13.4682695073694,13.4682695073694,13.4682695073694,13.4682695073694,13.4682695073694,13.4682695073694,13.4682695073694,13.4682695073694,13.4682695073694,13.4682695073694,4.19160311005647,4.19160311005647,13.4682695073694,13.4682695073694,13.4682695073694,13.4682695073694,8.66090555975025,8.66090555975025,13.4682695073694,13.4682695073694,8.66090555975025,13.4682695073694,13.4682695073694,8.66090555975025,13.4682695073694,13.4682695073694,13.4682695073694,13.4682695073694,8.66090555975025,8.66090555975025,13.4682695073694,13.4682695073694,13.4682695073694,13.4682695073694,13.4682695073694,13.4682695073694,13.4682695073694,13.4682695073694,3.09421238196138,3.09421238196138,1.94118326324438,1.94118326324438,13.4682695073694,13.4682695073694
"t67",7.57526452640885,9.21101319168974,9.87563812665002,7.12209754036946,12.5568913772636,13.4682695073694,12.3171148494129,13.4682695073694,5.20634908525802,13.4682695073694,2.2368915790703,8.66090555975025,8.66090555975025,13.4682695073694,12.5087243252236,13.4682695073694,12.2620948622165,11.852060429237,13.4682695073694,13.4682695073694,13.4682695073694,13.4682695073694,13.4682695073694,13.4682695073694,13.4682695073694,8.66090555975025,13.4682695073694,13.4682695073694,13.4682695073694,13.4682695073694,13.4682695073694,13.4682695073694,13.4682695073694,13.4682695073694,13.4682695073694,12.7298093103464,13.4682695073694,13.4682695073694,13.4682695073694,13.4682695073694,13.2292018963084,13.4682695073694,13.4682695073694,4.19160311005647,4.19160311005647,13.4682695073694,1.19597766097642,13.4682695073694,13.4682695073694,13.4682695073694,13.4682695073694,13.4682695073694,13.4682695073694,13.2721009857624,13.4682695073694,13.4682695073694,4.19160311005647,13.4682695073694,13.4682695073694,3.09421238196138,13.4682695073694,13.4682695073694,13.4682695073694,13.4682695073694,13.4682695073694,0.52531655791716,0,13.4682695073694,13.4682695073694,13.4682695073694,13.4682695073694,13.4682695073694,13.4682695073694,13.4682695073694,13.4682695073694,13.4682695073694,13.4682695073694,13.4682695073694,13.4682695073694,4.19160311005647,4.19160311005647,13.4682695073694,13.4682695073694,13.4682695073694,13.4682695073694,8.66090555975025,8.66090555975025,13.4682695073694,13.4682695073694,8.66090555975025,13.4682695073694,13.4682695073694,8.66090555975025,13.4682695073694,13.4682695073694,13.4682695073694,13.4682695073694,8.66090555975025,8.66090555975025,13.4682695073694,13.4682695073694,13.4682695073694,13.4682695073694,13.4682695073694,13.4682695073694,13.4682695073694,13.4682695073694,3.09421238196138,3.09421238196138,1.94118326324438,1.94118326324438,13.4682695073694,13.4682695073694
"t68",5.94223822581616,5.31887648835453,5.12152710709683,11.9294614879886,7.80278035771039,9.57613280403418,5.34196854398996,6.4891554726518,13.4682695073694,6.4891554726518,11.3554438952306,13.4682695073694,13.4682695073694,6.4891554726518,5.53357801980065,6.49312320194643,5.28298082749895,7.09794940968384,5.18886240920785,6.49312320194643,9.57613280403418,6.4891554726518,6.4891554726518,6.49312320194643,6.4891554726518,13.4682695073694,5.18886240920785,5.18886240920785,5.18886240920785,6.49312320194643,6.49312320194643,6.4891554726518,8.71415848781621,8.71415848781621,6.4891554726518,5.75466300492346,8.71415848781621,5.18886240920785,5.18886240920785,6.49312320194643,6.25405559088548,6.4891554726518,6.4891554726518,13.4682695073694,13.4682695073694,6.4891554726518,13.4682695073694,6.49312320194643,6.49312320194643,8.71415848781621,8.71415848781621,6.49312320194643,6.49312320194643,9.37996428242719,8.71415848781621,8.71415848781621,13.4682695073694,6.4891554726518,6.4891554726518,13.4682695073694,8.71415848781621,8.71415848781621,6.4891554726518,6.4891554726518,6.4891554726518,13.4682695073694,13.4682695073694,0,0.483179614688509,6.4891554726518,6.4891554726518,6.49312320194643,6.49312320194643,9.57613280403418,9.57613280403418,8.71415848781621,8.71415848781621,6.4891554726518,6.4891554726518,13.4682695073694,13.4682695073694,6.49312320194643,6.49312320194643,6.49312320194643,8.71415848781621,13.4682695073694,13.4682695073694,6.4891554726518,5.18886240920785,13.4682695073694,6.4891554726518,6.4891554726518,13.4682695073694,6.4891554726518,6.4891554726518,6.49312320194643,6.49312320194643,13.4682695073694,13.4682695073694,6.49312320194643,6.49312320194643,8.71415848781621,8.71415848781621,5.18886240920785,5.18886240920785,6.4891554726518,6.4891554726518,13.4682695073694,13.4682695073694,13.4682695073694,13.4682695073694,6.49312320194643,6.49312320194643
"t69",5.94223822581616,5.31887648835453,5.12152710709683,11.9294614879886,7.80278035771039,9.57613280403418,5.34196854398996,6.4891554726518,13.4682695073694,6.4891554726518,11.3554438952306,13.4682695073694,13.4682695073694,6.4891554726518,5.53357801980065,6.49312320194643,5.28298082749895,7.09794940968384,5.18886240920785,6.49312320194643,9.57613280403418,6.4891554726518,6.4891554726518,6.49312320194643,6.4891554726518,13.4682695073694,5.18886240920785,5.18886240920785,5.18886240920785,6.49312320194643,6.49312320194643,6.4891554726518,8.71415848781621,8.71415848781621,6.4891554726518,5.75466300492346,8.71415848781621,5.18886240920785,5.18886240920785,6.49312320194643,6.25405559088548,6.4891554726518,6.4891554726518,13.4682695073694,13.4682695073694,6.4891554726518,13.4682695073694,6.49312320194643,6.49312320194643,8.71415848781621,8.71415848781621,6.49312320194643,6.49312320194643,9.37996428242719,8.71415848781621,8.71415848781621,13.4682695073694,6.4891554726518,6.4891554726518,13.4682695073694,8.71415848781621,8.71415848781621,6.4891554726518,6.4891554726518,6.4891554726518,13.4682695073694,13.4682695073694,0.483179614688509,0,6.4891554726518,6.4891554726518,6.49312320194643,6.49312320194643,9.57613280403418,9.57613280403418,8.71415848781621,8.71415848781621,6.4891554726518,6.4891554726518,13.4682695073694,13.4682695073694,6.49312320194643,6.49312320194643,6.49312320194643,8.71415848781621,13.4682695073694,13.4682695073694,6.4891554726518,5.18886240920785,13.4682695073694,6.4891554726518,6.4891554726518,13.4682695073694,6.4891554726518,6.4891554726518,6.49312320194643,6.49312320194643,13.4682695073694,13.4682695073694,6.49312320194643,6.49312320194643,8.71415848781621,8.71415848781621,5.18886240920785,5.18886240920785,6.4891554726518,6.4891554726518,13.4682695073694,13.4682695073694,13.4682695073694,13.4682695073694,6.49312320194643,6.49312320194643
"t70",5.94223822581616,5.31887648835453,5.12152710709683,11.9294614879886,7.80278035771039,9.57613280403418,5.34196854398996,6.29016452791838,13.4682695073694,6.29016452791838,11.3554438952306,13.4682695073694,13.4682695073694,4.68129691688874,5.53357801980065,6.49312320194643,3.00931478921506,7.09794940968384,6.4891554726518,6.49312320194643,9.57613280403418,6.29016452791838,6.29016452791838,6.49312320194643,6.29016452791838,13.4682695073694,6.4891554726518,6.4891554726518,6.4891554726518,6.49312320194643,6.49312320194643,1.95811941878961,8.71415848781621,8.71415848781621,6.29016452791838,5.75466300492346,8.71415848781621,6.4891554726518,6.4891554726518,6.49312320194643,6.25405559088548,2.34638839800743,2.34638839800743,13.4682695073694,13.4682695073694,4.21548943436791,13.4682695073694,6.49312320194643,6.49312320194643,8.71415848781621,8.71415848781621,6.49312320194643,6.49312320194643,9.37996428242719,8.71415848781621,8.71415848781621,13.4682695073694,4.21548943436791,4.21548943436791,13.4682695073694,8.71415848781621,8.71415848781621,4.68129691688874,2.25806189162743,2.25806189162743,13.4682695073694,13.4682695073694,6.4891554726518,6.4891554726518,0,0.412828921035191,6.49312320194643,6.49312320194643,9.57613280403418,9.57613280403418,8.71415848781621,8.71415848781621,6.29016452791838,6.29016452791838,13.4682695073694,13.4682695073694,6.49312320194643,6.49312320194643,6.49312320194643,8.71415848781621,13.4682695073694,13.4682695073694,4.68129691688874,6.4891554726518,13.4682695073694,3.29522396186286,3.29522396186286,13.4682695073694,4.68129691688874,4.68129691688874,6.49312320194643,6.49312320194643,13.4682695073694,13.4682695073694,6.49312320194643,6.49312320194643,8.71415848781621,8.71415848781621,6.4891554726518,6.4891554726518,4.21548943436791,4.21548943436791,13.4682695073694,13.4682695073694,13.4682695073694,13.4682695073694,6.49312320194643,6.49312320194643
"t71",5.94223822581616,5.31887648835453,5.12152710709683,11.9294614879886,7.80278035771039,9.57613280403418,5.34196854398996,6.29016452791838,13.4682695073694,6.29016452791838,11.3554438952306,13.4682695073694,13.4682695073694,4.68129691688874,5.53357801980065,6.49312320194643,3.00931478921506,7.09794940968384,6.4891554726518,6.49312320194643,9.57613280403418,6.29016452791838,6.29016452791838,6.49312320194643,6.29016452791838,13.4682695073694,6.4891554726518,6.4891554726518,6.4891554726518,6.49312320194643,6.49312320194643,1.95811941878961,8.71415848781621,8.71415848781621,6.29016452791838,5.75466300492346,8.71415848781621,6.4891554726518,6.4891554726518,6.49312320194643,6.25405559088548,2.34638839800743,2.34638839800743,13.4682695073694,13.4682695073694,4.21548943436791,13.4682695073694,6.49312320194643,6.49312320194643,8.71415848781621,8.71415848781621,6.49312320194643,6.49312320194643,9.37996428242719,8.71415848781621,8.71415848781621,13.4682695073694,4.21548943436791,4.21548943436791,13.4682695073694,8.71415848781621,8.71415848781621,4.68129691688874,2.25806189162743,2.25806189162743,13.4682695073694,13.4682695073694,6.4891554726518,6.4891554726518,0.412828921035191,0,6.49312320194643,6.49312320194643,9.57613280403418,9.57613280403418,8.71415848781621,8.71415848781621,6.29016452791838,6.29016452791838,13.4682695073694,13.4682695073694,6.49312320194643,6.49312320194643,6.49312320194643,8.71415848781621,13.4682695073694,13.4682695073694,4.68129691688874,6.4891554726518,13.4682695073694,3.29522396186286,3.29522396186286,13.4682695073694,4.68129691688874,4.68129691688874,6.49312320194643,6.49312320194643,13.4682695073694,13.4682695073694,6.49312320194643,6.49312320194643,8.71415848781621,8.71415848781621,6.4891554726518,6.4891554726518,4.21548943436791,4.21548943436791,13.4682695073694,13.4682695073694,13.4682695073694,13.4682695073694,6.49312320194643,6.49312320194643
"t72",5.94223822581616,5.31887648835453,5.12152710709683,11.9294614879886,7.80278035771039,9.57613280403418,4.78465686236153,6.49312320194643,13.4682695073694,6.49312320194643,11.3554438952306,13.4682695073694,13.4682695073694,6.49312320194643,5.31158937665127,3.64053131597424,5.28694855679358,7.09794940968384,6.49312320194643,2.8714260169629,9.57613280403418,6.49312320194643,6.49312320194643,6.27113455879704,6.49312320194643,13.4682695073694,6.49312320194643,6.49312320194643,6.49312320194643,6.43508794411262,6.43508794411262,6.49312320194643,8.71415848781621,8.71415848781621,6.49312320194643,5.53267436177407,8.71415848781621,6.49312320194643,6.49312320194643,6.27113455879704,6.03206694773609,6.49312320194643,6.49312320194643,13.4682695073694,13.4682695073694,6.49312320194643,13.4682695073694,1.98479017815587,1.98479017815587,8.71415848781621,8.71415848781621,6.27113455879704,6.27113455879704,9.37996428242719,8.71415848781621,8.71415848781621,13.4682695073694,6.49312320194643,6.49312320194643,13.4682695073694,8.71415848781621,8.71415848781621,6.49312320194643,6.49312320194643,6.49312320194643,13.4682695073694,13.4682695073694,6.49312320194643,6.49312320194643,6.49312320194643,6.49312320194643,0,0.39895766038372,9.57613280403418,9.57613280403418,8.71415848781621,8.71415848781621,6.49312320194643,6.49312320194643,13.4682695073694,13.4682695073694,6.27113455879704,6.27113455879704,6.27113455879704,8.71415848781621,13.4682695073694,13.4682695073694,6.49312320194643,6.49312320194643,13.4682695073694,6.49312320194643,6.49312320194643,13.4682695073694,6.49312320194643,6.49312320194643,6.27113455879704,6.27113455879704,13.4682695073694,13.4682695073694,0.968764391744277,0.968764391744277,8.71415848781621,8.71415848781621,6.49312320194643,6.49312320194643,6.49312320194643,6.49312320194643,13.4682695073694,13.4682695073694,13.4682695073694,13.4682695073694,6.27113455879704,6.27113455879704
"t73",5.94223822581616,5.31887648835453,5.12152710709683,11.9294614879886,7.80278035771039,9.57613280403418,4.78465686236153,6.49312320194643,13.4682695073694,6.49312320194643,11.3554438952306,13.4682695073694,13.4682695073694,6.49312320194643,5.31158937665127,3.64053131597424,5.28694855679358,7.09794940968384,6.49312320194643,2.8714260169629,9.57613280403418,6.49312320194643,6.49312320194643,6.27113455879704,6.49312320194643,13.4682695073694,6.49312320194643,6.49312320194643,6.49312320194643,6.43508794411262,6.43508794411262,6.49312320194643,8.71415848781621,8.71415848781621,6.49312320194643,5.53267436177407,8.71415848781621,6.49312320194643,6.49312320194643,6.27113455879704,6.03206694773609,6.49312320194643,6.49312320194643,13.4682695073694,13.4682695073694,6.49312320194643,13.4682695073694,1.98479017815587,1.98479017815587,8.71415848781621,8.71415848781621,6.27113455879704,6.27113455879704,9.37996428242719,8.71415848781621,8.71415848781621,13.4682695073694,6.49312320194643,6.49312320194643,13.4682695073694,8.71415848781621,8.71415848781621,6.49312320194643,6.49312320194643,6.49312320194643,13.4682695073694,13.4682695073694,6.49312320194643,6.49312320194643,6.49312320194643,6.49312320194643,0.39895766038372,0,9.57613280403418,9.57613280403418,8.71415848781621,8.71415848781621,6.49312320194643,6.49312320194643,13.4682695073694,13.4682695073694,6.27113455879704,6.27113455879704,6.27113455879704,8.71415848781621,13.4682695073694,13.4682695073694,6.49312320194643,6.49312320194643,13.4682695073694,6.49312320194643,6.49312320194643,13.4682695073694,6.49312320194643,6.49312320194643,6.27113455879704,6.27113455879704,13.4682695073694,13.4682695073694,0.968764391744277,0.968764391744277,8.71415848781621,8.71415848781621,6.49312320194643,6.49312320194643,6.49312320194643,6.49312320194643,13.4682695073694,13.4682695073694,13.4682695073694,13.4682695073694,6.27113455879704,6.27113455879704
"t74",5.94223822581616,4.82683464994229,5.9835014233148,11.9294614879886,8.66475467392836,6.12345905729061,8.42497814607771,9.57613280403418,13.4682695073694,9.57613280403418,11.3554438952306,13.4682695073694,13.4682695073694,9.57613280403418,8.61658762188841,9.57613280403418,8.36995815888133,7.95992372590181,9.57613280403418,9.57613280403418,2.68230278357922,9.57613280403418,9.57613280403418,9.57613280403418,9.57613280403418,13.4682695073694,9.57613280403418,9.57613280403418,9.57613280403418,9.57613280403418,9.57613280403418,9.57613280403418,9.57613280403418,9.57613280403418,9.57613280403418,8.83767260701121,9.57613280403418,9.57613280403418,9.57613280403418,9.57613280403418,9.33706519297323,9.57613280403418,9.57613280403418,13.4682695073694,13.4682695073694,9.57613280403418,13.4682695073694,9.57613280403418,9.57613280403418,9.57613280403418,9.57613280403418,9.57613280403418,9.57613280403418,0.783442291948296,9.57613280403418,9.57613280403418,13.4682695073694,9.57613280403418,9.57613280403418,13.4682695073694,9.57613280403418,9.57613280403418,9.57613280403418,9.57613280403418,9.57613280403418,13.4682695073694,13.4682695073694,9.57613280403418,9.57613280403418,9.57613280403418,9.57613280403418,9.57613280403418,9.57613280403418,0,0.354687487499199,9.57613280403418,9.57613280403418,9.57613280403418,9.57613280403418,13.4682695073694,13.4682695073694,9.57613280403418,9.57613280403418,9.57613280403418,9.57613280403418,13.4682695073694,13.4682695073694,9.57613280403418,9.57613280403418,13.4682695073694,9.57613280403418,9.57613280403418,13.4682695073694,9.57613280403418,9.57613280403418,9.57613280403418,9.57613280403418,13.4682695073694,13.4682695073694,9.57613280403418,9.57613280403418,9.57613280403418,9.57613280403418,9.57613280403418,9.57613280403418,9.57613280403418,9.57613280403418,13.4682695073694,13.4682695073694,13.4682695073694,13.4682695073694,9.57613280403418,9.57613280403418
"t75",5.94223822581616,4.82683464994229,5.9835014233148,11.9294614879886,8.66475467392836,6.12345905729061,8.42497814607771,9.57613280403418,13.4682695073694,9.57613280403418,11.3554438952306,13.4682695073694,13.4682695073694,9.57613280403418,8.61658762188841,9.57613280403418,8.36995815888133,7.95992372590181,9.57613280403418,9.57613280403418,2.68230278357922,9.57613280403418,9.57613280403418,9.57613280403418,9.57613280403418,13.4682695073694,9.57613280403418,9.57613280403418,9.57613280403418,9.57613280403418,9.57613280403418,9.57613280403418,9.57613280403418,9.57613280403418,9.57613280403418,8.83767260701121,9.57613280403418,9.57613280403418,9.57613280403418,9.57613280403418,9.33706519297323,9.57613280403418,9.57613280403418,13.4682695073694,13.4682695073694,9.57613280403418,13.4682695073694,9.57613280403418,9.57613280403418,9.57613280403418,9.57613280403418,9.57613280403418,9.57613280403418,0.783442291948296,9.57613280403418,9.57613280403418,13.4682695073694,9.57613280403418,9.57613280403418,13.4682695073694,9.57613280403418,9.57613280403418,9.57613280403418,9.57613280403418,9.57613280403418,13.4682695073694,13.4682695073694,9.57613280403418,9.57613280403418,9.57613280403418,9.57613280403418,9.57613280403418,9.57613280403418,0.354687487499199,0,9.57613280403418,9.57613280403418,9.57613280403418,9.57613280403418,13.4682695073694,13.4682695073694,9.57613280403418,9.57613280403418,9.57613280403418,9.57613280403418,13.4682695073694,13.4682695073694,9.57613280403418,9.57613280403418,13.4682695073694,9.57613280403418,9.57613280403418,13.4682695073694,9.57613280403418,9.57613280403418,9.57613280403418,9.57613280403418,13.4682695073694,13.4682695073694,9.57613280403418,9.57613280403418,9.57613280403418,9.57613280403418,9.57613280403418,9.57613280403418,9.57613280403418,9.57613280403418,13.4682695073694,13.4682695073694,13.4682695073694,13.4682695073694,9.57613280403418,9.57613280403418
"t76",5.94223822581616,5.31887648835453,4.19582819156606,11.9294614879886,5.98519296497476,9.57613280403418,7.56300382985974,8.71415848781621,13.4682695073694,8.71415848781621,11.3554438952306,13.4682695073694,13.4682695073694,8.71415848781621,7.75461330567044,8.71415848781621,7.50798384266336,4.00342440299936,8.71415848781621,8.71415848781621,9.57613280403418,8.71415848781621,8.71415848781621,8.71415848781621,8.71415848781621,13.4682695073694,8.71415848781621,8.71415848781621,8.71415848781621,8.71415848781621,8.71415848781621,8.71415848781621,5.15858598070967,5.15858598070967,8.71415848781621,7.97569829079324,1.70654024488365,8.71415848781621,8.71415848781621,8.71415848781621,8.47509087675526,8.71415848781621,8.71415848781621,13.4682695073694,13.4682695073694,8.71415848781621,13.4682695073694,8.71415848781621,8.71415848781621,5.61963348113173,5.61963348113173,8.71415848781621,8.71415848781621,9.37996428242719,5.61963348113173,5.61963348113173,13.4682695073694,8.71415848781621,8.71415848781621,13.4682695073694,0.816330069411604,5.61963348113173,8.71415848781621,8.71415848781621,8.71415848781621,13.4682695073694,13.4682695073694,8.71415848781621,8.71415848781621,8.71415848781621,8.71415848781621,8.71415848781621,8.71415848781621,9.57613280403418,9.57613280403418,0,0.351677985041354,8.71415848781621,8.71415848781621,13.4682695073694,13.4682695073694,8.71415848781621,8.71415848781621,8.71415848781621,5.61963348113173,13.4682695073694,13.4682695073694,8.71415848781621,8.71415848781621,13.4682695073694,8.71415848781621,8.71415848781621,13.4682695073694,8.71415848781621,8.71415848781621,8.71415848781621,8.71415848781621,13.4682695073694,13.4682695073694,8.71415848781621,8.71415848781621,5.61963348113173,5.61963348113173,8.71415848781621,8.71415848781621,8.71415848781621,8.71415848781621,13.4682695073694,13.4682695073694,13.4682695073694,13.4682695073694,8.71415848781621,8.71415848781621
"t77",5.94223822581616,5.31887648835453,4.19582819156606,11.9294614879886,5.98519296497476,9.57613280403418,7.56300382985974,8.71415848781621,13.4682695073694,8.71415848781621,11.3554438952306,13.4682695073694,13.4682695073694,8.71415848781621,7.75461330567044,8.71415848781621,7.50798384266336,4.00342440299936,8.71415848781621,8.71415848781621,9.57613280403418,8.71415848781621,8.71415848781621,8.71415848781621,8.71415848781621,13.4682695073694,8.71415848781621,8.71415848781621,8.71415848781621,8.71415848781621,8.71415848781621,8.71415848781621,5.15858598070967,5.15858598070967,8.71415848781621,7.97569829079324,1.70654024488365,8.71415848781621,8.71415848781621,8.71415848781621,8.47509087675526,8.71415848781621,8.71415848781621,13.4682695073694,13.4682695073694,8.71415848781621,13.4682695073694,8.71415848781621,8.71415848781621,5.61963348113173,5.61963348113173,8.71415848781621,8.71415848781621,9.37996428242719,5.61963348113173,5.61963348113173,13.4682695073694,8.71415848781621,8.71415848781621,13.4682695073694,0.816330069411604,5.61963348113173,8.71415848781621,8.71415848781621,8.71415848781621,13.4682695073694,13.4682695073694,8.71415848781621,8.71415848781621,8.71415848781621,8.71415848781621,8.71415848781621,8.71415848781621,9.57613280403418,9.57613280403418,0.351677985041354,0,8.71415848781621,8.71415848781621,13.4682695073694,13.4682695073694,8.71415848781621,8.71415848781621,8.71415848781621,5.61963348113173,13.4682695073694,13.4682695073694,8.71415848781621,8.71415848781621,13.4682695073694,8.71415848781621,8.71415848781621,13.4682695073694,8.71415848781621,8.71415848781621,8.71415848781621,8.71415848781621,13.4682695073694,13.4682695073694,8.71415848781621,8.71415848781621,5.61963348113173,5.61963348113173,8.71415848781621,8.71415848781621,8.71415848781621,8.71415848781621,13.4682695073694,13.4682695073694,13.4682695073694,13.4682695073694,8.71415848781621,8.71415848781621
"t78",5.94223822581616,5.31887648835453,5.12152710709683,11.9294614879886,7.80278035771039,9.57613280403418,5.34196854398996,5.5274124502462,13.4682695073694,5.01729963243498,11.3554438952306,13.4682695073694,13.4682695073694,6.29016452791838,5.53357801980065,6.49312320194643,5.08398988276553,7.09794940968384,6.4891554726518,6.49312320194643,9.57613280403418,2.88977208010637,2.88977208010637,6.49312320194643,2.38929023627113,13.4682695073694,6.4891554726518,6.4891554726518,6.4891554726518,6.49312320194643,6.49312320194643,6.29016452791838,8.71415848781621,8.71415848781621,1.85911511805218,5.75466300492346,8.71415848781621,6.4891554726518,6.4891554726518,6.49312320194643,6.25405559088548,6.29016452791838,6.29016452791838,13.4682695073694,13.4682695073694,6.29016452791838,13.4682695073694,6.49312320194643,6.49312320194643,8.71415848781621,8.71415848781621,6.49312320194643,6.49312320194643,9.37996428242719,8.71415848781621,8.71415848781621,13.4682695073694,6.29016452791838,6.29016452791838,13.4682695073694,8.71415848781621,8.71415848781621,6.29016452791838,6.29016452791838,6.29016452791838,13.4682695073694,13.4682695073694,6.4891554726518,6.4891554726518,6.29016452791838,6.29016452791838,6.49312320194643,6.49312320194643,9.57613280403418,9.57613280403418,8.71415848781621,8.71415848781621,0,0.266882257995433,13.4682695073694,13.4682695073694,6.49312320194643,6.49312320194643,6.49312320194643,8.71415848781621,13.4682695073694,13.4682695073694,6.29016452791838,6.4891554726518,13.4682695073694,6.29016452791838,6.29016452791838,13.4682695073694,6.29016452791838,6.29016452791838,6.49312320194643,6.49312320194643,13.4682695073694,13.4682695073694,6.49312320194643,6.49312320194643,8.71415848781621,8.71415848781621,6.4891554726518,6.4891554726518,6.29016452791838,6.29016452791838,13.4682695073694,13.4682695073694,13.4682695073694,13.4682695073694,6.49312320194643,6.49312320194643
"t79",5.94223822581616,5.31887648835453,5.12152710709683,11.9294614879886,7.80278035771039,9.57613280403418,5.34196854398996,5.5274124502462,13.4682695073694,5.01729963243498,11.3554438952306,13.4682695073694,13.4682695073694,6.29016452791838,5.53357801980065,6.49312320194643,5.08398988276553,7.09794940968384,6.4891554726518,6.49312320194643,9.57613280403418,2.88977208010637,2.88977208010637,6.49312320194643,2.38929023627113,13.4682695073694,6.4891554726518,6.4891554726518,6.4891554726518,6.49312320194643,6.49312320194643,6.29016452791838,8.71415848781621,8.71415848781621,1.85911511805218,5.75466300492346,8.71415848781621,6.4891554726518,6.4891554726518,6.49312320194643,6.25405559088548,6.29016452791838,6.29016452791838,13.4682695073694,13.4682695073694,6.29016452791838,13.4682695073694,6.49312320194643,6.49312320194643,8.71415848781621,8.71415848781621,6.49312320194643,6.49312320194643,9.37996428242719,8.71415848781621,8.71415848781621,13.4682695073694,6.29016452791838,6.29016452791838,13.4682695073694,8.71415848781621,8.71415848781621,6.29016452791838,6.29016452791838,6.29016452791838,13.4682695073694,13.4682695073694,6.4891554726518,6.4891554726518,6.29016452791838,6.29016452791838,6.49312320194643,6.49312320194643,9.57613280403418,9.57613280403418,8.71415848781621,8.71415848781621,0.266882257995433,0,13.4682695073694,13.4682695073694,6.49312320194643,6.49312320194643,6.49312320194643,8.71415848781621,13.4682695073694,13.4682695073694,6.29016452791838,6.4891554726518,13.4682695073694,6.29016452791838,6.29016452791838,13.4682695073694,6.29016452791838,6.29016452791838,6.49312320194643,6.49312320194643,13.4682695073694,13.4682695073694,6.49312320194643,6.49312320194643,8.71415848781621,8.71415848781621,6.4891554726518,6.4891554726518,6.29016452791838,6.29016452791838,13.4682695073694,13.4682695073694,13.4682695073694,13.4682695073694,6.49312320194643,6.49312320194643
"t80",7.57526452640885,9.21101319168974,9.87563812665002,7.12209754036946,12.5568913772636,13.4682695073694,12.3171148494129,13.4682695073694,5.20634908525802,13.4682695073694,2.2368915790703,8.66090555975025,8.66090555975025,13.4682695073694,12.5087243252236,13.4682695073694,12.2620948622165,11.852060429237,13.4682695073694,13.4682695073694,13.4682695073694,13.4682695073694,13.4682695073694,13.4682695073694,13.4682695073694,8.66090555975025,13.4682695073694,13.4682695073694,13.4682695073694,13.4682695073694,13.4682695073694,13.4682695073694,13.4682695073694,13.4682695073694,13.4682695073694,12.7298093103464,13.4682695073694,13.4682695073694,13.4682695073694,13.4682695073694,13.2292018963084,13.4682695073694,13.4682695073694,2.5366887376853,2.5366887376853,13.4682695073694,4.19160311005647,13.4682695073694,13.4682695073694,13.4682695073694,13.4682695073694,13.4682695073694,13.4682695073694,13.2721009857624,13.4682695073694,13.4682695073694,0.957729754698772,13.4682695073694,13.4682695073694,4.19160311005647,13.4682695073694,13.4682695073694,13.4682695073694,13.4682695073694,13.4682695073694,4.19160311005647,4.19160311005647,13.4682695073694,13.4682695073694,13.4682695073694,13.4682695073694,13.4682695073694,13.4682695073694,13.4682695073694,13.4682695073694,13.4682695073694,13.4682695073694,13.4682695073694,13.4682695073694,0,0.242405775807431,13.4682695073694,13.4682695073694,13.4682695073694,13.4682695073694,8.66090555975025,8.66090555975025,13.4682695073694,13.4682695073694,8.66090555975025,13.4682695073694,13.4682695073694,8.66090555975025,13.4682695073694,13.4682695073694,13.4682695073694,13.4682695073694,8.66090555975025,8.66090555975025,13.4682695073694,13.4682695073694,13.4682695073694,13.4682695073694,13.4682695073694,13.4682695073694,13.4682695073694,13.4682695073694,4.19160311005647,4.19160311005647,4.19160311005647,4.19160311005647,13.4682695073694,13.4682695073694
"t81",7.57526452640885,9.21101319168974,9.87563812665002,7.12209754036946,12.5568913772636,13.4682695073694,12.3171148494129,13.4682695073694,5.20634908525802,13.4682695073694,2.2368915790703,8.66090555975025,8.66090555975025,13.4682695073694,12.5087243252236,13.4682695073694,12.2620948622165,11.852060429237,13.4682695073694,13.4682695073694,13.4682695073694,13.4682695073694,13.4682695073694,13.4682695073694,13.4682695073694,8.66090555975025,13.4682695073694,13.4682695073694,13.4682695073694,13.4682695073694,13.4682695073694,13.4682695073694,13.4682695073694,13.4682695073694,13.4682695073694,12.7298093103464,13.4682695073694,13.4682695073694,13.4682695073694,13.4682695073694,13.2292018963084,13.4682695073694,13.4682695073694,2.5366887376853,2.5366887376853,13.4682695073694,4.19160311005647,13.4682695073694,13.4682695073694,13.4682695073694,13.4682695073694,13.4682695073694,13.4682695073694,13.2721009857624,13.4682695073694,13.4682695073694,0.957729754698772,13.4682695073694,13.4682695073694,4.19160311005647,13.4682695073694,13.4682695073694,13.4682695073694,13.4682695073694,13.4682695073694,4.19160311005647,4.19160311005647,13.4682695073694,13.4682695073694,13.4682695073694,13.4682695073694,13.4682695073694,13.4682695073694,13.4682695073694,13.4682695073694,13.4682695073694,13.4682695073694,13.4682695073694,13.4682695073694,0.242405775807431,0,13.4682695073694,13.4682695073694,13.4682695073694,13.4682695073694,8.66090555975025,8.66090555975025,13.4682695073694,13.4682695073694,8.66090555975025,13.4682695073694,13.4682695073694,8.66090555975025,13.4682695073694,13.4682695073694,13.4682695073694,13.4682695073694,8.66090555975025,8.66090555975025,13.4682695073694,13.4682695073694,13.4682695073694,13.4682695073694,13.4682695073694,13.4682695073694,13.4682695073694,13.4682695073694,4.19160311005647,4.19160311005647,4.19160311005647,4.19160311005647,13.4682695073694,13.4682695073694
"t82",5.94223822581616,5.31887648835453,5.12152710709683,11.9294614879886,7.80278035771039,9.57613280403418,5.11997990084058,6.49312320194643,13.4682695073694,6.49312320194643,11.3554438952306,13.4682695073694,13.4682695073694,6.49312320194643,2.75809005118538,6.27113455879704,5.28694855679358,7.09794940968384,6.49312320194643,6.27113455879704,9.57613280403418,6.49312320194643,6.49312320194643,5.46120901944917,6.49312320194643,13.4682695073694,6.49312320194643,6.49312320194643,6.49312320194643,6.43508794411262,6.43508794411262,6.49312320194643,8.71415848781621,8.71415848781621,6.49312320194643,2.50212027454399,8.71415848781621,6.49312320194643,6.49312320194643,3.96390290505229,3.72483529399134,6.49312320194643,6.49312320194643,13.4682695073694,13.4682695073694,6.49312320194643,13.4682695073694,6.27113455879704,6.27113455879704,8.71415848781621,8.71415848781621,3.24058047156696,3.24058047156696,9.37996428242719,8.71415848781621,8.71415848781621,13.4682695073694,6.49312320194643,6.49312320194643,13.4682695073694,8.71415848781621,8.71415848781621,6.49312320194643,6.49312320194643,6.49312320194643,13.4682695073694,13.4682695073694,6.49312320194643,6.49312320194643,6.49312320194643,6.49312320194643,6.27113455879704,6.27113455879704,9.57613280403418,9.57613280403418,8.71415848781621,8.71415848781621,6.49312320194643,6.49312320194643,13.4682695073694,13.4682695073694,0,0.226673323761586,5.46120901944917,8.71415848781621,13.4682695073694,13.4682695073694,6.49312320194643,6.49312320194643,13.4682695073694,6.49312320194643,6.49312320194643,13.4682695073694,6.49312320194643,6.49312320194643,5.46120901944917,5.46120901944917,13.4682695073694,13.4682695073694,6.27113455879704,6.27113455879704,8.71415848781621,8.71415848781621,6.49312320194643,6.49312320194643,6.49312320194643,6.49312320194643,13.4682695073694,13.4682695073694,13.4682695073694,13.4682695073694,3.96390290505229,3.96390290505229
"t83",5.94223822581616,5.31887648835453,5.12152710709683,11.9294614879886,7.80278035771039,9.57613280403418,5.11997990084058,6.49312320194643,13.4682695073694,6.49312320194643,11.3554438952306,13.4682695073694,13.4682695073694,6.49312320194643,2.75809005118538,6.27113455879704,5.28694855679358,7.09794940968384,6.49312320194643,6.27113455879704,9.57613280403418,6.49312320194643,6.49312320194643,5.46120901944917,6.49312320194643,13.4682695073694,6.49312320194643,6.49312320194643,6.49312320194643,6.43508794411262,6.43508794411262,6.49312320194643,8.71415848781621,8.71415848781621,6.49312320194643,2.50212027454399,8.71415848781621,6.49312320194643,6.49312320194643,3.96390290505229,3.72483529399134,6.49312320194643,6.49312320194643,13.4682695073694,13.4682695073694,6.49312320194643,13.4682695073694,6.27113455879704,6.27113455879704,8.71415848781621,8.71415848781621,3.24058047156696,3.24058047156696,9.37996428242719,8.71415848781621,8.71415848781621,13.4682695073694,6.49312320194643,6.49312320194643,13.4682695073694,8.71415848781621,8.71415848781621,6.49312320194643,6.49312320194643,6.49312320194643,13.4682695073694,13.4682695073694,6.49312320194643,6.49312320194643,6.49312320194643,6.49312320194643,6.27113455879704,6.27113455879704,9.57613280403418,9.57613280403418,8.71415848781621,8.71415848781621,6.49312320194643,6.49312320194643,13.4682695073694,13.4682695073694,0.226673323761586,0,5.46120901944917,8.71415848781621,13.4682695073694,13.4682695073694,6.49312320194643,6.49312320194643,13.4682695073694,6.49312320194643,6.49312320194643,13.4682695073694,6.49312320194643,6.49312320194643,5.46120901944917,5.46120901944917,13.4682695073694,13.4682695073694,6.27113455879704,6.27113455879704,8.71415848781621,8.71415848781621,6.49312320194643,6.49312320194643,6.49312320194643,6.49312320194643,13.4682695073694,13.4682695073694,13.4682695073694,13.4682695073694,3.96390290505229,3.96390290505229
"t84",5.94223822581616,5.31887648835453,5.12152710709683,11.9294614879886,7.80278035771039,9.57613280403418,5.11997990084058,6.49312320194643,13.4682695073694,6.49312320194643,11.3554438952306,13.4682695073694,13.4682695073694,6.49312320194643,4.5016638373034,6.27113455879704,5.28694855679358,7.09794940968384,6.49312320194643,6.27113455879704,9.57613280403418,6.49312320194643,6.49312320194643,2.40719949380019,6.49312320194643,13.4682695073694,6.49312320194643,6.49312320194643,6.49312320194643,6.43508794411263,6.43508794411263,6.49312320194643,8.71415848781621,8.71415848781621,6.49312320194643,4.72274882242621,8.71415848781621,6.49312320194643,6.49312320194643,5.46120901944917,5.22214140838822,6.49312320194643,6.49312320194643,13.4682695073694,13.4682695073694,6.49312320194643,13.4682695073694,6.27113455879704,6.27113455879704,8.71415848781621,8.71415848781621,5.46120901944917,5.46120901944917,9.37996428242719,8.71415848781621,8.71415848781621,13.4682695073694,6.49312320194643,6.49312320194643,13.4682695073694,8.71415848781621,8.71415848781621,6.49312320194643,6.49312320194643,6.49312320194643,13.4682695073694,13.4682695073694,6.49312320194643,6.49312320194643,6.49312320194643,6.49312320194643,6.27113455879704,6.27113455879704,9.57613280403418,9.57613280403418,8.71415848781621,8.71415848781621,6.49312320194643,6.49312320194643,13.4682695073694,13.4682695073694,5.46120901944917,5.46120901944917,0,8.71415848781621,13.4682695073694,13.4682695073694,6.49312320194643,6.49312320194643,13.4682695073694,6.49312320194643,6.49312320194643,13.4682695073694,6.49312320194643,6.49312320194643,0.184406708675116,0.184406708675116,13.4682695073694,13.4682695073694,6.27113455879704,6.27113455879704,8.71415848781621,8.71415848781621,6.49312320194643,6.49312320194643,6.49312320194643,6.49312320194643,13.4682695073694,13.4682695073694,13.4682695073694,13.4682695073694,5.46120901944917,5.46120901944917
"t85",5.94223822581616,5.31887648835453,4.19582819156606,11.9294614879886,5.98519296497476,9.57613280403418,7.56300382985974,8.71415848781621,13.4682695073694,8.71415848781621,11.3554438952306,13.4682695073694,13.4682695073694,8.71415848781621,7.75461330567043,8.71415848781621,7.50798384266336,1.77593270380533,8.71415848781621,8.71415848781621,9.57613280403418,8.71415848781621,8.71415848781621,8.71415848781621,8.71415848781621,13.4682695073694,8.71415848781621,8.71415848781621,8.71415848781621,8.71415848781621,8.71415848781621,8.71415848781621,5.61963348113173,5.61963348113173,8.71415848781621,7.97569829079324,5.61963348113173,8.71415848781621,8.71415848781621,8.71415848781621,8.47509087675526,8.71415848781621,8.71415848781621,13.4682695073694,13.4682695073694,8.71415848781621,13.4682695073694,8.71415848781621,8.71415848781621,1.70797762705964,1.70797762705964,8.71415848781621,8.71415848781621,9.37996428242719,1.70797762705964,1.70797762705964,13.4682695073694,8.71415848781621,8.71415848781621,13.4682695073694,5.61963348113173,0.662166728154736,8.71415848781621,8.71415848781621,8.71415848781621,13.4682695073694,13.4682695073694,8.71415848781621,8.71415848781621,8.71415848781621,8.71415848781621,8.71415848781621,8.71415848781621,9.57613280403418,9.57613280403418,5.61963348113173,5.61963348113173,8.71415848781621,8.71415848781621,13.4682695073694,13.4682695073694,8.71415848781621,8.71415848781621,8.71415848781621,0,13.4682695073694,13.4682695073694,8.71415848781621,8.71415848781621,13.4682695073694,8.71415848781621,8.71415848781621,13.4682695073694,8.71415848781621,8.71415848781621,8.71415848781621,8.71415848781621,13.4682695073694,13.4682695073694,8.71415848781621,8.71415848781621,0.169870430112139,0.169870430112139,8.71415848781621,8.71415848781621,8.71415848781621,8.71415848781621,13.4682695073694,13.4682695073694,13.4682695073694,13.4682695073694,8.71415848781621,8.71415848781621
"t86",7.57526452640885,9.21101319168974,9.87563812665002,5.6914052383615,12.5568913772636,13.4682695073694,12.3171148494129,13.4682695073694,8.66090555975025,13.4682695073694,6.54807994761142,4.19782136723706,4.19782136723706,13.4682695073694,12.5087243252236,13.4682695073694,12.2620948622165,11.852060429237,13.4682695073694,13.4682695073694,13.4682695073694,13.4682695073694,13.4682695073694,13.4682695073694,13.4682695073694,3.08619006215218,13.4682695073694,13.4682695073694,13.4682695073694,13.4682695073694,13.4682695073694,13.4682695073694,13.4682695073694,13.4682695073694,13.4682695073694,12.7298093103464,13.4682695073694,13.4682695073694,13.4682695073694,13.4682695073694,13.2292018963084,13.4682695073694,13.4682695073694,8.66090555975025,8.66090555975025,13.4682695073694,8.66090555975025,13.4682695073694,13.4682695073694,13.4682695073694,13.4682695073694,13.4682695073694,13.4682695073694,13.2721009857624,13.4682695073694,13.4682695073694,8.66090555975025,13.4682695073694,13.4682695073694,8.66090555975025,13.4682695073694,13.4682695073694,13.4682695073694,13.4682695073694,13.4682695073694,8.66090555975025,8.66090555975025,13.4682695073694,13.4682695073694,13.4682695073694,13.4682695073694,13.4682695073694,13.4682695073694,13.4682695073694,13.4682695073694,13.4682695073694,13.4682695073694,13.4682695073694,13.4682695073694,8.66090555975025,8.66090555975025,13.4682695073694,13.4682695073694,13.4682695073694,13.4682695073694,0,0.159633026167575,13.4682695073694,13.4682695073694,3.08619006215218,13.4682695073694,13.4682695073694,3.08619006215218,13.4682695073694,13.4682695073694,13.4682695073694,13.4682695073694,3.08619006215218,3.08619006215218,13.4682695073694,13.4682695073694,13.4682695073694,13.4682695073694,13.4682695073694,13.4682695073694,13.4682695073694,13.4682695073694,8.66090555975025,8.66090555975025,8.66090555975025,8.66090555975025,13.4682695073694,13.4682695073694
"t87",7.57526452640885,9.21101319168974,9.87563812665002,5.6914052383615,12.5568913772636,13.4682695073694,12.3171148494129,13.4682695073694,8.66090555975025,13.4682695073694,6.54807994761142,4.19782136723706,4.19782136723706,13.4682695073694,12.5087243252236,13.4682695073694,12.2620948622165,11.852060429237,13.4682695073694,13.4682695073694,13.4682695073694,13.4682695073694,13.4682695073694,13.4682695073694,13.4682695073694,3.08619006215218,13.4682695073694,13.4682695073694,13.4682695073694,13.4682695073694,13.4682695073694,13.4682695073694,13.4682695073694,13.4682695073694,13.4682695073694,12.7298093103464,13.4682695073694,13.4682695073694,13.4682695073694,13.4682695073694,13.2292018963084,13.4682695073694,13.4682695073694,8.66090555975025,8.66090555975025,13.4682695073694,8.66090555975025,13.4682695073694,13.4682695073694,13.4682695073694,13.4682695073694,13.4682695073694,13.4682695073694,13.2721009857624,13.4682695073694,13.4682695073694,8.66090555975025,13.4682695073694,13.4682695073694,8.66090555975025,13.4682695073694,13.4682695073694,13.4682695073694,13.4682695073694,13.4682695073694,8.66090555975025,8.66090555975025,13.4682695073694,13.4682695073694,13.4682695073694,13.4682695073694,13.4682695073694,13.4682695073694,13.4682695073694,13.4682695073694,13.4682695073694,13.4682695073694,13.4682695073694,13.4682695073694,8.66090555975025,8.66090555975025,13.4682695073694,13.4682695073694,13.4682695073694,13.4682695073694,0.159633026167575,0,13.4682695073694,13.4682695073694,3.08619006215218,13.4682695073694,13.4682695073694,3.08619006215218,13.4682695073694,13.4682695073694,13.4682695073694,13.4682695073694,3.08619006215218,3.08619006215218,13.4682695073694,13.4682695073694,13.4682695073694,13.4682695073694,13.4682695073694,13.4682695073694,13.4682695073694,13.4682695073694,8.66090555975025,8.66090555975025,8.66090555975025,8.66090555975025,13.4682695073694,13.4682695073694
"t88",5.94223822581616,5.31887648835453,5.12152710709683,11.9294614879886,7.80278035771039,9.57613280403418,5.34196854398996,6.29016452791838,13.4682695073694,6.29016452791838,11.3554438952306,13.4682695073694,13.4682695073694,3.99743269684681,5.53357801980065,6.49312320194643,3.47512227173589,7.09794940968384,6.4891554726518,6.49312320194643,9.57613280403418,6.29016452791838,6.29016452791838,6.49312320194643,6.29016452791838,13.4682695073694,6.4891554726518,6.4891554726518,6.4891554726518,6.49312320194643,6.49312320194643,4.68129691688874,8.71415848781621,8.71415848781621,6.29016452791838,5.75466300492346,8.71415848781621,6.4891554726518,6.4891554726518,6.49312320194643,6.25405559088548,4.68129691688874,4.68129691688874,13.4682695073694,13.4682695073694,4.68129691688874,13.4682695073694,6.49312320194643,6.49312320194643,8.71415848781621,8.71415848781621,6.49312320194643,6.49312320194643,9.37996428242719,8.71415848781621,8.71415848781621,13.4682695073694,4.68129691688874,4.68129691688874,13.4682695073694,8.71415848781621,8.71415848781621,0.641767339940077,4.68129691688874,4.68129691688874,13.4682695073694,13.4682695073694,6.4891554726518,6.4891554726518,4.68129691688874,4.68129691688874,6.49312320194643,6.49312320194643,9.57613280403418,9.57613280403418,8.71415848781621,8.71415848781621,6.29016452791838,6.29016452791838,13.4682695073694,13.4682695073694,6.49312320194643,6.49312320194643,6.49312320194643,8.71415848781621,13.4682695073694,13.4682695073694,0,6.4891554726518,13.4682695073694,4.68129691688874,4.68129691688874,13.4682695073694,0.146244941559575,0.146244941559575,6.49312320194643,6.49312320194643,13.4682695073694,13.4682695073694,6.49312320194643,6.49312320194643,8.71415848781621,8.71415848781621,6.4891554726518,6.4891554726518,4.68129691688874,4.68129691688874,13.4682695073694,13.4682695073694,13.4682695073694,13.4682695073694,6.49312320194643,6.49312320194643
"t89",5.94223822581616,5.31887648835453,5.12152710709683,11.9294614879886,7.80278035771039,9.57613280403418,5.34196854398996,6.4891554726518,13.4682695073694,6.4891554726518,11.3554438952306,13.4682695073694,13.4682695073694,6.4891554726518,5.53357801980065,6.49312320194643,5.28298082749895,7.09794940968384,4.53177489326864,6.49312320194643,9.57613280403418,6.4891554726518,6.4891554726518,6.49312320194643,6.4891554726518,13.4682695073694,4.53177489326864,4.53177489326864,4.53177489326864,6.49312320194643,6.49312320194643,6.4891554726518,8.71415848781621,8.71415848781621,6.4891554726518,5.75466300492346,8.71415848781621,4.53177489326864,4.53177489326864,6.49312320194643,6.25405559088548,6.4891554726518,6.4891554726518,13.4682695073694,13.4682695073694,6.4891554726518,13.4682695073694,6.49312320194643,6.49312320194643,8.71415848781621,8.71415848781621,6.49312320194643,6.49312320194643,9.37996428242719,8.71415848781621,8.71415848781621,13.4682695073694,6.4891554726518,6.4891554726518,13.4682695073694,8.71415848781621,8.71415848781621,6.4891554726518,6.4891554726518,6.4891554726518,13.4682695073694,13.4682695073694,5.18886240920785,5.18886240920785,6.4891554726518,6.4891554726518,6.49312320194643,6.49312320194643,9.57613280403418,9.57613280403418,8.71415848781621,8.71415848781621,6.4891554726518,6.4891554726518,13.4682695073694,13.4682695073694,6.49312320194643,6.49312320194643,6.49312320194643,8.71415848781621,13.4682695073694,13.4682695073694,6.4891554726518,0,13.4682695073694,6.4891554726518,6.4891554726518,13.4682695073694,6.4891554726518,6.4891554726518,6.49312320194643,6.49312320194643,13.4682695073694,13.4682695073694,6.49312320194643,6.49312320194643,8.71415848781621,8.71415848781621,0.140309785766243,0.140309785766243,6.4891554726518,6.4891554726518,13.4682695073694,13.4682695073694,13.4682695073694,13.4682695073694,6.49312320194643,6.49312320194643
"t90",7.57526452640885,9.21101319168974,9.87563812665002,5.6914052383615,12.5568913772636,13.4682695073694,12.3171148494129,13.4682695073694,8.66090555975025,13.4682695073694,6.54807994761142,4.19782136723707,4.19782136723707,13.4682695073694,12.5087243252236,13.4682695073694,12.2620948622165,11.852060429237,13.4682695073694,13.4682695073694,13.4682695073694,13.4682695073694,13.4682695073694,13.4682695073694,13.4682695073694,2.31015661360553,13.4682695073694,13.4682695073694,13.4682695073694,13.4682695073694,13.4682695073694,13.4682695073694,13.4682695073694,13.4682695073694,13.4682695073694,12.7298093103464,13.4682695073694,13.4682695073694,13.4682695073694,13.4682695073694,13.2292018963084,13.4682695073694,13.4682695073694,8.66090555975025,8.66090555975025,13.4682695073694,8.66090555975025,13.4682695073694,13.4682695073694,13.4682695073694,13.4682695073694,13.4682695073694,13.4682695073694,13.2721009857624,13.4682695073694,13.4682695073694,8.66090555975025,13.4682695073694,13.4682695073694,8.66090555975025,13.4682695073694,13.4682695073694,13.4682695073694,13.4682695073694,13.4682695073694,8.66090555975025,8.66090555975025,13.4682695073694,13.4682695073694,13.4682695073694,13.4682695073694,13.4682695073694,13.4682695073694,13.4682695073694,13.4682695073694,13.4682695073694,13.4682695073694,13.4682695073694,13.4682695073694,8.66090555975025,8.66090555975025,13.4682695073694,13.4682695073694,13.4682695073694,13.4682695073694,3.08619006215218,3.08619006215218,13.4682695073694,13.4682695073694,0,13.4682695073694,13.4682695073694,0.133908899574401,13.4682695073694,13.4682695073694,13.4682695073694,13.4682695073694,0.133908899574401,0.133908899574401,13.4682695073694,13.4682695073694,13.4682695073694,13.4682695073694,13.4682695073694,13.4682695073694,13.4682695073694,13.4682695073694,8.66090555975025,8.66090555975025,8.66090555975025,8.66090555975025,13.4682695073694,13.4682695073694
"t91",5.94223822581616,5.31887648835453,5.12152710709683,11.9294614879886,7.80278035771039,9.57613280403418,5.34196854398996,6.29016452791838,13.4682695073694,6.29016452791838,11.3554438952306,13.4682695073694,13.4682695073694,4.68129691688874,5.53357801980065,6.49312320194643,3.00931478921506,7.09794940968384,6.4891554726518,6.49312320194643,9.57613280403418,6.29016452791838,6.29016452791838,6.49312320194643,6.29016452791838,13.4682695073694,6.4891554726518,6.4891554726518,6.4891554726518,6.49312320194643,6.49312320194643,3.29522396186286,8.71415848781621,8.71415848781621,6.29016452791838,5.75466300492346,8.71415848781621,6.4891554726518,6.4891554726518,6.49312320194643,6.25405559088548,3.29522396186286,3.29522396186286,13.4682695073694,13.4682695073694,4.21548943436791,13.4682695073694,6.49312320194643,6.49312320194643,8.71415848781621,8.71415848781621,6.49312320194643,6.49312320194643,9.37996428242719,8.71415848781621,8.71415848781621,13.4682695073694,4.21548943436791,4.21548943436791,13.4682695073694,8.71415848781621,8.71415848781621,4.68129691688874,3.29522396186286,3.29522396186286,13.4682695073694,13.4682695073694,6.4891554726518,6.4891554726518,3.29522396186286,3.29522396186286,6.49312320194643,6.49312320194643,9.57613280403418,9.57613280403418,8.71415848781621,8.71415848781621,6.29016452791838,6.29016452791838,13.4682695073694,13.4682695073694,6.49312320194643,6.49312320194643,6.49312320194643,8.71415848781621,13.4682695073694,13.4682695073694,4.68129691688874,6.4891554726518,13.4682695073694,0,0.123427592603792,13.4682695073694,4.68129691688874,4.68129691688874,6.49312320194643,6.49312320194643,13.4682695073694,13.4682695073694,6.49312320194643,6.49312320194643,8.71415848781621,8.71415848781621,6.4891554726518,6.4891554726518,4.21548943436791,4.21548943436791,13.4682695073694,13.4682695073694,13.4682695073694,13.4682695073694,6.49312320194643,6.49312320194643
"t92",5.94223822581616,5.31887648835453,5.12152710709683,11.9294614879886,7.80278035771039,9.57613280403418,5.34196854398996,6.29016452791838,13.4682695073694,6.29016452791838,11.3554438952306,13.4682695073694,13.4682695073694,4.68129691688874,5.53357801980065,6.49312320194643,3.00931478921506,7.09794940968384,6.4891554726518,6.49312320194643,9.57613280403418,6.29016452791838,6.29016452791838,6.49312320194643,6.29016452791838,13.4682695073694,6.4891554726518,6.4891554726518,6.4891554726518,6.49312320194643,6.49312320194643,3.29522396186286,8.71415848781621,8.71415848781621,6.29016452791838,5.75466300492346,8.71415848781621,6.4891554726518,6.4891554726518,6.49312320194643,6.25405559088548,3.29522396186286,3.29522396186286,13.4682695073694,13.4682695073694,4.21548943436791,13.4682695073694,6.49312320194643,6.49312320194643,8.71415848781621,8.71415848781621,6.49312320194643,6.49312320194643,9.37996428242719,8.71415848781621,8.71415848781621,13.4682695073694,4.21548943436791,4.21548943436791,13.4682695073694,8.71415848781621,8.71415848781621,4.68129691688874,3.29522396186286,3.29522396186286,13.4682695073694,13.4682695073694,6.4891554726518,6.4891554726518,3.29522396186286,3.29522396186286,6.49312320194643,6.49312320194643,9.57613280403418,9.57613280403418,8.71415848781621,8.71415848781621,6.29016452791838,6.29016452791838,13.4682695073694,13.4682695073694,6.49312320194643,6.49312320194643,6.49312320194643,8.71415848781621,13.4682695073694,13.4682695073694,4.68129691688874,6.4891554726518,13.4682695073694,0.123427592603792,0,13.4682695073694,4.68129691688874,4.68129691688874,6.49312320194643,6.49312320194643,13.4682695073694,13.4682695073694,6.49312320194643,6.49312320194643,8.71415848781621,8.71415848781621,6.4891554726518,6.4891554726518,4.21548943436791,4.21548943436791,13.4682695073694,13.4682695073694,13.4682695073694,13.4682695073694,6.49312320194643,6.49312320194643
"t93",7.57526452640885,9.21101319168974,9.87563812665002,5.6914052383615,12.5568913772636,13.4682695073694,12.3171148494129,13.4682695073694,8.66090555975025,13.4682695073694,6.54807994761142,4.19782136723707,4.19782136723707,13.4682695073694,12.5087243252236,13.4682695073694,12.2620948622165,11.852060429237,13.4682695073694,13.4682695073694,13.4682695073694,13.4682695073694,13.4682695073694,13.4682695073694,13.4682695073694,2.31015661360553,13.4682695073694,13.4682695073694,13.4682695073694,13.4682695073694,13.4682695073694,13.4682695073694,13.4682695073694,13.4682695073694,13.4682695073694,12.7298093103464,13.4682695073694,13.4682695073694,13.4682695073694,13.4682695073694,13.2292018963084,13.4682695073694,13.4682695073694,8.66090555975025,8.66090555975025,13.4682695073694,8.66090555975025,13.4682695073694,13.4682695073694,13.4682695073694,13.4682695073694,13.4682695073694,13.4682695073694,13.2721009857624,13.4682695073694,13.4682695073694,8.66090555975025,13.4682695073694,13.4682695073694,8.66090555975025,13.4682695073694,13.4682695073694,13.4682695073694,13.4682695073694,13.4682695073694,8.66090555975025,8.66090555975025,13.4682695073694,13.4682695073694,13.4682695073694,13.4682695073694,13.4682695073694,13.4682695073694,13.4682695073694,13.4682695073694,13.4682695073694,13.4682695073694,13.4682695073694,13.4682695073694,8.66090555975025,8.66090555975025,13.4682695073694,13.4682695073694,13.4682695073694,13.4682695073694,3.08619006215218,3.08619006215218,13.4682695073694,13.4682695073694,0.133908899574401,13.4682695073694,13.4682695073694,0,13.4682695073694,13.4682695073694,13.4682695073694,13.4682695073694,0.120893250875605,0.120893250875605,13.4682695073694,13.4682695073694,13.4682695073694,13.4682695073694,13.4682695073694,13.4682695073694,13.4682695073694,13.4682695073694,8.66090555975025,8.66090555975025,8.66090555975025,8.66090555975025,13.4682695073694,13.4682695073694
"t94",5.94223822581616,5.31887648835453,5.12152710709683,11.9294614879886,7.80278035771039,9.57613280403418,5.34196854398996,6.29016452791838,13.4682695073694,6.29016452791838,11.3554438952306,13.4682695073694,13.4682695073694,3.99743269684681,5.53357801980065,6.49312320194643,3.47512227173589,7.09794940968384,6.4891554726518,6.49312320194643,9.57613280403418,6.29016452791838,6.29016452791838,6.49312320194643,6.29016452791838,13.4682695073694,6.4891554726518,6.4891554726518,6.4891554726518,6.49312320194643,6.49312320194643,4.68129691688874,8.71415848781621,8.71415848781621,6.29016452791838,5.75466300492346,8.71415848781621,6.4891554726518,6.4891554726518,6.49312320194643,6.25405559088548,4.68129691688874,4.68129691688874,13.4682695073694,13.4682695073694,4.68129691688874,13.4682695073694,6.49312320194643,6.49312320194643,8.71415848781621,8.71415848781621,6.49312320194643,6.49312320194643,9.37996428242719,8.71415848781621,8.71415848781621,13.4682695073694,4.68129691688874,4.68129691688874,13.4682695073694,8.71415848781621,8.71415848781621,0.641767339940077,4.68129691688874,4.68129691688874,13.4682695073694,13.4682695073694,6.4891554726518,6.4891554726518,4.68129691688874,4.68129691688874,6.49312320194643,6.49312320194643,9.57613280403418,9.57613280403418,8.71415848781621,8.71415848781621,6.29016452791838,6.29016452791838,13.4682695073694,13.4682695073694,6.49312320194643,6.49312320194643,6.49312320194643,8.71415848781621,13.4682695073694,13.4682695073694,0.146244941559575,6.4891554726518,13.4682695073694,4.68129691688874,4.68129691688874,13.4682695073694,0,0.10616593288874,6.49312320194643,6.49312320194643,13.4682695073694,13.4682695073694,6.49312320194643,6.49312320194643,8.71415848781621,8.71415848781621,6.4891554726518,6.4891554726518,4.68129691688874,4.68129691688874,13.4682695073694,13.4682695073694,13.4682695073694,13.4682695073694,6.49312320194643,6.49312320194643
"t95",5.94223822581616,5.31887648835453,5.12152710709683,11.9294614879886,7.80278035771039,9.57613280403418,5.34196854398996,6.29016452791838,13.4682695073694,6.29016452791838,11.3554438952306,13.4682695073694,13.4682695073694,3.99743269684681,5.53357801980065,6.49312320194643,3.47512227173589,7.09794940968384,6.4891554726518,6.49312320194643,9.57613280403418,6.29016452791838,6.29016452791838,6.49312320194643,6.29016452791838,13.4682695073694,6.4891554726518,6.4891554726518,6.4891554726518,6.49312320194643,6.49312320194643,4.68129691688874,8.71415848781621,8.71415848781621,6.29016452791838,5.75466300492346,8.71415848781621,6.4891554726518,6.4891554726518,6.49312320194643,6.25405559088548,4.68129691688874,4.68129691688874,13.4682695073694,13.4682695073694,4.68129691688874,13.4682695073694,6.49312320194643,6.49312320194643,8.71415848781621,8.71415848781621,6.49312320194643,6.49312320194643,9.37996428242719,8.71415848781621,8.71415848781621,13.4682695073694,4.68129691688874,4.68129691688874,13.4682695073694,8.71415848781621,8.71415848781621,0.641767339940077,4.68129691688874,4.68129691688874,13.4682695073694,13.4682695073694,6.4891554726518,6.4891554726518,4.68129691688874,4.68129691688874,6.49312320194643,6.49312320194643,9.57613280403418,9.57613280403418,8.71415848781621,8.71415848781621,6.29016452791838,6.29016452791838,13.4682695073694,13.4682695073694,6.49312320194643,6.49312320194643,6.49312320194643,8.71415848781621,13.4682695073694,13.4682695073694,0.146244941559575,6.4891554726518,13.4682695073694,4.68129691688874,4.68129691688874,13.4682695073694,0.10616593288874,0,6.49312320194643,6.49312320194643,13.4682695073694,13.4682695073694,6.49312320194643,6.49312320194643,8.71415848781621,8.71415848781621,6.4891554726518,6.4891554726518,4.68129691688874,4.68129691688874,13.4682695073694,13.4682695073694,13.4682695073694,13.4682695073694,6.49312320194643,6.49312320194643
"t96",5.94223822581616,5.31887648835453,5.12152710709683,11.9294614879886,7.80278035771039,9.57613280403418,5.11997990084058,6.49312320194643,13.4682695073694,6.49312320194643,11.3554438952306,13.4682695073694,13.4682695073694,6.49312320194643,4.5016638373034,6.27113455879704,5.28694855679358,7.09794940968384,6.49312320194643,6.27113455879704,9.57613280403418,6.49312320194643,6.49312320194643,2.40719949380019,6.49312320194643,13.4682695073694,6.49312320194643,6.49312320194643,6.49312320194643,6.43508794411263,6.43508794411263,6.49312320194643,8.71415848781621,8.71415848781621,6.49312320194643,4.72274882242621,8.71415848781621,6.49312320194643,6.49312320194643,5.46120901944917,5.22214140838822,6.49312320194643,6.49312320194643,13.4682695073694,13.4682695073694,6.49312320194643,13.4682695073694,6.27113455879704,6.27113455879704,8.71415848781621,8.71415848781621,5.46120901944917,5.46120901944917,9.37996428242719,8.71415848781621,8.71415848781621,13.4682695073694,6.49312320194643,6.49312320194643,13.4682695073694,8.71415848781621,8.71415848781621,6.49312320194643,6.49312320194643,6.49312320194643,13.4682695073694,13.4682695073694,6.49312320194643,6.49312320194643,6.49312320194643,6.49312320194643,6.27113455879704,6.27113455879704,9.57613280403418,9.57613280403418,8.71415848781621,8.71415848781621,6.49312320194643,6.49312320194643,13.4682695073694,13.4682695073694,5.46120901944917,5.46120901944917,0.184406708675116,8.71415848781621,13.4682695073694,13.4682695073694,6.49312320194643,6.49312320194643,13.4682695073694,6.49312320194643,6.49312320194643,13.4682695073694,6.49312320194643,6.49312320194643,0,0.104861660116299,13.4682695073694,13.4682695073694,6.27113455879704,6.27113455879704,8.71415848781621,8.71415848781621,6.49312320194643,6.49312320194643,6.49312320194643,6.49312320194643,13.4682695073694,13.4682695073694,13.4682695073694,13.4682695073694,5.46120901944917,5.46120901944917
"t97",5.94223822581616,5.31887648835453,5.12152710709683,11.9294614879886,7.80278035771039,9.57613280403418,5.11997990084058,6.49312320194643,13.4682695073694,6.49312320194643,11.3554438952306,13.4682695073694,13.4682695073694,6.49312320194643,4.5016638373034,6.27113455879704,5.28694855679358,7.09794940968384,6.49312320194643,6.27113455879704,9.57613280403418,6.49312320194643,6.49312320194643,2.40719949380019,6.49312320194643,13.4682695073694,6.49312320194643,6.49312320194643,6.49312320194643,6.43508794411263,6.43508794411263,6.49312320194643,8.71415848781621,8.71415848781621,6.49312320194643,4.72274882242621,8.71415848781621,6.49312320194643,6.49312320194643,5.46120901944917,5.22214140838822,6.49312320194643,6.49312320194643,13.4682695073694,13.4682695073694,6.49312320194643,13.4682695073694,6.27113455879704,6.27113455879704,8.71415848781621,8.71415848781621,5.46120901944917,5.46120901944917,9.37996428242719,8.71415848781621,8.71415848781621,13.4682695073694,6.49312320194643,6.49312320194643,13.4682695073694,8.71415848781621,8.71415848781621,6.49312320194643,6.49312320194643,6.49312320194643,13.4682695073694,13.4682695073694,6.49312320194643,6.49312320194643,6.49312320194643,6.49312320194643,6.27113455879704,6.27113455879704,9.57613280403418,9.57613280403418,8.71415848781621,8.71415848781621,6.49312320194643,6.49312320194643,13.4682695073694,13.4682695073694,5.46120901944917,5.46120901944917,0.184406708675116,8.71415848781621,13.4682695073694,13.4682695073694,6.49312320194643,6.49312320194643,13.4682695073694,6.49312320194643,6.49312320194643,13.4682695073694,6.49312320194643,6.49312320194643,0.104861660116299,0,13.4682695073694,13.4682695073694,6.27113455879704,6.27113455879704,8.71415848781621,8.71415848781621,6.49312320194643,6.49312320194643,6.49312320194643,6.49312320194643,13.4682695073694,13.4682695073694,13.4682695073694,13.4682695073694,5.46120901944917,5.46120901944917
"t98",7.57526452640885,9.21101319168974,9.87563812665002,5.6914052383615,12.5568913772636,13.4682695073694,12.3171148494129,13.4682695073694,8.66090555975025,13.4682695073694,6.54807994761142,4.19782136723707,4.19782136723707,13.4682695073694,12.5087243252236,13.4682695073694,12.2620948622165,11.852060429237,13.4682695073694,13.4682695073694,13.4682695073694,13.4682695073694,13.4682695073694,13.4682695073694,13.4682695073694,2.31015661360553,13.4682695073694,13.4682695073694,13.4682695073694,13.4682695073694,13.4682695073694,13.4682695073694,13.4682695073694,13.4682695073694,13.4682695073694,12.7298093103464,13.4682695073694,13.4682695073694,13.4682695073694,13.4682695073694,13.2292018963084,13.4682695073694,13.4682695073694,8.66090555975025,8.66090555975025,13.4682695073694,8.66090555975025,13.4682695073694,13.4682695073694,13.4682695073694,13.4682695073694,13.4682695073694,13.4682695073694,13.2721009857624,13.4682695073694,13.4682695073694,8.66090555975025,13.4682695073694,13.4682695073694,8.66090555975025,13.4682695073694,13.4682695073694,13.4682695073694,13.4682695073694,13.4682695073694,8.66090555975025,8.66090555975025,13.4682695073694,13.4682695073694,13.4682695073694,13.4682695073694,13.4682695073694,13.4682695073694,13.4682695073694,13.4682695073694,13.4682695073694,13.4682695073694,13.4682695073694,13.4682695073694,8.66090555975025,8.66090555975025,13.4682695073694,13.4682695073694,13.4682695073694,13.4682695073694,3.08619006215218,3.08619006215218,13.4682695073694,13.4682695073694,0.133908899574401,13.4682695073694,13.4682695073694,0.120893250875605,13.4682695073694,13.4682695073694,13.4682695073694,13.4682695073694,0,0.102477894428147,13.4682695073694,13.4682695073694,13.4682695073694,13.4682695073694,13.4682695073694,13.4682695073694,13.4682695073694,13.4682695073694,8.66090555975025,8.66090555975025,8.66090555975025,8.66090555975025,13.4682695073694,13.4682695073694
"t99",7.57526452640885,9.21101319168974,9.87563812665002,5.6914052383615,12.5568913772636,13.4682695073694,12.3171148494129,13.4682695073694,8.66090555975025,13.4682695073694,6.54807994761142,4.19782136723707,4.19782136723707,13.4682695073694,12.5087243252236,13.4682695073694,12.2620948622165,11.852060429237,13.4682695073694,13.4682695073694,13.4682695073694,13.4682695073694,13.4682695073694,13.4682695073694,13.4682695073694,2.31015661360553,13.4682695073694,13.4682695073694,13.4682695073694,13.4682695073694,13.4682695073694,13.4682695073694,13.4682695073694,13.4682695073694,13.4682695073694,12.7298093103464,13.4682695073694,13.4682695073694,13.4682695073694,13.4682695073694,13.2292018963084,13.4682695073694,13.4682695073694,8.66090555975025,8.66090555975025,13.4682695073694,8.66090555975025,13.4682695073694,13.4682695073694,13.4682695073694,13.4682695073694,13.4682695073694,13.4682695073694,13.2721009857624,13.4682695073694,13.4682695073694,8.66090555975025,13.4682695073694,13.4682695073694,8.66090555975025,13.4682695073694,13.4682695073694,13.4682695073694,13.4682695073694,13.4682695073694,8.66090555975025,8.66090555975025,13.4682695073694,13.4682695073694,13.4682695073694,13.4682695073694,13.4682695073694,13.4682695073694,13.4682695073694,13.4682695073694,13.4682695073694,13.4682695073694,13.4682695073694,13.4682695073694,8.66090555975025,8.66090555975025,13.4682695073694,13.4682695073694,13.4682695073694,13.4682695073694,3.08619006215218,3.08619006215218,13.4682695073694,13.4682695073694,0.133908899574401,13.4682695073694,13.4682695073694,0.120893250875605,13.4682695073694,13.4682695073694,13.4682695073694,13.4682695073694,0.102477894428147,0,13.4682695073694,13.4682695073694,13.4682695073694,13.4682695073694,13.4682695073694,13.4682695073694,13.4682695073694,13.4682695073694,8.66090555975025,8.66090555975025,8.66090555975025,8.66090555975025,13.4682695073694,13.4682695073694
"t100",5.94223822581616,5.31887648835453,5.12152710709683,11.9294614879886,7.80278035771039,9.57613280403418,4.78465686236153,6.49312320194643,13.4682695073694,6.49312320194643,11.3554438952306,13.4682695073694,13.4682695073694,6.49312320194643,5.31158937665127,3.64053131597424,5.28694855679358,7.09794940968384,6.49312320194643,2.8714260169629,9.57613280403418,6.49312320194643,6.49312320194643,6.27113455879704,6.49312320194643,13.4682695073694,6.49312320194643,6.49312320194643,6.49312320194643,6.43508794411262,6.43508794411262,6.49312320194643,8.71415848781621,8.71415848781621,6.49312320194643,5.53267436177407,8.71415848781621,6.49312320194643,6.49312320194643,6.27113455879704,6.03206694773609,6.49312320194643,6.49312320194643,13.4682695073694,13.4682695073694,6.49312320194643,13.4682695073694,1.98479017815587,1.98479017815587,8.71415848781621,8.71415848781621,6.27113455879704,6.27113455879704,9.37996428242719,8.71415848781621,8.71415848781621,13.4682695073694,6.49312320194643,6.49312320194643,13.4682695073694,8.71415848781621,8.71415848781621,6.49312320194643,6.49312320194643,6.49312320194643,13.4682695073694,13.4682695073694,6.49312320194643,6.49312320194643,6.49312320194643,6.49312320194643,0.968764391744277,0.968764391744277,9.57613280403418,9.57613280403418,8.71415848781621,8.71415848781621,6.49312320194643,6.49312320194643,13.4682695073694,13.4682695073694,6.27113455879704,6.27113455879704,6.27113455879704,8.71415848781621,13.4682695073694,13.4682695073694,6.49312320194643,6.49312320194643,13.4682695073694,6.49312320194643,6.49312320194643,13.4682695073694,6.49312320194643,6.49312320194643,6.27113455879704,6.27113455879704,13.4682695073694,13.4682695073694,0,0.096066343567064,8.71415848781621,8.71415848781621,6.49312320194643,6.49312320194643,6.49312320194643,6.49312320194643,13.4682695073694,13.4682695073694,13.4682695073694,13.4682695073694,6.27113455879704,6.27113455879704
"t101",5.94223822581616,5.31887648835453,5.12152710709683,11.9294614879886,7.80278035771039,9.57613280403418,4.78465686236153,6.49312320194643,13.4682695073694,6.49312320194643,11.3554438952306,13.4682695073694,13.4682695073694,6.49312320194643,5.31158937665127,3.64053131597424,5.28694855679358,7.09794940968384,6.49312320194643,2.8714260169629,9.57613280403418,6.49312320194643,6.49312320194643,6.27113455879704,6.49312320194643,13.4682695073694,6.49312320194643,6.49312320194643,6.49312320194643,6.43508794411262,6.43508794411262,6.49312320194643,8.71415848781621,8.71415848781621,6.49312320194643,5.53267436177407,8.71415848781621,6.49312320194643,6.49312320194643,6.27113455879704,6.03206694773609,6.49312320194643,6.49312320194643,13.4682695073694,13.4682695073694,6.49312320194643,13.4682695073694,1.98479017815587,1.98479017815587,8.71415848781621,8.71415848781621,6.27113455879704,6.27113455879704,9.37996428242719,8.71415848781621,8.71415848781621,13.4682695073694,6.49312320194643,6.49312320194643,13.4682695073694,8.71415848781621,8.71415848781621,6.49312320194643,6.49312320194643,6.49312320194643,13.4682695073694,13.4682695073694,6.49312320194643,6.49312320194643,6.49312320194643,6.49312320194643,0.968764391744277,0.968764391744277,9.57613280403418,9.57613280403418,8.71415848781621,8.71415848781621,6.49312320194643,6.49312320194643,13.4682695073694,13.4682695073694,6.27113455879704,6.27113455879704,6.27113455879704,8.71415848781621,13.4682695073694,13.4682695073694,6.49312320194643,6.49312320194643,13.4682695073694,6.49312320194643,6.49312320194643,13.4682695073694,6.49312320194643,6.49312320194643,6.27113455879704,6.27113455879704,13.4682695073694,13.4682695073694,0.096066343567064,0,8.71415848781621,8.71415848781621,6.49312320194643,6.49312320194643,6.49312320194643,6.49312320194643,13.4682695073694,13.4682695073694,13.4682695073694,13.4682695073694,6.27113455879704,6.27113455879704
"t102",5.94223822581616,5.31887648835453,4.19582819156606,11.9294614879886,5.98519296497476,9.57613280403418,7.56300382985974,8.71415848781621,13.4682695073694,8.71415848781621,11.3554438952306,13.4682695073694,13.4682695073694,8.71415848781621,7.75461330567043,8.71415848781621,7.50798384266336,1.77593270380533,8.71415848781621,8.71415848781621,9.57613280403418,8.71415848781621,8.71415848781621,8.71415848781621,8.71415848781621,13.4682695073694,8.71415848781621,8.71415848781621,8.71415848781621,8.71415848781621,8.71415848781621,8.71415848781621,5.61963348113173,5.61963348113173,8.71415848781621,7.97569829079324,5.61963348113173,8.71415848781621,8.71415848781621,8.71415848781621,8.47509087675526,8.71415848781621,8.71415848781621,13.4682695073694,13.4682695073694,8.71415848781621,13.4682695073694,8.71415848781621,8.71415848781621,1.70797762705964,1.70797762705964,8.71415848781621,8.71415848781621,9.37996428242719,1.70797762705964,1.70797762705964,13.4682695073694,8.71415848781621,8.71415848781621,13.4682695073694,5.61963348113173,0.662166728154736,8.71415848781621,8.71415848781621,8.71415848781621,13.4682695073694,13.4682695073694,8.71415848781621,8.71415848781621,8.71415848781621,8.71415848781621,8.71415848781621,8.71415848781621,9.57613280403418,9.57613280403418,5.61963348113173,5.61963348113173,8.71415848781621,8.71415848781621,13.4682695073694,13.4682695073694,8.71415848781621,8.71415848781621,8.71415848781621,0.169870430112139,13.4682695073694,13.4682695073694,8.71415848781621,8.71415848781621,13.4682695073694,8.71415848781621,8.71415848781621,13.4682695073694,8.71415848781621,8.71415848781621,8.71415848781621,8.71415848781621,13.4682695073694,13.4682695073694,8.71415848781621,8.71415848781621,0,0.037113017749767,8.71415848781621,8.71415848781621,8.71415848781621,8.71415848781621,13.4682695073694,13.4682695073694,13.4682695073694,13.4682695073694,8.71415848781621,8.71415848781621
"t103",5.94223822581616,5.31887648835453,4.19582819156606,11.9294614879886,5.98519296497476,9.57613280403418,7.56300382985974,8.71415848781621,13.4682695073694,8.71415848781621,11.3554438952306,13.4682695073694,13.4682695073694,8.71415848781621,7.75461330567043,8.71415848781621,7.50798384266336,1.77593270380533,8.71415848781621,8.71415848781621,9.57613280403418,8.71415848781621,8.71415848781621,8.71415848781621,8.71415848781621,13.4682695073694,8.71415848781621,8.71415848781621,8.71415848781621,8.71415848781621,8.71415848781621,8.71415848781621,5.61963348113173,5.61963348113173,8.71415848781621,7.97569829079324,5.61963348113173,8.71415848781621,8.71415848781621,8.71415848781621,8.47509087675526,8.71415848781621,8.71415848781621,13.4682695073694,13.4682695073694,8.71415848781621,13.4682695073694,8.71415848781621,8.71415848781621,1.70797762705964,1.70797762705964,8.71415848781621,8.71415848781621,9.37996428242719,1.70797762705964,1.70797762705964,13.4682695073694,8.71415848781621,8.71415848781621,13.4682695073694,5.61963348113173,0.662166728154736,8.71415848781621,8.71415848781621,8.71415848781621,13.4682695073694,13.4682695073694,8.71415848781621,8.71415848781621,8.71415848781621,8.71415848781621,8.71415848781621,8.71415848781621,9.57613280403418,9.57613280403418,5.61963348113173,5.61963348113173,8.71415848781621,8.71415848781621,13.4682695073694,13.4682695073694,8.71415848781621,8.71415848781621,8.71415848781621,0.169870430112139,13.4682695073694,13.4682695073694,8.71415848781621,8.71415848781621,13.4682695073694,8.71415848781621,8.71415848781621,13.4682695073694,8.71415848781621,8.71415848781621,8.71415848781621,8.71415848781621,13.4682695073694,13.4682695073694,8.71415848781621,8.71415848781621,0.037113017749767,0,8.71415848781621,8.71415848781621,8.71415848781621,8.71415848781621,13.4682695073694,13.4682695073694,13.4682695073694,13.4682695073694,8.71415848781621,8.71415848781621
"t104",5.94223822581616,5.31887648835453,5.12152710709683,11.9294614879886,7.80278035771039,9.57613280403418,5.34196854398996,6.4891554726518,13.4682695073694,6.4891554726518,11.3554438952306,13.4682695073694,13.4682695073694,6.4891554726518,5.53357801980065,6.49312320194643,5.28298082749895,7.09794940968384,4.53177489326864,6.49312320194643,9.57613280403418,6.4891554726518,6.4891554726518,6.49312320194643,6.4891554726518,13.4682695073694,4.53177489326864,4.53177489326864,4.53177489326864,6.49312320194643,6.49312320194643,6.4891554726518,8.71415848781621,8.71415848781621,6.4891554726518,5.75466300492346,8.71415848781621,4.53177489326864,4.53177489326864,6.49312320194643,6.25405559088548,6.4891554726518,6.4891554726518,13.4682695073694,13.4682695073694,6.4891554726518,13.4682695073694,6.49312320194643,6.49312320194643,8.71415848781621,8.71415848781621,6.49312320194643,6.49312320194643,9.37996428242719,8.71415848781621,8.71415848781621,13.4682695073694,6.4891554726518,6.4891554726518,13.4682695073694,8.71415848781621,8.71415848781621,6.4891554726518,6.4891554726518,6.4891554726518,13.4682695073694,13.4682695073694,5.18886240920785,5.18886240920785,6.4891554726518,6.4891554726518,6.49312320194643,6.49312320194643,9.57613280403418,9.57613280403418,8.71415848781621,8.71415848781621,6.4891554726518,6.4891554726518,13.4682695073694,13.4682695073694,6.49312320194643,6.49312320194643,6.49312320194643,8.71415848781621,13.4682695073694,13.4682695073694,6.4891554726518,0.140309785766243,13.4682695073694,6.4891554726518,6.4891554726518,13.4682695073694,6.4891554726518,6.4891554726518,6.49312320194643,6.49312320194643,13.4682695073694,13.4682695073694,6.49312320194643,6.49312320194643,8.71415848781621,8.71415848781621,0,0.0337056635168814,6.4891554726518,6.4891554726518,13.4682695073694,13.4682695073694,13.4682695073694,13.4682695073694,6.49312320194643,6.49312320194643
"t105",5.94223822581616,5.31887648835453,5.12152710709683,11.9294614879886,7.80278035771039,9.57613280403418,5.34196854398996,6.4891554726518,13.4682695073694,6.4891554726518,11.3554438952306,13.4682695073694,13.4682695073694,6.4891554726518,5.53357801980065,6.49312320194643,5.28298082749895,7.09794940968384,4.53177489326864,6.49312320194643,9.57613280403418,6.4891554726518,6.4891554726518,6.49312320194643,6.4891554726518,13.4682695073694,4.53177489326864,4.53177489326864,4.53177489326864,6.49312320194643,6.49312320194643,6.4891554726518,8.71415848781621,8.71415848781621,6.4891554726518,5.75466300492346,8.71415848781621,4.53177489326864,4.53177489326864,6.49312320194643,6.25405559088548,6.4891554726518,6.4891554726518,13.4682695073694,13.4682695073694,6.4891554726518,13.4682695073694,6.49312320194643,6.49312320194643,8.71415848781621,8.71415848781621,6.49312320194643,6.49312320194643,9.37996428242719,8.71415848781621,8.71415848781621,13.4682695073694,6.4891554726518,6.4891554726518,13.4682695073694,8.71415848781621,8.71415848781621,6.4891554726518,6.4891554726518,6.4891554726518,13.4682695073694,13.4682695073694,5.18886240920785,5.18886240920785,6.4891554726518,6.4891554726518,6.49312320194643,6.49312320194643,9.57613280403418,9.57613280403418,8.71415848781621,8.71415848781621,6.4891554726518,6.4891554726518,13.4682695073694,13.4682695073694,6.49312320194643,6.49312320194643,6.49312320194643,8.71415848781621,13.4682695073694,13.4682695073694,6.4891554726518,0.140309785766243,13.4682695073694,6.4891554726518,6.4891554726518,13.4682695073694,6.4891554726518,6.4891554726518,6.49312320194643,6.49312320194643,13.4682695073694,13.4682695073694,6.49312320194643,6.49312320194643,8.71415848781621,8.71415848781621,0.0337056635168814,0,6.4891554726518,6.4891554726518,13.4682695073694,13.4682695073694,13.4682695073694,13.4682695073694,6.49312320194643,6.49312320194643
"t106",5.94223822581616,5.31887648835453,5.12152710709683,11.9294614879886,7.80278035771039,9.57613280403418,5.34196854398996,6.29016452791838,13.4682695073694,6.29016452791838,11.3554438952306,13.4682695073694,13.4682695073694,4.68129691688874,5.53357801980065,6.49312320194643,2.39030018170725,7.09794940968384,6.4891554726518,6.49312320194643,9.57613280403418,6.29016452791838,6.29016452791838,6.49312320194643,6.29016452791838,13.4682695073694,6.4891554726518,6.4891554726518,6.4891554726518,6.49312320194643,6.49312320194643,4.21548943436791,8.71415848781621,8.71415848781621,6.29016452791838,5.75466300492346,8.71415848781621,6.4891554726518,6.4891554726518,6.49312320194643,6.25405559088548,4.21548943436791,4.21548943436791,13.4682695073694,13.4682695073694,1.20616857194158,13.4682695073694,6.49312320194643,6.49312320194643,8.71415848781621,8.71415848781621,6.49312320194643,6.49312320194643,9.37996428242719,8.71415848781621,8.71415848781621,13.4682695073694,0.950671411098094,0.885861016173772,13.4682695073694,8.71415848781621,8.71415848781621,4.68129691688874,4.21548943436791,4.21548943436791,13.4682695073694,13.4682695073694,6.4891554726518,6.4891554726518,4.21548943436791,4.21548943436791,6.49312320194643,6.49312320194643,9.57613280403418,9.57613280403418,8.71415848781621,8.71415848781621,6.29016452791838,6.29016452791838,13.4682695073694,13.4682695073694,6.49312320194643,6.49312320194643,6.49312320194643,8.71415848781621,13.4682695073694,13.4682695073694,4.68129691688874,6.4891554726518,13.4682695073694,4.21548943436791,4.21548943436791,13.4682695073694,4.68129691688874,4.68129691688874,6.49312320194643,6.49312320194643,13.4682695073694,13.4682695073694,6.49312320194643,6.49312320194643,8.71415848781621,8.71415848781621,6.4891554726518,6.4891554726518,0,0.0175506805762572,13.4682695073694,13.4682695073694,13.4682695073694,13.4682695073694,6.49312320194643,6.49312320194643
"t107",5.94223822581616,5.31887648835453,5.12152710709683,11.9294614879886,7.80278035771039,9.57613280403418,5.34196854398996,6.29016452791838,13.4682695073694,6.29016452791838,11.3554438952306,13.4682695073694,13.4682695073694,4.68129691688874,5.53357801980065,6.49312320194643,2.39030018170725,7.09794940968384,6.4891554726518,6.49312320194643,9.57613280403418,6.29016452791838,6.29016452791838,6.49312320194643,6.29016452791838,13.4682695073694,6.4891554726518,6.4891554726518,6.4891554726518,6.49312320194643,6.49312320194643,4.21548943436791,8.71415848781621,8.71415848781621,6.29016452791838,5.75466300492346,8.71415848781621,6.4891554726518,6.4891554726518,6.49312320194643,6.25405559088548,4.21548943436791,4.21548943436791,13.4682695073694,13.4682695073694,1.20616857194158,13.4682695073694,6.49312320194643,6.49312320194643,8.71415848781621,8.71415848781621,6.49312320194643,6.49312320194643,9.37996428242719,8.71415848781621,8.71415848781621,13.4682695073694,0.950671411098094,0.885861016173772,13.4682695073694,8.71415848781621,8.71415848781621,4.68129691688874,4.21548943436791,4.21548943436791,13.4682695073694,13.4682695073694,6.4891554726518,6.4891554726518,4.21548943436791,4.21548943436791,6.49312320194643,6.49312320194643,9.57613280403418,9.57613280403418,8.71415848781621,8.71415848781621,6.29016452791838,6.29016452791838,13.4682695073694,13.4682695073694,6.49312320194643,6.49312320194643,6.49312320194643,8.71415848781621,13.4682695073694,13.4682695073694,4.68129691688874,6.4891554726518,13.4682695073694,4.21548943436791,4.21548943436791,13.4682695073694,4.68129691688874,4.68129691688874,6.49312320194643,6.49312320194643,13.4682695073694,13.4682695073694,6.49312320194643,6.49312320194643,8.71415848781621,8.71415848781621,6.4891554726518,6.4891554726518,0.0175506805762572,0,13.4682695073694,13.4682695073694,13.4682695073694,13.4682695073694,6.49312320194643,6.49312320194643
"t108",7.57526452640885,9.21101319168974,9.87563812665002,7.12209754036946,12.5568913772636,13.4682695073694,12.3171148494129,13.4682695073694,5.20634908525802,13.4682695073694,2.2368915790703,8.66090555975025,8.66090555975025,13.4682695073694,12.5087243252236,13.4682695073694,12.2620948622166,11.852060429237,13.4682695073694,13.4682695073694,13.4682695073694,13.4682695073694,13.4682695073694,13.4682695073694,13.4682695073694,8.66090555975025,13.4682695073694,13.4682695073694,13.4682695073694,13.4682695073694,13.4682695073694,13.4682695073694,13.4682695073694,13.4682695073694,13.4682695073694,12.7298093103464,13.4682695073694,13.4682695073694,13.4682695073694,13.4682695073694,13.2292018963084,13.4682695073694,13.4682695073694,4.19160311005647,4.19160311005647,13.4682695073694,3.09421238196138,13.4682695073694,13.4682695073694,13.4682695073694,13.4682695073694,13.4682695073694,13.4682695073694,13.2721009857624,13.4682695073694,13.4682695073694,4.19160311005647,13.4682695073694,13.4682695073694,0.849411207117677,13.4682695073694,13.4682695073694,13.4682695073694,13.4682695073694,13.4682695073694,3.09421238196138,3.09421238196138,13.4682695073694,13.4682695073694,13.4682695073694,13.4682695073694,13.4682695073694,13.4682695073694,13.4682695073694,13.4682695073694,13.4682695073694,13.4682695073694,13.4682695073694,13.4682695073694,4.19160311005647,4.19160311005647,13.4682695073694,13.4682695073694,13.4682695073694,13.4682695073694,8.66090555975025,8.66090555975025,13.4682695073694,13.4682695073694,8.66090555975025,13.4682695073694,13.4682695073694,8.66090555975025,13.4682695073694,13.4682695073694,13.4682695073694,13.4682695073694,8.66090555975025,8.66090555975025,13.4682695073694,13.4682695073694,13.4682695073694,13.4682695073694,13.4682695073694,13.4682695073694,13.4682695073694,13.4682695073694,0,0.0132681212322602,3.09421238196138,3.09421238196138,13.4682695073694,13.4682695073694
"t109",7.57526452640885,9.21101319168974,9.87563812665002,7.12209754036946,12.5568913772636,13.4682695073694,12.3171148494129,13.4682695073694,5.20634908525802,13.4682695073694,2.2368915790703,8.66090555975025,8.66090555975025,13.4682695073694,12.5087243252236,13.4682695073694,12.2620948622166,11.852060429237,13.4682695073694,13.4682695073694,13.4682695073694,13.4682695073694,13.4682695073694,13.4682695073694,13.4682695073694,8.66090555975025,13.4682695073694,13.4682695073694,13.4682695073694,13.4682695073694,13.4682695073694,13.4682695073694,13.4682695073694,13.4682695073694,13.4682695073694,12.7298093103464,13.4682695073694,13.4682695073694,13.4682695073694,13.4682695073694,13.2292018963084,13.4682695073694,13.4682695073694,4.19160311005647,4.19160311005647,13.4682695073694,3.09421238196138,13.4682695073694,13.4682695073694,13.4682695073694,13.4682695073694,13.4682695073694,13.4682695073694,13.2721009857624,13.4682695073694,13.4682695073694,4.19160311005647,13.4682695073694,13.4682695073694,0.849411207117677,13.4682695073694,13.4682695073694,13.4682695073694,13.4682695073694,13.4682695073694,3.09421238196138,3.09421238196138,13.4682695073694,13.4682695073694,13.4682695073694,13.4682695073694,13.4682695073694,13.4682695073694,13.4682695073694,13.4682695073694,13.4682695073694,13.4682695073694,13.4682695073694,13.4682695073694,4.19160311005647,4.19160311005647,13.4682695073694,13.4682695073694,13.4682695073694,13.4682695073694,8.66090555975025,8.66090555975025,13.4682695073694,13.4682695073694,8.66090555975025,13.4682695073694,13.4682695073694,8.66090555975025,13.4682695073694,13.4682695073694,13.4682695073694,13.4682695073694,8.66090555975025,8.66090555975025,13.4682695073694,13.4682695073694,13.4682695073694,13.4682695073694,13.4682695073694,13.4682695073694,13.4682695073694,13.4682695073694,0.0132681212322602,0,3.09421238196138,3.09421238196138,13.4682695073694,13.4682695073694
"t110",7.57526452640885,9.21101319168974,9.87563812665002,7.12209754036946,12.5568913772636,13.4682695073694,12.3171148494129,13.4682695073694,5.20634908525802,13.4682695073694,2.2368915790703,8.66090555975025,8.66090555975025,13.4682695073694,12.5087243252236,13.4682695073694,12.2620948622165,11.852060429237,13.4682695073694,13.4682695073694,13.4682695073694,13.4682695073694,13.4682695073694,13.4682695073694,13.4682695073694,8.66090555975025,13.4682695073694,13.4682695073694,13.4682695073694,13.4682695073694,13.4682695073694,13.4682695073694,13.4682695073694,13.4682695073694,13.4682695073694,12.7298093103464,13.4682695073694,13.4682695073694,13.4682695073694,13.4682695073694,13.2292018963084,13.4682695073694,13.4682695073694,4.19160311005647,4.19160311005647,13.4682695073694,1.94118326324438,13.4682695073694,13.4682695073694,13.4682695073694,13.4682695073694,13.4682695073694,13.4682695073694,13.2721009857624,13.4682695073694,13.4682695073694,4.19160311005647,13.4682695073694,13.4682695073694,3.09421238196138,13.4682695073694,13.4682695073694,13.4682695073694,13.4682695073694,13.4682695073694,1.94118326324438,1.94118326324438,13.4682695073694,13.4682695073694,13.4682695073694,13.4682695073694,13.4682695073694,13.4682695073694,13.4682695073694,13.4682695073694,13.4682695073694,13.4682695073694,13.4682695073694,13.4682695073694,4.19160311005647,4.19160311005647,13.4682695073694,13.4682695073694,13.4682695073694,13.4682695073694,8.66090555975025,8.66090555975025,13.4682695073694,13.4682695073694,8.66090555975025,13.4682695073694,13.4682695073694,8.66090555975025,13.4682695073694,13.4682695073694,13.4682695073694,13.4682695073694,8.66090555975025,8.66090555975025,13.4682695073694,13.4682695073694,13.4682695073694,13.4682695073694,13.4682695073694,13.4682695073694,13.4682695073694,13.4682695073694,3.09421238196138,3.09421238196138,0,0.00978127109724954,13.4682695073694,13.4682695073694
"t111",7.57526452640885,9.21101319168974,9.87563812665002,7.12209754036946,12.5568913772636,13.4682695073694,12.3171148494129,13.4682695073694,5.20634908525802,13.4682695073694,2.2368915790703,8.66090555975025,8.66090555975025,13.4682695073694,12.5087243252236,13.4682695073694,12.2620948622165,11.852060429237,13.4682695073694,13.4682695073694,13.4682695073694,13.4682695073694,13.4682695073694,13.4682695073694,13.4682695073694,8.66090555975025,13.4682695073694,13.4682695073694,13.4682695073694,13.4682695073694,13.4682695073694,13.4682695073694,13.4682695073694,13.4682695073694,13.4682695073694,12.7298093103464,13.4682695073694,13.4682695073694,13.4682695073694,13.4682695073694,13.2292018963084,13.4682695073694,13.4682695073694,4.19160311005647,4.19160311005647,13.4682695073694,1.94118326324438,13.4682695073694,13.4682695073694,13.4682695073694,13.4682695073694,13.4682695073694,13.4682695073694,13.2721009857624,13.4682695073694,13.4682695073694,4.19160311005647,13.4682695073694,13.4682695073694,3.09421238196138,13.4682695073694,13.4682695073694,13.4682695073694,13.4682695073694,13.4682695073694,1.94118326324438,1.94118326324438,13.4682695073694,13.4682695073694,13.4682695073694,13.4682695073694,13.4682695073694,13.4682695073694,13.4682695073694,13.4682695073694,13.4682695073694,13.4682695073694,13.4682695073694,13.4682695073694,4.19160311005647,4.19160311005647,13.4682695073694,13.4682695073694,13.4682695073694,13.4682695073694,8.66090555975025,8.66090555975025,13.4682695073694,13.4682695073694,8.66090555975025,13.4682695073694,13.4682695073694,8.66090555975025,13.4682695073694,13.4682695073694,13.4682695073694,13.4682695073694,8.66090555975025,8.66090555975025,13.4682695073694,13.4682695073694,13.4682695073694,13.4682695073694,13.4682695073694,13.4682695073694,13.4682695073694,13.4682695073694,3.09421238196138,3.09421238196138,0.00978127109724954,0,13.4682695073694,13.4682695073694
"t112",5.94223822581616,5.31887648835453,5.12152710709683,11.9294614879886,7.80278035771039,9.57613280403418,5.11997990084058,6.49312320194643,13.4682695073694,6.49312320194643,11.3554438952306,13.4682695073694,13.4682695073694,6.49312320194643,3.00435772290652,6.27113455879704,5.28694855679358,7.09794940968384,6.49312320194643,6.27113455879704,9.57613280403418,6.49312320194643,6.49312320194643,5.46120901944917,6.49312320194643,13.4682695073694,6.49312320194643,6.49312320194643,6.49312320194643,6.43508794411262,6.43508794411262,6.49312320194643,8.71415848781621,8.71415848781621,6.49312320194643,3.22544270802933,8.71415848781621,6.49312320194643,6.49312320194643,2.9053820993603,2.66631448829935,6.49312320194643,6.49312320194643,13.4682695073694,13.4682695073694,6.49312320194643,13.4682695073694,6.27113455879704,6.27113455879704,8.71415848781621,8.71415848781621,3.96390290505229,3.96390290505229,9.37996428242719,8.71415848781621,8.71415848781621,13.4682695073694,6.49312320194643,6.49312320194643,13.4682695073694,8.71415848781621,8.71415848781621,6.49312320194643,6.49312320194643,6.49312320194643,13.4682695073694,13.4682695073694,6.49312320194643,6.49312320194643,6.49312320194643,6.49312320194643,6.27113455879704,6.27113455879704,9.57613280403418,9.57613280403418,8.71415848781621,8.71415848781621,6.49312320194643,6.49312320194643,13.4682695073694,13.4682695073694,3.96390290505229,3.96390290505229,5.46120901944917,8.71415848781621,13.4682695073694,13.4682695073694,6.49312320194643,6.49312320194643,13.4682695073694,6.49312320194643,6.49312320194643,13.4682695073694,6.49312320194643,6.49312320194643,5.46120901944917,5.46120901944917,13.4682695073694,13.4682695073694,6.27113455879704,6.27113455879704,8.71415848781621,8.71415848781621,6.49312320194643,6.49312320194643,6.49312320194643,6.49312320194643,13.4682695073694,13.4682695073694,13.4682695073694,13.4682695073694,0,0.00652590778631205
"t113",5.94223822581616,5.31887648835453,5.12152710709683,11.9294614879886,7.80278035771039,9.57613280403418,5.11997990084058,6.49312320194643,13.4682695073694,6.49312320194643,11.3554438952306,13.4682695073694,13.4682695073694,6.49312320194643,3.00435772290652,6.27113455879704,5.28694855679358,7.09794940968384,6.49312320194643,6.27113455879704,9.57613280403418,6.49312320194643,6.49312320194643,5.46120901944917,6.49312320194643,13.4682695073694,6.49312320194643,6.49312320194643,6.49312320194643,6.43508794411262,6.43508794411262,6.49312320194643,8.71415848781621,8.71415848781621,6.49312320194643,3.22544270802933,8.71415848781621,6.49312320194643,6.49312320194643,2.9053820993603,2.66631448829935,6.49312320194643,6.49312320194643,13.4682695073694,13.4682695073694,6.49312320194643,13.4682695073694,6.27113455879704,6.27113455879704,8.71415848781621,8.71415848781621,3.96390290505229,3.96390290505229,9.37996428242719,8.71415848781621,8.71415848781621,13.4682695073694,6.49312320194643,6.49312320194643,13.4682695073694,8.71415848781621,8.71415848781621,6.49312320194643,6.49312320194643,6.49312320194643,13.4682695073694,13.4682695073694,6.49312320194643,6.49312320194643,6.49312320194643,6.49312320194643,6.27113455879704,6.27113455879704,9.57613280403418,9.57613280403418,8.71415848781621,8.71415848781621,6.49312320194643,6.49312320194643,13.4682695073694,13.4682695073694,3.96390290505229,3.96390290505229,5.46120901944917,8.71415848781621,13.4682695073694,13.4682695073694,6.49312320194643,6.49312320194643,13.4682695073694,6.49312320194643,6.49312320194643,13.4682695073694,6.49312320194643,6.49312320194643,5.46120901944917,5.46120901944917,13.4682695073694,13.4682695073694,6.27113455879704,6.27113455879704,8.71415848781621,8.71415848781621,6.49312320194643,6.49312320194643,6.49312320194643,6.49312320194643,13.4682695073694,13.4682695073694,13.4682695073694,13.4682695073694,0.00652590778631205,0
