"","t1","t2","t3","t4","t5","t6","t7","t8","t9","t10","t11","t12","t13","t14","t15","t16","t17","t18","t19","t20","t21","t22","t23","t24","t25","t26","t27","t28","t29","t30","t31","t32","t33","t34","t35","t36","t37","t38","t39","t40","t41","t42","t43","t44","t45","t46","t47","t48","t49","t50","t51","t52","t53","t54","t55","t56","t57","t58","t59","t60","t61","t62","t63","t64","t65","t66","t67","t68","t69","t70","t71","t72","t73","t74","t75","t76","t77","t78","t79","t80","t81","t82","t83","t84","t85","t86","t87","t88","t89","t90","t91","t92","t93","t94","t95","t96","t97","t98","t99","t100","t101","t102","t103","t104","t105","t106","t107","t108","t109","t110","t111","t112","t113","t114","t115","t116","t117","t118","t119","t120","t121","t122","t123","t124","t125","t126","t127","t128","t129","t130","t131","t132","t133","t134","t135","t136","t137","t138","t139","t140","t141","t142","t143","t144","t145","t146","t147","t148","t149","t150","t151","t152","t153","t154","t155","t156","t157","t158","t159","t160","t161","t162","t163","t164","t165","t166","t167","t168","t169","t170","t171","t172","t173","t174","t175","t176","t177","t178","t179","t180","t181","t182","t183","t184","t185","t186","t187","t188","t189","t190","t191","t192","t193","t194","t195","t196","t197","t198","t199"
"t1",0,5.94805406672243,6.56842380392142,6.1676323963596,10.0574544571623,8.33718540864249,9.30344498002231,9.01160082703736,8.32082537668269,8.60979602803106,15.3653344650969,9.40360412477316,10.2804025724075,10.0410858092905,11.0068403568807,10.5911993441908,11.099900256965,10.4553800800503,11.2181446460788,12.466411721615,10.3424104379522,11.7451433761784,10.3566080314448,11.1956555930839,15.5370683219304,11.2744577154314,11.2375653839906,11.785071216252,11.2142942833229,11.6800734948192,15.5178279010745,11.8599502015318,13.4155299601545,12.9412552819974,12.5052656900959,11.9446728834417,12.3310581728259,12.94335578344,11.1671959527455,11.7502632843588,14.7378043164273,11.2635525463186,14.051619783512,11.7403996355406,11.4217317224228,11.4058619557794,13.5354252480835,15.5370683219304,11.7845128172119,11.46741127411,14.8335023249685,11.7398063149124,15.5370683219304,12.3967471923402,11.8375742652857,12.3417649106533,12.5112152931471,15.3257315186658,12.8378445300809,15.5370683219304,13.0505823052258,13.9242384997679,13.5578549937911,14.4784452990745,15.5370683219304,14.6429667665391,12.7526691954778,13.8715646400172,13.1590992643788,13.6329439426194,13.5322955710187,15.5370683219304,13.0488488497754,14.4521454657036,13.9538589043542,13.8409648943016,15.5370683219304,13.0954585952037,13.7832390088607,15.5370683219304,13.2946980415636,15.5370683219304,15.5370683219304,13.856258567969,15.5370683219304,15.5370683219304,13.6551839889585,15.5370683219304,14.1543141431645,13.911688487408,15.5370683219304,14.4100712539635,15.5370683219304,13.832485483572,14.0585982991674,14.4189218042127,15.5370683219304,15.5370683219304,15.5370683219304,15.5370683219304,15.5370683219304,15.5370683219304,13.8629521683382,15.5370683219304,14.0868032817252,15.5370683219304,14.2913516497823,14.4811383115906,15.5370683219304,15.5370683219304,15.5370683219304,15.5370683219304,14.4444267721904,15.5370683219304,14.2926850144873,15.5370683219304,14.3282522489751,14.3303117583615,15.2124569404745,15.5370683219304,15.5370683219304,15.412712548279,15.5370683219304,14.6878108951618,15.5370683219304,15.5370683219304,15.5370683219304,15.1643800399651,15.0035106655515,15.5370683219304,15.5370683219304,15.5370683219304,15.5370683219304,14.8823075769499,15.5370683219304,15.5370683219304,15.5370683219304,15.5370683219304,15.5370683219304,15.5370683219304,15.5370683219304,15.5370683219304,15.5370683219304,15.5370683219304,15.5370683219304,15.5370683219304,15.5370683219304,15.5370683219304,15.5370683219304,15.3119043994088,15.5370683219304,15.5370683219304,15.5370683219304,15.5370683219304,15.5370683219304,15.5370683219304,15.5370683219304,15.5370683219304,15.5370683219304,15.5370683219304,15.5370683219304,15.5370683219304,15.5370683219304,15.5370683219304,15.4392046584641,15.2935026125686,15.5370683219304,15.2928511276892,15.5370683219304,15.5370683219304,15.5370683219304,15.5370683219304,15.5370683219304,15.5370683219304,15.5370683219304,15.5370683219304,15.5370683219304,15.5370683219304,15.5370683219304,15.5370683219304,15.5370683219304,15.5370683219304,15.5370683219304,15.5370683219304,15.5370683219304,15.5370683219304,15.5370683219304,15.5370683219304,15.5370683219304,15.5370683219304,15.5370683219304,15.5370683219304,15.5370683219304,15.5370683219304,15.5370683219304,15.5370683219304,15.5370683219304,15.5370683219304,15.5370683219304
"t2",5.94805406672243,0,2.14578615407473,3.13166997314165,5.3365626087801,4.49757664273165,4.58255313164009,4.29070897865515,4.48121661077185,4.77018726212021,11.525725699186,4.98096647492646,5.85776492256084,5.32019396090831,6.58420270703401,6.16856169434407,8.063937833747,5.7344882316681,6.49725279769655,8.62680295570412,5.62151858956999,7.32250572633166,5.93397038159809,6.77301794323724,11.6974595560195,6.85182006558471,6.51667353560839,7.94546245034114,6.79165663347624,7.25743584497247,10.7969360526923,7.43731255168515,8.9928923103078,8.22036343361519,8.0826280402492,7.52203523359502,7.61016632444367,9.1037470175292,7.32758718683461,7.910654518448,10.016912468045,6.54266069793644,9.33072793512975,7.31776198569387,6.99909407257612,6.68497010739721,8.81453339970129,11.6974595560195,7.94490405130104,7.6278025081992,10.4108646751218,7.31716866506572,11.6974595560195,7.97410954249351,7.99796549937487,8.50215614474243,8.0885776433004,12.2897690954479,8.99823576417001,10.8161764735482,9.21097353931494,10.084629733857,9.13521734394437,10.6388365331637,11.6974595560195,10.2203291166924,8.33003154563108,9.44892699017052,10.1231368411609,10.5969815194015,10.4963331478007,12.5011058987124,8.6262111999287,10.6125366997927,9.23296705597203,9.12007304591937,11.1144306720837,8.672820945357,9.94363024294989,11.1144306720837,9.45508927565272,11.6974595560195,11.6974595560195,9.43362091812232,11.1144306720837,10.8161764735482,8.93429214057632,10.8161764735482,9.73167649331784,10.0720797214972,11.1144306720837,9.98743360411675,11.1144306720837,9.40984783372531,9.63596064932071,9.69802995583044,11.6974595560195,11.6974595560195,10.8161764735482,10.8161764735482,11.6974595560195,11.1144306720837,10.0233434024274,11.6974595560195,9.66416563187851,11.1144306720837,10.4517428838715,10.0585006617439,11.6974595560195,11.6974595560195,11.6974595560195,11.6974595560195,10.6048180062795,10.8161764735482,9.57179316610511,10.8161764735482,9.90561459912839,9.90767410851483,11.3728481745637,10.8161764735482,11.1144306720837,10.9900748984323,11.6974595560195,10.848202129251,11.1144306720837,11.1144306720837,11.1144306720837,11.3247712740542,10.5808730157048,11.1144306720837,11.1144306720837,11.6974595560195,11.6974595560195,10.4596699271032,11.1144306720837,11.6974595560195,11.6974595560195,11.6974595560195,11.6974595560195,11.1144306720837,11.1144306720837,11.1144306720837,11.1144306720837,11.6974595560195,11.6974595560195,11.1144306720837,11.1144306720837,11.1144306720837,11.1144306720837,11.472295633498,11.1144306720837,11.1144306720837,11.6974595560195,11.6974595560195,11.1144306720837,11.6974595560195,11.6974595560195,11.6974595560195,11.6974595560195,10.8161764735482,10.8161764735482,11.6974595560195,11.6974595560195,11.6974595560195,10.7183128100819,10.8708649627219,11.1144306720837,10.8702134778425,11.1144306720837,11.6974595560195,11.6974595560195,11.1144306720837,11.1144306720837,11.1144306720837,11.1144306720837,10.8161764735482,10.8161764735482,11.1144306720837,11.1144306720837,11.1144306720837,11.6974595560195,11.6974595560195,11.6974595560195,11.6974595560195,11.6974595560195,11.6974595560195,11.1144306720837,11.1144306720837,10.8161764735482,10.8161764735482,11.1144306720837,11.1144306720837,11.6974595560195,11.6974595560195,11.6974595560195,11.1144306720837,11.1144306720837,11.6974595560195,11.6974595560195
"t3",6.56842380392142,2.14578615407473,0,3.75203971034065,6.25518654451461,5.11794637993064,5.5011770673746,5.20933291438966,5.10158634797084,5.39055699931921,12.146095436385,5.17791795179362,6.05471639942799,6.23881789664283,6.78115418390117,6.36551317121122,8.684307570946,6.65311216740261,7.41587673343107,9.24717269290312,6.54014252530451,7.51945720319882,6.13092185846525,6.9699694201044,12.3178292932185,7.04877154245187,7.4352974713429,8.56583218754014,6.98860811034339,7.45438732183963,11.7155599884268,7.6342640285523,9.18984378717496,9.1389873693497,8.27957951711635,7.71898671046218,8.52879026017819,9.7241167547282,7.94795692403361,8.531024255647,10.9355364037796,7.46128463367095,10.2493518708643,7.51471346256103,7.19604554944327,7.60359404313173,9.7331573354358,12.3178292932185,8.56527378850003,8.2481722453982,10.6078161519889,7.51412014193288,12.3178292932185,8.17106101936066,8.61833523657387,9.12252588194142,8.28552912016756,12.9101388326469,9.618605501369,11.7348004092827,9.83134327651393,10.704999471056,9.33216882081153,11.2592062703627,12.3178292932185,10.4172805935596,8.52698302249823,9.64587846703767,10.7435065783599,11.2173512566005,11.1167028849997,13.1214756359114,8.82316267679586,11.2329064369917,10.1515909917065,10.0386969816539,11.3113821489508,8.86977242222415,10.5639999801489,11.3113821489508,10.0754590128517,12.3178292932185,12.3178292932185,9.63057239498947,11.3113821489508,11.7348004092827,9.85291607631084,11.7348004092827,9.92862797018499,10.6924494586962,11.3113821489508,10.1843850809839,11.3113821489508,9.60679931059246,9.83291212618786,10.616653891565,12.3178292932185,12.3178292932185,11.7348004092827,11.7348004092827,12.3178292932185,11.3113821489508,10.6437131396264,12.3178292932185,9.86111710874567,11.3113821489508,11.0721126210705,10.2554521386111,12.3178292932185,12.3178292932185,12.3178292932185,12.3178292932185,11.2251877434785,11.7348004092827,10.4904171018396,11.7348004092827,10.1025660759955,10.104625585382,11.9932179117626,11.7348004092827,11.3113821489508,11.1870263752994,12.3178292932185,11.4685718664499,11.3113821489508,11.3113821489508,11.3113821489508,11.9451410112532,10.777824492572,11.3113821489508,11.3113821489508,12.3178292932185,12.3178292932185,10.6566214039704,11.3113821489508,12.3178292932185,12.3178292932185,12.3178292932185,12.3178292932185,11.3113821489508,11.3113821489508,11.3113821489508,11.3113821489508,12.3178292932185,12.3178292932185,11.3113821489508,11.3113821489508,11.3113821489508,11.3113821489508,12.092665370697,11.3113821489508,11.3113821489508,12.3178292932185,12.3178292932185,11.3113821489508,12.3178292932185,12.3178292932185,12.3178292932185,12.3178292932185,11.7348004092827,11.7348004092827,12.3178292932185,12.3178292932185,12.3178292932185,11.6369367458164,11.067816439589,11.3113821489508,11.0671649547097,11.3113821489508,12.3178292932185,12.3178292932185,11.3113821489508,11.3113821489508,11.3113821489508,11.3113821489508,11.7348004092827,11.7348004092827,11.3113821489508,11.3113821489508,11.3113821489508,12.3178292932185,12.3178292932185,12.3178292932185,12.3178292932185,12.3178292932185,12.3178292932185,11.3113821489508,11.3113821489508,11.7348004092827,11.7348004092827,11.3113821489508,11.3113821489508,12.3178292932185,12.3178292932185,12.3178292932185,11.3113821489508,11.3113821489508,12.3178292932185,12.3178292932185
"t4",6.1676323963596,3.13166997314165,3.75203971034065,0,7.24107036358154,5.52080131506172,6.48706088644153,6.19521673345659,5.50444128310192,5.79341193445028,12.5489503715161,6.58722003119238,7.46401847882676,7.22470171570975,8.19045626329993,7.77481525060999,5.23307008870041,7.63899598646954,8.40176055249799,9.65002762803419,7.52602634437143,8.92875928259758,7.54022393786402,8.37927149950316,12.7206842283496,8.45807362185063,8.42118129040982,8.96868712267121,8.39791018974215,8.86368940123839,12.7014438074938,9.04356610795107,10.5991458665737,10.1248711884166,9.68888159651512,9.12828878986094,9.51467407924511,10.1269716898593,8.35081185916468,8.93387919077807,11.9214202228465,8.44716845273787,11.2352356899312,8.92401554195979,8.60534762884203,8.58947786219865,10.7190411545027,12.7206842283496,8.96812872363111,8.65102718052927,12.0171182313877,8.92342222133164,12.7206842283496,9.58036309875942,9.02119017170494,9.5253808170725,9.69483119956632,9.45890135040128,10.0214604365001,12.7206842283496,10.234198211645,11.1078544061871,10.7414709002103,11.6620612054937,12.7206842283496,11.8265826729584,9.936285101897,11.0551805464364,7.29226909611429,7.76611377435488,7.66546540275414,9.67023815366582,10.2324647561946,11.6357613721228,11.1374748107735,11.0245808007208,12.7206842283496,10.2790745016229,10.96685491528,12.7206842283496,10.4783139479828,12.7206842283496,12.7206842283496,11.0398744743882,12.7206842283496,12.7206842283496,10.8387998953778,12.7206842283496,11.3379300495838,11.0953043938272,12.7206842283496,11.5936871603827,12.7206842283496,11.0161013899912,11.2422142055866,11.6025377106319,12.7206842283496,12.7206842283496,12.7206842283496,12.7206842283496,12.7206842283496,12.7206842283496,11.0465680747575,12.7206842283496,11.2704191881444,12.7206842283496,11.4749675562016,11.6647542180098,12.7206842283496,12.7206842283496,12.7206842283496,12.7206842283496,11.6280426786096,12.7206842283496,11.4763009209065,12.7206842283496,11.5118681553943,11.5139276647808,12.3960728468937,12.7206842283496,12.7206842283496,12.5963284546982,12.7206842283496,11.871426801581,12.7206842283496,12.7206842283496,12.7206842283496,12.3479959463843,12.1871265719708,12.7206842283496,12.7206842283496,12.7206842283496,12.7206842283496,12.0659234833691,12.7206842283496,12.7206842283496,12.7206842283496,12.7206842283496,12.7206842283496,12.7206842283496,12.7206842283496,12.7206842283496,12.7206842283496,12.7206842283496,12.7206842283496,12.7206842283496,12.7206842283496,12.7206842283496,12.7206842283496,12.4955203058281,12.7206842283496,12.7206842283496,12.7206842283496,12.7206842283496,12.7206842283496,12.7206842283496,12.7206842283496,12.7206842283496,12.7206842283496,12.7206842283496,12.7206842283496,12.7206842283496,12.7206842283496,12.7206842283496,12.6228205648833,12.4771185189878,12.7206842283496,12.4764670341085,12.7206842283496,12.7206842283496,12.7206842283496,12.7206842283496,12.7206842283496,12.7206842283496,12.7206842283496,12.7206842283496,12.7206842283496,12.7206842283496,12.7206842283496,12.7206842283496,12.7206842283496,12.7206842283496,12.7206842283496,12.7206842283496,12.7206842283496,12.7206842283496,12.7206842283496,12.7206842283496,12.7206842283496,12.7206842283496,12.7206842283496,12.7206842283496,12.7206842283496,12.7206842283496,12.7206842283496,12.7206842283496,12.7206842283496,12.7206842283496,12.7206842283496
"t5",10.0574544571623,5.3365626087801,6.25518654451461,7.24107036358154,0,8.60697703317153,6.83208096991464,6.5402368169297,8.59061700121173,8.8795876525601,15.6351260896259,9.09036686536635,9.96716531300073,7.04984906396376,10.6936030974739,10.277962084784,12.1733382241869,7.46414333472354,8.226907900752,12.736203346144,7.35117369262544,11.4319061167715,10.043370772038,10.8824183336771,15.8068599464594,10.9612204560246,8.24632863866383,12.054862840781,10.9010570239161,11.3668362354124,12.5265911557478,11.546712942125,13.1022927007477,9.95001853667063,12.1920284306891,11.6314356240349,9.33982142749912,13.2131474079691,11.4369875772745,12.0200549088879,11.7465675711005,8.27231580099188,11.0603830381852,11.4271623761338,11.108494463016,8.41462521045266,10.5441885027567,15.8068599464594,12.0543044417409,11.7372028986391,14.5202650655617,11.4265690555056,15.8068599464594,12.0835099329334,12.1073658898148,12.6115565351823,12.1979780337403,16.3991694858878,13.1076361546099,12.5458315766036,13.3203739297548,14.1940301242969,13.2446177343843,14.7482369236036,15.8068599464594,14.3297295071323,12.439431936071,13.5583273806104,14.2325372316008,14.7063819098414,14.6057335382406,16.6105062891523,12.7356115903686,14.7219370902326,10.9626221590275,10.8497281489748,15.2238310625236,12.7822213357969,14.0530306333898,15.2238310625236,13.5644896660926,15.8068599464594,15.8068599464594,13.5430213085622,15.2238310625236,12.5458315766036,10.6639472436318,12.5458315766036,13.8410768837577,14.1814801119371,15.2238310625236,14.0968339945566,15.2238310625236,13.5192482241652,13.7453610397606,11.4276850588859,15.8068599464594,15.8068599464594,12.5458315766036,12.5458315766036,15.8068599464594,15.2238310625236,14.1327437928673,15.8068599464594,13.7735660223184,15.2238310625236,14.5611432743114,14.1679010521838,15.8068599464594,15.8068599464594,15.8068599464594,15.8068599464594,14.7142183967194,12.5458315766036,11.3014482691606,12.5458315766036,14.0150149895683,14.0170744989547,15.4822485650035,12.5458315766036,15.2238310625236,15.0994752888722,15.8068599464594,14.9576025196908,15.2238310625236,15.2238310625236,15.2238310625236,15.4341716644941,14.6902734061447,15.2238310625236,15.2238310625236,15.8068599464594,15.8068599464594,14.5690703175431,15.2238310625236,15.8068599464594,15.8068599464594,15.8068599464594,15.8068599464594,15.2238310625236,15.2238310625236,15.2238310625236,15.2238310625236,15.8068599464594,15.8068599464594,15.2238310625236,15.2238310625236,15.2238310625236,15.2238310625236,15.5816960239379,15.2238310625236,15.2238310625236,15.8068599464594,15.8068599464594,15.2238310625236,15.8068599464594,15.8068599464594,15.8068599464594,15.8068599464594,12.5458315766036,12.5458315766036,15.8068599464594,15.8068599464594,15.8068599464594,12.4479679131373,14.9802653531618,15.2238310625236,14.9796138682824,15.2238310625236,15.8068599464594,15.8068599464594,15.2238310625236,15.2238310625236,15.2238310625236,15.2238310625236,12.5458315766036,12.5458315766036,15.2238310625236,15.2238310625236,15.2238310625236,15.8068599464594,15.8068599464594,15.8068599464594,15.8068599464594,15.8068599464594,15.8068599464594,15.2238310625236,15.2238310625236,12.5458315766036,12.5458315766036,15.2238310625236,15.2238310625236,15.8068599464594,15.8068599464594,15.8068599464594,15.2238310625236,15.2238310625236,15.8068599464594,15.8068599464594
"t6",8.33718540864249,4.49757664273165,5.11794637993064,5.52080131506172,8.60697703317153,0,7.85296755603152,7.56112340304658,1.05280162113531,4.17711422918428,10.9326526662501,7.95312670078238,8.82992514841676,8.59060838529975,9.55636293288993,9.14072192019998,10.4530691756671,9.00490265605953,9.76766722208799,8.03372992276818,8.89193301396143,10.2946659521876,8.90613060745401,9.74517816909316,11.1043865230836,9.82398029144063,9.78708795999982,7.35238941740521,9.76381685933215,10.2295960708284,14.0673504770838,10.4094727775411,11.9650525361637,11.4907778580066,11.0547882661051,10.4941954594509,10.8805807488351,8.51067398459327,6.73451415389868,7.31758148551207,13.2873268924365,9.81307512232787,12.6011423595212,10.2899222115498,9.97125429843203,9.95538453178865,12.0849478240927,11.1043865230836,7.3518310183651,7.03472947526326,13.3830249009777,10.2893288909216,11.1043865230836,10.9462697683494,4.56955050973833,7.90908311180649,11.0607378691563,14.6789004373679,8.40516273123407,14.0865908979396,5.7825585496784,6.65621474422048,12.1073775698003,7.21042154352713,8.26904456638298,13.1924893425484,11.302191771487,12.4210872160264,12.512268183081,12.9861128613215,12.8854644897208,14.8902372406325,11.5983714257846,7.18412171015619,12.5033814803635,12.3904874703108,14.0865908979396,11.6449811712129,9.35055721001396,14.0865908979396,6.02667428601618,8.26904456638298,11.1043865230836,12.4057811439782,14.0865908979396,14.0865908979396,12.2047065649678,14.0865908979396,12.7038367191738,6.64366473186062,14.0865908979396,12.9595938299727,14.0865908979396,12.3820080595812,12.6081208751766,12.9684443802219,8.26904456638298,8.26904456638298,14.0865908979396,14.0865908979396,11.1043865230836,14.0865908979396,9.43027036949145,11.1043865230836,12.6363258577344,14.0865908979396,7.02332789423494,13.0306608875998,11.1043865230836,11.1043865230836,11.1043865230836,11.1043865230836,10.0117449733436,14.0865908979396,12.8422075904965,14.0865908979396,12.8777748249843,12.8798343343707,10.7797751416277,14.0865908979396,14.0865908979396,13.9622351242882,11.1043865230836,10.255129096315,14.0865908979396,14.0865908979396,14.0865908979396,10.7316982411183,13.5530332415608,14.0865908979396,14.0865908979396,8.26904456638298,8.26904456638298,13.4318301529591,14.0865908979396,11.1043865230836,11.1043865230836,11.1043865230836,11.1043865230836,14.0865908979396,14.0865908979396,14.0865908979396,14.0865908979396,11.1043865230836,11.1043865230836,14.0865908979396,14.0865908979396,14.0865908979396,14.0865908979396,10.879222600562,14.0865908979396,14.0865908979396,8.26904456638298,8.26904456638298,14.0865908979396,11.1043865230836,11.1043865230836,11.1043865230836,11.1043865230836,14.0865908979396,14.0865908979396,11.1043865230836,11.1043865230836,11.1043865230836,13.9887272344733,13.8430251885778,14.0865908979396,13.8423737036985,14.0865908979396,11.1043865230836,11.1043865230836,14.0865908979396,14.0865908979396,14.0865908979396,14.0865908979396,14.0865908979396,14.0865908979396,14.0865908979396,14.0865908979396,14.0865908979396,11.1043865230836,11.1043865230836,11.1043865230836,11.1043865230836,11.1043865230836,11.1043865230836,14.0865908979396,14.0865908979396,14.0865908979396,14.0865908979396,14.0865908979396,14.0865908979396,11.1043865230836,11.1043865230836,11.1043865230836,14.0865908979396,14.0865908979396,11.1043865230836,11.1043865230836
"t7",9.30344498002231,4.58255313164009,5.5011770673746,6.48706088644153,6.83208096991464,7.85296755603152,0,2.2767812101396,7.83660752407172,8.12557817542009,14.8811166124859,8.33635738822634,9.21315583586072,6.81571232204286,9.93959362033389,9.52395260764395,11.4193287470469,7.23000659280264,7.9927711588311,11.982193869004,7.11703695070454,10.6778966396315,9.28936129489797,10.1284088565371,15.0528504693194,10.2072109788846,8.01219189674293,11.300853363641,10.1470475467761,10.6128267582724,12.2924544138269,10.792703464985,12.3482832236077,9.71588179474973,11.4380189535491,10.8774261468949,9.10568468557821,12.4591379308291,10.6829781001345,11.2660454317479,11.5124308291796,8.03817905907098,10.8262462962643,10.6731528989938,10.354484985876,8.18048846853176,10.3100517608358,15.0528504693194,11.3002949646009,10.9831934214991,13.7662555884216,10.6725595783656,15.0528504693194,11.3295004557934,11.3533564126748,11.8575470580423,11.4439685566003,15.6451600087478,12.3536266774699,12.3116948346827,12.5663644526148,13.4400206471569,12.4906082572443,13.9942274464636,15.0528504693194,13.5757200299923,11.685422458931,12.8043179034704,13.4785277544608,13.9523724327014,13.8517240611006,15.8564968120123,11.9816021132286,13.9679276130926,10.7284854171066,10.6155914070539,14.4698215853835,12.0282118586569,13.2990211562498,14.4698215853836,12.8104801889526,15.0528504693194,15.0528504693194,12.7890118314222,14.4698215853836,12.3116948346827,10.4298105017109,12.3116948346827,13.0870674066177,13.427470634797,14.4698215853836,13.3428245174166,14.4698215853836,12.7652387470252,12.9913515626206,11.193548316965,15.0528504693194,15.0528504693194,12.3116948346827,12.3116948346827,15.0528504693194,14.4698215853835,13.3787343157273,15.0528504693194,13.0195565451784,14.4698215853836,13.8071337971714,13.4138915750438,15.0528504693194,15.0528504693194,15.0528504693194,15.0528504693194,13.9602089195794,12.3116948346827,11.0673115272396,12.3116948346827,13.2610055124283,13.2630650218147,14.7282390878635,12.3116948346827,14.4698215853836,14.3454658117321,15.0528504693194,14.2035930425508,14.4698215853835,14.4698215853835,14.4698215853836,14.6801621873541,13.9362639290047,14.4698215853836,14.4698215853835,15.0528504693194,15.0528504693194,13.8150608404031,14.4698215853836,15.0528504693194,15.0528504693194,15.0528504693194,15.0528504693194,14.4698215853836,14.4698215853836,14.4698215853836,14.4698215853836,15.0528504693194,15.0528504693194,14.4698215853835,14.4698215853835,14.4698215853836,14.4698215853836,14.8276865467979,14.4698215853835,14.4698215853835,15.0528504693194,15.0528504693194,14.4698215853835,15.0528504693194,15.0528504693194,15.0528504693194,15.0528504693194,12.3116948346827,12.3116948346827,15.0528504693194,15.0528504693194,15.0528504693194,12.2138311712164,14.2262558760217,14.4698215853836,14.2256043911424,14.4698215853835,15.0528504693194,15.0528504693194,14.4698215853836,14.4698215853836,14.4698215853836,14.4698215853836,12.3116948346827,12.3116948346827,14.4698215853835,14.4698215853836,14.4698215853836,15.0528504693194,15.0528504693194,15.0528504693194,15.0528504693194,15.0528504693194,15.0528504693194,14.4698215853836,14.4698215853836,12.3116948346827,12.3116948346827,14.4698215853835,14.4698215853835,15.0528504693194,15.0528504693194,15.0528504693194,14.4698215853836,14.4698215853836,15.0528504693194,15.0528504693194
"t8",9.01160082703736,4.29070897865515,5.20933291438966,6.19521673345659,6.5402368169297,7.56112340304658,2.2767812101396,0,7.54476337108678,7.83373402243515,14.5892724595009,8.0445132352414,8.92131168287578,6.52386816905792,9.64774946734895,9.23210845465901,11.1274845940619,6.9381624398177,7.70092700584616,11.6903497160191,6.8251927977196,10.3860524866466,8.99751714191303,9.83656470355218,14.7610063163345,9.91536682589965,7.72034774375799,11.0090092106561,9.85520339379117,10.3209826052874,12.0006102608419,10.5008593120001,12.0564390706227,9.42403764176479,11.1461748005641,10.58558199391,8.81384053259327,12.1672937778441,10.3911339471496,10.9742012787629,11.2205866761946,7.74633490608604,10.5344021432794,10.3813087460088,10.0626408328911,7.88864431554682,10.0182076078509,14.7610063163345,11.008450811616,10.6913492685141,13.4744114354367,10.3807154253807,14.7610063163345,11.0376563028084,11.0615122596898,11.5657029050574,11.1521244036153,15.3533158557628,12.0617825244849,12.0198506816978,12.2745202996299,13.148176494172,12.1987641042593,13.7023832934786,14.7610063163345,13.2838758770074,11.393578305946,12.5124737504855,13.1866836014758,13.6605282797164,13.5598799081157,15.5646526590274,11.6897579602436,13.6760834601077,10.4366412641216,10.323747254069,14.1779774323986,11.7363677056719,13.0071770032648,14.1779774323986,12.5186360359677,14.7610063163345,14.7610063163345,12.4971676784373,14.1779774323986,12.0198506816978,10.1379663487259,12.0198506816978,12.7952232536328,13.1356264818121,14.1779774323986,13.0509803644317,14.1779774323986,12.4733945940402,12.6995074096356,10.90170416398,14.7610063163345,14.7610063163345,12.0198506816978,12.0198506816978,14.7610063163345,14.1779774323986,13.0868901627423,14.7610063163345,12.7277123921934,14.1779774323986,13.5152896441864,13.1220474220588,14.7610063163345,14.7610063163345,14.7610063163345,14.7610063163345,13.6683647665945,12.0198506816978,10.7754673742547,12.0198506816978,12.9691613594433,12.9712208688298,14.4363949348786,12.0198506816978,14.1779774323986,14.0536216587472,14.7610063163345,13.9117488895659,14.1779774323986,14.1779774323986,14.1779774323986,14.3883180343692,13.6444197760198,14.1779774323986,14.1779774323986,14.7610063163345,14.7610063163345,13.5232166874182,14.1779774323986,14.7610063163345,14.7610063163345,14.7610063163345,14.7610063163345,14.1779774323986,14.1779774323986,14.1779774323986,14.1779774323986,14.7610063163345,14.7610063163345,14.1779774323986,14.1779774323986,14.1779774323986,14.1779774323986,14.5358423938129,14.1779774323986,14.1779774323986,14.7610063163345,14.7610063163345,14.1779774323986,14.7610063163345,14.7610063163345,14.7610063163345,14.7610063163345,12.0198506816978,12.0198506816978,14.7610063163345,14.7610063163345,14.7610063163345,11.9219870182315,13.9344117230368,14.1779774323986,13.9337602381575,14.1779774323986,14.7610063163345,14.7610063163345,14.1779774323986,14.1779774323986,14.1779774323986,14.1779774323986,12.0198506816978,12.0198506816978,14.1779774323986,14.1779774323986,14.1779774323986,14.7610063163345,14.7610063163345,14.7610063163345,14.7610063163345,14.7610063163345,14.7610063163345,14.1779774323986,14.1779774323986,12.0198506816978,12.0198506816978,14.1779774323986,14.1779774323986,14.7610063163345,14.7610063163345,14.7610063163345,14.1779774323986,14.1779774323986,14.7610063163345,14.7610063163345
"t9",8.32082537668269,4.48121661077185,5.10158634797084,5.50444128310192,8.59061700121173,1.05280162113531,7.83660752407172,7.54476337108678,0,4.16075419722448,10.9162926342903,7.93676666882258,8.81356511645696,8.57424835333995,9.54000290093013,9.12436188824018,10.4367091437073,8.98854262409973,9.75130719012819,8.01736989080838,8.87557298200163,10.2783059202278,8.88977057549421,9.72881813713336,11.0880264911238,9.80762025948083,9.77072792804002,7.33602938544541,9.74745682737235,10.2132360388686,14.050990445124,10.3931127455813,11.9486925042039,11.4744178260468,11.0384282341453,10.4778354274911,10.8642207168753,8.49431395263347,6.71815412193888,7.30122145355227,13.2709668604767,9.79671509036807,12.5847823275614,10.27356217959,9.95489426647223,9.93902449982884,12.0685877921329,11.0880264911238,7.3354709864053,7.01836944330346,13.3666648690179,10.2729688589618,11.0880264911238,10.9299097363896,4.04223074881939,7.89272307984669,11.0443778371965,14.6625404054081,8.38880269927427,14.0702308659798,5.25523878875945,6.12889498330154,12.0910175378405,6.68310178260819,7.74172480546404,13.1761293105886,11.2858317395272,12.4047271840666,12.4959081511212,12.9697528293617,12.869104457761,14.8738772086727,11.5820113938248,6.65680194923725,12.4870214484037,12.374127438351,14.0702308659798,11.6286211392531,9.33419717805415,14.0702308659798,5.49935452509724,7.74172480546404,11.0880264911238,12.3894211120184,14.0702308659798,14.0702308659798,12.188346533008,14.0702308659798,12.6874766872139,6.11634497094168,14.0702308659798,12.9432337980129,14.0702308659798,12.3656480276214,12.5917608432168,12.9520843482621,7.74172480546404,7.74172480546404,14.0702308659798,14.0702308659798,11.0880264911238,14.0702308659798,9.41391033753165,11.0880264911238,12.6199658257746,14.0702308659798,6.496008133316,13.01430085564,11.0880264911238,11.0880264911238,11.0880264911238,11.0880264911238,9.9953849413838,14.0702308659798,12.8258475585367,14.0702308659798,12.8614147930245,12.8634743024109,10.7634151096679,14.0702308659798,14.0702308659798,13.9458750923284,11.0880264911238,10.2387690643552,14.0702308659798,14.0702308659798,14.0702308659798,10.7153382091585,13.536673209601,14.0702308659798,14.0702308659798,7.74172480546404,7.74172480546404,13.4154701209993,14.0702308659798,11.0880264911238,11.0880264911238,11.0880264911238,11.0880264911238,14.0702308659798,14.0702308659798,14.0702308659798,14.0702308659798,11.0880264911238,11.0880264911238,14.0702308659798,14.0702308659798,14.0702308659798,14.0702308659798,10.8628625686022,14.0702308659798,14.0702308659798,7.74172480546404,7.74172480546404,14.0702308659798,11.0880264911238,11.0880264911238,11.0880264911238,11.0880264911238,14.0702308659798,14.0702308659798,11.0880264911238,11.0880264911238,11.0880264911238,13.9723672025135,13.826665156618,14.0702308659798,13.8260136717387,14.0702308659798,11.0880264911238,11.0880264911238,14.0702308659798,14.0702308659798,14.0702308659798,14.0702308659798,14.0702308659798,14.0702308659798,14.0702308659798,14.0702308659798,14.0702308659798,11.0880264911238,11.0880264911238,11.0880264911238,11.0880264911238,11.0880264911238,11.0880264911238,14.0702308659798,14.0702308659798,14.0702308659798,14.0702308659798,14.0702308659798,14.0702308659798,11.0880264911238,11.0880264911238,11.0880264911238,14.0702308659798,14.0702308659798,11.0880264911238,11.0880264911238
"t10",8.60979602803106,4.77018726212021,5.39055699931921,5.79341193445028,8.8795876525601,4.17711422918428,8.12557817542009,7.83373402243515,4.16075419722448,0,6.82984702872644,8.22573732017094,9.10253576780532,8.86321900468831,9.8289735522785,9.41333253958855,10.7256797950556,9.2775132754481,10.0402778414766,4.93160887535158,9.16454363334999,10.5672765715761,9.17874122684258,10.0177887884817,8.00226547566699,10.0965909108292,10.0596985793884,4.25026836998861,10.0364274787207,10.502206690217,14.3399610964723,10.6820833969296,12.2376631555523,11.7633884773952,11.3273988854937,10.7668060788395,11.1531913682237,5.40855293717667,3.63239310648208,4.21546043809547,13.559937511825,10.0856857417164,12.8737529789098,10.5625328309384,10.2438649178206,10.2279951511772,12.3575584434813,8.00226547566698,4.2497099709485,3.93260842784666,13.6556355203663,10.5619395103102,8.00226547566698,11.218880387738,7.6775030858275,4.80696206438989,11.3333484885449,14.9515110567565,5.30304168381747,14.3592015173282,8.89051112576757,9.76416732030965,12.3799881891889,10.3183741196163,11.3769971424722,13.4650999619369,11.5748023908756,12.693697835415,12.7848788024695,13.2587234807101,13.1580751091094,15.1628478600211,11.8709820451732,10.2920742862454,12.775992099752,12.6630980896994,14.3592015173282,11.9175917906015,6.24843616259736,14.3592015173282,9.13462686210535,11.3769971424722,8.00226547566699,12.6783917633668,14.3592015173282,14.3592015173282,12.4773171843563,14.3592015173282,12.9764473385623,9.75161730794979,14.3592015173282,13.2322044493612,14.3592015173282,12.6546186789698,12.8807314945652,13.2410549996104,11.3769971424722,11.3769971424722,14.3592015173282,14.3592015173282,8.00226547566698,14.3592015173282,6.32814932207485,8.00226547566698,12.908936477123,14.3592015173282,10.1312804703241,13.3032715069884,8.00226547566699,8.00226547566698,8.00226547566698,8.00226547566699,6.90962392592701,14.3592015173282,13.1148182098851,14.3592015173282,13.1503854443729,13.1524449537593,7.67765409421112,14.3592015173282,14.3592015173282,14.2348457436767,8.00226547566699,7.15300804889842,14.3592015173282,14.3592015173282,14.3592015173282,7.62957719370169,13.8256438609493,14.3592015173282,14.3592015173282,11.3769971424722,11.3769971424722,13.7044407723477,14.3592015173282,8.00226547566698,8.00226547566698,8.00226547566699,8.00226547566699,14.3592015173282,14.3592015173282,14.3592015173282,14.3592015173282,8.00226547566698,8.00226547566698,14.3592015173282,14.3592015173282,14.3592015173282,14.3592015173282,7.77710155314545,14.3592015173282,14.3592015173282,11.3769971424722,11.3769971424722,14.3592015173282,8.00226547566699,8.00226547566699,8.00226547566699,8.00226547566699,14.3592015173282,14.3592015173282,8.00226547566699,8.00226547566698,8.00226547566698,14.2613378538619,14.1156358079663,14.3592015173282,14.114984323087,14.3592015173282,8.00226547566699,8.00226547566699,14.3592015173282,14.3592015173282,14.3592015173282,14.3592015173282,14.3592015173282,14.3592015173282,14.3592015173282,14.3592015173282,14.3592015173282,8.00226547566699,8.00226547566699,8.00226547566699,8.00226547566699,8.00226547566699,8.00226547566699,14.3592015173282,14.3592015173282,14.3592015173282,14.3592015173282,14.3592015173282,14.3592015173282,8.00226547566699,8.00226547566699,8.00226547566699,14.3592015173282,14.3592015173282,8.00226547566699,8.00226547566699
"t11",15.3653344650969,11.525725699186,12.146095436385,12.5489503715161,15.6351260896259,10.9326526662501,14.8811166124859,14.5892724595009,10.9162926342903,6.82984702872644,0,14.9812757572367,15.8580742048711,15.6187574417541,16.5845119893443,16.1688709766544,17.4812182321214,16.0330517125139,16.7958162785424,11.6871473124174,15.9200820704158,17.3228150086419,15.9342796639084,16.7733272255475,14.7578039127328,16.852129347895,16.8152370164542,11.0058068070544,16.7919659157865,17.2577451272828,21.0954995335381,17.4376218339954,18.9932015926181,18.518926914461,18.0829373225595,17.5223445159053,17.9087298052895,12.1640913742425,10.3879315435479,10.9709988751613,20.3154759488908,16.8412241787822,19.6292914159756,17.3180712680042,16.9994033548864,16.983533588243,19.1130968805471,14.7578039127328,11.0052484080143,10.6881468649125,20.4111739574321,17.317477947376,14.7578039127328,17.9744188248038,14.4330415228933,11.5625005014557,18.0888869256107,21.7070494938223,12.0585801208833,21.114739954394,15.6460495628334,16.5197057573754,19.1355266262547,17.0739125566821,18.132535579538,20.2206383990027,18.3303408279414,19.4492362724808,19.5404172395353,20.0142619177759,19.9136135461752,21.9183862970868,18.626520482239,17.0476127233112,19.5315305368178,19.4186365267652,21.114739954394,18.6731302276673,13.0039745996632,21.114739954394,15.8901652991711,18.132535579538,14.7578039127328,19.4339302004326,21.114739954394,21.114739954394,19.2328556214221,21.114739954394,19.7319857756281,16.5071557450156,21.114739954394,19.987742886427,21.114739954394,19.4101571160356,19.636269931631,19.9965934366762,18.132535579538,18.132535579538,21.114739954394,21.114739954394,14.7578039127328,21.114739954394,13.0836877591407,14.7578039127328,19.6644749141888,21.114739954394,16.8868189073899,20.0588099440542,14.7578039127328,14.7578039127328,14.7578039127328,14.7578039127328,13.6651623629928,21.114739954394,19.8703566469509,21.114739954394,19.9059238814387,19.9079833908251,14.4331925312769,21.114739954394,21.114739954394,20.9903841807425,14.7578039127328,13.9085464859642,21.1147399543939,21.1147399543939,21.114739954394,14.3851156307675,20.5811822980151,21.114739954394,21.1147399543939,18.132535579538,18.132535579538,20.4599792094135,21.114739954394,14.7578039127328,14.7578039127328,14.7578039127328,14.7578039127328,21.114739954394,21.114739954394,21.114739954394,21.114739954394,14.7578039127328,14.7578039127328,21.114739954394,21.114739954394,21.114739954394,21.114739954394,14.5326399902112,21.114739954394,21.114739954394,18.132535579538,18.132535579538,21.114739954394,14.7578039127328,14.7578039127328,14.7578039127328,14.7578039127328,21.114739954394,21.114739954394,14.7578039127328,14.7578039127328,14.7578039127328,21.0168762909277,20.8711742450322,21.114739954394,20.8705227601528,21.1147399543939,14.7578039127328,14.7578039127328,21.114739954394,21.114739954394,21.114739954394,21.114739954394,21.114739954394,21.114739954394,21.1147399543939,21.114739954394,21.114739954394,14.7578039127328,14.7578039127328,14.7578039127328,14.7578039127328,14.7578039127328,14.7578039127328,21.114739954394,21.114739954394,21.114739954394,21.114739954394,21.114739954394,21.114739954394,14.7578039127328,14.7578039127328,14.7578039127328,21.1147399543939,21.1147399543939,14.7578039127328,14.7578039127328
"t12",9.40360412477316,4.98096647492646,5.17791795179362,6.58722003119238,9.09036686536635,7.95312670078238,8.33635738822634,8.0445132352414,7.93676666882258,8.22573732017094,14.9812757572367,0,1.71669328392875,9.07399821749457,6.87100370550598,6.45536269281603,11.5194878917977,9.48829248825435,10.2510570542828,12.0823530137549,9.37532284615624,7.60930672480363,6.22077138007006,7.05981894170921,15.1530096140703,7.13862106405668,10.2704777921946,11.4010125083919,7.0784576319482,7.54423684344444,14.5507403092786,7.72411355015711,9.27969330877977,11.9741676902014,8.36942903872116,7.80883623206699,11.3639705810299,12.5592970755799,10.7831372448853,11.3662045764987,13.7707167246313,10.2964649545227,13.084532191716,7.60456298416584,7.28589507104808,10.4387743639835,12.5683376562875,15.1530096140703,11.4004541093518,11.0833525662499,10.6976656735937,7.60396966353768,15.1530096140703,8.26091054096547,11.4535155574256,11.9577062027932,8.37537864177237,15.7453191534986,12.4537858222207,14.5699807301344,12.6665235973657,13.5401797919078,9.42201834241634,14.0943865912144,15.1530096140703,10.5071301151644,8.61683254410304,9.73572798864248,13.5786868992116,14.0525315774522,13.9518832058515,15.9566559567632,8.91301219840066,14.0680867578435,12.9867713125583,12.8738773025056,11.4012316705556,8.95962194382896,13.3991803010006,11.4012316705556,12.9106393337035,15.1530096140703,15.1530096140703,9.72042191659428,11.4012316705556,14.5699807301344,12.6880963971626,14.5699807301344,10.0184774917898,13.5276297795479,11.4012316705556,10.2742346025887,11.4012316705556,9.69664883219727,9.92276164779267,13.4518342124167,15.1530096140703,15.1530096140703,14.5699807301344,14.5699807301344,15.1530096140702,11.4012316705556,13.4788934604781,15.1530096140702,9.95096663035048,11.4012316705556,13.9072929419222,10.3453016602159,15.1530096140703,15.1530096140702,15.1530096140703,15.1530096140703,14.0603680643303,14.5699807301344,13.3255974226914,14.5699807301344,10.1924155976004,10.1944751069868,14.8283982326144,14.5699807301344,11.4012316705556,11.2768758969042,15.1530096140703,14.3037521873017,11.4012316705556,11.4012316705556,11.4012316705556,14.780321332105,10.8676740141768,11.4012316705556,11.4012316705556,15.1530096140703,15.1530096140703,10.7464709255752,11.4012316705556,15.1530096140703,15.1530096140703,15.1530096140703,15.1530096140703,11.4012316705556,11.4012316705556,11.4012316705556,11.4012316705556,15.1530096140702,15.1530096140702,11.4012316705556,11.4012316705556,11.4012316705556,11.4012316705556,14.9278456915487,11.4012316705556,11.4012316705556,15.1530096140703,15.1530096140703,11.4012316705556,15.1530096140702,15.1530096140702,15.1530096140703,15.1530096140703,14.5699807301344,14.5699807301344,15.1530096140702,15.1530096140702,15.1530096140702,14.4721170666682,11.1576659611938,11.4012316705556,11.1570144763145,11.4012316705556,15.1530096140702,15.1530096140702,11.4012316705556,11.4012316705556,11.4012316705556,11.4012316705556,14.5699807301344,14.5699807301344,11.4012316705556,11.4012316705556,11.4012316705556,15.1530096140703,15.1530096140703,15.1530096140703,15.1530096140703,15.1530096140703,15.1530096140703,11.4012316705556,11.4012316705556,14.5699807301344,14.5699807301344,11.4012316705556,11.4012316705556,15.1530096140702,15.1530096140703,15.1530096140703,11.4012316705556,11.4012316705556,15.1530096140702,15.1530096140702
"t13",10.2804025724075,5.85776492256084,6.05471639942799,7.46401847882676,9.96716531300073,8.82992514841676,9.21315583586072,8.92131168287578,8.81356511645696,9.10253576780532,15.8580742048711,1.71669328392875,0,9.95079666512894,7.74780215314036,7.33216114045041,12.3962863394321,10.3650909358887,11.1278555019172,12.9591514613892,10.2521212937906,8.486105172438,7.09756982770444,7.93661738934358,16.0298080617046,8.01541951169106,11.147276239829,12.2778109560263,7.95525607958258,8.42103529107881,15.427538756913,8.60091199779149,10.1564917564141,12.8509661378358,9.24622748635554,8.68563467970137,12.2407690286643,13.4360955232143,11.6599356925197,12.2430030241331,14.6475151722657,11.1732634021571,13.9613306393504,8.48136143180022,8.16269351868246,11.3155728116178,13.4451361039219,16.0298080617046,12.2772525569861,11.9601510138843,11.5744641212281,8.48076811117206,16.0298080617046,9.13770898859985,12.33031400506,12.8345046504275,9.25217708940675,16.622117601133,13.3305842698551,15.4467791777688,13.543322045,14.4169782395421,10.2988167900507,14.9711850388488,16.0298080617046,11.3839285627988,9.49363099173742,10.6125264362769,14.455485346846,14.9293300250866,14.8286816534858,16.8334544043975,9.78981064603504,14.9448852054778,13.8635697601927,13.75067575014,12.27803011819,9.83642039146334,14.275978748635,12.27803011819,13.7874377813378,16.0298080617046,16.0298080617046,10.5972203642287,12.27803011819,15.4467791777688,13.5648948447969,15.4467791777688,10.8952759394242,14.4044282271823,12.27803011819,11.1510330502231,12.27803011819,10.5734472798317,10.7995600954271,14.3286326600511,16.0298080617046,16.0298080617046,15.4467791777688,15.4467791777688,16.0298080617046,12.27803011819,14.3556919081125,16.0298080617046,10.8277650779849,12.27803011819,14.7840913895566,11.2221001078502,16.0298080617046,16.0298080617046,16.0298080617046,16.0298080617046,14.9371665119647,15.4467791777688,14.2023958703257,15.4467791777688,11.0692140452347,11.0712735546212,15.7051966802488,15.4467791777688,12.27803011819,12.1536743445386,16.0298080617046,15.1805506349361,12.27803011819,12.27803011819,12.27803011819,15.6571197797393,11.7444724618112,12.27803011819,12.27803011819,16.0298080617046,16.0298080617046,11.6232693732096,12.27803011819,16.0298080617046,16.0298080617046,16.0298080617046,16.0298080617046,12.27803011819,12.27803011819,12.27803011819,12.27803011819,16.0298080617046,16.0298080617046,12.27803011819,12.27803011819,12.27803011819,12.27803011819,15.8046441391831,12.27803011819,12.27803011819,16.0298080617046,16.0298080617046,12.27803011819,16.0298080617046,16.0298080617046,16.0298080617046,16.0298080617046,15.4467791777688,15.4467791777688,16.0298080617046,16.0298080617046,16.0298080617046,15.3489155143025,12.0344644088282,12.27803011819,12.0338129239489,12.27803011819,16.0298080617046,16.0298080617046,12.27803011819,12.27803011819,12.27803011819,12.27803011819,15.4467791777688,15.4467791777688,12.27803011819,12.27803011819,12.27803011819,16.0298080617046,16.0298080617046,16.0298080617046,16.0298080617046,16.0298080617046,16.0298080617046,12.27803011819,12.27803011819,15.4467791777688,15.4467791777688,12.27803011819,12.27803011819,16.0298080617046,16.0298080617046,16.0298080617046,12.27803011819,12.27803011819,16.0298080617046,16.0298080617046
"t14",10.0410858092905,5.32019396090831,6.23881789664283,7.22470171570975,7.04984906396376,8.59060838529975,6.81571232204286,6.52386816905792,8.57424835333995,8.86321900468831,15.6187574417541,9.07399821749457,9.95079666512894,0,10.6772344496021,10.2615934369122,12.1569695763151,2.51636564534232,3.88262012280709,12.7198346982722,3.00688591468053,11.4155374688998,10.0270021241662,10.8660496858053,15.7904912985876,10.9448518081528,3.90204086071892,12.0384941929092,10.8846883760443,11.3504675875406,8.18230337780286,11.5303442942533,13.0859240528759,5.60573075872572,12.1756597828173,11.6150669761631,4.9955336495542,13.1967787600973,11.4206189294027,12.0036862610161,7.40227979315558,3.92802802304697,6.71609526024029,11.410793728262,11.0921258151442,3.46684752107143,5.59641081337551,15.7904912985876,12.0379357938691,11.7208342507673,14.5038964176899,11.4102004076338,15.7904912985876,12.0671412850616,12.090997241943,12.5951878873105,12.1816093858685,16.382800838016,13.0912675067381,8.20154379865868,13.304005281883,14.1776614764251,13.2282490865125,14.7318682757318,15.7904912985876,14.3133608592606,12.4230632881992,13.5419587327386,14.216168583729,14.6900132619696,14.5893648903688,16.5941376412805,12.7192429424968,14.7055684423608,6.61833438108256,6.50544037102991,15.2074624146518,12.7658526879251,14.036661985518,15.2074624146518,13.5481210182208,15.7904912985876,15.7904912985876,13.5266526606904,15.2074624146518,8.20154379865869,6.31965946568685,8.20154379865868,13.8247082358859,14.1651114640653,15.2074624146518,14.0804653466849,15.2074624146518,13.5028795762934,13.7289923918888,7.08339728094098,15.7904912985876,15.7904912985876,8.20154379865869,8.20154379865869,15.7904912985876,15.2074624146518,14.1163751449955,15.7904912985876,13.7571973744466,15.2074624146518,14.5447746264396,14.151532404312,15.7904912985876,15.7904912985876,15.7904912985876,15.7904912985876,14.6978497488476,8.20154379865869,6.95716049121564,8.20154379865869,13.9986463416965,14.0007058510829,15.4658799171318,8.20154379865869,15.2074624146518,15.0831066410004,15.7904912985876,14.9412338718191,15.2074624146518,15.2074624146518,15.2074624146518,15.4178030166223,14.673904758273,15.2074624146518,15.2074624146518,15.7904912985876,15.7904912985876,14.5527016696713,15.2074624146518,15.7904912985876,15.7904912985876,15.7904912985876,15.7904912985876,15.2074624146518,15.2074624146518,15.2074624146518,15.2074624146518,15.7904912985876,15.7904912985876,15.2074624146518,15.2074624146518,15.2074624146518,15.2074624146518,15.5653273760661,15.2074624146518,15.2074624146518,15.7904912985876,15.7904912985876,15.2074624146518,15.7904912985876,15.7904912985876,15.7904912985876,15.7904912985876,8.20154379865869,8.20154379865869,15.7904912985876,15.7904912985876,15.7904912985876,8.10368013519243,14.96389670529,15.2074624146518,14.9632452204106,15.2074624146518,15.7904912985876,15.7904912985876,15.2074624146518,15.2074624146518,15.2074624146518,15.2074624146518,8.20154379865869,8.20154379865869,15.2074624146518,15.2074624146518,15.2074624146518,15.7904912985876,15.7904912985876,15.7904912985876,15.7904912985876,15.7904912985876,15.7904912985876,15.2074624146518,15.2074624146518,8.20154379865869,8.20154379865869,15.2074624146518,15.2074624146518,15.7904912985876,15.7904912985876,15.7904912985876,15.2074624146518,15.2074624146518,15.7904912985876,15.7904912985876
"t15",11.0068403568807,6.58420270703401,6.78115418390117,8.19045626329993,10.6936030974739,9.55636293288993,9.93959362033389,9.64774946734895,9.54000290093013,9.8289735522785,16.5845119893443,6.87100370550598,7.74780215314036,10.6772344496021,0,7.15921475169536,13.1227241239053,11.0915287203619,11.8542932863904,13.6855892458624,10.9785590782638,8.31315878368296,6.92462343894939,7.76367100058854,16.7562458461778,7.84247312293601,11.8737140243022,13.0042487404994,7.78230969082753,8.24808890232377,16.1539765413861,8.42796560903644,9.9835453676591,13.577403922309,9.0732810976005,8.51268829094632,12.9672068131375,14.1625333076875,12.3863734769929,12.9694408086063,15.3739529567388,11.8997011866302,14.6877684238236,8.30841504304517,7.98974712992741,12.042010596091,14.1715738883951,16.7562458461778,13.0036903414593,12.6865887983575,11.4015177324731,8.30782172241702,16.7562458461778,8.9647625998448,13.0567517895332,13.5609424349007,9.09919460501484,17.3485553856062,14.0570220543283,16.173216962242,14.2697598294732,15.1434160240153,10.1258704012957,15.697622823322,16.7562458461778,7.06935833652971,5.17906076546834,10.4395800475218,15.1819231313192,15.6557678095598,15.555119437959,17.5598921888707,9.63682816164314,15.671322989951,14.5900075446658,14.4771135346132,12.105083729435,9.66347400270829,15.0024165331082,12.105083729435,14.513875565811,16.7562458461778,16.7562458461778,6.28265013795958,7.96345989192094,16.173216962242,14.2913326292701,16.173216962242,6.5807057131551,15.1308660116554,12.105083729435,10.978086661468,12.105083729435,10.4005008910766,10.6465776110351,15.0550704445242,16.7562458461778,16.7562458461778,16.173216962242,16.173216962242,16.7562458461778,12.105083729435,15.0821296925857,16.7562458461778,10.6548186892298,12.105083729435,15.5105291740298,11.0491537190952,16.7562458461778,16.7562458461778,16.7562458461778,16.7562458461778,15.6636042964378,16.173216962242,14.9288336547989,16.173216962242,10.8962676564797,10.8983271658661,16.4316344647219,16.173216962242,12.105083729435,12.0006918601467,16.7562458461778,15.9069884194092,12.105083729435,12.105083729435,12.1250476337981,16.3835575642125,11.5715260730561,12.105083729435,12.105083729435,16.7562458461778,16.7562458461778,11.4702868888176,12.1250476337981,16.7562458461778,16.7562458461778,16.7562458461778,16.7562458461778,7.96345989192094,12.1250476337981,7.96345989192094,7.96345989192094,16.7562458461778,16.7562458461778,12.105083729435,12.105083729435,7.96345989192094,7.96345989192094,16.5310819236563,12.105083729435,12.105083729435,16.7562458461778,16.7562458461778,12.105083729435,16.7562458461778,16.7562458461778,16.7562458461778,16.7562458461778,16.173216962242,16.173216962242,16.7562458461778,16.7562458461778,16.7562458461778,16.0753532987757,11.8814819244363,12.1250476337981,11.8608665351938,12.105083729435,16.7562458461778,16.7562458461778,12.1250476337981,12.1250476337981,12.1250476337981,12.1250476337981,16.173216962242,16.173216962242,12.105083729435,12.1250476337981,12.1250476337981,16.7562458461778,16.7562458461778,16.7562458461778,16.7562458461778,16.7562458461778,16.7562458461778,12.1250476337981,12.1250476337981,16.173216962242,16.173216962242,12.105083729435,12.105083729435,16.7562458461778,16.7562458461778,16.7562458461778,12.105083729435,12.105083729435,16.7562458461778,16.7562458461778
"t16",10.5911993441908,6.16856169434407,6.36551317121122,7.77481525060999,10.277962084784,9.14072192019998,9.52395260764395,9.23210845465901,9.12436188824018,9.41333253958855,16.1688709766544,6.45536269281603,7.33216114045041,10.2615934369122,7.15921475169536,0,12.7070831112153,10.675887707672,11.4386522737004,13.2699482331725,10.5629180655739,3.49583383995024,3.32628380354431,1.97898323383744,16.3406048334879,4.24413348753092,11.4580730116122,12.5886077278095,4.18397005542245,3.43076395859105,15.7383355286962,4.82962597363136,6.38520573225401,13.161762909619,4.25595615386778,4.91434865554123,12.5515658004475,13.7468922949975,11.970732464303,12.5537997959163,14.9583119440489,11.4840601739403,14.2721274111336,4.71007540764008,4.39140749452233,11.6263695834011,13.7559328757051,16.3406048334879,12.5880493287694,12.2709477856675,6.58419278874035,3.4904967786843,16.3406048334879,5.36642296443972,12.6411107768432,13.1453014222108,8.6835535923249,16.9329143729162,13.6413810416383,15.757575949552,13.8541188167833,14.7277750113254,5.30854545756296,15.281981810632,16.3406048334879,10.7953411613538,8.90504359029243,6.84124041211673,14.7662821186292,15.2401267968698,15.1394784252691,17.1442511761808,9.22118714895319,15.2556819772611,14.1743665319759,14.0614725219232,7.28775878570225,4.84614905897558,14.5867755204182,7.28775878570225,14.0982345531211,16.3406048334879,16.3406048334879,10.0086329627837,11.689442716745,15.757575949552,13.8756916165802,15.757575949552,10.3066885379792,14.7152249989655,8.50674409402988,6.16076171773533,7.28775878570225,5.58317594734389,10.2309365983452,14.6394294318343,16.3406048334879,16.3406048334879,15.757575949552,15.757575949552,16.3406048334879,7.28775878570225,14.6664886798957,16.3406048334879,5.83749374549709,7.28775878570225,15.0948881613398,5.2644659523441,16.3406048334879,16.3406048334879,16.3406048334879,16.3406048334879,15.2479632837479,15.757575949552,14.513192642109,15.757575949552,7.2979280210746,7.29998753046104,16.015993452032,15.757575949552,7.28775878570225,11.5850508474568,16.3406048334879,15.4913474067193,7.28775878570225,7.28775878570225,11.7094066211082,15.9679165515226,6.75420112932343,7.28775878570225,7.28775878570225,16.3406048334879,16.3406048334879,11.0546458761277,11.7094066211082,16.3406048334879,16.3406048334879,16.3406048334879,16.3406048334879,11.689442716745,11.7094066211082,11.689442716745,11.689442716745,16.3406048334879,16.3406048334879,7.28775878570225,7.28775878570225,11.689442716745,11.689442716745,16.1154409109663,6.32039596268387,6.32039596268387,16.3406048334879,16.3406048334879,7.28775878570225,16.3406048334879,16.3406048334879,16.3406048334879,16.3406048334879,15.757575949552,15.757575949552,16.3406048334879,16.3406048334879,16.3406048334879,15.6597122860858,11.4658409117464,11.7094066211082,7.04354159146112,7.28775878570225,16.3406048334879,16.3406048334879,11.7094066211082,11.7094066211082,11.7094066211082,11.7094066211082,15.757575949552,15.757575949552,7.28775878570225,11.7094066211082,11.7094066211082,16.3406048334879,16.3406048334879,16.3406048334879,16.3406048334879,16.3406048334879,16.3406048334879,11.7094066211082,11.7094066211082,15.757575949552,15.757575949552,7.28775878570225,7.28775878570225,16.3406048334879,16.3406048334879,16.3406048334879,7.28775878570225,7.28775878570225,16.3406048334879,16.3406048334879
"t17",11.099900256965,8.063937833747,8.684307570946,5.23307008870041,12.1733382241869,10.4530691756671,11.4193287470469,11.1274845940619,10.4367091437073,10.7256797950556,17.4812182321214,11.5194878917977,12.3962863394321,12.1569695763151,13.1227241239053,12.7070831112153,0,12.5712638470749,13.3340284131033,14.5822954886395,12.4582942049768,13.8610271432029,12.4724917984694,13.3115393601085,17.6529520889549,13.390341482456,13.3534491510152,13.9009549832766,13.3301780503475,13.7959572618437,17.6337116680991,13.9758339685564,15.5314137271791,15.057139049022,14.6211494571205,14.0605566504663,14.4469419398505,15.0592395504646,13.28307971977,13.8661470513834,16.8536880834518,13.3794363133432,16.1675035505365,13.8562834025651,13.5376154894474,13.521745722804,15.6513090151081,17.6529520889549,13.9003965842365,13.5832950411346,16.949386091993,13.855690081937,17.6529520889549,14.5126309593648,13.9534580323103,14.4576486776778,14.6270990601717,9.94197102894376,14.9537282971054,17.6529520889549,15.1664660722504,16.0401222667924,15.6737387608156,16.5943290660991,17.6529520889549,16.7588505335637,14.8685529625023,15.9874484070418,4.43867171284566,4.91251639108624,8.14853508129662,10.1533078322083,15.1647326168,16.5680292327282,16.0697426713788,15.9568486613262,17.6529520889549,15.2113423622283,15.8991227758853,17.6529520889549,15.4105818085881,17.6529520889549,17.6529520889549,15.9721423349936,17.6529520889549,17.6529520889549,15.7710677559831,17.6529520889549,16.2701979101891,16.0275722544326,17.6529520889549,16.525955020988,17.6529520889549,15.9483692505966,16.174482066192,16.5348055712372,17.6529520889549,17.6529520889549,17.6529520889549,17.6529520889549,17.6529520889549,17.6529520889549,15.9788359353628,17.6529520889549,16.2026870487498,17.6529520889549,16.4072354168069,16.5970220786152,17.6529520889549,17.6529520889549,17.6529520889549,17.6529520889549,16.560310539215,17.6529520889549,16.4085687815119,17.6529520889549,16.4441360159997,16.4461955253861,17.3283407074991,17.6529520889549,17.6529520889549,17.5285963153035,17.6529520889549,16.8036946621864,17.6529520889549,17.6529520889549,17.6529520889549,17.2802638069896,17.1193944325761,17.6529520889549,17.6529520889549,17.6529520889549,17.6529520889549,16.9981913439745,17.6529520889549,17.6529520889549,17.6529520889549,17.6529520889549,17.6529520889549,17.6529520889549,17.6529520889549,17.6529520889549,17.6529520889549,17.6529520889549,17.6529520889549,17.6529520889549,17.6529520889549,17.6529520889549,17.6529520889549,17.4277881664334,17.6529520889549,17.6529520889549,17.6529520889549,17.6529520889549,17.6529520889549,17.6529520889549,17.6529520889549,17.6529520889549,17.6529520889549,17.6529520889549,17.6529520889549,17.6529520889549,17.6529520889549,17.6529520889549,17.5550884254887,17.4093863795931,17.6529520889549,17.4087348947138,17.6529520889549,17.6529520889549,17.6529520889549,17.6529520889549,17.6529520889549,17.6529520889549,17.6529520889549,17.6529520889549,17.6529520889549,17.6529520889549,17.6529520889549,17.6529520889549,17.6529520889549,17.6529520889549,17.6529520889549,17.6529520889549,17.6529520889549,17.6529520889549,17.6529520889549,17.6529520889549,17.6529520889549,17.6529520889549,17.6529520889549,17.6529520889549,17.6529520889549,17.6529520889549,17.6529520889549,17.6529520889549,17.6529520889549,17.6529520889549,17.6529520889549
"t18",10.4553800800503,5.7344882316681,6.65311216740261,7.63899598646954,7.46414333472354,9.00490265605953,7.23000659280264,6.9381624398177,8.98854262409973,9.2775132754481,16.0330517125139,9.48829248825435,10.3650909358887,2.51636564534232,11.0915287203619,10.675887707672,12.5712638470749,0,4.29691439356687,13.134128969032,3.42118018544031,11.8298317396595,10.441296394926,11.2803439565651,16.2047855693474,11.3591460789126,4.3163351314787,12.452788463669,11.2989826468041,11.7647618583004,8.59659764856264,11.944638565013,13.5002183236357,6.0200250294855,12.5899540535771,12.0293612469229,5.40982792031399,13.6110730308571,11.8349132001625,12.4179805317759,7.81657406391536,4.34232229380675,7.13038953100007,11.8250879990218,11.506420085904,1.91467280024916,4.04423609255324,16.2047855693474,12.4522300646289,12.1351285215271,14.9181906884497,11.8244946783936,16.2047855693474,12.4814355558214,12.5052915127028,13.0094821580703,12.5959036566283,16.7970951087758,13.5055617774979,8.61583806941847,13.7182995526428,14.5919557471849,13.6425433572723,15.1461625464916,16.2047855693474,14.7276551300203,12.837357558959,13.9562530034984,14.6304628544888,15.1043075327294,15.0036591611286,17.0084319120403,13.1335372132566,15.1198627131206,7.03262865184234,6.91973464178969,15.6217566854116,13.1801469586849,14.4509562562778,15.6217566854116,13.9624152889806,16.2047855693474,16.2047855693474,13.9409469314502,15.6217566854116,8.61583806941847,6.73395373644663,8.61583806941847,14.2390025066457,14.5794057348251,15.6217566854116,14.4947596174446,15.6217566854116,13.9171738470532,14.1432866626486,7.49769155170076,16.2047855693474,16.2047855693474,8.61583806941847,8.61583806941847,16.2047855693474,15.6217566854116,14.5306694157553,16.2047855693474,14.1714916452064,15.6217566854116,14.9590688971994,14.5658266750718,16.2047855693474,16.2047855693474,16.2047855693474,16.2047855693474,15.1121440196074,8.61583806941847,7.37145476197542,8.61583806941847,14.4129406124563,14.4150001218427,15.8801741878915,8.61583806941847,15.6217566854116,15.4974009117602,16.2047855693474,15.3555281425788,15.6217566854116,15.6217566854116,15.6217566854116,15.8320972873821,15.0881990290327,15.6217566854116,15.6217566854116,16.2047855693474,16.2047855693474,14.9669959404311,15.6217566854116,16.2047855693474,16.2047855693474,16.2047855693474,16.2047855693474,15.6217566854116,15.6217566854116,15.6217566854116,15.6217566854116,16.2047855693474,16.2047855693474,15.6217566854116,15.6217566854116,15.6217566854116,15.6217566854116,15.9796216468259,15.6217566854116,15.6217566854116,16.2047855693474,16.2047855693474,15.6217566854116,16.2047855693474,16.2047855693474,16.2047855693474,16.2047855693474,8.61583806941847,8.61583806941847,16.2047855693474,16.2047855693474,16.2047855693474,8.51797440595222,15.3781909760498,15.6217566854116,15.3775394911704,15.6217566854116,16.2047855693474,16.2047855693474,15.6217566854116,15.6217566854116,15.6217566854116,15.6217566854116,8.61583806941847,8.61583806941847,15.6217566854116,15.6217566854116,15.6217566854116,16.2047855693474,16.2047855693474,16.2047855693474,16.2047855693474,16.2047855693474,16.2047855693474,15.6217566854116,15.6217566854116,8.61583806941847,8.61583806941847,15.6217566854116,15.6217566854116,16.2047855693474,16.2047855693474,16.2047855693474,15.6217566854116,15.6217566854116,16.2047855693474,16.2047855693474
"t19",11.2181446460788,6.49725279769655,7.41587673343107,8.40176055249799,8.226907900752,9.76766722208799,7.9927711588311,7.70092700584616,9.75130719012819,10.0402778414766,16.7958162785424,10.2510570542828,11.1278555019172,3.88262012280709,11.8542932863904,11.4386522737004,13.3340284131033,4.29691439356687,0,13.8968935350605,2.64347128465711,12.592596305688,11.2040609609544,12.0431085225936,16.9675501353759,12.1219106449411,3.5386262306955,13.2155530296975,12.0617472128326,12.5275264243288,7.81888874777944,12.7074031310415,14.2629828896641,5.24231612870231,13.3527186196055,12.7921258129514,3.56473664405203,14.3738375968855,12.597677766191,13.1807450978043,7.03886516313217,3.56461339302356,5.28529825473811,12.5878525650502,12.2691846519325,5.24739626929598,7.37695956160006,16.9675501353759,13.2149946306574,12.8978930875555,15.6809552544781,12.5872592444221,16.9675501353759,13.2442001218498,13.2680560787312,13.7722467240988,13.3586682226567,17.5598596748042,14.2683263435263,6.77074679315651,14.4810641186713,15.3547203132134,14.4053079233007,15.90892711252,16.9675501353759,15.4904196960488,13.6001221249874,14.7190175695269,15.3932274205172,15.8670720987578,15.7664237271571,17.7711964780688,13.896301779285,15.8826272791491,5.18753737558039,5.07464336552773,16.38452125144,13.9429115247133,15.2137208223062,16.38452125144,14.7251798550091,16.9675501353759,16.9675501353759,14.7037114974787,16.38452125144,7.83812916863527,4.88886246018468,6.77074679315651,15.0017670726742,15.3421703008535,16.38452125144,15.2575241834731,16.38452125144,14.6799384130817,14.9060512286771,6.71998265091756,16.9675501353759,16.9675501353759,7.83812916863527,7.83812916863527,16.9675501353759,16.38452125144,15.2934339817837,16.9675501353759,14.9342562112349,16.38452125144,15.7218334632278,15.3285912411002,16.9675501353759,16.9675501353759,16.9675501353759,16.9675501353759,15.8749085856359,7.83812916863527,6.59374586119222,7.83812916863527,15.1757051784847,15.1777646878712,16.64293875392,7.83812916863527,16.38452125144,16.2601654777886,16.9675501353759,16.1182927086073,16.38452125144,16.38452125144,16.38452125144,16.5948618534106,15.8509635950612,16.38452125144,16.38452125144,16.9675501353759,16.9675501353759,15.7297605064596,16.38452125144,16.9675501353759,16.9675501353759,16.9675501353759,16.9675501353759,16.38452125144,16.38452125144,16.38452125144,16.38452125144,16.9675501353759,16.9675501353759,16.38452125144,16.38452125144,16.38452125144,16.38452125144,16.7423862128543,16.38452125144,16.38452125144,16.9675501353759,16.9675501353759,16.38452125144,16.9675501353759,16.9675501353759,16.9675501353759,16.9675501353759,7.83812916863527,7.83812916863527,16.9675501353759,16.9675501353759,16.9675501353759,7.74026550516902,16.1409555420782,16.38452125144,16.1403040571989,16.38452125144,16.9675501353759,16.9675501353759,16.38452125144,16.38452125144,16.38452125144,16.38452125144,7.83812916863527,7.83812916863527,16.38452125144,16.38452125144,16.38452125144,16.9675501353759,16.9675501353759,16.9675501353759,16.9675501353759,16.9675501353759,16.9675501353759,16.38452125144,16.38452125144,7.83812916863527,7.83812916863527,16.38452125144,16.38452125144,16.9675501353759,16.9675501353759,16.9675501353759,16.38452125144,16.38452125144,16.9675501353759,16.9675501353759
"t20",12.466411721615,8.62680295570412,9.24717269290312,9.65002762803419,12.736203346144,8.03372992276818,11.982193869004,11.6903497160191,8.01736989080838,4.93160887535158,11.6871473124174,12.0823530137549,12.9591514613892,12.7198346982722,13.6855892458624,13.2699482331725,14.5822954886395,13.134128969032,13.8968935350605,0,13.0211593269339,14.4238922651601,13.0353569204265,13.8744044820656,8.33620603826011,13.9532066044131,13.9163142729723,4.58420893258173,13.8930431723046,14.3588223838009,18.1965767900562,14.5386990905135,16.0942788491362,15.6200041709791,15.1840145790776,14.6234217724234,15.0098070618076,5.27381177346168,3.9663336690752,4.54940100068859,17.416553205409,13.9423014353003,16.7303686724937,14.4191485245223,14.1004806114045,14.0846108447611,16.2141741370652,11.5092900046047,4.11496880723352,3.79786726413168,17.5122512139502,14.4185552038941,8.3362060382601,15.0754960813219,11.5341187794114,5.14090262698301,15.1899641821288,18.8081267503404,5.63698224641059,18.2158172109121,12.7471268193515,13.6207830138936,16.2366038827728,14.1749898132002,15.2336128360561,17.3217156555208,15.4314180844595,16.5503135289989,16.6414944960534,17.115339174294,17.0146908026933,19.019463553605,15.7275977387571,14.1486899798293,16.6326077933359,16.5197137832833,18.2158172109121,15.7742074841854,6.58237672519048,18.2158172109121,12.9912425556893,15.2336128360561,8.33620603826011,16.5350074569507,18.2158172109121,18.2158172109121,16.3339328779402,18.2158172109121,16.8330630321462,13.6082330015337,18.2158172109121,17.0888201429451,18.2158172109121,16.5112343725537,16.7373471881491,17.0976706931944,15.2336128360561,15.2336128360561,18.2158172109121,18.2158172109121,10.934231627724,18.2158172109121,6.66208988466797,8.3362060382601,16.7655521707069,18.2158172109121,13.987896163908,17.1598872005723,8.33620603826011,10.934231627724,10.934231627724,8.33620603826011,7.24356448852013,18.2158172109121,16.971433903469,18.2158172109121,17.0070011379568,17.0090606473432,10.6096202462681,18.2158172109121,18.2158172109121,18.0914614372607,8.33620603826011,7.48694861149154,18.2158172109121,18.2158172109121,18.2158172109121,7.96351775629481,17.6822595545332,18.2158172109121,18.2158172109121,15.2336128360561,15.2336128360561,17.5610564659316,18.2158172109121,8.3362060382601,8.3362060382601,8.33620603826011,8.33620603826011,18.2158172109121,18.2158172109121,18.2158172109121,18.2158172109121,10.934231627724,10.934231627724,18.2158172109121,18.2158172109121,18.2158172109121,18.2158172109121,10.7090677052025,18.2158172109121,18.2158172109121,15.2336128360561,15.2336128360561,18.2158172109121,8.33620603826011,8.33620603826011,8.33620603826011,8.33620603826011,18.2158172109121,18.2158172109121,8.33620603826011,10.934231627724,10.934231627724,18.1179535474458,17.9722515015503,18.2158172109121,17.9716000166709,18.2158172109121,8.33620603826011,8.33620603826011,18.2158172109121,18.2158172109121,18.2158172109121,18.2158172109121,18.2158172109121,18.2158172109121,18.2158172109121,18.2158172109121,18.2158172109121,11.5092900046047,11.5092900046047,11.5092900046047,11.5092900046047,8.33620603826011,8.33620603826011,18.2158172109121,18.2158172109121,18.2158172109121,18.2158172109121,18.2158172109121,18.2158172109121,8.33620603826011,8.33620603826011,8.33620603826011,18.2158172109121,18.2158172109121,8.33620603826011,8.33620603826011
"t21",10.3424104379522,5.62151858956999,6.54014252530451,7.52602634437143,7.35117369262544,8.89193301396143,7.11703695070454,6.8251927977196,8.87557298200163,9.16454363334999,15.9200820704158,9.37532284615624,10.2521212937906,3.00688591468053,10.9785590782638,10.5629180655739,12.4582942049768,3.42118018544031,2.64347128465711,13.0211593269339,0,11.7168620975614,10.3283267528279,11.167374314467,16.0918159272493,11.2461764368145,1.12617751313044,12.3398188215709,11.186013004706,11.6517922162023,5.40644003021438,11.8316689229149,13.3872486815376,2.82986741113724,12.476984411479,11.9163916048248,3.75638481140423,13.498103388759,11.7219435580644,12.3050108896778,4.6264164455671,1.15216467545849,5.47694642209031,11.7121183569237,11.3934504438059,4.37166206116942,6.5012253534735,16.0918159272493,12.3392604225308,12.022158879429,14.8052210463516,11.7115250362955,16.0918159272493,12.3684659137233,12.3923218706047,12.8965125159722,12.4829340145302,16.6841254666777,13.3925921353998,6.96239496050871,13.6053299105447,14.4789861050868,13.5295737151742,15.0331929043935,16.0918159272493,14.6146854879222,12.7243879168609,13.8432833614003,14.5174932123907,14.9913378906313,14.8906895190305,16.8954622699422,13.0205675711585,15.0068930710225,5.37918554293259,5.26629153287993,15.5087870433135,13.0671773165868,14.3379866141797,15.5087870433135,13.8494456468825,16.0918159272493,16.0918159272493,13.8279772893521,15.5087870433135,5.42568045107021,5.08051062753688,6.96239496050871,14.1260328645476,14.4664360927269,15.5087870433135,14.3817899753465,15.5087870433135,13.8042042049551,14.0303170205505,4.3075339333525,16.0918159272493,16.0918159272493,6.2614615680175,6.2614615680175,16.0918159272493,15.5087870433135,14.4176997736572,16.0918159272493,14.0585220031083,15.5087870433135,14.8460992551013,14.4528570329737,16.0918159272493,16.0918159272493,16.0918159272493,16.0918159272493,14.9991743775093,5.42568045107021,4.18129714362716,5.42568045107021,14.2999709703582,14.3020304797446,15.7672045457934,5.42568045107021,15.5087870433135,15.384431269662,16.0918159272493,15.2425585004807,15.5087870433135,15.5087870433135,15.5087870433135,15.719127645284,14.9752293869346,15.5087870433135,15.5087870433135,16.0918159272493,16.0918159272493,14.854026298333,15.5087870433135,16.0918159272493,16.0918159272493,16.0918159272493,16.0918159272493,15.5087870433135,15.5087870433135,15.5087870433135,15.5087870433135,16.0918159272493,16.0918159272493,15.5087870433135,15.5087870433135,15.5087870433135,15.5087870433135,15.8666520047278,15.5087870433135,15.5087870433135,16.0918159272493,16.0918159272493,15.5087870433135,16.0918159272493,16.0918159272493,16.0918159272493,16.0918159272493,5.42568045107021,5.42568045107021,16.0918159272493,16.0918159272493,16.0918159272493,5.32781678760395,15.2652213339516,15.5087870433135,15.2645698490723,15.5087870433135,16.0918159272493,16.0918159272493,15.5087870433135,15.5087870433135,15.5087870433135,15.5087870433135,5.42568045107021,5.42568045107021,15.5087870433135,15.5087870433135,15.5087870433135,16.0918159272493,16.0918159272493,16.0918159272493,16.0918159272493,16.0918159272493,16.0918159272493,15.5087870433135,15.5087870433135,5.42568045107021,5.42568045107021,15.5087870433135,15.5087870433135,16.0918159272493,16.0918159272493,16.0918159272493,15.5087870433135,15.5087870433135,16.0918159272493,16.0918159272493
"t22",11.7451433761784,7.32250572633166,7.51945720319882,8.92875928259758,11.4319061167715,10.2946659521876,10.6778966396315,10.3860524866466,10.2783059202278,10.5672765715761,17.3228150086419,7.60930672480363,8.486105172438,11.4155374688998,8.31315878368296,3.49583383995024,13.8610271432029,11.8298317396595,12.592596305688,14.4238922651601,11.7168620975614,0,4.4802278355319,4.10029008884342,17.4945488654755,5.39807751951852,12.6120170435998,13.7425517597971,5.33791408741004,3.80711474300737,16.8922795606838,5.98357000561895,7.53914976424161,14.3157069416066,4.6323069382841,6.06829268752883,13.7055098324351,14.9008363269851,13.1246764962905,13.7077438279039,16.1122559760365,12.6380042059279,15.4260714431212,5.86401943962768,5.54535152650992,12.7803136153887,14.9098769076927,17.4945488654755,13.741993360757,13.4248918176551,6.96054357315667,3.86684756310062,17.4945488654755,6.52036699642731,13.7950548088308,14.2992454541984,9.83749762431249,18.0868584049038,14.7953250736259,16.9115199815396,15.0080628487709,15.881719043313,4.83637272842305,16.4359258426196,17.4945488654755,11.9492851933414,10.05898762228,7.99518444410432,15.9202261506168,16.3940708288574,16.2934224572567,18.2981952081684,10.3751311809408,16.4096260092487,15.3283105639635,15.2154165539108,6.81558605656234,4.37397632983567,15.7407195524058,6.81558605656234,15.2521785851087,17.4945488654755,17.4945488654755,11.1625769947713,12.8433867487326,16.9115199815396,15.0296356485678,16.9115199815396,11.4606325699668,15.8691690309531,9.66068812601747,5.68858898859543,6.81558605656234,5.11100321820398,11.3848806303328,15.7933734638219,17.4945488654755,17.4945488654755,16.9115199815396,16.9115199815396,17.4945488654755,6.81558605656234,15.8204327118833,17.4945488654755,5.36532101635718,6.81558605656234,16.2488321933274,7.38577280735007,17.4945488654755,17.4945488654755,17.4945488654755,17.4945488654755,16.4019073157355,16.9115199815396,15.6671366740966,16.9115199815396,8.45187205306219,8.45393156244864,17.1699374840196,16.9115199815396,6.81558605656234,12.7389948794443,17.4945488654755,16.6452914387069,6.81558605656234,6.81558605656234,12.8633506530958,17.1218605835102,6.28202840018352,6.81558605656234,6.81558605656234,17.4945488654755,17.4945488654755,12.2085899081153,12.8633506530958,17.4945488654755,17.4945488654755,17.4945488654755,17.4945488654755,12.8433867487326,12.8633506530958,12.8433867487326,12.8433867487326,17.4945488654755,17.4945488654755,6.81558605656234,6.81558605656234,12.8433867487326,12.8433867487326,17.2693849429539,8.44170281768984,8.44170281768984,17.4945488654755,17.4945488654755,6.81558605656234,17.4945488654755,17.4945488654755,17.4945488654755,17.4945488654755,16.9115199815396,16.9115199815396,17.4945488654755,17.4945488654755,17.4945488654755,16.8136563180733,12.619784943734,12.8633506530958,6.57136886232121,6.81558605656234,17.4945488654755,17.4945488654755,12.8633506530958,12.8633506530958,12.8633506530958,12.8633506530958,16.9115199815396,16.9115199815396,6.81558605656234,12.8633506530958,12.8633506530958,17.4945488654755,17.4945488654755,17.4945488654755,17.4945488654755,17.4945488654755,17.4945488654755,12.8633506530958,12.8633506530958,16.9115199815396,16.9115199815396,6.81558605656234,6.81558605656234,17.4945488654755,17.4945488654755,17.4945488654755,6.81558605656234,6.81558605656234,17.4945488654755,17.4945488654755
"t23",10.3566080314448,5.93397038159809,6.13092185846525,7.54022393786402,10.043370772038,8.90613060745401,9.28936129489797,8.99751714191303,8.88977057549421,9.17874122684258,15.9342796639084,6.22077138007006,7.09756982770444,10.0270021241662,6.92462343894939,3.32628380354431,12.4724917984694,10.441296394926,11.2040609609544,13.0353569204265,10.3283267528279,4.4802278355319,0,3.93074005243748,16.1060135207419,2.2983652898778,11.2234816988663,12.3540164150635,2.23820185776932,4.41515795417271,15.5037442159502,1.63913727034076,3.19471702896341,12.9271715968731,5.24035014944944,2.96858045788811,12.3169744877016,13.5123009822516,11.736141151557,12.3192084831704,14.7237206313029,11.2494688611943,14.0375360983876,4.22946991188439,3.91080199876663,11.3917782706551,13.5213415629592,16.1060135207419,12.3534580160234,12.0363564729216,7.56858678432201,4.47489077426596,16.1060135207419,3.42065476678659,12.4065194640972,12.9107101094648,8.44896227957892,16.6983230601702,13.4067897288924,15.522984636806,13.6195275040373,14.4931836985794,6.29293945314461,15.047390497886,16.1060135207419,10.5607498486078,8.67045227754646,4.8954722144636,14.5316908058833,15.0055354841238,14.9048871125231,16.9096598634348,8.98659583620722,15.0210906645151,13.9397752192299,13.8268812091773,8.27215278128391,5.83054305455724,14.3521842076723,8.27215278128391,13.8636432403751,16.1060135207419,16.1060135207419,9.7740416500377,11.4548514039991,15.522984636806,13.6411003038342,15.522984636806,10.0720972252332,14.4806336862195,6.56097589637676,7.14515571331699,8.27215278128391,6.56756994292555,9.99634528559923,14.4048381190883,16.1060135207419,16.1060135207419,15.522984636806,15.522984636806,16.1060135207419,8.27215278128391,14.4318973671498,16.1060135207419,6.82188774107875,8.27215278128391,14.8602968485939,7.21622277094414,16.1060135207419,16.1060135207419,16.1060135207419,16.1060135207419,15.0133719710019,15.522984636806,14.278601329363,15.522984636806,5.35215982342147,5.35421933280792,15.781402139286,15.522984636806,8.27215278128391,11.3504595347108,16.1060135207419,15.2567560939733,8.27215278128391,8.27215278128391,11.4748153083622,15.7333252387766,7.73859512490508,8.27215278128391,8.27215278128391,16.1060135207419,16.1060135207419,10.8200545633817,11.4748153083622,16.1060135207419,16.1060135207419,16.1060135207419,16.1060135207419,11.454851403999,11.4748153083622,11.4548514039991,11.4548514039991,16.1060135207419,16.1060135207419,8.27215278128391,8.27215278128391,11.454851403999,11.454851403999,15.8808495982204,8.27215278128391,8.27215278128391,16.1060135207419,16.1060135207419,8.27215278128391,16.1060135207419,16.1060135207419,16.1060135207419,16.1060135207419,15.522984636806,15.522984636806,16.1060135207419,16.1060135207419,16.1060135207419,15.4251209733398,11.2312495990004,11.4748153083622,8.02793558704278,8.27215278128391,16.1060135207419,16.1060135207419,11.4748153083622,11.4748153083622,11.4748153083622,11.4748153083622,15.522984636806,15.522984636806,8.27215278128391,11.4748153083622,11.4748153083622,16.1060135207419,16.1060135207419,16.1060135207419,16.1060135207419,16.1060135207419,16.1060135207419,11.4748153083622,11.4748153083622,15.522984636806,15.522984636806,8.27215278128391,8.27215278128391,16.1060135207419,16.1060135207419,16.1060135207419,8.27215278128391,8.27215278128391,16.1060135207419,16.1060135207419
"t24",11.1956555930839,6.77301794323724,6.9699694201044,8.37927149950316,10.8824183336771,9.74517816909316,10.1284088565371,9.83656470355218,9.72881813713336,10.0177887884817,16.7733272255475,7.05981894170921,7.93661738934358,10.8660496858053,7.76367100058854,1.97898323383744,13.3115393601085,11.2803439565651,12.0431085225936,13.8744044820656,11.167374314467,4.10029008884342,3.93074005243748,0,16.945061082381,4.8485897364241,12.0625292605054,13.1930639767027,4.78842630431562,4.03522020748423,16.3427917775894,5.43408222252454,6.98966198114719,13.7662191585122,4.86041240276096,5.51880490443441,13.1560220493407,14.3513485438907,12.5751887131961,13.1582560448095,15.5627681929421,12.0885164228335,14.8765836600268,5.31453165653326,4.9958637434155,12.2308258322942,14.3603891245983,16.945061082381,13.1925055776626,12.8754040345607,7.18864903763352,4.09495302757748,16.945061082381,5.97087921333289,13.2455670257364,13.7497576711039,9.28800984121807,17.5373706218094,14.2458372905315,16.3620321984452,14.4585750656765,15.3322312602185,5.91300170645613,15.8864380595252,16.945061082381,11.399797410247,9.5094998391856,7.4456966610099,15.3707383675224,15.844583045763,15.7439346741622,17.7487074250739,9.82564339784637,15.8601382261542,14.7788227808691,14.6659287708164,7.89221503459543,5.45060530786875,15.1912317693114,7.89221503459543,14.7026908020142,16.945061082381,16.945061082381,10.6130892116768,12.2938989656382,16.3620321984452,14.4801478654734,16.3620321984452,10.9111447868724,15.3196812478587,9.11120034292306,6.76521796662851,7.89221503459543,6.18763219623707,10.8353928472384,15.2438856807275,16.945061082381,16.945061082381,16.3620321984452,16.3620321984452,16.945061082381,7.89221503459543,15.2709449287889,16.945061082381,6.44194999439027,7.89221503459543,15.699344410233,5.0407826715619,16.945061082381,16.945061082381,16.945061082381,16.945061082381,15.8524195326411,16.3620321984452,15.1176488910021,16.3620321984452,7.90238426996777,7.90444377935422,16.6204497009252,16.3620321984452,7.89221503459543,12.1895070963499,16.945061082381,16.0958036556125,7.89221503459543,7.89221503459543,12.3138628700013,16.5723728004157,7.3586573782166,7.89221503459543,7.89221503459543,16.945061082381,16.945061082381,11.6591021250209,12.3138628700013,16.945061082381,16.945061082381,16.945061082381,16.945061082381,12.2938989656382,12.3138628700013,12.2938989656382,12.2938989656382,16.945061082381,16.945061082381,7.89221503459543,7.89221503459543,12.2938989656382,12.2938989656382,16.7198971598595,6.09671268190167,6.09671268190167,16.945061082381,16.945061082381,7.89221503459543,16.945061082381,16.945061082381,16.945061082381,16.945061082381,16.3620321984452,16.3620321984452,16.945061082381,16.945061082381,16.945061082381,16.2641685349789,12.0702971606395,12.3138628700013,7.64799784035429,7.89221503459543,16.945061082381,16.945061082381,12.3138628700013,12.3138628700013,12.3138628700013,12.3138628700013,16.3620321984452,16.3620321984452,7.89221503459543,12.3138628700013,12.3138628700013,16.945061082381,16.945061082381,16.945061082381,16.945061082381,16.945061082381,16.945061082381,12.3138628700013,12.3138628700013,16.3620321984452,16.3620321984452,7.89221503459543,7.89221503459543,16.945061082381,16.945061082381,16.945061082381,7.89221503459543,7.89221503459543,16.945061082381,16.945061082381
"t25",15.5370683219304,11.6974595560195,12.3178292932185,12.7206842283496,15.8068599464594,11.1043865230836,15.0528504693194,14.7610063163345,11.0880264911238,8.00226547566699,14.7578039127328,15.1530096140703,16.0298080617046,15.7904912985876,16.7562458461778,16.3406048334879,17.6529520889549,16.2047855693474,16.9675501353759,8.33620603826011,16.0918159272493,17.4945488654755,16.1060135207419,16.945061082381,0,17.0238632047285,16.9869708732877,6.64097331504238,16.96369977262,17.4294789841163,21.2672333903716,17.6093556908289,19.1649354494516,18.6906607712945,18.254671179393,17.6940783727388,18.080463662123,8.81315010008519,6.02309805153585,6.60616538314924,20.4872098057244,17.0129580356157,19.8010252728091,17.4898051248377,17.1711372117199,17.1552674450765,19.2848307373806,14.5799466049201,7.65430713385703,7.33720559075519,20.5829078142656,17.4892118042095,10.3929704207208,18.1461526816373,14.6047753797268,7.19766700944367,18.2606207824442,21.8787833506558,7.69374662887124,21.2864738112275,15.8177834196669,16.691439614209,19.3072604830882,17.2456464135156,18.3042694363715,20.3923722558362,18.5020746847749,19.6209701293143,19.7121510963688,20.1859957746094,20.0853474030087,22.0901201539204,18.7982543390725,17.2193465801447,19.7032643936513,19.5903703835987,21.2864738112275,18.8448640845008,8.63914110765113,21.2864738112275,16.0618991560047,18.3042694363715,10.3929704207208,19.6056640572661,21.2864738112275,21.2864738112275,19.4045894782556,21.2864738112275,19.9037196324616,16.6788896018491,21.2864738112275,20.1594767432605,21.2864738112275,19.5818909728691,19.8080037884645,20.1683272935098,18.3042694363715,18.3042694363715,21.2864738112275,21.2864738112275,14.0048882280394,21.2864738112275,8.95240836137859,10.6265245149707,19.8362087710223,21.2864738112275,17.0585527642234,20.2305438008877,10.3929704207208,14.0048882280394,14.0048882280394,10.3929704207208,9.30032887098078,21.2864738112275,20.0420905037844,21.2864738112275,20.0776577382722,20.0797172476586,13.6802768465835,21.2864738112275,21.2864738112275,21.1621180375761,10.3929704207208,9.54371299395219,21.2864738112275,21.2864738112275,21.2864738112275,10.0202821387555,20.7529161548486,21.2864738112275,21.2864738112275,18.3042694363715,18.3042694363715,20.631713066247,21.2864738112275,10.3929704207208,10.3929704207208,10.3929704207208,10.3929704207208,21.2864738112275,21.2864738112275,21.2864738112275,21.2864738112275,14.0048882280394,14.0048882280394,21.2864738112275,21.2864738112275,21.2864738112275,21.2864738112275,13.7797243055179,21.2864738112275,21.2864738112275,18.3042694363715,18.3042694363715,21.2864738112275,10.3929704207208,10.3929704207208,10.3929704207208,10.3929704207208,21.2864738112275,21.2864738112275,10.3929704207208,14.0048882280394,14.0048882280394,21.1886101477612,21.0429081018657,21.2864738112275,21.0422566169863,21.2864738112275,10.3929704207208,10.3929704207208,21.2864738112275,21.2864738112275,21.2864738112275,21.2864738112275,21.2864738112275,21.2864738112275,21.2864738112275,21.2864738112275,21.2864738112275,14.5799466049201,14.5799466049201,14.5799466049201,14.5799466049201,10.3929704207208,10.3929704207208,21.2864738112275,21.2864738112275,21.2864738112275,21.2864738112275,21.2864738112275,21.2864738112275,10.3929704207208,10.3929704207208,10.3929704207208,21.2864738112275,21.2864738112275,10.3929704207208,10.3929704207208
"t26",11.2744577154314,6.85182006558471,7.04877154245187,8.45807362185063,10.9612204560246,9.82398029144063,10.2072109788846,9.91536682589965,9.80762025948083,10.0965909108292,16.852129347895,7.13862106405668,8.01541951169106,10.9448518081528,7.84247312293601,4.24413348753092,13.390341482456,11.3591460789126,12.1219106449411,13.9532066044131,11.2461764368145,5.39807751951852,2.2983652898778,4.8485897364241,17.0238632047285,0,12.1413313828529,13.2718660990501,1.51155395237853,5.33300763815933,16.4215938999368,3.80170745996486,5.35728721858751,13.8450212808597,6.15819983343606,2.24193255249732,13.2348241716882,14.4301506662382,12.6539908355436,13.237058167157,15.6415703152895,12.1673185451809,14.9553857823743,5.14731959587101,4.82865168275325,12.3096279546417,14.4391912469458,17.0238632047285,13.27130770001,12.9542061569082,8.48643646830863,5.39274045825258,17.0238632047285,2.6940068613958,13.3243691480839,13.8285597934514,9.36681196356554,17.6161727441569,14.324639412879,16.4408343207926,14.5373771880239,15.411033382566,7.21078913713123,15.9652401818727,17.0238632047285,11.4785995325944,9.58830196153307,4.16882430907281,15.4495404898699,15.9233851681105,15.8227367965097,17.8275095474214,9.90444552019384,15.9389403485017,14.8576249032165,14.7447308931639,9.19000246527053,6.74839273854385,15.2700338916589,9.19000246527053,14.7814929243617,17.0238632047285,17.0238632047285,10.6918913340243,12.3727010879857,16.4408343207927,14.5589499878208,16.4408343207927,10.9899469092198,15.3984833702062,5.83432799098596,8.06300539730361,9.19000246527053,7.48541962691217,10.9141949695858,15.3226878030749,17.0238632047285,17.0238632047285,16.4408343207926,16.4408343207926,17.0238632047285,9.19000246527053,15.3497470511364,17.0238632047285,7.73973742506537,9.19000246527053,15.7781465325805,8.13407245493076,17.0238632047285,17.0238632047285,17.0238632047285,17.0238632047285,15.9312216549885,16.4408343207927,15.1964510133496,16.4408343207927,4.62551191803068,4.62757142741712,16.6992518232726,16.4408343207927,9.19000246527053,12.2683092186974,17.0238632047285,16.1746057779599,9.19000246527053,9.19000246527053,12.3926649923488,16.6511749227632,8.6564448088917,9.19000246527053,9.19000246527053,17.0238632047285,17.0238632047285,11.7379042473684,12.3926649923488,17.0238632047285,17.0238632047285,17.0238632047285,17.0238632047285,12.3727010879857,12.3926649923488,12.3727010879857,12.3727010879857,17.0238632047285,17.0238632047285,9.19000246527053,9.19000246527053,12.3727010879857,12.3727010879857,16.798699282207,9.19000246527053,9.19000246527053,17.0238632047285,17.0238632047285,9.19000246527053,17.0238632047285,17.0238632047285,17.0238632047285,17.0238632047285,16.4408343207927,16.4408343207927,17.0238632047285,17.0238632047285,17.0238632047285,16.3429706573264,12.149099282987,12.3926649923488,8.94578527102939,9.19000246527053,17.0238632047285,17.0238632047285,12.3926649923488,12.3926649923488,12.3926649923488,12.3926649923488,16.4408343207927,16.4408343207927,9.19000246527053,12.3926649923488,12.3926649923488,17.0238632047285,17.0238632047285,17.0238632047285,17.0238632047285,17.0238632047285,17.0238632047285,12.3926649923488,12.3926649923488,16.4408343207927,16.4408343207927,9.19000246527053,9.19000246527053,17.0238632047285,17.0238632047285,17.0238632047285,9.19000246527053,9.19000246527053,17.0238632047285,17.0238632047285
"t27",11.2375653839906,6.51667353560839,7.4352974713429,8.42118129040982,8.24632863866383,9.78708795999982,8.01219189674293,7.72034774375799,9.77072792804002,10.0596985793884,16.8152370164542,10.2704777921946,11.147276239829,3.90204086071892,11.8737140243022,11.4580730116122,13.3534491510152,4.3163351314787,3.5386262306955,13.9163142729723,1.12617751313044,12.6120170435998,11.2234816988663,12.0625292605054,16.9869708732877,12.1413313828529,0,13.2349737676093,12.0811679507444,12.5469471622406,5.33308902170633,12.7268238689533,14.282403627576,2.7565164026292,13.3721393575174,12.8115465508632,4.65153975744262,14.3932583347974,12.6170985041028,13.2001658357162,5.50114462707314,2.02689285696453,6.3721013681287,12.607273302962,12.2886053898443,5.26681700720782,7.39638029951189,16.9869708732877,13.2344153685692,12.9173138254674,15.7003759923899,12.6066799823339,16.9869708732877,13.2636208597617,13.287476816643,13.7916674620106,13.3780889605686,17.579280412716,14.2877470814382,7.8575499065471,14.5004848565831,15.3741410511252,14.4247286612125,15.9283478504318,16.9869708732877,15.5098404339606,13.6195428628993,14.7384383074387,15.4126481584291,15.8864928366696,15.7858444650689,17.7906172159806,13.9157225171969,15.9020480170609,6.27434048897098,6.16144647891832,16.4039419893518,13.9623322626252,15.2331415602181,16.4039419893518,14.7446005929209,16.9869708732877,16.9869708732877,14.7231322353905,16.4039419893518,5.35232944256216,5.97566557357527,7.8575499065471,15.021187810586,15.3615910387653,16.4039419893518,15.2769449213849,16.4039419893518,14.6993591509935,14.9254719665889,4.23418292484445,16.9869708732877,16.9869708732877,7.15661651405589,7.15661651405589,16.9869708732877,16.4039419893518,15.3128547196956,16.9869708732877,14.9536769491467,16.4039419893518,15.7412542011397,15.3480119790121,16.9869708732877,16.9869708732877,16.9869708732877,16.9869708732877,15.8943293235477,5.35232944256216,4.10794613511911,5.35232944256216,15.1951259163966,15.197185425783,16.6623594918318,5.35232944256216,16.4039419893518,16.2795862157004,16.9869708732877,16.1377134465191,16.4039419893518,16.4039419893518,16.4039419893518,16.6142825913224,15.870384332973,16.4039419893518,16.4039419893518,16.9869708732877,16.9869708732877,15.7491812443714,16.4039419893518,16.9869708732877,16.9869708732877,16.9869708732877,16.9869708732877,16.4039419893518,16.4039419893518,16.4039419893518,16.4039419893518,16.9869708732877,16.9869708732877,16.4039419893518,16.4039419893518,16.4039419893518,16.4039419893518,16.7618069507662,16.4039419893518,16.4039419893518,16.9869708732877,16.9869708732877,16.4039419893518,16.9869708732877,16.9869708732877,16.9869708732877,16.9869708732877,5.35232944256216,5.35232944256216,16.9869708732877,16.9869708732877,16.9869708732877,5.25446577909591,16.16037627999,16.4039419893518,16.1597247951107,16.4039419893518,16.9869708732877,16.9869708732877,16.4039419893518,16.4039419893518,16.4039419893518,16.4039419893518,5.35232944256216,5.35232944256216,16.4039419893518,16.4039419893518,16.4039419893518,16.9869708732877,16.9869708732877,16.9869708732877,16.9869708732877,16.9869708732877,16.9869708732877,16.4039419893518,16.4039419893518,5.35232944256216,5.35232944256216,16.4039419893518,16.4039419893518,16.9869708732877,16.9869708732877,16.9869708732877,16.4039419893518,16.4039419893518,16.9869708732877,16.9869708732877
"t28",11.785071216252,7.94546245034114,8.56583218754014,8.96868712267121,12.054862840781,7.35238941740521,11.300853363641,11.0090092106561,7.33602938544541,4.25026836998861,11.0058068070544,11.4010125083919,12.2778109560263,12.0384941929092,13.0042487404994,12.5886077278095,13.9009549832766,12.452788463669,13.2155530296975,4.58420893258173,12.3398188215709,13.7425517597971,12.3540164150635,13.1930639767027,6.64097331504238,13.2718660990501,13.2349737676093,0,13.2117026669416,13.6774818784379,17.5152362846933,13.8573585851506,15.4129383437732,14.9386636656161,14.5026740737146,13.9420812670604,14.3284665564446,5.06115299440681,1.3914945338137,1.97456186542709,16.735212700046,13.2609609299374,16.0490281671307,13.7378080191593,13.4191401060415,13.4032703393981,15.5328336317022,10.8279494992417,3.90231002817865,3.58520848507681,16.8309107085872,13.7372146985311,5.85602179900669,14.3941555759589,10.8527782740484,3.42279294546147,14.5086236767658,18.1267862449774,3.15679800715717,17.5344767055491,12.0657863139885,12.9394425085306,15.5552633774098,13.4936493078372,14.5522723306931,16.6403751501579,14.7500775790965,15.8689730236359,15.9601539906904,16.433998668931,16.3333502973303,18.338123048242,15.0462572333941,13.4673494744663,15.951267287973,15.8383732779203,17.5344767055491,15.0928669788224,4.10219248593706,17.5344767055491,12.3099020503263,14.5522723306931,5.85602179900669,15.8536669515877,17.5344767055491,17.5344767055491,15.6525923725773,17.5344767055491,16.1517225267832,12.9268924961707,17.5344767055491,16.4074796375822,17.5344767055491,15.8298938671907,16.0560066827861,16.4163301878314,14.5522723306931,14.5522723306931,17.5344767055491,17.5344767055491,10.252891122361,17.5344767055491,5.20041125570021,6.87452740929234,16.0842116653439,17.5344767055491,13.306555658545,16.4785466952093,5.85602179900669,10.252891122361,10.252891122361,5.85602179900669,4.76338024926671,17.5344767055491,16.290093398106,17.5344767055491,16.3256606325938,16.3277201419802,9.92827974090515,17.5344767055491,17.5344767055491,17.4101209318977,6.61809635673856,5.00676437223812,17.5344767055491,17.5344767055491,17.5344767055491,6.24540807477327,17.0009190491703,17.5344767055491,17.5344767055491,14.5522723306931,14.5522723306931,16.8797159605686,17.5344767055491,5.85602179900669,5.85602179900669,5.85602179900669,5.85602179900669,17.5344767055491,17.5344767055491,17.5344767055491,17.5344767055491,10.252891122361,10.252891122361,17.5344767055491,17.5344767055491,17.5344767055491,17.5344767055491,10.0277271998395,17.5344767055491,17.5344767055491,14.5522723306931,14.5522723306931,17.5344767055491,5.85602179900669,5.85602179900669,6.61809635673856,6.61809635673856,17.5344767055491,17.5344767055491,5.85602179900669,10.252891122361,10.252891122361,17.4366130420828,17.2909109961873,17.5344767055491,17.290259511308,17.5344767055491,5.85602179900669,5.85602179900669,17.5344767055491,17.5344767055491,17.5344767055491,17.5344767055491,17.5344767055491,17.5344767055491,17.5344767055491,17.5344767055491,17.5344767055491,10.8279494992417,10.8279494992417,10.8279494992417,10.8279494992417,6.61809635673856,6.61809635673856,17.5344767055491,17.5344767055491,17.5344767055491,17.5344767055491,17.5344767055491,17.5344767055491,5.85602179900669,5.85602179900669,5.85602179900669,17.5344767055491,17.5344767055491,5.85602179900669,5.85602179900669
"t29",11.2142942833229,6.79165663347624,6.98860811034339,8.39791018974215,10.9010570239161,9.76381685933215,10.1470475467761,9.85520339379117,9.74745682737235,10.0364274787207,16.7919659157865,7.0784576319482,7.95525607958258,10.8846883760443,7.78230969082753,4.18397005542245,13.3301780503475,11.2989826468041,12.0617472128326,13.8930431723046,11.186013004706,5.33791408741004,2.23820185776932,4.78842630431562,16.96369977262,1.51155395237853,12.0811679507444,13.2117026669416,0,5.27284420605085,16.3614304678283,3.74154402785638,5.29712378647903,13.7848578487512,6.09803640132758,1.57869463030908,13.1746607395797,14.3699872341297,12.5938274034351,13.1768947350485,15.5814068831811,12.1071551130725,14.8952223502658,5.08715616376253,4.76848825064477,12.2494645225332,14.3790278148373,16.96369977262,13.2111442679015,12.8940427247997,8.42627303620015,5.3325770261441,16.96369977262,2.03076893920756,13.2642057159754,13.7683963613429,9.30664853145706,17.5560093120484,14.2644759807705,16.3806708886842,14.4772137559154,15.3508699504575,7.15062570502275,15.9050767497642,16.96369977262,11.418436100486,9.5281385294246,3.50558638688457,15.3893770577614,15.863221736002,15.7625733644012,17.7673461153129,9.84428208808536,15.8787769163932,14.7974614711081,14.6845674610554,9.12983903316205,6.68822930643538,15.2098704595504,9.12983903316205,14.7213294922532,16.96369977262,16.96369977262,10.6317279019158,12.3125376558772,16.3806708886842,14.4987865557123,16.3806708886842,10.9297834771114,15.3383199380977,5.17109006879773,8.00284196519513,9.12983903316205,7.42525619480369,10.8540315374774,15.2625243709665,16.96369977262,16.96369977262,16.3806708886842,16.3806708886842,16.96369977262,9.12983903316205,15.2895836190279,16.96369977262,7.67957399295689,9.12983903316205,15.717983100472,8.07390902282228,16.96369977262,16.96369977262,16.96369977262,16.96369977262,15.87105822288,16.3806708886842,15.1362875812411,16.3806708886842,3.96227399584244,3.96433350522889,16.6390883911642,16.3806708886842,9.12983903316205,12.2081457865889,16.96369977262,16.1144423458515,9.12983903316205,9.12983903316205,12.3325015602403,16.5910114906547,8.59628137678322,9.12983903316205,9.12983903316205,16.96369977262,16.96369977262,11.6777408152599,12.3325015602403,16.96369977262,16.96369977262,16.96369977262,16.96369977262,12.3125376558772,12.3325015602403,12.3125376558772,12.3125376558772,16.96369977262,16.96369977262,9.12983903316205,9.12983903316205,12.3125376558772,12.3125376558772,16.7385358500985,9.12983903316205,9.12983903316205,16.96369977262,16.96369977262,9.12983903316205,16.96369977262,16.96369977262,16.96369977262,16.96369977262,16.3806708886842,16.3806708886842,16.96369977262,16.96369977262,16.96369977262,16.2828072252179,12.0889358508785,12.3325015602403,8.88562183892091,9.12983903316205,16.96369977262,16.96369977262,12.3325015602403,12.3325015602403,12.3325015602403,12.3325015602403,16.3806708886842,16.3806708886842,9.12983903316205,12.3325015602403,12.3325015602403,16.96369977262,16.96369977262,16.96369977262,16.96369977262,16.96369977262,16.96369977262,12.3325015602403,12.3325015602403,16.3806708886842,16.3806708886842,9.12983903316205,9.12983903316205,16.96369977262,16.96369977262,16.96369977262,9.12983903316205,9.12983903316205,16.96369977262,16.96369977262
"t30",11.6800734948192,7.25743584497247,7.45438732183963,8.86368940123839,11.3668362354124,10.2295960708284,10.6128267582724,10.3209826052874,10.2132360388686,10.502206690217,17.2577451272828,7.54423684344444,8.42103529107881,11.3504675875406,8.24808890232377,3.43076395859105,13.7959572618437,11.7647618583004,12.5275264243288,14.3588223838009,11.6517922162023,3.80711474300737,4.41515795417271,4.03522020748423,17.4294789841163,5.33300763815933,12.5469471622406,13.6774818784379,5.27284420605085,0,16.8272096793246,5.91850012425976,7.47407988288242,14.2506370602474,2.58970951600936,6.00322280616964,13.6404399510759,14.8357664456259,13.0596066149314,13.6426739465447,16.0471860946773,12.5729343245687,15.361001561762,5.79894955826849,5.48028164515073,12.7152437340295,14.8448070263335,17.4294789841163,13.6769234793978,13.3598219362959,4.91794615088193,1.82425014082589,17.4294789841163,6.45529711506812,13.7299849274716,14.2341755728392,9.7724277429533,18.0217885235446,14.7302551922667,16.8464501001804,14.9429929674117,15.8166491619538,5.61982636062009,16.3708559612604,17.4294789841163,11.8842153119822,9.99391774092083,7.93011456274513,15.8551562692576,16.3290009474982,16.2283525758975,18.2331253268092,10.3100612995816,16.3445561278895,15.2632406826043,15.1503466725516,7.59903968875938,5.15742996203271,15.6756496710466,7.59903968875938,15.1871087037495,17.4294789841163,17.4294789841163,11.0975071134121,12.7783168673734,16.8464501001804,14.9645657672086,16.8464501001804,11.3955626886076,15.8040991495939,9.59561824465828,6.47204262079247,7.59903968875938,5.89445685040102,11.3198107489736,15.7283035824627,17.4294789841163,17.4294789841163,16.8464501001804,16.8464501001804,17.4294789841163,7.59903968875938,15.7553628305241,17.4294789841163,6.14877464855422,7.59903968875938,16.1837623119682,7.32070292599088,17.4294789841163,17.4294789841163,17.4294789841163,17.4294789841163,16.3368374343763,16.8464501001804,15.6020667927374,16.8464501001804,8.386802171703,8.38886168108945,17.1048676026604,16.8464501001804,7.59903968875938,12.6739249980852,17.4294789841163,16.5802215573477,7.59903968875938,7.59903968875938,12.7982807717366,17.056790702151,7.06548203238056,7.59903968875938,7.59903968875938,17.4294789841163,17.4294789841163,12.1435200267561,12.7982807717366,17.4294789841163,17.4294789841163,17.4294789841163,17.4294789841163,12.7783168673734,12.7982807717366,12.7783168673734,12.7783168673734,17.4294789841163,17.4294789841163,7.59903968875938,7.59903968875938,12.7783168673734,12.7783168673734,17.2043150615947,8.37663293633065,8.37663293633065,17.4294789841163,17.4294789841163,7.59903968875938,17.4294789841163,17.4294789841163,17.4294789841163,17.4294789841163,16.8464501001804,16.8464501001804,17.4294789841163,17.4294789841163,17.4294789841163,16.7485864367142,12.5547150623748,12.7982807717366,7.35482249451825,7.59903968875938,17.4294789841163,17.4294789841163,12.7982807717366,12.7982807717366,12.7982807717366,12.7982807717366,16.8464501001804,16.8464501001804,7.59903968875938,12.7982807717366,12.7982807717366,17.4294789841163,17.4294789841163,17.4294789841163,17.4294789841163,17.4294789841163,17.4294789841163,12.7982807717366,12.7982807717366,16.8464501001804,16.8464501001804,7.59903968875938,7.59903968875938,17.4294789841163,17.4294789841163,17.4294789841163,7.59903968875938,7.59903968875938,17.4294789841163,17.4294789841163
"t31",15.5178279010745,10.7969360526923,11.7155599884268,12.7014438074938,12.5265911557478,14.0673504770838,12.2924544138269,12.0006102608419,14.050990445124,14.3399610964723,21.0954995335381,14.5507403092786,15.427538756913,8.18230337780286,16.1539765413861,15.7383355286962,17.6337116680991,8.59659764856264,7.81888874777944,18.1965767900562,5.40644003021438,16.8922795606838,15.5037442159502,16.3427917775894,21.2672333903716,16.4215938999368,5.33308902170633,17.5152362846933,16.3614304678283,16.8272096793246,0,17.0070863860373,18.5626661446599,6.83303426916793,17.6524018746013,17.0918090679471,8.93180227452656,18.6735208518813,16.8973610211867,17.4804283528001,9.78140714415708,6.30715537404847,10.6523638852126,16.887535820046,16.5688679069282,9.54707952429175,11.6766428165958,21.2672333903716,17.5146778856531,17.1975763425513,19.9806385094739,16.8869424994178,21.2672333903716,17.5438833768456,17.567739333727,18.0719299790945,17.6583514776525,21.8595429298,18.5680095985221,12.137812423631,18.780747373667,19.6544035682091,18.7049911782965,20.2086103675158,21.2672333903716,19.7901029510446,17.8998053799832,19.0187008245226,19.692910675513,20.1667553537536,20.0661069821528,22.0708797330645,18.1959850342808,20.1823105341448,10.5546030060549,10.4417089960023,20.6842045064358,18.2425947797091,19.513404077302,20.6842045064358,19.0248631100048,21.2672333903716,21.2672333903716,19.0033947524744,20.6842045064358,9.4288473091009,10.2559280906592,12.137812423631,19.3014503276699,19.6418535558493,20.6842045064358,19.5572074384689,20.6842045064358,18.9796216680774,19.2057344836728,8.31070079138319,21.2672333903716,21.2672333903716,11.4368790311398,11.4368790311398,21.2672333903716,20.6842045064358,19.5931172367795,21.2672333903716,19.2339394662306,20.6842045064358,20.0215167182236,19.628274496096,21.2672333903716,21.2672333903716,21.2672333903716,21.2672333903716,20.1745918406317,9.4288473091009,8.18446400165785,9.4288473091009,19.4753884334805,19.4774479428669,20.9426220089158,9.4288473091009,20.6842045064358,20.5598487327844,21.2672333903716,20.4179759636031,20.6842045064358,20.6842045064358,20.6842045064358,20.8945451084063,20.150646850057,20.6842045064358,20.6842045064358,21.2672333903716,21.2672333903716,20.0294437614553,20.6842045064358,21.2672333903716,21.2672333903716,21.2672333903716,21.2672333903716,20.6842045064358,20.6842045064358,20.6842045064358,20.6842045064358,21.2672333903716,21.2672333903716,20.6842045064358,20.6842045064358,20.6842045064358,20.6842045064358,21.0420694678501,20.6842045064358,20.6842045064358,21.2672333903716,21.2672333903716,20.6842045064358,21.2672333903716,21.2672333903716,21.2672333903716,21.2672333903716,9.4288473091009,9.4288473091009,21.2672333903716,21.2672333903716,21.2672333903716,9.33098364563465,20.440638797074,20.6842045064358,20.4399873121947,20.6842045064358,21.2672333903716,21.2672333903716,20.6842045064358,20.6842045064358,20.6842045064358,20.6842045064358,9.4288473091009,9.4288473091009,20.6842045064358,20.6842045064358,20.6842045064358,21.2672333903716,21.2672333903716,21.2672333903716,21.2672333903716,21.2672333903716,21.2672333903716,20.6842045064358,20.6842045064358,9.4288473091009,9.4288473091009,20.6842045064358,20.6842045064358,21.2672333903716,21.2672333903716,21.2672333903716,20.6842045064358,20.6842045064358,21.2672333903716,21.2672333903716
"t32",11.8599502015318,7.43731255168515,7.6342640285523,9.04356610795107,11.546712942125,10.4094727775411,10.792703464985,10.5008593120001,10.3931127455813,10.6820833969296,17.4376218339954,7.72411355015711,8.60091199779149,11.5303442942533,8.42796560903644,4.82962597363136,13.9758339685564,11.944638565013,12.7074031310415,14.5386990905135,11.8316689229149,5.98357000561895,1.63913727034076,5.43408222252454,17.6093556908289,3.80170745996486,12.7268238689533,13.8573585851506,3.74154402785638,5.91850012425976,17.0070863860373,0,3.63520917721599,14.4305137669601,6.74369231953649,4.47192262797516,13.8203166577886,15.0156431523386,13.239483321644,13.8225506532574,16.22706280139,12.7528110312814,15.5408782684747,5.73281208197145,5.41414416885369,12.8951204407421,15.0246837330462,17.6093556908289,13.8568001861105,13.5396986430086,9.07192895440906,5.97823294435301,17.6093556908289,4.92399693687365,13.9098616341843,14.4140522795518,9.95230444966598,18.2016652302573,14.9101318989794,17.0263268068931,15.1228696741244,15.9965258686664,7.79628162323167,16.5507326679731,17.6093556908289,12.0640920186949,10.1737944476335,6.39881438455066,16.0350329759703,16.5088776542109,16.4082292826102,18.4130020335218,10.4899380062943,16.5244328346022,15.443117389317,15.3302233792643,9.77549495137096,7.33388522464429,15.8555263777593,9.77549495137096,15.3669854104621,17.6093556908289,17.6093556908289,11.2773838201248,12.9581935740861,17.0263268068931,15.1444424739213,17.0263268068931,11.5754393953203,15.9839758563066,8.06431806646381,8.64849788340404,9.77549495137096,8.0709121130126,11.4996874556863,15.9081802891754,17.6093556908289,17.6093556908289,17.0263268068931,17.0263268068931,17.6093556908289,9.77549495137096,15.9352395372368,17.6093556908289,8.3252299111658,9.77549495137096,16.3636390186809,8.71956494103119,17.6093556908289,17.6093556908289,17.6093556908289,17.6093556908289,16.516714141089,17.0263268068931,15.78194349945,17.0263268068931,6.85550199350853,6.85756150289497,17.2847443093731,17.0263268068931,9.77549495137096,12.8538017047978,17.6093556908289,16.7600982640604,9.77549495137096,9.77549495137096,12.9781574784493,17.2366674088636,9.24193729499214,9.77549495137096,9.77549495137096,17.6093556908289,17.6093556908289,12.3233967334688,12.9781574784493,17.6093556908289,17.6093556908289,17.6093556908289,17.6093556908289,12.9581935740861,12.9781574784493,12.9581935740861,12.9581935740861,17.6093556908289,17.6093556908289,9.77549495137096,9.77549495137096,12.9581935740861,12.9581935740861,17.3841917683074,9.77549495137096,9.77549495137096,17.6093556908289,17.6093556908289,9.77549495137096,17.6093556908289,17.6093556908289,17.6093556908289,17.6093556908289,17.0263268068931,17.0263268068931,17.6093556908289,17.6093556908289,17.6093556908289,16.9284631434268,12.7345917690874,12.9781574784493,9.53127775712983,9.77549495137096,17.6093556908289,17.6093556908289,12.9781574784493,12.9781574784493,12.9781574784493,12.9781574784493,17.0263268068931,17.0263268068931,9.77549495137096,12.9781574784492,12.9781574784492,17.6093556908289,17.6093556908289,17.6093556908289,17.6093556908289,17.6093556908289,17.6093556908289,12.9781574784493,12.9781574784493,17.0263268068931,17.0263268068931,9.77549495137096,9.77549495137096,17.6093556908289,17.6093556908289,17.6093556908289,9.77549495137096,9.77549495137096,17.6093556908289,17.6093556908289
"t33",13.4155299601545,8.9928923103078,9.18984378717496,10.5991458665737,13.1022927007477,11.9650525361637,12.3482832236077,12.0564390706227,11.9486925042039,12.2376631555523,18.9932015926181,9.27969330877977,10.1564917564141,13.0859240528759,9.9835453676591,6.38520573225401,15.5314137271791,13.5002183236357,14.2629828896641,16.0942788491362,13.3872486815376,7.53914976424161,3.19471702896341,6.98966198114719,19.1649354494516,5.35728721858751,14.282403627576,15.4129383437732,5.29712378647903,7.47407988288242,18.5626661446599,3.63520917721599,0,15.9860935255828,8.29927207815915,6.02750238659782,15.3758964164113,16.5712229109613,14.7950630802667,15.3781304118801,17.7826425600126,14.308390789904,17.0964580270973,7.2883918405941,6.96972392747634,14.4507001993648,16.5802634916689,19.1649354494516,15.4123799447331,15.0952784016313,10.6275087130317,7.53381270297567,19.1649354494516,6.4795766954963,15.4654413928069,15.9696320381745,11.5078842082886,19.7572449888799,16.4657116576021,18.5819065655157,16.678449432747,17.5521056272891,9.35186138185432,18.1063124265957,19.1649354494516,13.6196717773175,11.7293742062562,7.95439414317331,17.590612734593,18.0644574128335,17.9638090412328,19.9685817921445,12.0455177649169,18.0800125932248,16.9986971479396,16.885803137887,11.3310747099936,8.88946498326694,17.411106136382,11.3310747099936,16.9225651690848,19.1649354494516,19.1649354494516,12.8329635787474,14.5137733327088,18.5819065655157,16.7000222325439,18.5819065655157,13.1310191539429,17.5395556149292,9.61989782508646,10.2040776420267,11.3310747099936,9.62649187163525,13.0552672143089,17.463760047798,19.1649354494516,19.1649354494516,18.5819065655157,18.5819065655157,19.1649354494516,11.3310747099936,17.4908192958595,19.1649354494516,9.88080966978846,11.3310747099936,17.9192187773036,10.2751446996538,19.1649354494516,19.1649354494516,19.1649354494516,19.1649354494516,18.0722938997116,18.5819065655157,17.3375232580727,18.5819065655157,8.41108175213118,8.41314126151763,18.8403240679957,18.5819065655157,11.3310747099936,14.4093814634205,19.1649354494516,18.315678022683,11.3310747099936,11.3310747099936,14.5337372370719,18.7922471674863,10.7975170536148,11.3310747099936,11.3310747099936,19.1649354494516,19.1649354494516,13.8789764920914,14.5337372370719,19.1649354494516,19.1649354494516,19.1649354494516,19.1649354494516,14.5137733327088,14.5337372370719,14.5137733327088,14.5137733327088,19.1649354494516,19.1649354494516,11.3310747099936,11.3310747099936,14.5137733327088,14.5137733327088,18.9397715269301,11.3310747099936,11.3310747099936,19.1649354494516,19.1649354494516,11.3310747099936,19.1649354494516,19.1649354494516,19.1649354494516,19.1649354494516,18.5819065655157,18.5819065655157,19.1649354494516,19.1649354494516,19.1649354494516,18.4840429020495,14.2901715277101,14.5337372370719,11.0868575157525,11.3310747099936,19.1649354494516,19.1649354494516,14.5337372370719,14.5337372370719,14.5337372370719,14.5337372370719,18.5819065655157,18.5819065655157,11.3310747099936,14.5337372370719,14.5337372370719,19.1649354494516,19.1649354494516,19.1649354494516,19.1649354494516,19.1649354494516,19.1649354494516,14.5337372370719,14.5337372370719,18.5819065655157,18.5819065655157,11.3310747099936,11.3310747099936,19.1649354494516,19.1649354494516,19.1649354494516,11.3310747099936,11.3310747099936,19.1649354494516,19.1649354494516
"t34",12.9412552819974,8.22036343361519,9.1389873693497,10.1248711884166,9.95001853667063,11.4907778580066,9.71588179474973,9.42403764176479,11.4744178260468,11.7633884773952,18.518926914461,11.9741676902014,12.8509661378358,5.60573075872572,13.577403922309,13.161762909619,15.057139049022,6.0200250294855,5.24231612870231,15.6200041709791,2.82986741113724,14.3157069416066,12.9271715968731,13.7662191585122,18.6906607712945,13.8450212808597,2.7565164026292,14.9386636656161,13.7848578487512,14.2506370602474,6.83303426916793,14.4305137669601,15.9860935255828,0,15.0758292555242,14.51523644887,6.35522965544942,16.0969482328042,14.3207884021096,14.903855733723,7.20483452507994,3.73058275497133,8.07579126613551,14.3109632009688,13.9922952878511,6.97050690521462,9.10007019751869,18.6906607712945,14.938105266576,14.6210037234742,17.4040658903967,14.3103698803407,18.6906607712945,14.9673107577685,14.9911667146498,15.4953573600174,15.0817788585754,19.2829703107228,15.991436979445,9.5612398045539,16.2041747545899,17.077830949132,16.1284185592193,17.6320377484386,18.6906607712945,17.2135303319674,15.3232327609061,16.4421282054455,17.1163380564359,17.5901827346764,17.4895343630757,19.4943071139874,15.6194124152037,17.6057379150677,7.97803038697778,7.86513637692512,18.1076318873586,15.666022160632,16.9368314582249,18.1076318873586,16.4482904909277,18.6906607712945,18.6906607712945,16.4268221333973,18.1076318873587,6.80030619648072,7.67935547158207,9.5612398045539,16.7248777085928,17.0652809367721,18.1076318873586,16.9806348193917,18.1076318873586,16.4030490490003,16.6291618645957,5.68215967876301,18.6906607712945,18.6906607712945,8.86030641206269,8.86030641206269,18.6906607712945,18.1076318873586,17.0165446177024,18.6906607712945,16.6573668471535,18.1076318873586,17.4449440991465,17.0517018770189,18.6906607712945,18.6906607712945,18.6906607712945,18.6906607712945,17.5980192215545,6.80030619648072,5.55592288903767,6.80030619648072,16.8988158144034,16.9008753237898,18.3660493898386,6.80030619648072,18.1076318873587,17.9832761137072,18.6906607712945,17.8414033445259,18.1076318873586,18.1076318873586,18.1076318873587,18.3179724893292,17.5740742309798,18.1076318873587,18.1076318873586,18.6906607712945,18.6906607712945,17.4528711423782,18.1076318873587,18.6906607712945,18.6906607712945,18.6906607712945,18.6906607712945,18.1076318873586,18.1076318873587,18.1076318873586,18.1076318873586,18.6906607712945,18.6906607712945,18.1076318873586,18.1076318873586,18.1076318873586,18.1076318873586,18.465496848773,18.1076318873586,18.1076318873586,18.6906607712945,18.6906607712945,18.1076318873586,18.6906607712945,18.6906607712945,18.6906607712945,18.6906607712945,6.80030619648072,6.80030619648072,18.6906607712945,18.6906607712945,18.6906607712945,6.70244253301447,17.8640661779968,18.1076318873587,17.8634146931175,18.1076318873586,18.6906607712945,18.6906607712945,18.1076318873587,18.1076318873587,18.1076318873587,18.1076318873587,6.80030619648072,6.80030619648072,18.1076318873586,18.1076318873587,18.1076318873587,18.6906607712945,18.6906607712945,18.6906607712945,18.6906607712945,18.6906607712945,18.6906607712945,18.1076318873587,18.1076318873587,6.80030619648072,6.80030619648072,18.1076318873586,18.1076318873586,18.6906607712945,18.6906607712945,18.6906607712945,18.1076318873586,18.1076318873586,18.6906607712945,18.6906607712945
"t35",12.5052656900959,8.0826280402492,8.27957951711635,9.68888159651512,12.1920284306891,11.0547882661051,11.4380189535491,11.1461748005641,11.0384282341453,11.3273988854937,18.0829373225595,8.36942903872116,9.24622748635554,12.1756597828173,9.0732810976005,4.25595615386778,14.6211494571205,12.5899540535771,13.3527186196055,15.1840145790776,12.476984411479,4.6323069382841,5.24035014944944,4.86041240276096,18.254671179393,6.15819983343606,13.3721393575174,14.5026740737146,6.09803640132758,2.58970951600936,17.6524018746013,6.74369231953649,8.29927207815915,15.0758292555242,0,6.82841500144637,14.4656321463527,15.6609586409027,13.8847988102081,14.4678661418215,16.872378289954,13.3981265198454,16.1861937570387,6.62414175354522,6.30547384042746,13.5404359293062,15.6699992216103,18.254671179393,14.5021156746745,14.1850141315727,5.60488602603618,2.51119001598013,18.254671179393,7.28048931034485,14.5551771227483,15.0593677681159,10.59761993823,18.8469807188213,15.5554473875435,17.6716422954571,15.7681851626884,16.6418413572305,6.44501855589681,17.1960481565371,18.254671179393,12.7094075072589,10.8191099361976,8.75530675802186,16.6803484645344,17.1541931427749,17.0535447711742,19.0583175220859,11.1352534948583,17.1697483231662,16.088432877881,15.9755388678284,8.42423188403611,5.98262215730944,16.5008418663234,8.42423188403611,16.0123008990262,18.254671179393,18.254671179393,11.9226993086888,13.6035090626502,17.6716422954571,15.7897579624853,17.6716422954571,12.2207548838843,16.6292913448706,10.420810439935,7.29723481606919,8.42423188403611,6.71964904567775,12.1450029442503,16.5534957777394,18.254671179393,18.254671179393,17.6716422954571,17.6716422954571,18.254671179393,8.42423188403611,16.5805550258009,18.254671179393,6.97396684383095,8.42423188403611,17.008954507245,8.14589512126761,18.254671179393,18.254671179393,18.254671179393,18.254671179393,17.162029629653,17.6716422954571,16.4272589880141,17.6716422954571,9.21199436697973,9.21405387636617,17.9300597979371,17.6716422954571,8.42423188403611,13.4991171933619,18.254671179393,17.4054137526244,8.42423188403611,8.42423188403611,13.6234729670133,17.8819828974277,7.89067422765729,8.42423188403611,8.42423188403611,18.254671179393,18.254671179393,12.9687122220328,13.6234729670133,18.254671179393,18.254671179393,18.254671179393,18.254671179393,13.6035090626502,13.6234729670133,13.6035090626502,13.6035090626502,18.254671179393,18.254671179393,8.42423188403611,8.42423188403611,13.6035090626502,13.6035090626502,18.0295072568715,9.20182513160738,9.20182513160738,18.254671179393,18.254671179393,8.42423188403611,18.254671179393,18.254671179393,18.254671179393,18.254671179393,17.6716422954571,17.6716422954571,18.254671179393,18.254671179393,18.254671179393,17.5737786319909,13.3799072576515,13.6234729670133,8.18001468979498,8.42423188403611,18.254671179393,18.254671179393,13.6234729670133,13.6234729670133,13.6234729670133,13.6234729670133,17.6716422954571,17.6716422954571,8.42423188403611,13.6234729670133,13.6234729670133,18.254671179393,18.254671179393,18.254671179393,18.254671179393,18.254671179393,18.254671179393,13.6234729670133,13.6234729670133,17.6716422954571,17.6716422954571,8.42423188403611,8.42423188403611,18.254671179393,18.254671179393,18.254671179393,8.42423188403611,8.42423188403611,18.254671179393,18.254671179393
"t36",11.9446728834417,7.52203523359502,7.71898671046218,9.12828878986094,11.6314356240349,10.4941954594509,10.8774261468949,10.58558199391,10.4778354274911,10.7668060788395,17.5223445159053,7.80883623206699,8.68563467970137,11.6150669761631,8.51268829094632,4.91434865554123,14.0605566504663,12.0293612469229,12.7921258129514,14.6234217724234,11.9163916048248,6.06829268752883,2.96858045788811,5.51880490443441,17.6940783727388,2.24193255249732,12.8115465508632,13.9420812670604,1.57869463030908,6.00322280616964,17.0918090679471,4.47192262797516,6.02750238659782,14.51523644887,6.82841500144637,0,13.9050393396985,15.1003658342485,13.3242060035539,13.9072733351673,16.3117854832999,12.8375337131912,15.6256009503846,5.81753476388132,5.49886685076356,12.979843122652,15.1094064149561,17.6940783727388,13.9415228680203,13.6244213249185,9.15665163631894,6.06295562626289,17.6940783727388,2.54837335987722,13.9945843160942,14.4987749614617,10.0370271315758,18.2863879121672,14.9948545808893,17.111049488803,15.2075923560342,16.0812485505763,7.88100430514154,16.635455349883,17.6940783727388,12.1488147006048,10.2585171295434,4.02319080755423,16.1197556578802,16.5936003361208,16.49295196452,18.4977247154317,10.5746606882041,16.609155516512,15.5278400712268,15.4149460611742,9.86021763328084,7.41860790655416,15.9402490596692,9.86021763328084,15.451708092372,17.6940783727388,17.6940783727388,11.3621065020346,13.042916255996,17.111049488803,15.2291651558311,17.111049488803,11.6601620772301,16.0686985382165,5.68869448946738,8.73322056531392,9.86021763328084,8.15563479492248,11.5844101375962,15.9929029710853,17.6940783727388,17.6940783727388,17.111049488803,17.111049488803,17.6940783727388,9.86021763328083,16.0199622191467,17.6940783727388,8.40995259307568,9.86021763328084,16.4483617005908,8.80428762294107,17.6940783727388,17.6940783727388,17.6940783727388,17.6940783727388,16.6014368229988,17.111049488803,15.8666661813599,17.111049488803,4.4798784165121,4.48193792589854,17.3694669912829,17.111049488803,9.86021763328084,12.9385243867077,17.6940783727388,16.8448209459702,9.86021763328084,9.86021763328084,13.0628801603591,17.3213900907735,9.32665997690201,9.86021763328084,9.86021763328084,17.6940783727388,17.6940783727388,12.4081194153787,13.0628801603591,17.6940783727388,17.6940783727388,17.6940783727388,17.6940783727388,13.042916255996,13.0628801603591,13.042916255996,13.042916255996,17.6940783727388,17.6940783727388,9.86021763328084,9.86021763328084,13.042916255996,13.042916255996,17.4689144502173,9.86021763328084,9.86021763328084,17.6940783727388,17.6940783727388,9.86021763328083,17.6940783727388,17.6940783727388,17.6940783727388,17.6940783727388,17.111049488803,17.111049488803,17.6940783727388,17.6940783727388,17.6940783727388,17.0131858253367,12.8193144509973,13.0628801603591,9.6160004390397,9.86021763328084,17.6940783727388,17.6940783727388,13.0628801603591,13.0628801603591,13.0628801603591,13.0628801603591,17.111049488803,17.111049488803,9.86021763328084,13.0628801603591,13.0628801603591,17.6940783727388,17.6940783727388,17.6940783727388,17.6940783727388,17.6940783727388,17.6940783727388,13.0628801603591,13.0628801603591,17.111049488803,17.111049488803,9.86021763328083,9.86021763328083,17.6940783727388,17.6940783727388,17.6940783727388,9.86021763328084,9.86021763328084,17.6940783727388,17.6940783727388
"t37",12.3310581728259,7.61016632444367,8.52879026017819,9.51467407924511,9.33982142749912,10.8805807488351,9.10568468557821,8.81384053259327,10.8642207168753,11.1531913682237,17.9087298052895,11.3639705810299,12.2407690286643,4.9955336495542,12.9672068131375,12.5515658004475,14.4469419398505,5.40982792031399,3.56473664405203,15.0098070618076,3.75638481140423,13.7055098324351,12.3169744877016,13.1560220493407,18.080463662123,13.2348241716882,4.65153975744262,14.3284665564446,13.1746607395797,13.6404399510759,8.93180227452656,13.8203166577886,15.3758964164113,6.35522965544942,14.4656321463527,13.9050393396985,0,15.4867511236327,13.7105912929381,14.2936586245515,8.15177868987928,4.67752691977067,4.45570473921886,13.7007660917973,13.3820981786796,6.3603097960431,8.48987308834718,18.080463662123,14.3279081574045,14.0108066143027,16.7938687812252,13.7001727711692,18.080463662123,14.357113648597,14.3809696054783,14.8851602508459,14.4715817494039,18.6727732015513,15.3812398702735,7.82044338527029,15.5939776454184,16.4676338399605,15.5182214500478,17.0218406392671,18.080463662123,16.6033332227959,14.7130356517345,15.831931096274,16.5061409472643,16.9799856255049,16.8793372539042,18.8841100048159,15.0092153060322,16.9955408058962,6.23723396769417,6.12433995764152,17.4974347781871,15.0558250514605,16.3266343490534,17.4974347781871,15.8380933817562,18.080463662123,18.080463662123,15.8166250242258,17.4974347781871,8.95104269538239,4.05926894466542,5.94115327763726,16.1146805994213,16.4550838276006,17.4974347781871,16.3704377102202,17.4974347781871,15.7928519398288,16.0189647554242,7.83289617766468,18.080463662123,18.080463662123,8.95104269538239,8.95104269538239,18.080463662123,17.4974347781871,16.4063475085308,18.080463662123,16.047169737982,17.4974347781871,16.8347469899749,16.4415047678474,18.080463662123,18.080463662123,18.080463662123,18.080463662123,16.987822112383,8.95104269538239,7.70665938793934,8.95104269538239,16.2886187052318,16.2906782146183,17.7558522806671,8.95104269538239,17.4974347781871,17.3730790045357,18.080463662123,17.2312062353544,17.4974347781871,17.4974347781871,17.4974347781871,17.7077753801577,16.9638771218083,17.4974347781871,17.4974347781871,18.080463662123,18.080463662123,16.8426740332067,17.4974347781871,18.080463662123,18.080463662123,18.080463662123,18.080463662123,17.4974347781871,17.4974347781871,17.4974347781871,17.4974347781871,18.080463662123,18.080463662123,17.4974347781871,17.4974347781871,17.4974347781871,17.4974347781871,17.8552997396014,17.4974347781871,17.4974347781871,18.080463662123,18.080463662123,17.4974347781871,18.080463662123,18.080463662123,18.080463662123,18.080463662123,8.95104269538239,8.95104269538239,18.080463662123,18.080463662123,18.080463662123,8.85317903191613,17.2538690688253,17.4974347781871,17.253217583946,17.4974347781871,18.080463662123,18.080463662123,17.4974347781871,17.4974347781871,17.4974347781871,17.4974347781871,8.95104269538239,8.95104269538239,17.4974347781871,17.4974347781871,17.4974347781871,18.080463662123,18.080463662123,18.080463662123,18.080463662123,18.080463662123,18.080463662123,17.4974347781871,17.4974347781871,8.95104269538239,8.95104269538239,17.4974347781871,17.4974347781871,18.080463662123,18.080463662123,18.080463662123,17.4974347781871,17.4974347781871,18.080463662123,18.080463662123
"t38",12.94335578344,9.1037470175292,9.7241167547282,10.1269716898593,13.2131474079691,8.51067398459327,12.4591379308291,12.1672937778441,8.49431395263347,5.40855293717667,12.1640913742425,12.5592970755799,13.4360955232143,13.1967787600973,14.1625333076875,13.7468922949975,15.0592395504646,13.6110730308571,14.3738375968855,5.27381177346168,13.498103388759,14.9008363269851,13.5123009822516,14.3513485438907,8.81315010008519,14.4301506662382,14.3932583347974,5.06115299440681,14.3699872341297,14.8357664456259,18.6735208518813,15.0156431523386,16.5712229109613,16.0969482328042,15.6609586409027,15.1003658342485,15.4867511236327,0,4.44327773090028,5.02634506251367,17.893497267234,14.4192454971254,17.2073127343187,14.8960925863473,14.5774246732296,14.5615549065862,16.6911181988903,11.9862340664298,2.64947903686316,2.33237749376132,17.9891952757752,14.8954992657192,8.81315010008518,15.552440143147,12.0110628412365,5.61784668880809,15.6669082439539,19.2850708121655,6.11392630823567,18.6927612727371,13.2240708811766,14.0977270757186,16.7135479445978,14.6519338750253,15.7105568978811,17.7986597173459,15.9083621462846,17.027257590824,17.1184385578785,17.5922832361191,17.4916348645184,19.49640761543,16.2045418005822,14.6256340416544,17.109551855161,16.9966578451084,18.6927612727371,16.2511515460105,7.05932078701556,18.6927612727371,13.4681866175143,15.7105568978811,8.81315010008519,17.0119515187758,18.6927612727371,18.6927612727371,16.8108769397653,18.6927612727371,17.3100070939713,14.0851770633588,18.6927612727371,17.5657642047702,18.6927612727371,16.9881784343788,17.2142912499742,17.5746147550194,15.7105568978811,15.7105568978811,18.6927612727371,18.6927612727371,11.4111756895491,18.6927612727371,7.13903394649306,8.81315010008518,17.242496232532,18.6927612727371,14.4648402257331,17.6368312623974,8.81315010008519,11.4111756895491,11.4111756895491,8.81315010008519,7.72050855034521,18.6927612727371,17.4483779652941,18.6927612727371,17.4839451997819,17.4860047091683,11.0865643080932,18.6927612727371,18.6927612727371,18.5684054990857,8.81315010008519,7.96389267331662,18.6927612727371,18.6927612727371,18.6927612727371,8.44046181811989,18.1592036163583,18.6927612727371,18.6927612727371,15.7105568978811,15.7105568978811,18.0380005277567,18.6927612727372,8.81315010008519,8.81315010008519,8.81315010008519,8.81315010008519,18.6927612727371,18.6927612727372,18.6927612727371,18.6927612727371,11.4111756895491,11.4111756895491,18.6927612727371,18.6927612727371,18.6927612727371,18.6927612727371,11.1860117670275,18.6927612727371,18.6927612727371,15.7105568978811,15.7105568978811,18.6927612727371,8.81315010008519,8.81315010008519,8.81315010008519,8.81315010008519,18.6927612727371,18.6927612727371,8.81315010008519,11.4111756895491,11.4111756895491,18.5948976092709,18.4491955633753,18.6927612727372,18.448544078496,18.6927612727371,8.81315010008519,8.81315010008519,18.6927612727372,18.6927612727372,18.6927612727371,18.6927612727371,18.6927612727371,18.6927612727371,18.6927612727371,18.6927612727371,18.6927612727371,11.9862340664298,11.9862340664298,11.9862340664298,11.9862340664298,8.81315010008519,8.81315010008519,18.6927612727371,18.6927612727371,18.6927612727371,18.6927612727371,18.6927612727371,18.6927612727371,8.81315010008519,8.81315010008519,8.81315010008519,18.6927612727371,18.6927612727371,8.81315010008519,8.81315010008519
"t39",11.1671959527455,7.32758718683461,7.94795692403361,8.35081185916468,11.4369875772745,6.73451415389868,10.6829781001345,10.3911339471496,6.71815412193888,3.63239310648208,10.3879315435479,10.7831372448853,11.6599356925197,11.4206189294027,12.3863734769929,11.970732464303,13.28307971977,11.8349132001625,12.597677766191,3.9663336690752,11.7219435580644,13.1246764962905,11.736141151557,12.5751887131961,6.02309805153585,12.6539908355436,12.6170985041028,1.3914945338137,12.5938274034351,13.0596066149314,16.8973610211867,13.239483321644,14.7950630802667,14.3207884021096,13.8847988102081,13.3242060035539,13.7105912929381,4.44327773090028,0,0.761949801663979,16.1173374365394,12.6430856664308,15.4311529036242,13.1199327556528,12.801264842535,12.7853950758916,14.9149583681957,10.2100742357352,3.28443476467212,2.96733322157028,16.2130354450807,13.1193394350246,5.23814653550016,13.7762803124524,10.2349030105419,2.80491768195494,13.8907484132593,17.5089109814709,2.53892274365064,16.9166014420426,11.447911050482,12.3215672450241,14.9373881139033,12.8757740443307,13.9343970671866,16.0224998866513,14.13220231559,15.2510977601294,15.3422787271839,15.8161234054245,15.7154750338238,17.7202477847355,14.4283819698876,12.8494742109598,15.3333920244664,15.2204980144138,16.9166014420426,14.4749917153159,3.48431722243053,16.9166014420426,11.6920267868198,13.9343970671866,5.23814653550016,15.2357916880812,16.9166014420426,16.9166014420426,15.0347171090707,16.9166014420426,15.5338472632767,12.3090172326642,16.9166014420426,15.7896043740756,16.9166014420426,15.2120186036842,15.4381314192796,15.7984549243248,13.9343970671866,13.9343970671866,16.9166014420426,16.9166014420426,9.63501585885448,16.9166014420426,4.58253599219368,6.25665214578581,15.4663364018374,16.9166014420426,12.6886803950385,15.8606714317028,5.23814653550016,9.63501585885448,9.63501585885448,5.23814653550016,4.14550498576018,16.9166014420426,15.6722181345995,16.9166014420426,15.7077853690873,15.7098448784737,9.31040447739862,16.9166014420426,16.9166014420426,16.7922456683911,6.00022109323203,4.38888910873159,16.9166014420426,16.9166014420426,16.9166014420426,5.62753281126674,16.3830437856637,16.9166014420426,16.9166014420426,13.9343970671866,13.9343970671866,16.2618406970621,16.9166014420426,5.23814653550016,5.23814653550016,5.23814653550016,5.23814653550016,16.9166014420426,16.9166014420426,16.9166014420426,16.9166014420426,9.63501585885449,9.63501585885449,16.9166014420426,16.9166014420426,16.9166014420426,16.9166014420426,9.40985193633295,16.9166014420426,16.9166014420426,13.9343970671866,13.9343970671866,16.9166014420426,5.23814653550016,5.23814653550016,6.00022109323203,6.00022109323203,16.9166014420426,16.9166014420426,5.23814653550016,9.63501585885448,9.63501585885448,16.8187377785763,16.6730357326808,16.9166014420426,16.6723842478014,16.9166014420426,5.23814653550016,5.23814653550016,16.9166014420426,16.9166014420426,16.9166014420426,16.9166014420426,16.9166014420426,16.9166014420426,16.9166014420426,16.9166014420426,16.9166014420426,10.2100742357352,10.2100742357352,10.2100742357352,10.2100742357352,6.00022109323203,6.00022109323203,16.9166014420426,16.9166014420426,16.9166014420426,16.9166014420426,16.9166014420426,16.9166014420426,5.23814653550016,5.23814653550016,5.23814653550016,16.9166014420426,16.9166014420426,5.23814653550016,5.23814653550016
"t40",11.7502632843588,7.910654518448,8.531024255647,8.93387919077807,12.0200549088879,7.31758148551207,11.2660454317479,10.9742012787629,7.30122145355227,4.21546043809547,10.9709988751613,11.3662045764987,12.2430030241331,12.0036862610161,12.9694408086063,12.5537997959163,13.8661470513834,12.4179805317759,13.1807450978043,4.54940100068859,12.3050108896778,13.7077438279039,12.3192084831704,13.1582560448095,6.60616538314924,13.237058167157,13.2001658357162,1.97456186542709,13.1768947350485,13.6426739465447,17.4804283528001,13.8225506532574,15.3781304118801,14.903855733723,14.4678661418215,13.9072733351673,14.2936586245515,5.02634506251367,0.761949801663979,0,16.7004047681528,13.2261529980442,16.0142202352375,13.7030000872661,13.3843321741484,13.368462407505,15.4980256998091,10.7931415673486,3.86750209628551,3.55040055318367,16.796102776694,13.702406766638,5.82121386711355,14.3593476440658,10.8179703421553,3.38798501356833,14.4738157448727,18.0919783130843,3.12199007526403,17.4996687736559,12.0309783820954,12.9046345766374,15.5204554455166,13.4588413759441,14.5174643987999,16.6055672182647,14.7152696472034,15.8341650917428,15.9253460587973,16.3991907370379,16.2985423654372,18.3033151163488,15.011449301501,13.4325415425732,15.9164593560798,15.8035653460272,17.4996687736559,15.0580590469293,4.06738455404392,17.4996687736559,12.2750941184331,14.5174643987999,5.82121386711355,15.8188590196946,17.4996687736559,17.4996687736559,15.6177844406841,17.4996687736559,16.1169145948901,12.8920845642776,17.4996687736559,16.372671705689,17.4996687736559,15.7950859352976,16.021198750893,16.3815222559382,14.5174643987999,14.5174643987999,17.4996687736559,17.4996687736559,10.2180831904679,17.4996687736559,5.16560332380707,6.8397194773992,16.0494037334508,17.4996687736559,13.2717477266519,16.4437387633162,5.82121386711355,10.2180831904679,10.2180831904679,5.82121386711355,4.72857231737357,17.4996687736559,16.2552854662129,17.4996687736559,16.2908527007007,16.2929122100871,9.89347180901201,17.4996687736559,17.4996687736559,17.3753130000045,6.58328842484542,4.97195644034498,17.4996687736559,17.4996687736559,17.4996687736559,6.21060014288012,16.9661111172771,17.4996687736559,17.4996687736559,14.5174643987999,14.5174643987999,16.8449080286755,17.499668773656,5.82121386711355,5.82121386711355,5.82121386711355,5.82121386711355,17.4996687736559,17.499668773656,17.4996687736559,17.4996687736559,10.2180831904679,10.2180831904679,17.4996687736559,17.4996687736559,17.4996687736559,17.4996687736559,9.99291926794634,17.4996687736559,17.4996687736559,14.5174643987999,14.5174643987999,17.4996687736559,5.82121386711355,5.82121386711355,6.58328842484542,6.58328842484542,17.4996687736559,17.4996687736559,5.82121386711355,10.2180831904679,10.2180831904679,17.4018051101897,17.2561030642941,17.499668773656,17.2554515794148,17.4996687736559,5.82121386711355,5.82121386711355,17.499668773656,17.499668773656,17.4996687736559,17.4996687736559,17.4996687736559,17.4996687736559,17.4996687736559,17.4996687736559,17.4996687736559,10.7931415673486,10.7931415673486,10.7931415673486,10.7931415673486,6.58328842484542,6.58328842484542,17.4996687736559,17.4996687736559,17.4996687736559,17.4996687736559,17.4996687736559,17.4996687736559,5.82121386711355,5.82121386711355,5.82121386711355,17.4996687736559,17.4996687736559,5.82121386711355,5.82121386711355
"t41",14.7378043164273,10.016912468045,10.9355364037796,11.9214202228465,11.7465675711005,13.2873268924365,11.5124308291796,11.2205866761946,13.2709668604767,13.559937511825,20.3154759488908,13.7707167246313,14.6475151722657,7.40227979315558,15.3739529567388,14.9583119440489,16.8536880834518,7.81657406391536,7.03886516313217,17.416553205409,4.6264164455671,16.1122559760365,14.7237206313029,15.5627681929421,20.4872098057244,15.6415703152895,5.50114462707314,16.735212700046,15.5814068831811,16.0471860946773,9.78140714415708,16.22706280139,17.7826425600126,7.20483452507994,16.872378289954,16.3117854832999,8.15177868987928,17.893497267234,16.1173374365394,16.7004047681528,0,3.64543081971955,9.87234030056536,16.1075122353987,15.7888443222809,8.76705593964448,10.8966192319486,20.4872098057244,16.7346543010059,16.417552757904,19.2006149248266,16.1069189147706,20.4872098057244,16.7638597921983,16.7877157490797,17.2919063944473,16.8783278930052,21.0795193451527,17.7879860138748,11.3577888389838,18.0007237890198,18.8743799835619,17.9249675936492,19.4285867828685,20.4872098057244,19.0100793663973,17.1197817953359,18.2386772398754,18.9128870908657,19.3867317691063,19.2860833975056,21.2908561484173,17.4159614496335,19.4022869494976,9.77457942140764,9.66168541135498,19.9041809217885,17.4625711950618,18.7333804926547,19.9041809217885,18.2448395253576,20.4872098057244,20.4872098057244,18.2233711678272,19.9041809217885,9.80064756501291,9.47590450601193,11.3577888389838,18.5214267430227,18.861829971202,19.9041809217885,18.7771838538216,19.9041809217885,18.1995980834301,18.4257108990255,8.68250104729519,20.4872098057244,20.4872098057244,10.6568554464926,10.6568554464926,20.4872098057244,19.9041809217885,18.8130936521322,20.4872098057244,18.4539158815833,19.9041809217885,19.2414931335763,18.8482509114487,20.4872098057244,20.4872098057244,20.4872098057244,20.4872098057244,19.3945682559844,9.80064756501291,8.55626425756986,9.8006475650129,18.6953648488332,18.6974243582197,20.1625984242685,9.8006475650129,19.9041809217885,19.7798251481371,20.4872098057244,19.6379523789558,19.9041809217885,19.9041809217885,19.9041809217885,20.1145215237591,19.3706232654097,19.9041809217885,19.9041809217885,20.4872098057244,20.4872098057244,19.249420176808,19.9041809217885,20.4872098057244,20.4872098057244,20.4872098057244,20.4872098057244,19.9041809217885,19.9041809217885,19.9041809217885,19.9041809217885,20.4872098057244,20.4872098057244,19.9041809217885,19.9041809217885,19.9041809217885,19.9041809217885,20.2620458832028,19.9041809217885,19.9041809217885,20.4872098057244,20.4872098057244,19.9041809217885,20.4872098057244,20.4872098057244,20.4872098057244,20.4872098057244,9.80064756501291,9.80064756501291,20.4872098057244,20.4872098057244,20.4872098057244,9.70278390154665,19.6606152124267,19.9041809217885,19.6599637275474,19.9041809217885,20.4872098057244,20.4872098057244,19.9041809217885,19.9041809217885,19.9041809217885,19.9041809217885,9.80064756501291,9.80064756501291,19.9041809217885,19.9041809217885,19.9041809217885,20.4872098057244,20.4872098057244,20.4872098057244,20.4872098057244,20.4872098057244,20.4872098057244,19.9041809217885,19.9041809217885,9.80064756501291,9.80064756501291,19.9041809217885,19.9041809217885,20.4872098057244,20.4872098057244,20.4872098057244,19.9041809217885,19.9041809217885,20.4872098057244,20.4872098057244
"t42",11.2635525463186,6.54266069793644,7.46128463367095,8.44716845273787,8.27231580099188,9.81307512232787,8.03817905907098,7.74633490608604,9.79671509036807,10.0856857417164,16.8412241787822,10.2964649545227,11.1732634021571,3.92802802304697,11.8997011866302,11.4840601739403,13.3794363133432,4.34232229380675,3.56461339302356,13.9423014353003,1.15216467545849,12.6380042059279,11.2494688611943,12.0885164228335,17.0129580356157,12.1673185451809,2.02689285696453,13.2609609299374,12.1071551130725,12.5729343245687,6.30715537404847,12.7528110312814,14.308390789904,3.73058275497133,13.3981265198454,12.8375337131912,4.67752691977067,14.4192454971254,12.6430856664308,13.2261529980442,3.64543081971955,0,6.39808853045675,12.6332604652901,12.3145925521723,5.29280416953587,7.42236746183994,17.0129580356157,13.2604025308973,12.9433009877954,15.726363154718,12.6326671446619,17.0129580356157,13.2896080220897,13.3134639789711,13.8176546243387,13.4040761228966,17.6052675750441,14.3137342437662,7.88353706887515,14.5264720189112,15.4001282134532,14.4507158235406,15.9543350127599,17.0129580356157,15.5358275962887,13.6455300252273,14.7644254697667,15.4386353207571,15.9124799989977,15.811831627397,17.8166043783086,13.9417096795249,15.928035179389,6.30032765129903,6.18743364124637,16.4299291516799,13.9883194249532,15.2591287225461,16.4299291516799,14.7705877552489,17.0129580356157,17.0129580356157,14.7491193977185,16.4299291516799,6.3263957949043,6.00165273590332,7.88353706887515,15.0471749729141,15.3875782010934,16.4299291516799,15.302932083713,16.4299291516799,14.7253463133215,14.9514591289169,5.20824927718658,17.0129580356157,17.0129580356157,7.18260367638394,7.18260367638394,17.0129580356157,16.4299291516799,15.3388418820236,17.0129580356157,14.9796641114747,16.4299291516799,15.7672413634677,15.3739991413401,17.0129580356157,17.0129580356157,17.0129580356157,17.0129580356157,15.9203164858758,6.32639579490429,5.08201248746125,6.32639579490429,15.2211130787246,15.2231725881111,16.6883466541599,6.3263957949043,16.4299291516799,16.3055733780285,17.0129580356157,16.1637006088472,16.4299291516799,16.4299291516799,16.4299291516799,16.6402697536504,15.8963714953011,16.4299291516799,16.4299291516799,17.0129580356157,17.0129580356157,15.7751684066994,16.4299291516799,17.0129580356157,17.0129580356157,17.0129580356157,17.0129580356157,16.4299291516799,16.4299291516799,16.4299291516799,16.4299291516799,17.0129580356157,17.0129580356157,16.4299291516799,16.4299291516799,16.4299291516799,16.4299291516799,16.7877941130942,16.4299291516799,16.4299291516799,17.0129580356157,17.0129580356157,16.4299291516799,17.0129580356157,17.0129580356157,17.0129580356157,17.0129580356157,6.32639579490429,6.32639579490429,17.0129580356157,17.0129580356157,17.0129580356157,6.22853213143804,16.1863634423181,16.4299291516799,16.1857119574388,16.4299291516799,17.0129580356157,17.0129580356157,16.4299291516799,16.4299291516799,16.4299291516799,16.4299291516799,6.32639579490429,6.32639579490429,16.4299291516799,16.4299291516799,16.4299291516799,17.0129580356157,17.0129580356157,17.0129580356157,17.0129580356157,17.0129580356157,17.0129580356157,16.4299291516799,16.4299291516799,6.3263957949043,6.3263957949043,16.4299291516799,16.4299291516799,17.0129580356157,17.0129580356157,17.0129580356157,16.4299291516799,16.4299291516799,17.0129580356157,17.0129580356157
"t43",14.051619783512,9.33072793512975,10.2493518708643,11.2352356899312,11.0603830381852,12.6011423595212,10.8262462962643,10.5344021432794,12.5847823275614,12.8737529789098,19.6292914159756,13.084532191716,13.9613306393504,6.71609526024029,14.6877684238236,14.2721274111336,16.1675035505365,7.13038953100007,5.28529825473811,16.7303686724937,5.47694642209031,15.4260714431212,14.0375360983876,14.8765836600268,19.8010252728091,14.9553857823743,6.3721013681287,16.0490281671307,14.8952223502658,15.361001561762,10.6523638852126,15.5408782684747,17.0964580270973,8.07579126613551,16.1861937570387,15.6256009503846,4.45570473921886,17.2073127343187,15.4311529036242,16.0142202352375,9.87234030056536,6.39808853045675,0,15.4213277024834,15.1026597893657,8.08087140672918,10.2104346990333,19.8010252728091,16.0484697680906,15.7313682249887,18.5144303919113,15.4207343818553,19.8010252728091,16.077675259283,16.1015312161644,16.605721861532,16.1921433600899,20.3933348122374,17.1018014809595,9.54100499595638,17.3145392561045,18.1881954506466,17.2387830607339,18.7424022499532,19.8010252728091,18.323894833482,16.4335972624206,17.5524927069601,18.2267025579504,18.700547236191,18.5998988645903,20.604671615502,16.7297769167182,18.7161024165823,7.95779557838025,7.8449015683276,19.2179963888732,16.7763866621465,18.0471959597394,19.2179963888732,17.5586549924423,19.8010252728091,19.8010252728091,17.5371866349119,19.2179963888732,10.6716043060685,5.2837693410524,7.16565367402424,17.8352422101074,18.1756454382867,19.2179963888732,18.0909993209063,19.2179963888732,17.5134135505149,17.7395263661103,9.55345778835076,19.8010252728091,19.8010252728091,10.6716043060685,10.6716043060685,19.8010252728091,19.2179963888732,18.1269091192169,19.8010252728091,17.7677313486681,19.2179963888732,18.555308600661,18.1620663785334,19.8010252728091,19.8010252728091,19.8010252728091,19.8010252728091,18.7083837230691,10.6716043060685,9.42722099862542,10.6716043060685,18.0091803159179,18.0112398253044,19.4764138913532,10.6716043060685,19.2179963888732,19.0936406152218,19.8010252728091,18.9517678460405,19.2179963888732,19.2179963888732,19.2179963888732,19.4283369908438,18.6844387324944,19.2179963888732,19.2179963888732,19.8010252728091,19.8010252728091,18.5632356438928,19.2179963888732,19.8010252728091,19.8010252728091,19.8010252728091,19.8010252728091,19.2179963888732,19.2179963888732,19.2179963888732,19.2179963888732,19.8010252728091,19.8010252728091,19.2179963888732,19.2179963888732,19.2179963888732,19.2179963888732,19.5758613502875,19.2179963888732,19.2179963888732,19.8010252728091,19.8010252728091,19.2179963888732,19.8010252728091,19.8010252728091,19.8010252728091,19.8010252728091,10.6716043060685,10.6716043060685,19.8010252728091,19.8010252728091,19.8010252728091,10.5737406426022,18.9744306795114,19.2179963888732,18.9737791946321,19.2179963888732,19.8010252728091,19.8010252728091,19.2179963888732,19.2179963888732,19.2179963888732,19.2179963888732,10.6716043060685,10.6716043060685,19.2179963888732,19.2179963888732,19.2179963888732,19.8010252728091,19.8010252728091,19.8010252728091,19.8010252728091,19.8010252728091,19.8010252728091,19.2179963888732,19.2179963888732,10.6716043060685,10.6716043060685,19.2179963888732,19.2179963888732,19.8010252728091,19.8010252728091,19.8010252728091,19.2179963888732,19.2179963888732,19.8010252728091,19.8010252728091
"t44",11.7403996355406,7.31776198569387,7.51471346256103,8.92401554195979,11.4271623761338,10.2899222115498,10.6731528989938,10.3813087460088,10.27356217959,10.5625328309384,17.3180712680042,7.60456298416584,8.48136143180022,11.410793728262,8.30841504304517,4.71007540764008,13.8562834025651,11.8250879990218,12.5878525650502,14.4191485245223,11.7121183569237,5.86401943962768,4.22946991188439,5.31453165653326,17.4898051248377,5.14731959587101,12.607273302962,13.7378080191593,5.08715616376253,5.79894955826849,16.887535820046,5.73281208197145,7.2883918405941,14.3109632009688,6.62414175354522,5.81753476388132,13.7007660917973,14.8960925863473,13.1199327556528,13.7030000872661,16.1075122353987,12.6332604652901,15.4213277024834,0,0.705551511916012,12.7755698747509,14.905133167055,17.4898051248377,13.7372496201192,13.4201480770173,8.95237838841778,5.85868237836174,17.4898051248377,6.2696090727798,13.790311068193,14.2945017135606,9.8327538836747,18.082114664266,14.7905813329882,16.9067762409018,15.0033191081331,15.8769753026752,7.67673105724039,16.4311821019818,17.4898051248377,11.9445414527036,10.0542438816422,7.74442652045682,15.915482409979,16.3893270882196,16.2886787166189,18.2934514675306,10.370387440303,16.4048822686109,15.3235668233257,15.210672813273,9.65594438537969,7.21433465865301,15.735975811768,9.65594438537969,15.2474348444709,17.4898051248377,17.4898051248377,11.1578332541335,12.8386430080948,16.9067762409018,15.02489190793,16.9067762409018,11.455888829329,15.8644252903153,9.40993020236997,8.52894731741277,9.65594438537969,7.95136154702133,11.380136889695,15.7886297231841,17.4898051248377,17.4898051248377,16.9067762409018,16.9067762409018,17.4898051248377,9.65594438537969,15.8156889712455,17.4898051248377,8.20567934517453,9.65594438537969,16.2440884526896,8.60001437503992,17.4898051248377,17.4898051248377,17.4898051248377,17.4898051248377,16.3971635750977,16.9067762409018,15.6623929334588,16.9067762409018,8.20111412941468,8.20317363880113,17.1651937433818,16.9067762409018,9.65594438537969,12.7342511388066,17.4898051248377,16.6405476980691,9.65594438537969,9.65594438537969,12.858606912458,17.1171168428724,9.12238672900086,9.65594438537969,9.65594438537969,17.4898051248377,17.4898051248377,12.2038461674775,12.858606912458,17.4898051248377,17.4898051248377,17.4898051248377,17.4898051248377,12.8386430080948,12.858606912458,12.8386430080948,12.8386430080948,17.4898051248377,17.4898051248377,9.65594438537969,9.65594438537969,12.8386430080948,12.8386430080948,17.2646412023161,9.65594438537969,9.65594438537969,17.4898051248377,17.4898051248377,9.65594438537969,17.4898051248377,17.4898051248377,17.4898051248377,17.4898051248377,16.9067762409018,16.9067762409018,17.4898051248377,17.4898051248377,17.4898051248377,16.8089125774356,12.6150412030962,12.858606912458,9.41172719113855,9.65594438537969,17.4898051248377,17.4898051248377,12.858606912458,12.858606912458,12.858606912458,12.858606912458,16.9067762409018,16.9067762409018,9.65594438537969,12.858606912458,12.858606912458,17.4898051248377,17.4898051248377,17.4898051248377,17.4898051248377,17.4898051248377,17.4898051248377,12.858606912458,12.858606912458,16.9067762409018,16.9067762409018,9.65594438537969,9.65594438537969,17.4898051248377,17.4898051248377,17.4898051248377,9.65594438537969,9.65594438537969,17.4898051248377,17.4898051248377
"t45",11.4217317224228,6.99909407257612,7.19604554944327,8.60534762884203,11.108494463016,9.97125429843203,10.354484985876,10.0626408328911,9.95489426647223,10.2438649178206,16.9994033548864,7.28589507104808,8.16269351868246,11.0921258151442,7.98974712992741,4.39140749452233,13.5376154894474,11.506420085904,12.2691846519325,14.1004806114045,11.3934504438059,5.54535152650992,3.91080199876663,4.9958637434155,17.1711372117199,4.82865168275325,12.2886053898443,13.4191401060415,4.76848825064477,5.48028164515073,16.5688679069282,5.41414416885369,6.96972392747634,13.9922952878511,6.30547384042746,5.49886685076356,13.3820981786796,14.5774246732296,12.801264842535,13.3843321741484,15.7888443222809,12.3145925521723,15.1026597893657,0.705551511916012,0,12.4569019616331,14.5864652539372,17.1711372117199,13.4185817070014,13.1014801638996,8.63371047530003,5.54001446524398,17.1711372117199,5.95094115966204,13.4716431550753,13.9758338004428,9.51408597055694,17.7634467511483,14.4719134198704,16.5881083277841,14.6846511950153,15.5583073895574,7.35806314412263,16.1125141888641,17.1711372117199,11.6258735395858,9.73557596852448,7.42575860733906,15.5968144968613,16.0706591751019,15.9700108035011,17.9747835544128,10.0517195271852,16.0862143554931,15.0048989102079,14.8920049001553,9.33727647226193,6.89566674553526,15.4173078986503,9.33727647226193,14.9287669313531,17.1711372117199,17.1711372117199,10.8391653410157,12.5199750949771,16.5881083277841,14.7062239948122,16.5881083277841,11.1372209162112,15.5457573771976,9.09126228925221,8.21027940429501,9.33727647226193,7.63269363390357,11.0614689765772,15.4699618100663,17.1711372117199,17.1711372117199,16.5881083277841,16.5881083277841,17.1711372117199,9.33727647226193,15.4970210581278,17.1711372117199,7.88701143205677,9.33727647226193,15.9254205395719,8.28134646192216,17.1711372117199,17.1711372117199,17.1711372117199,17.1711372117199,16.0784956619799,16.5881083277841,15.343725020341,16.5881083277841,7.88244621629693,7.88450572568337,16.846525830264,16.5881083277841,9.33727647226193,12.4155832256888,17.1711372117199,16.3218797849513,9.33727647226193,9.33727647226193,12.5399389993402,16.7984489297546,8.80371881588311,9.33727647226193,9.33727647226193,17.1711372117199,17.1711372117199,11.8851782543598,12.5399389993402,17.1711372117199,17.1711372117199,17.1711372117199,17.1711372117199,12.5199750949771,12.5399389993402,12.5199750949771,12.5199750949771,17.1711372117199,17.1711372117199,9.33727647226193,9.33727647226193,12.5199750949771,12.5199750949771,16.9459732891984,9.33727647226193,9.33727647226193,17.1711372117199,17.1711372117199,9.33727647226193,17.1711372117199,17.1711372117199,17.1711372117199,17.1711372117199,16.5881083277841,16.5881083277841,17.1711372117199,17.1711372117199,17.1711372117199,16.4902446643178,12.2963732899784,12.5399389993402,9.09305927802079,9.33727647226193,17.1711372117199,17.1711372117199,12.5399389993402,12.5399389993402,12.5399389993402,12.5399389993402,16.5881083277841,16.5881083277841,9.33727647226193,12.5399389993402,12.5399389993402,17.1711372117199,17.1711372117199,17.1711372117199,17.1711372117199,17.1711372117199,17.1711372117199,12.5399389993402,12.5399389993402,16.5881083277841,16.5881083277841,9.33727647226193,9.33727647226193,17.1711372117199,17.1711372117199,17.1711372117199,9.33727647226193,9.33727647226193,17.1711372117199,17.1711372117199
"t46",11.4058619557794,6.68497010739721,7.60359404313173,8.58947786219865,8.41462521045266,9.95538453178865,8.18048846853176,7.88864431554682,9.93902449982884,10.2279951511772,16.983533588243,10.4387743639835,11.3155728116178,3.46684752107143,12.042010596091,11.6263695834011,13.521745722804,1.91467280024916,5.24739626929598,14.0846108447611,4.37166206116942,12.7803136153887,11.3917782706551,12.2308258322942,17.1552674450765,12.3096279546417,5.26681700720782,13.4032703393981,12.2494645225332,12.7152437340295,9.54707952429175,12.8951204407421,14.4507001993648,6.97050690521462,13.5404359293062,12.979843122652,6.3603097960431,14.5615549065862,12.7853950758916,13.368462407505,8.76705593964448,5.29280416953587,8.08087140672918,12.7755698747509,12.4569019616331,0,2.46108521192083,17.1552674450765,13.402711940358,13.0856103972562,15.8686725641788,12.7749765541227,17.1552674450765,13.4319174315505,13.4557733884319,13.9599640337994,13.5463855323574,17.7475769845049,14.456043653227,9.56631994514758,14.6687814283719,15.542437622914,14.5930252330014,16.0966444222207,17.1552674450765,15.6781370057494,13.7878394346881,14.9067348792275,15.5809447302179,16.0547894084585,15.9541410368577,17.9589137877694,14.0840190889857,16.0703445888497,7.98311052757146,7.8702165175188,16.5722385611407,14.130628834414,15.4014381320069,16.5722385611407,14.9128971647097,17.1552674450765,17.1552674450765,14.8914288071793,16.5722385611407,9.56631994514759,7.68443561217575,9.56631994514758,15.1894843823748,15.5298876105542,16.5722385611407,15.4452414931738,16.5722385611407,14.8676557227823,15.0937685383777,8.44817342742987,17.1552674450765,17.1552674450765,9.56631994514758,9.56631994514758,17.1552674450765,16.5722385611407,15.4811512914844,17.1552674450765,15.1219735209355,16.5722385611407,15.9095507729285,15.5163085508009,17.1552674450765,17.1552674450765,17.1552674450765,17.1552674450765,16.0626258953365,9.56631994514758,8.32193663770454,9.56631994514758,15.3634224881854,15.3654819975718,16.8306560636207,9.56631994514759,16.5722385611407,16.4478827874893,17.1552674450765,16.306010018308,16.5722385611407,16.5722385611407,16.5722385611407,16.7825791631112,16.0386809047619,16.5722385611407,16.5722385611407,17.1552674450765,17.1552674450765,15.9174778161602,16.5722385611407,17.1552674450765,17.1552674450765,17.1552674450765,17.1552674450765,16.5722385611407,16.5722385611407,16.5722385611407,16.5722385611407,17.1552674450765,17.1552674450765,16.5722385611407,16.5722385611407,16.5722385611407,16.5722385611407,16.930103522555,16.5722385611407,16.5722385611407,17.1552674450765,17.1552674450765,16.5722385611407,17.1552674450765,17.1552674450765,17.1552674450765,17.1552674450765,9.56631994514758,9.56631994514758,17.1552674450765,17.1552674450765,17.1552674450765,9.46845628168133,16.3286728517789,16.5722385611407,16.3280213668995,16.5722385611407,17.1552674450765,17.1552674450765,16.5722385611407,16.5722385611407,16.5722385611407,16.5722385611407,9.56631994514758,9.56631994514758,16.5722385611407,16.5722385611407,16.5722385611407,17.1552674450765,17.1552674450765,17.1552674450765,17.1552674450765,17.1552674450765,17.1552674450765,16.5722385611407,16.5722385611407,9.56631994514759,9.56631994514759,16.5722385611407,16.5722385611407,17.1552674450765,17.1552674450765,17.1552674450765,16.5722385611407,16.5722385611407,17.1552674450765,17.1552674450765
"t47",13.5354252480835,8.81453339970129,9.7331573354358,10.7190411545027,10.5441885027567,12.0849478240927,10.3100517608358,10.0182076078509,12.0685877921329,12.3575584434813,19.1130968805471,12.5683376562875,13.4451361039219,5.59641081337551,14.1715738883951,13.7559328757051,15.6513090151081,4.04423609255324,7.37695956160006,16.2141741370652,6.5012253534735,14.9098769076927,13.5213415629592,14.3603891245983,19.2848307373806,14.4391912469458,7.39638029951189,15.5328336317022,14.3790278148373,14.8448070263335,11.6766428165958,15.0246837330462,16.5802634916689,9.10007019751869,15.6699992216103,15.1094064149561,8.48987308834718,16.6911181988903,14.9149583681957,15.4980256998091,10.8966192319486,7.42236746183994,10.2104346990333,14.905133167055,14.5864652539372,2.46108521192083,0,19.2848307373806,15.5322752326621,15.2151736895603,17.9982358564828,14.9045398464268,19.2848307373806,15.5614807238546,15.5853366807359,16.0895273261035,15.6759488246615,19.877140276809,16.5856069455311,11.6958832374517,16.798344720676,17.6720009152181,16.7225885253055,18.2262077145248,19.2848307373806,17.8077002980535,15.9174027269922,17.0362981715316,17.710508022522,18.1843527007625,18.0837043291618,20.0884770800735,16.2135823812898,18.1999078811538,10.1126738198755,9.99977980982288,18.7018018534447,16.2601921267181,17.531001424311,18.7018018534447,17.0424604570138,19.2848307373806,19.2848307373806,17.0209920994834,18.7018018534448,11.6958832374517,9.81399890447982,11.6958832374517,17.3190476746789,17.6594509028582,18.7018018534447,17.5748047854778,18.7018018534447,16.9972190150864,17.2233318306818,10.5777367197339,19.2848307373806,19.2848307373806,11.6958832374517,11.6958832374517,19.2848307373806,18.7018018534447,17.6107145837885,19.2848307373806,17.2515368132396,18.7018018534447,18.0391140652326,17.645871843105,19.2848307373806,19.2848307373806,19.2848307373806,19.2848307373806,18.1921891876406,11.6958832374517,10.4514999300086,11.6958832374517,17.4929857804895,17.4950452898759,18.9602193559247,11.6958832374517,18.7018018534448,18.5774460797933,19.2848307373806,18.435573310612,18.7018018534447,18.7018018534447,18.7018018534448,18.9121424554153,18.1682441970659,18.7018018534448,18.7018018534447,19.2848307373806,19.2848307373806,18.0470411084643,18.7018018534448,19.2848307373806,19.2848307373806,19.2848307373806,19.2848307373806,18.7018018534447,18.7018018534448,18.7018018534447,18.7018018534447,19.2848307373806,19.2848307373806,18.7018018534447,18.7018018534447,18.7018018534447,18.7018018534447,19.0596668148591,18.7018018534447,18.7018018534447,19.2848307373806,19.2848307373806,18.7018018534447,19.2848307373806,19.2848307373806,19.2848307373806,19.2848307373806,11.6958832374517,11.6958832374517,19.2848307373806,19.2848307373806,19.2848307373806,11.5980195739854,18.4582361440829,18.7018018534448,18.4575846592036,18.7018018534447,19.2848307373806,19.2848307373806,18.7018018534448,18.7018018534448,18.7018018534448,18.7018018534448,11.6958832374517,11.6958832374517,18.7018018534447,18.7018018534448,18.7018018534448,19.2848307373806,19.2848307373806,19.2848307373806,19.2848307373806,19.2848307373806,19.2848307373806,18.7018018534448,18.7018018534448,11.6958832374517,11.6958832374517,18.7018018534447,18.7018018534447,19.2848307373806,19.2848307373806,19.2848307373806,18.7018018534447,18.7018018534447,19.2848307373806,19.2848307373806
"t48",15.5370683219304,11.6974595560195,12.3178292932185,12.7206842283496,15.8068599464594,11.1043865230836,15.0528504693194,14.7610063163345,11.0880264911238,8.00226547566698,14.7578039127328,15.1530096140703,16.0298080617046,15.7904912985876,16.7562458461778,16.3406048334879,17.6529520889549,16.2047855693474,16.9675501353759,11.5092900046047,16.0918159272493,17.4945488654755,16.1060135207419,16.945061082381,14.5799466049201,17.0238632047285,16.9869708732877,10.8279494992417,16.96369977262,17.4294789841163,21.2672333903716,17.6093556908289,19.1649354494516,18.6906607712945,18.254671179393,17.6940783727388,18.080463662123,11.9862340664298,10.2100742357352,10.7931415673486,20.4872098057244,17.0129580356157,19.8010252728091,17.4898051248377,17.1711372117199,17.1552674450765,19.2848307373806,0,10.8273911002016,10.5102895570997,20.5829078142656,17.4892118042095,14.5799466049201,18.1461526816373,14.6047753797268,11.384643193643,18.2606207824442,21.8787833506558,11.8807228130706,21.2864738112275,15.8177834196669,16.691439614209,19.3072604830882,17.2456464135156,18.3042694363715,20.3923722558362,18.5020746847749,19.6209701293143,19.7121510963688,20.1859957746094,20.0853474030087,22.0901201539204,18.7982543390725,17.2193465801447,19.7032643936513,19.5903703835987,21.2864738112275,18.8448640845008,12.8261172918504,21.2864738112275,16.0618991560047,18.3042694363715,14.5799466049201,19.6056640572661,21.2864738112275,21.2864738112275,19.4045894782556,21.2864738112275,19.9037196324616,16.6788896018491,21.2864738112275,20.1594767432605,21.2864738112275,19.5818909728691,19.8080037884645,20.1683272935098,18.3042694363715,18.3042694363715,21.2864738112275,21.2864738112275,14.5799466049201,21.2864738112275,12.9058304513279,14.5799466049201,19.8362087710223,21.2864738112275,17.0585527642234,20.2305438008877,14.5799466049201,14.5799466049201,14.5799466049201,14.5799466049201,13.4873050551801,21.2864738112275,20.0420905037844,21.2864738112275,20.0776577382722,20.0797172476586,14.2553352234642,21.2864738112275,21.2864738112275,21.1621180375761,14.5799466049201,13.7306891781515,21.2864738112275,21.2864738112275,21.2864738112275,14.2072583229548,20.7529161548486,21.2864738112275,21.2864738112275,18.3042694363715,18.3042694363715,20.631713066247,21.2864738112275,14.5799466049201,14.5799466049201,14.5799466049201,14.5799466049201,21.2864738112275,21.2864738112275,21.2864738112275,21.2864738112275,14.5799466049201,14.5799466049201,21.2864738112275,21.2864738112275,21.2864738112275,21.2864738112275,14.3547826823985,21.2864738112275,21.2864738112275,18.3042694363715,18.3042694363715,21.2864738112275,14.5799466049201,14.5799466049201,14.5799466049201,14.5799466049201,21.2864738112275,21.2864738112275,14.5799466049201,14.5799466049201,14.5799466049201,21.1886101477612,21.0429081018657,21.2864738112275,21.0422566169863,21.2864738112275,14.5799466049201,14.5799466049201,21.2864738112275,21.2864738112275,21.2864738112275,21.2864738112275,21.2864738112275,21.2864738112275,21.2864738112275,21.2864738112275,21.2864738112275,8.45866582685224,8.45866582685224,8.45866582685224,8.45866582685224,14.5799466049201,14.5799466049201,21.2864738112275,21.2864738112275,21.2864738112275,21.2864738112275,21.2864738112275,21.2864738112275,14.5799466049201,14.5799466049201,14.5799466049201,21.2864738112275,21.2864738112275,14.5799466049201,14.5799466049201
"t49",11.7845128172119,7.94490405130104,8.56527378850003,8.96812872363111,12.0543044417409,7.3518310183651,11.3002949646009,11.008450811616,7.3354709864053,4.2497099709485,11.0052484080143,11.4004541093518,12.2772525569861,12.0379357938691,13.0036903414593,12.5880493287694,13.9003965842365,12.4522300646289,13.2149946306574,4.11496880723352,12.3392604225308,13.741993360757,12.3534580160234,13.1925055776626,7.65430713385703,13.27130770001,13.2344153685692,3.90231002817865,13.2111442679015,13.6769234793978,17.5146778856531,13.8568001861105,15.4123799447331,14.938105266576,14.5021156746745,13.9415228680203,14.3279081574045,2.64947903686316,3.28443476467212,3.86750209628551,16.7346543010059,13.2604025308973,16.0484697680906,13.7372496201192,13.4185817070014,13.402711940358,15.5322752326621,10.8273911002016,0,0.635538019700648,16.8303523095471,13.736656299491,7.65430713385702,14.3935971769188,10.8522198750083,4.45900372257993,14.5080652777257,18.1262278459373,4.95508334200751,17.533918306509,12.0652279149484,12.9388841094905,15.5547049783697,13.4930909087971,14.551713931653,16.6398167511178,14.7495191800564,15.8684146245958,15.9595955916503,16.4334402698909,16.3327918982902,18.3375646492019,15.045698834354,13.4667910754262,15.9507088889329,15.8378148788802,17.533918306509,15.0923085797823,5.90047782078739,17.533918306509,12.3093436512862,14.551713931653,7.65430713385702,15.8531085525476,17.533918306509,17.533918306509,15.6520339735371,17.533918306509,16.1511641277431,12.9263340971306,17.533918306509,16.4069212385421,17.533918306509,15.8293354681506,16.055448283746,16.4157717887913,14.551713931653,14.551713931653,17.533918306509,17.533918306509,10.2523327233209,17.533918306509,5.98019098026489,7.65430713385702,16.0836532663038,17.533918306509,13.3059972595049,16.4779882961692,7.65430713385702,10.2523327233209,10.2523327233209,7.65430713385702,6.56166558411705,17.533918306509,16.2895349990659,17.533918306509,16.3251022335537,16.3271617429401,9.92772134186504,17.533918306509,17.533918306509,17.4095625328576,7.65430713385702,6.80504970708846,17.533918306509,17.533918306509,17.533918306509,7.28161885189173,17.0003606501302,17.533918306509,17.533918306509,14.551713931653,14.551713931653,16.8791575615285,17.533918306509,7.65430713385702,7.65430713385702,7.65430713385702,7.65430713385703,17.533918306509,17.533918306509,17.533918306509,17.533918306509,10.2523327233209,10.2523327233209,17.533918306509,17.533918306509,17.533918306509,17.533918306509,10.0271688007994,17.533918306509,17.533918306509,14.551713931653,14.551713931653,17.533918306509,7.65430713385703,7.65430713385703,7.65430713385702,7.65430713385702,17.533918306509,17.533918306509,7.65430713385703,10.2523327233209,10.2523327233209,17.4360546430427,17.2903525971472,17.533918306509,17.2897011122678,17.533918306509,7.65430713385702,7.65430713385702,17.533918306509,17.533918306509,17.533918306509,17.533918306509,17.533918306509,17.533918306509,17.533918306509,17.533918306509,17.533918306509,10.8273911002016,10.8273911002016,10.8273911002016,10.8273911002016,7.65430713385703,7.65430713385703,17.533918306509,17.533918306509,17.533918306509,17.533918306509,17.533918306509,17.533918306509,7.65430713385703,7.65430713385702,7.65430713385702,17.533918306509,17.533918306509,7.65430713385703,7.65430713385703
"t50",11.46741127411,7.6278025081992,8.2481722453982,8.65102718052927,11.7372028986391,7.03472947526326,10.9831934214991,10.6913492685141,7.01836944330346,3.93260842784666,10.6881468649125,11.0833525662499,11.9601510138843,11.7208342507673,12.6865887983575,12.2709477856675,13.5832950411346,12.1351285215271,12.8978930875555,3.79786726413168,12.022158879429,13.4248918176551,12.0363564729216,12.8754040345607,7.33720559075519,12.9542061569082,12.9173138254674,3.58520848507681,12.8940427247997,13.3598219362959,17.1975763425513,13.5396986430086,15.0952784016313,14.6210037234742,14.1850141315727,13.6244213249185,14.0108066143027,2.33237749376132,2.96733322157028,3.55040055318367,16.417552757904,12.9433009877954,15.7313682249887,13.4201480770173,13.1014801638996,13.0856103972562,15.2151736895603,10.5102895570997,0.635538019700648,0,16.5132507664452,13.4195547563892,7.33720559075518,14.076495633817,10.5351183319065,4.14190217947809,14.1909637346239,17.8091263028355,4.63798179890567,17.2168167634071,11.7481263718466,12.6217825663886,15.2376034352678,13.1759893656953,14.2346123885511,16.3227152080159,14.4324176369545,15.551313081494,15.6424940485485,16.1163387267891,16.0156903551884,18.0204631061,14.7285972912522,13.1496895323243,15.633607345831,15.5207133357784,17.2168167634071,14.7752070366805,5.58337627768556,17.2168167634071,11.9922421081843,14.2346123885511,7.33720559075519,15.5360070094458,17.2168167634071,17.2168167634071,15.3349324304353,17.2168167634071,15.8340625846413,12.6092325540288,17.2168167634071,16.0898196954402,17.2168167634071,15.5122339250488,15.7383467406442,16.0986702456894,14.2346123885511,14.2346123885511,17.2168167634071,17.2168167634071,9.93523118021907,17.2168167634071,5.66308943716305,7.33720559075518,15.766551723202,17.2168167634071,12.9888957164031,16.1608867530674,7.33720559075519,9.93523118021907,9.93523118021907,7.33720559075519,6.24456404101521,17.2168167634071,15.9724334559641,17.2168167634071,16.0080006904519,16.0100601998383,9.6106197987632,17.2168167634071,17.2168167634071,17.0924609897557,7.33720559075519,6.48794816398662,17.2168167634071,17.2168167634071,17.2168167634071,6.96451730878989,16.6832591070283,17.2168167634071,17.2168167634071,14.2346123885511,14.2346123885511,16.5620560184267,17.2168167634071,7.33720559075519,7.33720559075519,7.33720559075519,7.33720559075519,17.2168167634071,17.2168167634071,17.2168167634071,17.2168167634071,9.93523118021907,9.93523118021907,17.2168167634071,17.2168167634071,17.2168167634071,17.2168167634071,9.71006725769753,17.2168167634071,17.2168167634071,14.2346123885511,14.2346123885511,17.2168167634071,7.33720559075519,7.33720559075519,7.33720559075519,7.33720559075519,17.2168167634071,17.2168167634071,7.33720559075519,9.93523118021907,9.93523118021907,17.1189530999409,16.9732510540453,17.2168167634071,16.972599569166,17.2168167634071,7.33720559075519,7.33720559075519,17.2168167634071,17.2168167634071,17.2168167634071,17.2168167634071,17.2168167634071,17.2168167634071,17.2168167634071,17.2168167634071,17.2168167634071,10.5102895570998,10.5102895570998,10.5102895570998,10.5102895570998,7.33720559075519,7.33720559075519,17.2168167634071,17.2168167634071,17.2168167634071,17.2168167634071,17.2168167634071,17.2168167634071,7.33720559075519,7.33720559075519,7.33720559075519,17.2168167634071,17.2168167634071,7.33720559075519,7.33720559075519
"t51",14.8335023249685,10.4108646751218,10.6078161519889,12.0171182313877,14.5202650655617,13.3830249009777,13.7662555884216,13.4744114354367,13.3666648690179,13.6556355203663,20.4111739574321,10.6976656735937,11.5744641212281,14.5038964176899,11.4015177324731,6.58419278874035,16.949386091993,14.9181906884497,15.6809552544781,17.5122512139502,14.8052210463516,6.96054357315667,7.56858678432201,7.18864903763352,20.5829078142656,8.48643646830863,15.7003759923899,16.8309107085872,8.42627303620015,4.91794615088193,19.9806385094739,9.07192895440906,10.6275087130317,17.4040658903967,5.60488602603618,9.15665163631894,16.7938687812252,17.9891952757752,16.2130354450807,16.796102776694,19.2006149248266,15.726363154718,18.5144303919113,8.95237838841778,8.63371047530003,15.8686725641788,17.9982358564828,20.5829078142656,16.8303523095471,16.5132507664452,0,3.82736744431774,20.5829078142656,9.60872594521742,16.8834137576209,17.3876044029885,12.9258565731026,21.1752173536939,17.883684022416,19.9998789303297,18.096421797561,18.9700779921031,8.77325519076938,19.5242847914097,20.5829078142656,15.0376441421315,13.1473465710701,11.0835433928944,19.0085850994069,19.4824297776475,19.3817814060468,21.3865541569585,13.4634901297309,19.4979849580388,18.4166695127536,18.3037755027009,10.7524685189087,8.31085879218201,18.8290785011959,10.7524685189087,18.3405375338988,20.5829078142656,20.5829078142656,14.2509359435614,15.9317456975227,19.9998789303297,18.1179945973579,19.9998789303297,14.5489915187569,18.9575279797432,12.7490470748076,9.62547145094176,10.7524685189087,9.04788568055032,14.4732395791229,18.881732412612,20.5829078142656,20.5829078142656,19.9998789303297,19.9998789303297,20.5829078142656,10.7524685189087,18.9087916606734,20.5829078142656,9.30220347870352,10.7524685189087,19.3371911421175,10.4741317561402,20.5829078142656,20.5829078142656,20.5829078142656,20.5829078142656,19.4902662645256,19.9998789303297,18.7554956228867,19.9998789303297,11.5402310018523,11.5422905112387,20.2582964328097,19.9998789303297,10.7524685189087,15.8273538282345,20.5829078142656,19.733650387497,10.7524685189087,10.7524685189087,15.9517096018859,20.2102195323003,10.2189108625299,10.7524685189087,10.7524685189087,20.5829078142656,20.5829078142656,15.2969488569054,15.9517096018859,20.5829078142656,20.5829078142656,20.5829078142656,20.5829078142656,15.9317456975227,15.9517096018859,15.9317456975227,15.9317456975227,20.5829078142656,20.5829078142656,10.7524685189087,10.7524685189087,15.9317456975227,15.9317456975227,20.357743891744,11.53006176648,11.53006176648,20.5829078142656,20.5829078142656,10.7524685189087,20.5829078142656,20.5829078142656,20.5829078142656,20.5829078142656,19.9998789303297,19.9998789303297,20.5829078142656,20.5829078142656,20.5829078142656,19.9020152668635,15.7081438925241,15.9517096018859,10.5082513246675,10.7524685189087,20.5829078142656,20.5829078142656,15.9517096018859,15.9517096018859,15.9517096018859,15.9517096018859,19.9998789303297,19.9998789303297,10.7524685189087,15.9517096018859,15.9517096018859,20.5829078142656,20.5829078142656,20.5829078142656,20.5829078142656,20.5829078142656,20.5829078142656,15.9517096018859,15.9517096018859,19.9998789303297,19.9998789303297,10.7524685189087,10.7524685189087,20.5829078142656,20.5829078142656,20.5829078142656,10.7524685189087,10.7524685189087,20.5829078142656,20.5829078142656
"t52",11.7398063149124,7.31716866506572,7.51412014193288,8.92342222133164,11.4265690555056,10.2893288909216,10.6725595783656,10.3807154253807,10.2729688589618,10.5619395103102,17.317477947376,7.60396966353768,8.48076811117206,11.4102004076338,8.30782172241702,3.4904967786843,13.855690081937,11.8244946783936,12.5872592444221,14.4185552038941,11.7115250362955,3.86684756310062,4.47489077426596,4.09495302757748,17.4892118042095,5.39274045825258,12.6066799823339,13.7372146985311,5.3325770261441,1.82425014082589,16.8869424994178,5.97823294435301,7.53381270297567,14.3103698803407,2.51119001598013,6.06295562626289,13.7001727711692,14.8954992657192,13.1193394350246,13.702406766638,16.1069189147706,12.6326671446619,15.4207343818553,5.85868237836174,5.54001446524398,12.7749765541227,14.9045398464268,17.4892118042095,13.736656299491,13.4195547563892,3.82736744431774,0,17.4892118042095,6.51502993516137,13.7897177475649,14.2939083929324,9.83216056304655,18.0815213436379,14.78998801236,16.9061829202737,15.0027257875049,15.876381982047,5.67955918071333,16.4305887813537,17.4892118042095,11.9439481320754,10.0536505610141,7.98984738283838,15.9148890893509,16.3887337675915,16.2880853959907,18.2928581469024,10.3697941196748,16.4042889479827,15.3229735026975,15.2100794926449,7.65877250885263,5.21716278212596,15.7353824911399,7.65877250885263,15.2468415238427,17.4892118042095,17.4892118042095,11.1572399335053,12.8380496874667,16.9061829202737,15.0242985873018,16.9061829202737,11.4552955087008,15.8638319696872,9.65535106475153,6.53177544088571,7.65877250885263,5.95418967049427,11.3795435690669,15.788036402556,17.4892118042095,17.4892118042095,16.9061829202737,16.9061829202737,17.4892118042095,7.65877250885263,15.8150956506174,17.4892118042095,6.20850746864747,7.65877250885263,16.2434951320615,7.38043574608413,17.4892118042095,17.4892118042095,17.4892118042095,17.4892118042095,16.3965702544695,16.9061829202737,15.6617996128306,16.9061829202737,8.44653499179625,8.4485945011827,17.1646004227536,16.9061829202737,7.65877250885263,12.7336578181784,17.4892118042095,16.6399543774409,7.65877250885263,7.65877250885263,12.8580135918298,17.1165235222442,7.12521485247381,7.65877250885263,7.65877250885263,17.4892118042095,17.4892118042095,12.2032528468494,12.8580135918298,17.4892118042095,17.4892118042095,17.4892118042095,17.4892118042095,12.8380496874667,12.8580135918298,12.8380496874667,12.8380496874667,17.4892118042095,17.4892118042095,7.65877250885263,7.65877250885263,12.8380496874667,12.8380496874667,17.264047881688,8.4363657564239,8.4363657564239,17.4892118042095,17.4892118042095,7.65877250885263,17.4892118042095,17.4892118042095,17.4892118042095,17.4892118042095,16.9061829202737,16.9061829202737,17.4892118042095,17.4892118042095,17.4892118042095,16.8083192568074,12.614447882468,12.8580135918298,7.4145553146115,7.65877250885263,17.4892118042095,17.4892118042095,12.8580135918298,12.8580135918298,12.8580135918298,12.8580135918298,16.9061829202737,16.9061829202737,7.65877250885263,12.8580135918298,12.8580135918298,17.4892118042095,17.4892118042095,17.4892118042095,17.4892118042095,17.4892118042095,17.4892118042095,12.8580135918298,12.8580135918298,16.9061829202737,16.9061829202737,7.65877250885263,7.65877250885263,17.4892118042095,17.4892118042095,17.4892118042095,7.65877250885263,7.65877250885263,17.4892118042095,17.4892118042095
"t53",15.5370683219304,11.6974595560195,12.3178292932185,12.7206842283496,15.8068599464594,11.1043865230836,15.0528504693194,14.7610063163345,11.0880264911238,8.00226547566698,14.7578039127328,15.1530096140703,16.0298080617046,15.7904912985876,16.7562458461778,16.3406048334879,17.6529520889549,16.2047855693474,16.9675501353759,8.3362060382601,16.0918159272493,17.4945488654755,16.1060135207419,16.945061082381,10.3929704207208,17.0238632047285,16.9869708732877,5.85602179900669,16.96369977262,17.4294789841163,21.2672333903716,17.6093556908289,19.1649354494516,18.6906607712945,18.254671179393,17.6940783727388,18.080463662123,8.81315010008518,5.23814653550016,5.82121386711355,20.4872098057244,17.0129580356157,19.8010252728091,17.4898051248377,17.1711372117199,17.1552674450765,19.2848307373806,14.5799466049201,7.65430713385702,7.33720559075518,20.5829078142656,17.4892118042095,0,18.1461526816373,14.6047753797268,7.17479005113984,18.2606207824442,21.8787833506558,5.470576318494,21.2864738112275,15.8177834196669,16.691439614209,19.3072604830882,17.2456464135156,18.3042694363715,20.3923722558362,18.5020746847749,19.6209701293143,19.7121510963688,20.1859957746094,20.0853474030087,22.0901201539204,18.7982543390725,17.2193465801447,19.7032643936513,19.5903703835987,21.2864738112275,18.8448640845008,6.54082360641643,21.2864738112275,16.0618991560047,18.3042694363715,8.29465291948606,19.6056640572661,21.2864738112275,21.2864738112275,19.4045894782556,21.2864738112275,19.9037196324616,16.6788896018491,21.2864738112275,20.1594767432605,21.2864738112275,19.5818909728691,19.8080037884645,20.1683272935098,18.3042694363715,18.3042694363715,21.2864738112275,21.2864738112275,14.0048882280394,21.2864738112275,8.95240836137858,10.6265245149707,19.8362087710223,21.2864738112275,17.0585527642234,20.2305438008877,8.29465291948606,14.0048882280394,14.0048882280394,8.16980011034352,7.07715856060354,21.2864738112275,20.0420905037844,21.2864738112275,20.0776577382722,20.0797172476586,13.6802768465835,21.2864738112275,21.2864738112275,21.1621180375761,10.3700934624169,7.44539549271749,21.2864738112275,21.2864738112275,21.2864738112275,9.99740518045164,20.7529161548486,21.2864738112275,21.2864738112275,18.3042694363715,18.3042694363715,20.631713066247,21.2864738112275,8.16980011034352,8.16980011034352,8.29465291948606,8.29465291948606,21.2864738112275,21.2864738112275,21.2864738112275,21.2864738112275,14.0048882280394,14.0048882280394,21.2864738112275,21.2864738112275,21.2864738112275,21.2864738112275,13.7797243055179,21.2864738112275,21.2864738112275,18.3042694363715,18.3042694363715,21.2864738112275,8.29465291948606,8.29465291948606,10.3700934624169,10.3700934624169,21.2864738112275,21.2864738112275,8.29465291948606,14.0048882280394,14.0048882280394,21.1886101477612,21.0429081018657,21.2864738112275,21.0422566169863,21.2864738112275,8.29465291948606,8.29465291948606,21.2864738112275,21.2864738112275,21.2864738112275,21.2864738112275,21.2864738112275,21.2864738112275,21.2864738112275,21.2864738112275,21.2864738112275,14.5799466049201,14.5799466049201,14.5799466049201,14.5799466049201,10.3700934624169,10.3700934624169,21.2864738112275,21.2864738112275,21.2864738112275,21.2864738112275,21.2864738112275,21.2864738112275,8.29465291948606,8.29465291948606,8.29465291948606,21.2864738112275,21.2864738112275,8.29465291948606,8.29465291948606
"t54",12.3967471923402,7.97410954249351,8.17106101936066,9.58036309875942,12.0835099329334,10.9462697683494,11.3295004557934,11.0376563028084,10.9299097363896,11.218880387738,17.9744188248038,8.26091054096547,9.13770898859985,12.0671412850616,8.9647625998448,5.36642296443972,14.5126309593648,12.4814355558214,13.2442001218498,15.0754960813219,12.3684659137233,6.52036699642731,3.42065476678659,5.97087921333289,18.1461526816373,2.6940068613958,13.2636208597617,14.3941555759589,2.03076893920756,6.45529711506812,17.5438833768456,4.92399693687365,6.4795766954963,14.9673107577685,7.28048931034485,2.54837335987722,14.357113648597,15.552440143147,13.7762803124524,14.3593476440658,16.7638597921983,13.2896080220897,16.077675259283,6.2696090727798,5.95094115966204,13.4319174315505,15.5614807238546,18.1461526816373,14.3935971769188,14.076495633817,9.60872594521742,6.51502993516137,18.1461526816373,0,14.4466586249926,14.9508492703602,10.4891014404743,18.7384622210657,15.4469288897878,17.5631237977014,15.6596666649327,16.5333228594748,8.33307861404002,17.0875296587814,18.1461526816373,12.6008890095032,10.7105914384419,3.19406705645522,16.5718299667787,17.0456746450192,16.9450262734185,18.9497990243302,11.0267349971026,17.0612298254105,15.9799143801253,15.8670203700727,10.3122919421793,7.87068221545265,16.3923233685677,10.3122919421793,15.9037824012705,18.1461526816373,18.1461526816373,11.8141808109331,13.4949905648945,17.5631237977015,15.6812394647296,17.5631237977014,12.1122363861286,16.5207728471149,4.85957073836837,9.1852948742124,10.3122919421793,8.60770910382096,12.0364844464946,16.4449772799837,18.1461526816373,18.1461526816373,17.5631237977014,17.5631237977014,18.1461526816373,10.3122919421793,16.4720365280452,18.1461526816373,8.86202690197416,10.3122919421793,16.9004360094893,9.25636193183955,18.1461526816373,18.1461526816373,18.1461526816373,18.1461526816373,17.0535111318973,17.5631237977014,16.3187404902584,17.5631237977014,3.65075466541308,3.65281417479953,17.8215413001814,17.5631237977015,10.3122919421793,13.3905986956062,18.1461526816373,17.2968952548687,10.3122919421793,10.3122919421793,13.5149544692576,17.773464399672,9.77873428580049,10.3122919421793,10.3122919421793,18.1461526816373,18.1461526816373,12.8601937242771,13.5149544692576,18.1461526816373,18.1461526816373,18.1461526816373,18.1461526816373,13.4949905648945,13.5149544692576,13.4949905648945,13.4949905648945,18.1461526816373,18.1461526816373,10.3122919421793,10.3122919421793,13.4949905648945,13.4949905648945,17.9209887591158,10.3122919421793,10.3122919421793,18.1461526816373,18.1461526816373,10.3122919421793,18.1461526816373,18.1461526816373,18.1461526816373,18.1461526816373,17.5631237977015,17.5631237977015,18.1461526816373,18.1461526816373,18.1461526816373,17.4652601342352,13.2713887598958,13.5149544692576,10.0680747479382,10.3122919421793,18.1461526816373,18.1461526816373,13.5149544692576,13.5149544692576,13.5149544692576,13.5149544692576,17.5631237977015,17.5631237977015,10.3122919421793,13.5149544692576,13.5149544692576,18.1461526816373,18.1461526816373,18.1461526816373,18.1461526816373,18.1461526816373,18.1461526816373,13.5149544692576,13.5149544692576,17.5631237977014,17.5631237977014,10.3122919421793,10.3122919421793,18.1461526816373,18.1461526816373,18.1461526816373,10.3122919421793,10.3122919421793,18.1461526816373,18.1461526816373
"t55",11.8375742652857,7.99796549937487,8.61833523657387,9.02119017170494,12.1073658898148,4.56955050973833,11.3533564126748,11.0615122596898,4.04223074881939,7.6775030858275,14.4330415228933,11.4535155574256,12.33031400506,12.090997241943,13.0567517895332,12.6411107768432,13.9534580323103,12.5052915127028,13.2680560787312,11.5341187794114,12.3923218706047,13.7950548088308,12.4065194640972,13.2455670257364,14.6047753797268,13.3243691480839,13.287476816643,10.8527782740484,13.2642057159754,13.7299849274716,17.567739333727,13.9098616341843,15.4654413928069,14.9911667146498,14.5551771227483,13.9945843160942,14.3809696054783,12.0110628412365,10.2349030105419,10.8179703421553,16.7877157490797,13.3134639789711,16.1015312161644,13.790311068193,13.4716431550753,13.4557733884319,15.5853366807359,14.6047753797268,10.8522198750083,10.5351183319065,16.8834137576209,13.7897177475649,14.6047753797268,14.4466586249926,0,11.4094719684497,14.5611267257995,18.1792892940112,11.9055515878773,17.5869797545828,1.68773843492625,2.56139462946833,15.6077664264435,3.58385101273876,4.6424740355946,16.6928781991916,14.8025806281302,15.9214760726697,16.0126570397242,16.4865017179648,16.385853346364,18.3906260972757,15.0987602824278,3.08930159540404,16.0037703370067,15.890876326954,17.5869797545828,15.1453700278561,12.8509460666572,17.5869797545828,1.93185417126403,4.17422445163083,14.6047753797268,15.9061700006215,17.5869797545828,17.5869797545828,15.705095421611,17.5869797545828,16.204225575817,3.785439498434,17.5869797545828,16.4599826866159,17.5869797545828,15.8823969162245,16.1085097318199,16.4688332368651,5.41081933295635,5.41081933295635,17.5869797545828,17.5869797545828,14.6047753797268,17.5869797545828,12.9306592261347,14.6047753797268,16.1367147143777,17.5869797545828,2.9285077794828,16.531049744243,14.6047753797268,14.6047753797268,14.6047753797268,14.6047753797268,13.5121338299868,17.5869797545828,16.3425964471398,17.5869797545828,16.3781636816275,16.380223191014,14.2801639982709,17.5869797545828,17.5869797545828,17.4626239809314,14.6047753797268,13.7555179529582,17.5869797545828,17.5869797545828,17.5869797545828,14.2320870977615,17.053422098204,17.5869797545828,17.5869797545828,4.17422445163083,4.17422445163083,16.9322190096024,17.5869797545828,14.6047753797268,14.6047753797268,14.6047753797268,14.6047753797268,17.5869797545828,17.5869797545828,17.5869797545828,17.5869797545828,14.6047753797268,14.6047753797268,17.5869797545828,17.5869797545828,17.5869797545828,17.5869797545828,14.3796114572053,17.5869797545828,17.5869797545828,4.17422445163083,4.17422445163083,17.5869797545828,14.6047753797268,14.6047753797268,14.6047753797268,14.6047753797268,17.5869797545828,17.5869797545828,14.6047753797268,14.6047753797268,14.6047753797268,17.4891160911166,17.343414045221,17.5869797545828,17.3427625603417,17.5869797545828,14.6047753797268,14.6047753797268,17.5869797545828,17.5869797545828,17.5869797545828,17.5869797545828,17.5869797545828,17.5869797545828,17.5869797545828,17.5869797545828,17.5869797545828,14.6047753797268,14.6047753797268,14.6047753797268,14.6047753797268,14.6047753797268,14.6047753797268,17.5869797545828,17.5869797545828,17.5869797545828,17.5869797545828,17.5869797545828,17.5869797545828,14.6047753797268,14.6047753797268,14.6047753797268,17.5869797545828,17.5869797545828,14.6047753797268,14.6047753797268
"t56",12.3417649106533,8.50215614474243,9.12252588194142,9.5253808170725,12.6115565351823,7.90908311180649,11.8575470580423,11.5657029050574,7.89272307984669,4.80696206438989,11.5625005014557,11.9577062027932,12.8345046504275,12.5951878873105,13.5609424349007,13.1453014222108,14.4576486776778,13.0094821580703,13.7722467240988,5.14090262698301,12.8965125159722,14.2992454541984,12.9107101094648,13.7497576711039,7.19766700944367,13.8285597934514,13.7916674620106,3.42279294546147,13.7683963613429,14.2341755728392,18.0719299790945,14.4140522795518,15.9696320381745,15.4953573600174,15.0593677681159,14.4987749614617,14.8851602508459,5.61784668880809,2.80491768195494,3.38798501356833,17.2919063944473,13.8176546243387,16.605721861532,14.2945017135606,13.9758338004428,13.9599640337994,16.0895273261035,11.384643193643,4.45900372257993,4.14190217947809,17.3876044029885,14.2939083929324,7.17479005113984,14.9508492703602,11.4094719684497,0,15.0653173711671,18.6834799393787,4.47556625929033,18.0911703999504,12.6224800083898,13.4961362029319,16.1119570718111,14.0503430022385,15.1089660250944,17.1970688445591,15.3067712734978,16.4256667180372,16.5168476850917,16.9906923633323,16.8900439917316,18.8948167426433,15.6029509277954,14.0240431688676,16.5079609823742,16.3950669723216,18.0911703999504,15.6495606732237,5.42096073807021,18.0911703999504,12.8665957447276,15.1089660250944,7.17479005113984,16.410360645989,18.0911703999504,18.0911703999504,16.2092860669785,18.0911703999504,16.7084162211845,13.483586190572,18.0911703999504,16.9641733319834,18.0911703999504,16.386587561592,16.6127003771874,16.9730238822327,15.1089660250944,15.1089660250944,18.0911703999504,18.0911703999504,10.8095848167623,18.0911703999504,5.75710495010149,7.43122110369362,16.6409053597452,18.0911703999504,13.8632493529463,17.0352403896106,7.17479005113984,10.8095848167623,10.8095848167623,7.17479005113984,6.08214850139986,18.0911703999504,16.8467870925073,18.0911703999504,16.8823543269951,16.8844138363815,10.4849734353064,18.0911703999504,18.0911703999504,17.966814626299,4.39705967571433,6.32553262437128,18.0911703999504,18.0911703999504,18.0911703999504,4.02437139374903,17.5576127435715,18.0911703999504,18.0911703999504,15.1089660250944,15.1089660250944,17.4364096549699,18.0911703999504,7.17479005113984,7.17479005113984,7.17479005113984,7.17479005113985,18.0911703999504,18.0911703999504,18.0911703999504,18.0911703999504,10.8095848167623,10.8095848167623,18.0911703999504,18.0911703999504,18.0911703999504,18.0911703999504,10.5844208942408,18.0911703999504,18.0911703999504,15.1089660250944,15.1089660250944,18.0911703999504,7.17479005113985,7.17479005113985,4.39705967571433,4.39705967571433,18.0911703999504,18.0911703999504,7.17479005113985,10.8095848167623,10.8095848167623,17.9933067364841,17.8476046905886,18.0911703999504,17.8469532057092,18.0911703999504,7.17479005113984,7.17479005113984,18.0911703999504,18.0911703999504,18.0911703999504,18.0911703999504,18.0911703999504,18.0911703999504,18.0911703999504,18.0911703999504,18.0911703999504,11.384643193643,11.384643193643,11.384643193643,11.384643193643,4.39705967571433,4.39705967571433,18.0911703999504,18.0911703999504,18.0911703999504,18.0911703999504,18.0911703999504,18.0911703999504,7.17479005113985,7.17479005113984,7.17479005113984,18.0911703999504,18.0911703999504,7.17479005113985,7.17479005113985
"t57",12.5112152931471,8.0885776433004,8.28552912016756,9.69483119956632,12.1979780337403,11.0607378691563,11.4439685566003,11.1521244036153,11.0443778371965,11.3333484885449,18.0888869256107,8.37537864177237,9.25217708940675,12.1816093858685,9.09919460501484,8.6835535923249,14.6270990601717,12.5959036566283,13.3586682226567,15.1899641821288,12.4829340145302,9.83749762431249,8.44896227957892,9.28800984121807,18.2606207824442,9.36681196356554,13.3780889605686,14.5086236767658,9.30664853145706,9.7724277429533,17.6583514776525,9.95230444966598,11.5078842082886,15.0817788585754,10.59761993823,10.0370271315758,14.4715817494039,15.6669082439539,13.8907484132593,14.4738157448727,16.8783278930052,13.4040761228966,16.1921433600899,9.8327538836747,9.51408597055694,13.5463855323574,15.6759488246615,18.2606207824442,14.5080652777257,14.1909637346239,12.9258565731026,9.83216056304655,18.2606207824442,10.4891014404743,14.5611267257995,15.0653173711671,0,18.8529303218725,15.5613969905947,17.6775918985083,15.7741347657396,16.6477909602817,11.6502092419252,17.2019977595883,18.2606207824442,12.7353210146733,10.8450234436119,11.9639188881513,16.6862980675856,17.1601427458261,17.0594943742254,19.0642671251371,1.17335049477143,17.1756979262174,16.0943824809322,15.9814884708796,13.6294225700645,11.1878128433378,16.5067914693746,13.6294225700645,16.0182505020774,18.2606207824442,18.2606207824442,11.9486128161031,13.6294225700645,17.6775918985083,15.7957075655365,17.6775918985083,12.2466683912987,16.6352409479218,13.6294225700645,12.5024255020976,13.6294225700645,11.9248397317061,2.18309994416344,16.5594453807906,18.2606207824442,18.2606207824442,17.6775918985083,17.6775918985083,18.2606207824442,13.6294225700645,16.5865046288521,18.2606207824442,12.1791575298593,13.6294225700645,17.0149041102962,12.5734925597247,18.2606207824442,18.2606207824442,18.2606207824442,18.2606207824442,17.1679792327042,17.6775918985083,16.4332085910653,17.6775918985083,12.4206064971092,12.4226660064957,17.9360094009883,17.6775918985083,13.6294225700645,3.53721419327499,18.2606207824442,17.4113633556756,13.6294225700645,13.6294225700645,3.6615699669264,17.8879325004789,13.0958649136857,13.6294225700645,13.6294225700645,18.2606207824442,18.2606207824442,3.00680922194594,3.6615699669264,18.2606207824442,18.2606207824442,18.2606207824442,18.2606207824442,13.6294225700645,3.6615699669264,13.6294225700645,13.6294225700645,18.2606207824442,18.2606207824442,13.6294225700645,13.6294225700645,13.6294225700645,13.6294225700645,18.0354568599227,13.6294225700645,13.6294225700645,18.2606207824442,18.2606207824442,13.6294225700645,18.2606207824442,18.2606207824442,18.2606207824442,18.2606207824442,17.6775918985083,17.6775918985083,18.2606207824442,18.2606207824442,18.2606207824442,17.5797282350421,3.41800425756459,3.6615699669264,13.3852053758234,13.6294225700645,18.2606207824442,18.2606207824442,3.6615699669264,3.6615699669264,3.6615699669264,3.6615699669264,17.6775918985083,17.6775918985083,13.6294225700645,3.6615699669264,3.6615699669264,18.2606207824442,18.2606207824442,18.2606207824442,18.2606207824442,18.2606207824442,18.2606207824442,3.6615699669264,3.6615699669264,17.6775918985083,17.6775918985083,13.6294225700645,13.6294225700645,18.2606207824442,18.2606207824442,18.2606207824442,13.6294225700645,13.6294225700645,18.2606207824442,18.2606207824442
"t58",15.3257315186658,12.2897690954479,12.9101388326469,9.45890135040128,16.3991694858878,14.6789004373679,15.6451600087478,15.3533158557628,14.6625404054081,14.9515110567565,21.7070494938223,15.7453191534986,16.622117601133,16.382800838016,17.3485553856062,16.9329143729162,9.94197102894376,16.7970951087758,17.5598596748042,18.8081267503404,16.6841254666777,18.0868584049038,16.6983230601702,17.5373706218094,21.8787833506558,17.6161727441569,17.579280412716,18.1267862449774,17.5560093120484,18.0217885235446,21.8595429298,18.2016652302573,19.7572449888799,19.2829703107228,18.8469807188213,18.2863879121672,18.6727732015513,19.2850708121655,17.5089109814709,18.0919783130843,21.0795193451527,17.6052675750441,20.3933348122374,18.082114664266,17.7634467511483,17.7475769845049,19.877140276809,21.8787833506558,18.1262278459373,17.8091263028355,21.1752173536939,18.0815213436379,21.8787833506558,18.7384622210657,18.1792892940112,18.6834799393787,18.8529303218725,0,19.1795595588063,21.8787833506558,19.3922973339512,20.2659535284933,19.8995700225165,20.8201603278,21.8787833506558,20.9846817952646,19.0943842242032,20.2132796687427,12.0011700363576,12.4750147145982,4.07208140135302,6.07685415226471,19.3905638785008,20.793860494429,20.2955739330797,20.182679923027,21.8787833506558,19.4371736239291,20.1249540375862,21.8787833506558,19.636413070289,21.8787833506558,21.8787833506558,20.1979735966945,21.8787833506558,21.8787833506558,19.996899017684,21.8787833506558,20.49602917189,20.2534035161335,21.8787833506558,20.7517862826889,21.8787833506558,20.1742005122975,20.4003133278929,20.7606368329381,21.8787833506558,21.8787833506558,21.8787833506558,21.8787833506558,21.8787833506558,21.8787833506558,20.2046671970637,21.8787833506558,20.4285183104507,21.8787833506558,20.6330666785078,20.822853340316,21.8787833506558,21.8787833506558,21.8787833506558,21.8787833506558,20.7861418009158,21.8787833506558,20.6344000432128,21.8787833506558,20.6699672777005,20.672026787087,21.5541719691999,21.8787833506558,21.8787833506558,21.7544275770044,21.8787833506558,21.0295259238873,21.8787833506558,21.8787833506558,21.8787833506558,21.5060950686905,21.345225694277,21.8787833506558,21.8787833506558,21.8787833506558,21.8787833506558,21.2240226056754,21.8787833506558,21.8787833506558,21.8787833506558,21.8787833506558,21.8787833506558,21.8787833506558,21.8787833506558,21.8787833506558,21.8787833506558,21.8787833506558,21.8787833506558,21.8787833506558,21.8787833506558,21.8787833506558,21.8787833506558,21.6536194281343,21.8787833506558,21.8787833506558,21.8787833506558,21.8787833506558,21.8787833506558,21.8787833506558,21.8787833506558,21.8787833506558,21.8787833506558,21.8787833506558,21.8787833506558,21.8787833506558,21.8787833506558,21.8787833506558,21.7809196871896,21.635217641294,21.8787833506558,21.6345661564147,21.8787833506558,21.8787833506558,21.8787833506558,21.8787833506558,21.8787833506558,21.8787833506558,21.8787833506558,21.8787833506558,21.8787833506558,21.8787833506558,21.8787833506558,21.8787833506558,21.8787833506558,21.8787833506558,21.8787833506558,21.8787833506558,21.8787833506558,21.8787833506558,21.8787833506558,21.8787833506558,21.8787833506558,21.8787833506558,21.8787833506558,21.8787833506558,21.8787833506558,21.8787833506558,21.8787833506558,21.8787833506558,21.8787833506558,21.8787833506558,21.8787833506558
"t59",12.8378445300809,8.99823576417001,9.618605501369,10.0214604365001,13.1076361546099,8.40516273123407,12.3536266774699,12.0617825244849,8.38880269927427,5.30304168381747,12.0585801208833,12.4537858222207,13.3305842698551,13.0912675067381,14.0570220543283,13.6413810416383,14.9537282971054,13.5055617774979,14.2683263435263,5.63698224641059,13.3925921353998,14.7953250736259,13.4067897288924,14.2458372905315,7.69374662887124,14.324639412879,14.2877470814382,3.15679800715717,14.2644759807705,14.7302551922667,18.5680095985221,14.9101318989794,16.4657116576021,15.991436979445,15.5554473875435,14.9948545808893,15.3812398702735,6.11392630823567,2.53892274365064,3.12199007526403,17.7879860138748,14.3137342437662,17.1018014809595,14.7905813329882,14.4719134198704,14.456043653227,16.5856069455311,11.8807228130706,4.95508334200751,4.63798179890567,17.883684022416,14.78998801236,5.470576318494,15.4469288897878,11.9055515878773,4.47556625929033,15.5613969905947,19.1795595588063,0,18.5872500193779,13.1185596278174,13.9922158223594,16.6080366912387,14.5464226216661,15.6050456445219,17.6931484639867,15.8028508929254,16.9217463374648,17.0129273045193,17.4867719827599,17.3861236111592,19.3908963620708,16.099030547223,14.5201227882952,17.0040406018018,16.8911465917492,18.5872500193779,16.1456402926513,3.84159981456692,18.587250019378,13.3626753641551,15.6050456445219,5.59542912763655,16.9064402654166,18.587250019378,18.5872500193779,16.7053656864061,18.5872500193779,17.2044958406121,13.9796658099996,18.5872500193779,17.460252951411,18.5872500193779,16.8826671810196,17.108779996615,17.4691035016602,15.6050456445219,15.6050456445219,18.5872500193779,18.5872500193779,11.3056644361899,18.5872500193779,6.25318456952907,7.9273007231212,17.1369849791728,18.5872500193779,14.3593289723739,17.5313200090382,5.59542912763655,11.3056644361899,11.3056644361899,3.57273284459833,2.48009129485836,18.5872500193779,17.3428667119349,18.5872500193779,17.3784339464227,17.3804934558091,10.981053054734,18.5872500193779,18.5872500193779,18.4628942457265,7.67086967056742,4.74617170086798,18.5872500193779,18.5872500193779,18.587250019378,7.29818138860213,18.0536923629991,18.5872500193779,18.5872500193779,15.6050456445219,15.6050456445219,17.9324892743975,18.587250019378,3.57273284459833,3.57273284459833,5.59542912763655,5.59542912763655,18.5872500193779,18.587250019378,18.587250019378,18.587250019378,11.3056644361899,11.3056644361899,18.5872500193779,18.5872500193779,18.5872500193779,18.5872500193779,11.0805005136683,18.5872500193779,18.5872500193779,15.6050456445219,15.6050456445219,18.5872500193779,5.59542912763655,5.59542912763655,7.67086967056742,7.67086967056742,18.5872500193779,18.5872500193779,5.59542912763655,11.3056644361899,11.3056644361899,18.4893863559117,18.3436843100161,18.587250019378,18.3430328251368,18.5872500193779,5.59542912763655,5.59542912763655,18.587250019378,18.587250019378,18.587250019378,18.587250019378,18.5872500193779,18.5872500193779,18.5872500193779,18.587250019378,18.587250019378,11.8807228130706,11.8807228130706,11.8807228130706,11.8807228130706,7.67086967056742,7.67086967056742,18.5872500193779,18.5872500193779,18.5872500193779,18.5872500193779,18.5872500193779,18.5872500193779,5.59542912763655,5.59542912763655,5.59542912763655,18.5872500193779,18.5872500193779,5.59542912763655,5.59542912763655
"t60",15.5370683219304,10.8161764735482,11.7348004092827,12.7206842283496,12.5458315766036,14.0865908979396,12.3116948346827,12.0198506816978,14.0702308659798,14.3592015173282,21.114739954394,14.5699807301344,15.4467791777688,8.20154379865868,16.173216962242,15.757575949552,17.6529520889549,8.61583806941847,6.77074679315651,18.2158172109121,6.96239496050871,16.9115199815396,15.522984636806,16.3620321984452,21.2864738112275,16.4408343207926,7.8575499065471,17.5344767055491,16.3806708886842,16.8464501001804,12.137812423631,17.0263268068931,18.5819065655157,9.5612398045539,17.6716422954571,17.111049488803,7.82044338527029,18.6927612727371,16.9166014420426,17.4996687736559,11.3577888389838,7.88353706887515,9.54100499595638,16.9067762409018,16.5881083277841,9.56631994514758,11.6958832374517,21.2864738112275,17.533918306509,17.2168167634071,19.9998789303297,16.9061829202737,21.2864738112275,17.5631237977014,17.5869797545828,18.0911703999504,17.6775918985083,21.8787833506558,18.5872500193779,0,18.7999877945229,19.673643989065,18.7242315991523,20.2278507883716,21.2864738112275,19.8093433719004,17.919045800839,19.0379412453785,19.7121510963688,20.1859957746094,20.0853474030087,22.0901201539204,18.2152254551366,20.2015509550007,4.60704755948946,4.4941535494368,20.7034449272916,18.2618352005649,19.5326444981578,20.7034449272916,19.0441035308607,21.2864738112275,21.2864738112275,19.0226351733303,20.7034449272916,12.1570528444869,9.14456920140294,11.0264535343748,19.3206907485258,19.6610939767051,20.7034449272916,19.5764478593247,20.7034449272916,18.9988620889332,19.2249749045286,11.0389063267692,21.2864738112275,21.2864738112275,12.1570528444869,12.1570528444869,21.2864738112275,20.7034449272916,19.6123576576353,21.2864738112275,19.2531798870864,20.7034449272916,20.0407571390794,19.6475149169518,21.2864738112275,21.2864738112275,21.2864738112275,21.2864738112275,20.1938322614875,12.1570528444869,10.9126695370438,12.1570528444869,19.4946288543363,19.4966883637228,20.9618624297716,12.1570528444869,20.7034449272916,20.5790891536402,21.2864738112275,20.4372163844589,20.7034449272916,20.7034449272916,20.7034449272916,20.9137855292622,20.1698872709128,20.7034449272916,20.7034449272916,21.2864738112275,21.2864738112275,20.0486841823112,20.7034449272916,21.2864738112275,21.2864738112275,21.2864738112275,21.2864738112275,20.7034449272916,20.7034449272916,20.7034449272916,20.7034449272916,21.2864738112275,21.2864738112275,20.7034449272916,20.7034449272916,20.7034449272916,20.7034449272916,21.0613098887059,20.7034449272916,20.7034449272916,21.2864738112275,21.2864738112275,20.7034449272916,21.2864738112275,21.2864738112275,21.2864738112275,21.2864738112275,12.1570528444869,12.1570528444869,21.2864738112275,21.2864738112275,21.2864738112275,12.0591891810206,20.4598792179298,20.7034449272916,20.4592277330505,20.7034449272916,21.2864738112275,21.2864738112275,20.7034449272916,20.7034449272916,20.7034449272916,20.7034449272916,12.1570528444869,12.1570528444869,20.7034449272916,20.7034449272916,20.7034449272916,21.2864738112275,21.2864738112275,21.2864738112275,21.2864738112275,21.2864738112275,21.2864738112275,20.7034449272916,20.7034449272916,12.1570528444869,12.1570528444869,20.7034449272916,20.7034449272916,21.2864738112275,21.2864738112275,21.2864738112275,20.7034449272916,20.7034449272916,21.2864738112275,21.2864738112275
"t61",13.0505823052258,9.21097353931494,9.83134327651393,10.234198211645,13.3203739297548,5.7825585496784,12.5663644526148,12.2745202996299,5.25523878875945,8.89051112576757,15.6460495628334,12.6665235973657,13.543322045,13.304005281883,14.2697598294732,13.8541188167833,15.1664660722504,13.7182995526428,14.4810641186713,12.7471268193515,13.6053299105447,15.0080628487709,13.6195275040373,14.4585750656765,15.8177834196669,14.5373771880239,14.5004848565831,12.0657863139885,14.4772137559154,14.9429929674117,18.780747373667,15.1228696741244,16.678449432747,16.2041747545899,15.7681851626884,15.2075923560342,15.5939776454184,13.2240708811766,11.447911050482,12.0309783820954,18.0007237890198,14.5264720189112,17.3145392561045,15.0033191081331,14.6846511950153,14.6687814283719,16.798344720676,15.8177834196669,12.0652279149484,11.7481263718466,18.096421797561,15.0027257875049,15.8177834196669,15.6596666649327,1.68773843492625,12.6224800083898,15.7741347657396,19.3922973339512,13.1185596278174,18.7999877945229,0,2.01175127299284,16.8207744663836,4.79685905267882,5.85548207553467,17.9058862391317,16.0155886680703,17.1344841126097,17.2256650796642,17.6995097579048,17.5988613863041,19.6036341372158,16.3117683223679,4.17373499567598,17.2167783769467,17.1038843668941,18.7999877945229,16.3583780677962,14.0639541065972,18.7999877945229,3.01628757153597,5.25865785190277,15.8177834196669,17.1191780405615,18.7999877945229,18.7999877945229,16.918103461551,18.7999877945229,17.417233615757,4.99844753837406,18.7999877945229,17.672990726556,18.7999877945229,17.0954049561645,17.3215177717599,17.6818412768052,6.62382737289641,6.62382737289641,18.7999877945229,18.7999877945229,15.8177834196669,18.7999877945229,14.1436672660747,15.8177834196669,17.3497227543177,18.7999877945229,3.61340162606117,17.7440577841831,15.8177834196669,15.8177834196669,15.8177834196669,15.8177834196669,14.7251418699269,18.7999877945229,17.5556044870798,18.7999877945229,17.5911717215676,17.593231230954,15.493172038211,18.7999877945229,18.7999877945229,18.6756320208715,15.8177834196669,14.9685259928983,18.7999877945229,18.7999877945229,18.7999877945229,15.4450951377016,18.2664301381441,18.7999877945229,18.7999877945229,4.85911829820921,4.85911829820921,18.1452270495424,18.7999877945229,15.8177834196669,15.8177834196669,15.8177834196669,15.8177834196669,18.7999877945229,18.7999877945229,18.7999877945229,18.7999877945229,15.8177834196669,15.8177834196669,18.7999877945229,18.7999877945229,18.7999877945229,18.7999877945229,15.5926194971453,18.7999877945229,18.7999877945229,5.25865785190277,5.25865785190277,18.7999877945229,15.8177834196669,15.8177834196669,15.8177834196669,15.8177834196669,18.7999877945229,18.7999877945229,15.8177834196669,15.8177834196669,15.8177834196669,18.7021241310566,18.5564220851611,18.7999877945229,18.5557706002817,18.7999877945229,15.8177834196669,15.8177834196669,18.7999877945229,18.7999877945229,18.7999877945229,18.7999877945229,18.7999877945229,18.7999877945229,18.7999877945229,18.7999877945229,18.7999877945229,15.8177834196669,15.8177834196669,15.8177834196669,15.8177834196669,15.8177834196669,15.8177834196669,18.7999877945229,18.7999877945229,18.7999877945229,18.7999877945229,18.7999877945229,18.7999877945229,15.8177834196669,15.8177834196669,15.8177834196669,18.7999877945229,18.7999877945229,15.8177834196669,15.8177834196669
"t62",13.9242384997679,10.084629733857,10.704999471056,11.1078544061871,14.1940301242969,6.65621474422048,13.4400206471569,13.148176494172,6.12889498330154,9.76416732030965,16.5197057573754,13.5401797919078,14.4169782395421,14.1776614764251,15.1434160240153,14.7277750113254,16.0401222667924,14.5919557471849,15.3547203132134,13.6207830138936,14.4789861050868,15.881719043313,14.4931836985794,15.3322312602185,16.691439614209,15.411033382566,15.3741410511252,12.9394425085306,15.3508699504575,15.8166491619538,19.6544035682091,15.9965258686664,17.5521056272891,17.077830949132,16.6418413572305,16.0812485505763,16.4676338399605,14.0977270757186,12.3215672450241,12.9046345766374,18.8743799835619,15.4001282134532,18.1881954506466,15.8769753026752,15.5583073895574,15.542437622914,17.6720009152181,16.691439614209,12.9388841094905,12.6217825663886,18.9700779921031,15.876381982047,16.691439614209,16.5333228594748,2.56139462946833,13.4961362029319,16.6477909602817,20.2659535284933,13.9922158223594,19.673643989065,2.01175127299284,0,17.6944306609257,5.6705152472209,6.72913827007675,18.7795424336737,16.8892448626124,18.0081403071518,18.0993212742063,18.5731659524469,18.4725175808462,20.4772903317579,17.18542451691,5.04739119021807,18.0904345714888,17.9775405614362,19.673643989065,17.2320342623383,14.9376103011393,19.673643989065,3.88994376607806,6.13231404644486,16.691439614209,17.9928342351036,19.673643989065,19.673643989065,17.7917596560931,19.673643989065,18.2908898102991,5.87210373291614,19.673643989065,18.546646921098,19.673643989065,17.9690611507066,18.195173966302,18.5554974713473,7.4974835674385,7.4974835674385,19.673643989065,19.673643989065,16.691439614209,19.673643989065,15.0173234606168,16.691439614209,18.2233789488598,19.673643989065,4.48705782060326,18.6177139787252,16.691439614209,16.691439614209,16.691439614209,16.691439614209,15.598798064469,19.673643989065,18.4292606816219,19.673643989065,18.4648279161097,18.4668874254961,16.3668282327531,19.673643989065,19.673643989065,19.5492882154136,16.691439614209,15.8421821874404,19.673643989065,19.673643989065,19.673643989065,16.3187513322437,19.1400863326861,19.673643989065,19.673643989065,5.73277449275129,5.73277449275129,19.0188832440845,19.673643989065,16.691439614209,16.691439614209,16.691439614209,16.691439614209,19.673643989065,19.673643989065,19.673643989065,19.673643989065,16.691439614209,16.691439614209,19.673643989065,19.673643989065,19.673643989065,19.673643989065,16.4662756916874,19.673643989065,19.673643989065,6.13231404644486,6.13231404644486,19.673643989065,16.691439614209,16.691439614209,16.691439614209,16.691439614209,19.673643989065,19.673643989065,16.691439614209,16.691439614209,16.691439614209,19.5757803255987,19.4300782797032,19.673643989065,19.4294267948238,19.673643989065,16.691439614209,16.691439614209,19.673643989065,19.673643989065,19.673643989065,19.673643989065,19.673643989065,19.673643989065,19.673643989065,19.673643989065,19.673643989065,16.691439614209,16.691439614209,16.691439614209,16.691439614209,16.691439614209,16.691439614209,19.673643989065,19.673643989065,19.673643989065,19.673643989065,19.673643989065,19.673643989065,16.691439614209,16.691439614209,16.691439614209,19.673643989065,19.673643989065,16.691439614209,16.691439614209
"t63",13.5578549937911,9.13521734394437,9.33216882081153,10.7414709002103,13.2446177343843,12.1073775698003,12.4906082572443,12.1987641042593,12.0910175378405,12.3799881891889,19.1355266262547,9.42201834241634,10.2988167900507,13.2282490865125,10.1258704012957,5.30854545756296,15.6737387608156,13.6425433572723,14.4053079233007,16.2366038827728,13.5295737151742,4.83637272842305,6.29293945314461,5.91300170645613,19.3072604830882,7.21078913713123,14.4247286612125,15.5552633774098,7.15062570502275,5.61982636062009,18.7049911782965,7.79628162323167,9.35186138185432,16.1284185592193,6.44501855589681,7.88100430514154,15.5182214500478,16.7135479445978,14.9373881139033,15.5204554455166,17.9249675936492,14.4507158235406,17.2387830607339,7.67673105724039,7.35806314412263,14.5930252330014,16.7225885253055,19.3072604830882,15.5547049783697,15.2376034352678,8.77325519076938,5.67955918071333,19.3072604830882,8.33307861404002,15.6077664264435,16.1119570718111,11.6502092419252,19.8995700225165,16.6080366912387,18.7242315991523,16.8207744663836,17.6944306609257,0,18.2486374602323,19.3072604830882,13.7619968109541,11.8716992398927,9.80789606171703,17.7329377682295,18.2067824464701,18.1061340748694,20.1109068257811,12.1878427985535,18.2223376268614,17.1410221815762,17.0281281715235,7.95613223772876,5.51452251100208,17.5534311700185,4.13175414348298,17.0648902027214,19.3072604830882,19.3072604830882,12.975288612384,14.6560983663453,18.7242315991523,16.8423472661805,18.7242315991523,13.2733441875795,17.6818806485658,11.4733997436302,6.87022010863432,7.99721717660123,6.29263433824287,13.1975922479455,17.6060850814346,19.3072604830882,19.3072604830882,18.7242315991523,18.7242315991523,19.3072604830882,7.95613223772876,17.633144329496,19.3072604830882,6.54695213639607,7.99721717660123,18.0615438109401,9.19848442496279,19.3072604830882,19.3072604830882,19.3072604830882,19.3072604830882,18.2146189333482,18.7242315991523,17.4798482917093,18.7242315991523,10.2645836706749,10.2666431800613,18.9826491016323,18.7242315991523,7.99721717660123,14.5517064970571,19.3072604830882,18.4580030563196,4.13175414348298,4.13175414348298,14.6760622707085,18.9345722011229,7.46365952022241,7.99721717660123,4.13175414348298,19.3072604830882,19.3072604830882,14.021301525728,14.6760622707085,19.3072604830882,19.3072604830882,19.3072604830882,19.3072604830882,14.6560983663453,14.6760622707085,14.6560983663453,14.6560983663453,19.3072604830882,19.3072604830882,7.95613223772876,7.95613223772876,14.6560983663453,14.6560983663453,19.0820965605666,10.2544144353026,10.2544144353026,19.3072604830882,19.3072604830882,7.95613223772876,19.3072604830882,19.3072604830882,19.3072604830882,19.3072604830882,18.7242315991523,18.7242315991523,19.3072604830882,19.3072604830882,19.3072604830882,18.6263679356861,14.4324965613467,14.6760622707085,3.88753694924185,4.13175414348298,19.3072604830882,19.3072604830882,14.6760622707085,14.6760622707085,14.6760622707085,14.6760622707085,18.7242315991523,18.7242315991523,4.13175414348298,14.6760622707085,14.6760622707085,19.3072604830882,19.3072604830882,19.3072604830882,19.3072604830882,19.3072604830882,19.3072604830882,14.6760622707085,14.6760622707085,18.7242315991523,18.7242315991523,7.95613223772876,7.95613223772876,19.3072604830882,19.3072604830882,19.3072604830882,4.13175414348298,4.13175414348298,19.3072604830882,19.3072604830882
"t64",14.4784452990745,10.6388365331637,11.2592062703627,11.6620612054937,14.7482369236036,7.21042154352713,13.9942274464636,13.7023832934786,6.68310178260819,10.3183741196163,17.0739125566821,14.0943865912144,14.9711850388488,14.7318682757318,15.697622823322,15.281981810632,16.5943290660991,15.1461625464916,15.90892711252,14.1749898132002,15.0331929043935,16.4359258426196,15.047390497886,15.8864380595252,17.2456464135156,15.9652401818727,15.9283478504318,13.4936493078372,15.9050767497642,16.3708559612604,20.2086103675158,16.5507326679731,18.1063124265957,17.6320377484386,17.1960481565371,16.635455349883,17.0218406392671,14.6519338750253,12.8757740443307,13.4588413759441,19.4285867828685,15.9543350127599,18.7424022499532,16.4311821019818,16.1125141888641,16.0966444222207,18.2262077145248,17.2456464135156,13.4930909087971,13.1759893656953,19.5242847914097,16.4305887813537,17.2456464135156,17.0875296587814,3.58385101273876,14.0503430022385,17.2019977595883,20.8201603278,14.5464226216661,20.2278507883716,4.79685905267882,5.6705152472209,18.2486374602323,0,4.86796196509937,19.3337492329804,17.443451661919,18.5623471064585,18.653528073513,19.1273727517536,19.0267243801528,21.0314971310645,17.7396313162166,6.19842221315661,18.6446413707955,18.5317473607428,20.2278507883716,17.7862410616449,15.491817100446,20.2278507883716,5.0409747890166,7.28334506938341,17.2456464135156,18.5470410344103,20.2278507883716,20.2278507883716,18.3459664553998,20.2278507883716,18.8450966096058,6.4263105322228,20.2278507883716,19.1008537204047,20.2278507883716,18.5232679500133,18.7493807656087,19.1097042706539,8.05169036674515,8.05169036674515,20.2278507883716,20.2278507883716,17.2456464135156,20.2278507883716,15.5715302599235,17.2456464135156,18.7775857481665,20.2278507883716,6.03762839723537,19.1719207780318,17.2456464135156,17.2456464135156,17.2456464135156,17.2456464135156,16.1530048637756,20.2278507883716,18.9834674809286,20.2278507883716,19.0190347154163,19.0210942248028,16.9210350320597,20.2278507883716,20.2278507883716,20.1034950147202,17.2456464135156,16.396388986747,20.2278507883716,20.2278507883716,20.2278507883716,16.8729581315503,19.6942931319928,20.2278507883716,20.2278507883716,7.2833450693834,7.2833450693834,19.5730900433912,20.2278507883716,17.2456464135156,17.2456464135156,17.2456464135156,17.2456464135156,20.2278507883716,20.2278507883716,20.2278507883716,20.2278507883716,17.2456464135156,17.2456464135156,20.2278507883716,20.2278507883716,20.2278507883716,20.2278507883716,17.0204824909941,20.2278507883716,20.2278507883716,7.28334506938341,7.28334506938341,20.2278507883716,17.2456464135156,17.2456464135156,17.2456464135156,17.2456464135156,20.2278507883716,20.2278507883716,17.2456464135156,17.2456464135156,17.2456464135156,20.1299871249054,19.9842850790098,20.2278507883716,19.9836335941305,20.2278507883716,17.2456464135156,17.2456464135156,20.2278507883716,20.2278507883716,20.2278507883716,20.2278507883716,20.2278507883716,20.2278507883716,20.2278507883716,20.2278507883716,20.2278507883716,17.2456464135156,17.2456464135156,17.2456464135156,17.2456464135156,17.2456464135156,17.2456464135156,20.2278507883716,20.2278507883716,20.2278507883716,20.2278507883716,20.2278507883716,20.2278507883716,17.2456464135156,17.2456464135156,17.2456464135156,20.2278507883716,20.2278507883716,17.2456464135156,17.2456464135156
"t65",15.5370683219304,11.6974595560195,12.3178292932185,12.7206842283496,15.8068599464594,8.26904456638298,15.0528504693194,14.7610063163345,7.74172480546404,11.3769971424722,18.132535579538,15.1530096140703,16.0298080617046,15.7904912985876,16.7562458461778,16.3406048334879,17.6529520889549,16.2047855693474,16.9675501353759,15.2336128360561,16.0918159272493,17.4945488654755,16.1060135207419,16.945061082381,18.3042694363715,17.0238632047285,16.9869708732877,14.5522723306931,16.96369977262,17.4294789841163,21.2672333903716,17.6093556908289,19.1649354494516,18.6906607712945,18.254671179393,17.6940783727388,18.080463662123,15.7105568978811,13.9343970671866,14.5174643987999,20.4872098057244,17.0129580356157,19.8010252728091,17.4898051248377,17.1711372117199,17.1552674450765,19.2848307373806,18.3042694363715,14.551713931653,14.2346123885511,20.5829078142656,17.4892118042095,18.3042694363715,18.1461526816373,4.6424740355946,15.1089660250944,18.2606207824442,21.8787833506558,15.6050456445219,21.2864738112275,5.85548207553467,6.72913827007675,19.3072604830882,4.86796196509937,0,20.3923722558362,18.5020746847749,19.6209701293143,19.7121510963688,20.1859957746094,20.0853474030087,22.0901201539204,18.7982543390725,7.25704523601246,19.7032643936513,19.5903703835987,21.2864738112275,18.8448640845008,16.5504401233018,21.2864738112275,6.09959781187245,8.34196809223925,18.3042694363715,19.6056640572661,21.2864738112275,21.2864738112275,19.4045894782556,21.2864738112275,19.9037196324616,7.48493355507865,21.2864738112275,20.1594767432605,21.2864738112275,19.5818909728691,19.8080037884645,20.1683272935098,9.110313389601,9.110313389601,21.2864738112275,21.2864738112275,18.3042694363715,21.2864738112275,16.6301532827793,18.3042694363715,19.8362087710223,21.2864738112275,7.09625142009122,20.2305438008877,18.3042694363715,18.3042694363715,18.3042694363715,18.3042694363715,17.2116278866315,21.2864738112275,20.0420905037844,21.2864738112275,20.0776577382722,20.0797172476586,17.9796580549156,21.2864738112275,21.2864738112275,21.1621180375761,18.3042694363715,17.4550120096029,21.2864738112275,21.2864738112275,21.2864738112275,17.9315811544062,20.7529161548486,21.2864738112275,21.2864738112275,8.34196809223925,8.34196809223925,20.631713066247,21.2864738112275,18.3042694363715,18.3042694363715,18.3042694363715,18.3042694363715,21.2864738112275,21.2864738112275,21.2864738112275,21.2864738112275,18.3042694363715,18.3042694363715,21.2864738112275,21.2864738112275,21.2864738112275,21.2864738112275,18.0791055138499,21.2864738112275,21.2864738112275,8.34196809223925,8.34196809223925,21.2864738112275,18.3042694363715,18.3042694363715,18.3042694363715,18.3042694363715,21.2864738112275,21.2864738112275,18.3042694363715,18.3042694363715,18.3042694363715,21.1886101477612,21.0429081018657,21.2864738112275,21.0422566169863,21.2864738112275,18.3042694363715,18.3042694363715,21.2864738112275,21.2864738112275,21.2864738112275,21.2864738112275,21.2864738112275,21.2864738112275,21.2864738112275,21.2864738112275,21.2864738112275,18.3042694363715,18.3042694363715,18.3042694363715,18.3042694363715,18.3042694363715,18.3042694363715,21.2864738112275,21.2864738112275,21.2864738112275,21.2864738112275,21.2864738112275,21.2864738112275,18.3042694363715,18.3042694363715,18.3042694363715,21.2864738112275,21.2864738112275,18.3042694363715,18.3042694363715
"t66",14.6429667665391,10.2203291166924,10.4172805935596,11.8265826729584,14.3297295071323,13.1924893425484,13.5757200299923,13.2838758770074,13.1761293105886,13.4650999619369,20.2206383990027,10.5071301151644,11.3839285627988,14.3133608592606,7.06935833652971,10.7953411613538,16.7588505335637,14.7276551300203,15.4904196960488,17.3217156555208,14.6146854879222,11.9492851933414,10.5607498486078,11.399797410247,20.3923722558362,11.4785995325944,15.5098404339606,16.6403751501579,11.418436100486,11.8842153119822,19.7901029510446,12.0640920186949,13.6196717773175,17.2135303319674,12.7094075072589,12.1488147006048,16.6033332227959,17.7986597173459,16.0224998866513,16.6055672182647,19.0100793663973,15.5358275962887,18.323894833482,11.9445414527036,11.6258735395858,15.6781370057494,17.8077002980535,20.3923722558362,16.6398167511178,16.3227152080159,15.0376441421315,11.9439481320754,20.3923722558362,12.6008890095032,16.6928781991916,17.1970688445591,12.7353210146733,20.9846817952646,17.6931484639867,19.8093433719004,17.9058862391317,18.7795424336737,13.7619968109541,19.3337492329804,20.3923722558362,0,2.05196482576103,14.0757064571802,18.8180495409776,19.2918942192182,19.1912458476174,21.1960185985291,13.2729545713016,19.3074493996094,18.2261339543243,18.1132399442716,15.7412101390934,13.2996004123667,18.6385429427666,15.7412101390934,18.1500019754694,20.3923722558362,20.3923722558362,6.78123624302763,8.46204599698898,19.8093433719004,17.9274590389286,19.8093433719004,5.61257326199841,18.7669924213139,15.7412101390934,14.6142130711265,15.7412101390934,14.036627300735,14.2827040206936,18.6911968541827,20.3923722558362,20.3923722558362,19.8093433719004,19.8093433719004,20.3923722558362,15.7412101390934,18.7182561022441,20.3923722558362,14.2909450988882,15.7412101390934,19.1466555836882,14.6852801287536,20.3923722558362,20.3923722558362,20.3923722558362,20.3923722558362,19.2997307060963,19.8093433719004,18.5649600644573,19.8093433719004,14.5323940661381,14.5344535755246,20.0677608743804,19.8093433719004,15.7412101390934,15.6368182698051,20.3923722558362,19.5431148290677,15.7412101390934,15.7412101390934,15.7611740434565,20.0196839738709,15.2076524827146,15.7412101390934,15.7412101390934,20.3923722558362,20.3923722558362,15.1064132984761,15.7611740434565,20.3923722558362,20.3923722558362,20.3923722558362,20.3923722558362,6.99532744076425,15.7611740434565,8.46204599698898,8.46204599698898,20.3923722558362,20.3923722558362,15.7412101390934,15.7412101390934,6.99532744076425,6.99532744076425,20.1672083333147,15.7412101390934,15.7412101390934,20.3923722558362,20.3923722558362,15.7412101390934,20.3923722558362,20.3923722558362,20.3923722558362,20.3923722558362,19.8093433719004,19.8093433719004,20.3923722558362,20.3923722558362,20.3923722558362,19.7114797084341,15.5176083340947,15.7611740434565,15.4969929448523,15.7412101390934,20.3923722558362,20.3923722558362,15.7611740434565,15.7611740434565,15.7611740434565,15.7611740434565,19.8093433719004,19.8093433719004,15.7412101390934,15.7611740434565,15.7611740434565,20.3923722558362,20.3923722558362,20.3923722558362,20.3923722558362,20.3923722558362,20.3923722558362,15.7611740434565,15.7611740434565,19.8093433719004,19.8093433719004,15.7412101390934,15.7412101390934,20.3923722558362,20.3923722558362,20.3923722558362,15.7412101390934,15.7412101390934,20.3923722558362,20.3923722558362
"t67",12.7526691954778,8.33003154563108,8.52698302249823,9.936285101897,12.439431936071,11.302191771487,11.685422458931,11.393578305946,11.2858317395272,11.5748023908756,18.3303408279414,8.61683254410304,9.49363099173742,12.4230632881992,5.17906076546834,8.90504359029243,14.8685529625023,12.837357558959,13.6001221249874,15.4314180844595,12.7243879168609,10.05898762228,8.67045227754646,9.5094998391856,18.5020746847749,9.58830196153307,13.6195428628993,14.7500775790965,9.5281385294246,9.99391774092083,17.8998053799832,10.1737944476335,11.7293742062562,15.3232327609061,10.8191099361976,10.2585171295434,14.7130356517345,15.9083621462846,14.13220231559,14.7152696472034,17.1197817953359,13.6455300252273,16.4335972624206,10.0542438816422,9.73557596852448,13.7878394346881,15.9174027269922,18.5020746847749,14.7495191800564,14.4324176369545,13.1473465710701,10.0536505610141,18.5020746847749,10.7105914384419,14.8025806281302,15.3067712734978,10.8450234436119,19.0943842242032,15.8028508929254,17.919045800839,16.0155886680703,16.8892448626124,11.8716992398927,17.443451661919,18.5020746847749,2.05196482576103,0,12.1854088861189,16.9277519699162,17.4015966481568,17.3009482765561,19.3057210274678,11.3826570002402,17.4171518285481,16.3358363832629,16.2229423732102,13.850912568032,11.4093028413054,16.7482453717052,13.850912568032,16.2597044044081,18.5020746847749,18.5020746847749,4.89093867196626,6.57174842592762,17.919045800839,16.0371614678672,17.919045800839,3.72227569093704,16.8766948502525,13.850912568032,12.7239155000651,13.850912568032,12.1463297296737,12.3924064496322,16.8008992831213,18.5020746847749,18.5020746847749,17.919045800839,17.919045800839,18.5020746847749,13.850912568032,16.8279585311827,18.5020746847749,12.4006475278269,13.850912568032,17.2563580126268,12.7949825576923,18.5020746847749,18.5020746847749,18.5020746847749,18.5020746847749,17.4094331350349,17.919045800839,16.674662493396,17.919045800839,12.6420964950767,12.6441560044632,18.177463303319,17.919045800839,13.850912568032,13.7465206987438,18.5020746847749,17.6528172580063,13.850912568032,13.850912568032,13.8708764723952,18.1293864028096,13.3173549116532,13.850912568032,13.850912568032,18.5020746847749,18.5020746847749,13.2161157274147,13.8708764723952,18.5020746847749,18.5020746847749,18.5020746847749,18.5020746847749,5.10502986970288,13.8708764723952,6.57174842592762,6.57174842592762,18.5020746847749,18.5020746847749,13.850912568032,13.850912568032,5.10502986970288,5.10502986970288,18.2769107622533,13.850912568032,13.850912568032,18.5020746847749,18.5020746847749,13.850912568032,18.5020746847749,18.5020746847749,18.5020746847749,18.5020746847749,17.919045800839,17.919045800839,18.5020746847749,18.5020746847749,18.5020746847749,17.8211821373728,13.6273107630334,13.8708764723952,13.6066953737909,13.850912568032,18.5020746847749,18.5020746847749,13.8708764723952,13.8708764723952,13.8708764723952,13.8708764723952,17.919045800839,17.919045800839,13.850912568032,13.8708764723952,13.8708764723952,18.5020746847749,18.5020746847749,18.5020746847749,18.5020746847749,18.5020746847749,18.5020746847749,13.8708764723952,13.8708764723952,17.919045800839,17.919045800839,13.850912568032,13.850912568032,18.5020746847749,18.5020746847749,18.5020746847749,13.850912568032,13.850912568032,18.5020746847749,18.5020746847749
"t68",13.8715646400172,9.44892699017052,9.64587846703767,11.0551805464364,13.5583273806104,12.4210872160264,12.8043179034704,12.5124737504855,12.4047271840666,12.693697835415,19.4492362724808,9.73572798864248,10.6125264362769,13.5419587327386,10.4395800475218,6.84124041211673,15.9874484070418,13.9562530034984,14.7190175695269,16.5503135289989,13.8432833614003,7.99518444410432,4.8954722144636,7.4456966610099,19.6209701293143,4.16882430907281,14.7384383074387,15.8689730236359,3.50558638688457,7.93011456274513,19.0187008245226,6.39881438455066,7.95439414317331,16.4421282054455,8.75530675802186,4.02319080755423,15.831931096274,17.027257590824,15.2510977601294,15.8341650917428,18.2386772398754,14.7644254697667,17.5524927069601,7.74442652045682,7.42575860733906,14.9067348792275,17.0362981715316,19.6209701293143,15.8684146245958,15.551313081494,11.0835433928944,7.98984738283838,19.6209701293143,3.19406705645522,15.9214760726697,16.4256667180372,11.9639188881513,20.2132796687427,16.9217463374648,19.0379412453785,17.1344841126097,18.0081403071518,9.80789606171703,18.5623471064585,19.6209701293143,14.0757064571802,12.1854088861189,0,18.0466474144557,18.5204920926963,18.4198437210955,20.4246164720072,12.5015524447796,18.5360472730875,17.4547318278023,17.3418378177497,11.7871093898563,9.34549966312966,17.8671408162447,11.7871093898563,17.3785998489475,19.6209701293143,19.6209701293143,13.2889982586101,14.9698080125715,19.0379412453785,17.1560569124066,19.0379412453785,13.5870538338056,17.995590294792,4.01754852585926,10.6601123218894,11.7871093898563,10.082526551498,13.5113018941717,17.9197947276607,19.6209701293143,19.6209701293143,19.0379412453785,19.0379412453785,19.6209701293143,11.7871093898563,17.9468539757222,19.6209701293143,10.3368443496512,11.7871093898563,18.3752534571663,10.7311793795166,19.6209701293143,19.6209701293143,19.6209701293143,19.6209701293143,18.5283285795743,19.0379412453785,17.7935579379354,19.0379412453785,2.80873245290398,2.81079196229042,19.2963587478584,19.0379412453785,11.7871093898563,14.8654161432832,19.6209701293143,18.7717127025457,11.7871093898563,11.7871093898563,14.9897719169346,19.248281847349,11.2535517334775,11.7871093898563,11.7871093898563,19.6209701293143,19.6209701293143,14.3350111719542,14.9897719169346,19.6209701293143,19.6209701293143,19.6209701293143,19.6209701293143,14.9698080125715,14.9897719169346,14.9698080125715,14.9698080125715,19.6209701293143,19.6209701293143,11.7871093898563,11.7871093898563,14.9698080125715,14.9698080125715,19.3958062067928,11.7871093898563,11.7871093898563,19.6209701293143,19.6209701293143,11.7871093898563,19.6209701293143,19.6209701293143,19.6209701293143,19.6209701293143,19.0379412453785,19.0379412453785,19.6209701293143,19.6209701293143,19.6209701293143,18.9400775819122,14.7462062075728,14.9897719169346,11.5428921956152,11.7871093898563,19.6209701293143,19.6209701293143,14.9897719169346,14.9897719169346,14.9897719169346,14.9897719169346,19.0379412453785,19.0379412453785,11.7871093898563,14.9897719169346,14.9897719169346,19.6209701293143,19.6209701293143,19.6209701293143,19.6209701293143,19.6209701293143,19.6209701293143,14.9897719169346,14.9897719169346,19.0379412453785,19.0379412453785,11.7871093898563,11.7871093898563,19.6209701293143,19.6209701293143,19.6209701293143,11.7871093898563,11.7871093898563,19.6209701293143,19.6209701293143
"t69",13.1590992643788,10.1231368411609,10.7435065783599,7.29226909611429,14.2325372316008,12.512268183081,13.4785277544608,13.1866836014758,12.4959081511212,12.7848788024695,19.5404172395353,13.5786868992116,14.455485346846,14.216168583729,15.1819231313192,14.7662821186292,4.43867171284566,14.6304628544888,15.3932274205172,16.6414944960534,14.5174932123907,15.9202261506168,14.5316908058833,15.3707383675224,19.7121510963688,15.4495404898699,15.4126481584291,15.9601539906904,15.3893770577614,15.8551562692576,19.692910675513,16.0350329759703,17.590612734593,17.1163380564359,16.6803484645344,16.1197556578802,16.5061409472643,17.1184385578785,15.3422787271839,15.9253460587973,18.9128870908657,15.4386353207571,18.2267025579504,15.915482409979,15.5968144968613,15.5809447302179,17.710508022522,19.7121510963688,15.9595955916503,15.6424940485485,19.0085850994069,15.9148890893509,19.7121510963688,16.5718299667787,16.0126570397242,16.5168476850917,16.6862980675856,12.0011700363576,17.0129273045193,19.7121510963688,17.2256650796642,18.0993212742063,17.7329377682295,18.653528073513,19.7121510963688,18.8180495409776,16.9277519699162,18.0466474144557,0,1.37055515893901,10.2077340887105,12.2125068396222,17.2239316242139,18.627228240142,18.1289416787927,18.01604766874,19.7121510963688,17.2705413696422,17.9583217832992,19.7121510963688,17.469780816002,19.7121510963688,19.7121510963688,18.0313413424075,19.7121510963688,19.7121510963688,17.830266763397,19.7121510963688,18.329396917603,18.0867712618465,19.7121510963688,18.5851540284019,19.7121510963688,18.0075682580105,18.2336810736059,18.5940045786511,19.7121510963688,19.7121510963688,19.7121510963688,19.7121510963688,19.7121510963688,19.7121510963688,18.0380349427767,19.7121510963688,18.2618860561637,19.7121510963688,18.4664344242208,18.6562210860291,19.7121510963688,19.7121510963688,19.7121510963688,19.7121510963688,18.6195095466288,19.7121510963688,18.4677677889258,19.7121510963688,18.5033350234135,18.5053945328,19.387539714913,19.7121510963688,19.7121510963688,19.5877953227174,19.7121510963688,18.8628936696003,19.7121510963688,19.7121510963688,19.7121510963688,19.3394628144035,19.17859343999,19.7121510963688,19.7121510963688,19.7121510963688,19.7121510963688,19.0573903513884,19.7121510963688,19.7121510963688,19.7121510963688,19.7121510963688,19.7121510963688,19.7121510963688,19.7121510963688,19.7121510963688,19.7121510963688,19.7121510963688,19.7121510963688,19.7121510963688,19.7121510963688,19.7121510963688,19.7121510963688,19.4869871738473,19.7121510963688,19.7121510963688,19.7121510963688,19.7121510963688,19.7121510963688,19.7121510963688,19.7121510963688,19.7121510963688,19.7121510963688,19.7121510963688,19.7121510963688,19.7121510963688,19.7121510963688,19.7121510963688,19.6142874329026,19.468585387007,19.7121510963688,19.4679339021277,19.7121510963688,19.7121510963688,19.7121510963688,19.7121510963688,19.7121510963688,19.7121510963688,19.7121510963688,19.7121510963688,19.7121510963688,19.7121510963688,19.7121510963688,19.7121510963688,19.7121510963688,19.7121510963688,19.7121510963688,19.7121510963688,19.7121510963688,19.7121510963688,19.7121510963688,19.7121510963688,19.7121510963688,19.7121510963688,19.7121510963688,19.7121510963688,19.7121510963688,19.7121510963688,19.7121510963688,19.7121510963688,19.7121510963688,19.7121510963688,19.7121510963688
"t70",13.6329439426194,10.5969815194015,11.2173512566005,7.76611377435488,14.7063819098414,12.9861128613215,13.9523724327014,13.6605282797164,12.9697528293617,13.2587234807101,20.0142619177759,14.0525315774522,14.9293300250866,14.6900132619696,15.6557678095598,15.2401267968698,4.91251639108624,15.1043075327294,15.8670720987578,17.115339174294,14.9913378906313,16.3940708288574,15.0055354841238,15.844583045763,20.1859957746094,15.9233851681105,15.8864928366696,16.433998668931,15.863221736002,16.3290009474982,20.1667553537536,16.5088776542109,18.0644574128335,17.5901827346764,17.1541931427749,16.5936003361208,16.9799856255049,17.5922832361191,15.8161234054245,16.3991907370379,19.3867317691063,15.9124799989977,18.700547236191,16.3893270882196,16.0706591751019,16.0547894084585,18.1843527007625,20.1859957746094,16.4334402698909,16.1163387267891,19.4824297776475,16.3887337675915,20.1859957746094,17.0456746450192,16.4865017179648,16.9906923633323,17.1601427458261,12.4750147145982,17.4867719827599,20.1859957746094,17.6995097579048,18.5731659524469,18.2067824464701,19.1273727517536,20.1859957746094,19.2918942192182,17.4015966481568,18.5204920926963,1.37055515893901,0,10.6815787669511,12.6863515178628,17.6977763024544,19.1010729183826,18.6027863570333,18.4898923469806,20.1859957746094,17.7443860478827,18.4321664615398,20.1859957746094,17.9436254942426,20.1859957746094,20.1859957746094,18.5051860206481,20.1859957746094,20.1859957746094,18.3041114416376,20.1859957746094,18.8032415958436,18.5606159400871,20.1859957746094,19.0589987066425,20.1859957746094,18.4814129362511,18.7075257518465,19.0678492568917,20.1859957746094,20.1859957746094,20.1859957746094,20.1859957746094,20.1859957746094,20.1859957746094,18.5118796210173,20.1859957746094,18.7357307344043,20.1859957746094,18.9402791024614,19.1300657642696,20.1859957746094,20.1859957746094,20.1859957746094,20.1859957746094,19.0933542248694,20.1859957746094,18.9416124671664,20.1859957746094,18.9771797016541,18.9792392110406,19.8613843931535,20.1859957746094,20.1859957746094,20.061640000958,20.1859957746094,19.3367383478408,20.1859957746094,20.1859957746094,20.1859957746094,19.8133074926441,19.6524381182306,20.1859957746094,20.1859957746094,20.1859957746094,20.1859957746094,19.531235029629,20.1859957746094,20.1859957746094,20.1859957746094,20.1859957746094,20.1859957746094,20.1859957746094,20.1859957746094,20.1859957746094,20.1859957746094,20.1859957746094,20.1859957746094,20.1859957746094,20.1859957746094,20.1859957746094,20.1859957746094,19.9608318520879,20.1859957746094,20.1859957746094,20.1859957746094,20.1859957746094,20.1859957746094,20.1859957746094,20.1859957746094,20.1859957746094,20.1859957746094,20.1859957746094,20.1859957746094,20.1859957746094,20.1859957746094,20.1859957746094,20.0881321111432,19.9424300652476,20.1859957746094,19.9417785803683,20.1859957746094,20.1859957746094,20.1859957746094,20.1859957746094,20.1859957746094,20.1859957746094,20.1859957746094,20.1859957746094,20.1859957746094,20.1859957746094,20.1859957746094,20.1859957746094,20.1859957746094,20.1859957746094,20.1859957746094,20.1859957746094,20.1859957746094,20.1859957746094,20.1859957746094,20.1859957746094,20.1859957746094,20.1859957746094,20.1859957746094,20.1859957746094,20.1859957746094,20.1859957746094,20.1859957746094,20.1859957746094,20.1859957746094,20.1859957746094,20.1859957746094
"t71",13.5322955710187,10.4963331478007,11.1167028849997,7.66546540275414,14.6057335382406,12.8854644897208,13.8517240611006,13.5598799081157,12.869104457761,13.1580751091094,19.9136135461752,13.9518832058515,14.8286816534858,14.5893648903688,15.555119437959,15.1394784252691,8.14853508129662,15.0036591611286,15.7664237271571,17.0146908026933,14.8906895190305,16.2934224572567,14.9048871125231,15.7439346741622,20.0853474030087,15.8227367965097,15.7858444650689,16.3333502973303,15.7625733644012,16.2283525758975,20.0661069821528,16.4082292826102,17.9638090412328,17.4895343630757,17.0535447711742,16.49295196452,16.8793372539042,17.4916348645184,15.7154750338238,16.2985423654372,19.2860833975056,15.811831627397,18.5998988645903,16.2886787166189,15.9700108035011,15.9541410368577,18.0837043291618,20.0853474030087,16.3327918982902,16.0156903551884,19.3817814060468,16.2880853959907,20.0853474030087,16.9450262734185,16.385853346364,16.8900439917316,17.0594943742254,4.07208140135302,17.3861236111592,20.0853474030087,17.5988613863041,18.4725175808462,18.1061340748694,19.0267243801528,20.0853474030087,19.1912458476174,17.3009482765561,18.4198437210955,10.2077340887105,10.6815787669511,0,3.64287280199713,17.5971279308537,19.0004245467819,18.5021379854325,18.3892439753799,20.0853474030087,17.643737676282,18.331518089939,20.0853474030087,17.8429771226419,20.0853474030087,20.0853474030087,18.4045376490473,20.0853474030087,20.0853474030087,18.2034630700368,20.0853474030087,18.7025932242428,18.4599675684863,20.0853474030087,18.9583503350418,20.0853474030087,18.3807645646503,18.6068773802457,18.967200885291,20.0853474030087,20.0853474030087,20.0853474030087,20.0853474030087,20.0853474030087,20.0853474030087,18.4112312494165,20.0853474030087,18.6350823628035,20.0853474030087,18.8396307308606,19.0294173926689,20.0853474030087,20.0853474030087,20.0853474030087,20.0853474030087,18.9927058532687,20.0853474030087,18.8409640955656,20.0853474030087,18.8765313300534,18.8785908394398,19.7607360215528,20.0853474030087,20.0853474030087,19.9609916293573,20.0853474030087,19.2360899762401,20.0853474030087,20.0853474030087,20.0853474030087,19.7126591210434,19.5517897466299,20.0853474030087,20.0853474030087,20.0853474030087,20.0853474030087,19.4305866580282,20.0853474030087,20.0853474030087,20.0853474030087,20.0853474030087,20.0853474030087,20.0853474030087,20.0853474030087,20.0853474030087,20.0853474030087,20.0853474030087,20.0853474030087,20.0853474030087,20.0853474030087,20.0853474030087,20.0853474030087,19.8601834804871,20.0853474030087,20.0853474030087,20.0853474030087,20.0853474030087,20.0853474030087,20.0853474030087,20.0853474030087,20.0853474030087,20.0853474030087,20.0853474030087,20.0853474030087,20.0853474030087,20.0853474030087,20.0853474030087,19.9874837395424,19.8417816936469,20.0853474030087,19.8411302087675,20.0853474030087,20.0853474030087,20.0853474030087,20.0853474030087,20.0853474030087,20.0853474030087,20.0853474030087,20.0853474030087,20.0853474030087,20.0853474030087,20.0853474030087,20.0853474030087,20.0853474030087,20.0853474030087,20.0853474030087,20.0853474030087,20.0853474030087,20.0853474030087,20.0853474030087,20.0853474030087,20.0853474030087,20.0853474030087,20.0853474030087,20.0853474030087,20.0853474030087,20.0853474030087,20.0853474030087,20.0853474030087,20.0853474030087,20.0853474030087,20.0853474030087
"t72",15.5370683219304,12.5011058987124,13.1214756359114,9.67023815366582,16.6105062891523,14.8902372406325,15.8564968120123,15.5646526590274,14.8738772086727,15.1628478600211,21.9183862970868,15.9566559567632,16.8334544043975,16.5941376412805,17.5598921888707,17.1442511761808,10.1533078322083,17.0084319120403,17.7711964780688,19.019463553605,16.8954622699422,18.2981952081684,16.9096598634348,17.7487074250739,22.0901201539204,17.8275095474214,17.7906172159806,18.338123048242,17.7673461153129,18.2331253268092,22.0708797330645,18.4130020335218,19.9685817921445,19.4943071139874,19.0583175220859,18.4977247154317,18.8841100048159,19.49640761543,17.7202477847355,18.3033151163488,21.2908561484173,17.8166043783086,20.604671615502,18.2934514675306,17.9747835544128,17.9589137877694,20.0884770800735,22.0901201539204,18.3375646492019,18.0204631061,21.3865541569585,18.2928581469024,22.0901201539204,18.9497990243302,18.3906260972757,18.8948167426433,19.0642671251371,6.07685415226471,19.3908963620708,22.0901201539204,19.6036341372158,20.4772903317579,20.1109068257811,21.0314971310645,22.0901201539204,21.1960185985291,19.3057210274678,20.4246164720072,12.2125068396222,12.6863515178628,3.64287280199713,0,19.6019006817654,21.0051972976936,20.5069107363442,20.3940167262916,22.0901201539204,19.6485104271937,20.3362908408507,22.0901201539204,19.8477498735536,22.0901201539204,22.0901201539204,20.409310399959,22.0901201539204,22.0901201539204,20.2082358209485,22.0901201539204,20.7073659751545,20.464740319398,22.0901201539204,20.9631230859534,22.0901201539204,20.385537315562,20.6116501311574,20.9719736362027,22.0901201539204,22.0901201539204,22.0901201539204,22.0901201539204,22.0901201539204,22.0901201539204,20.4160040003282,22.0901201539204,20.6398551137152,22.0901201539204,20.8444034817723,21.0341901435806,22.0901201539204,22.0901201539204,22.0901201539204,22.0901201539204,20.9974786041804,22.0901201539204,20.8457368464773,22.0901201539204,20.8813040809651,20.8833635903515,21.7655087724645,22.0901201539204,22.0901201539204,21.965764380269,22.0901201539204,21.2408627271518,22.0901201539204,22.0901201539204,22.0901201539204,21.7174318719551,21.5565624975415,22.0901201539204,22.0901201539204,22.0901201539204,22.0901201539204,21.4353594089399,22.0901201539204,22.0901201539204,22.0901201539204,22.0901201539204,22.0901201539204,22.0901201539204,22.0901201539204,22.0901201539204,22.0901201539204,22.0901201539204,22.0901201539204,22.0901201539204,22.0901201539204,22.0901201539204,22.0901201539204,21.8649562313988,22.0901201539204,22.0901201539204,22.0901201539204,22.0901201539204,22.0901201539204,22.0901201539204,22.0901201539204,22.0901201539204,22.0901201539204,22.0901201539204,22.0901201539204,22.0901201539204,22.0901201539204,22.0901201539204,21.9922564904541,21.8465544445586,22.0901201539204,21.8459029596792,22.0901201539204,22.0901201539204,22.0901201539204,22.0901201539204,22.0901201539204,22.0901201539204,22.0901201539204,22.0901201539204,22.0901201539204,22.0901201539204,22.0901201539204,22.0901201539204,22.0901201539204,22.0901201539204,22.0901201539204,22.0901201539204,22.0901201539204,22.0901201539204,22.0901201539204,22.0901201539204,22.0901201539204,22.0901201539204,22.0901201539204,22.0901201539204,22.0901201539204,22.0901201539204,22.0901201539204,22.0901201539204,22.0901201539204,22.0901201539204,22.0901201539204
"t73",13.0488488497754,8.6262111999287,8.82316267679586,10.2324647561946,12.7356115903686,11.5983714257846,11.9816021132286,11.6897579602436,11.5820113938248,11.8709820451732,18.626520482239,8.91301219840066,9.78981064603504,12.7192429424968,9.63682816164314,9.22118714895319,15.1647326168,13.1335372132566,13.896301779285,15.7275977387571,13.0205675711585,10.3751311809408,8.98659583620722,9.82564339784637,18.7982543390725,9.90444552019384,13.9157225171969,15.0462572333941,9.84428208808536,10.3100612995816,18.1959850342808,10.4899380062943,12.0455177649169,15.6194124152037,11.1352534948583,10.5746606882041,15.0092153060322,16.2045418005822,14.4283819698876,15.011449301501,17.4159614496335,13.9417096795249,16.7297769167182,10.370387440303,10.0517195271852,14.0840190889857,16.2135823812898,18.7982543390725,15.045698834354,14.7285972912522,13.4634901297309,10.3697941196748,18.7982543390725,11.0267349971026,15.0987602824278,15.6029509277954,1.17335049477143,19.3905638785008,16.099030547223,18.2152254551366,16.3117683223679,17.18542451691,12.1878427985535,17.7396313162166,18.7982543390725,13.2729545713016,11.3826570002402,12.5015524447796,17.2239316242139,17.6977763024544,17.5971279308537,19.6019006817654,0,17.7133314828457,16.6320160375605,16.5191220275079,14.1670561266928,11.7254463999661,17.0444250260029,14.1670561266928,16.5558840587057,18.7982543390725,18.7982543390725,12.4862463727314,14.1670561266928,18.2152254551366,16.3333411221648,18.2152254551366,12.784301947927,17.1728745045501,14.1670561266928,13.0400590587259,14.1670561266928,12.4624732883344,1.53820991020765,17.0970789374189,18.7982543390725,18.7982543390725,18.2152254551366,18.2152254551366,18.7982543390725,14.1670561266928,17.1241381854804,18.7982543390725,12.7167910864876,14.1670561266928,17.5525376669245,13.111126116353,18.7982543390725,18.7982543390725,18.7982543390725,18.7982543390725,17.7056127893325,18.2152254551366,16.9708421476936,18.2152254551366,12.9582400537375,12.960299563124,18.4736429576166,18.2152254551366,14.1670561266928,2.89232415931921,18.7982543390725,17.9489969123039,14.1670561266928,14.1670561266928,3.01667993297062,18.4255660571072,13.633498470314,14.1670561266928,14.1670561266928,18.7982543390725,18.7982543390725,2.36191918799016,3.01667993297062,18.7982543390725,18.7982543390725,18.7982543390725,18.7982543390725,14.1670561266928,3.01667993297062,14.1670561266928,14.1670561266928,18.7982543390725,18.7982543390725,14.1670561266928,14.1670561266928,14.1670561266928,14.1670561266928,18.573090416551,14.1670561266928,14.1670561266928,18.7982543390725,18.7982543390725,14.1670561266928,18.7982543390725,18.7982543390725,18.7982543390725,18.7982543390725,18.2152254551366,18.2152254551366,18.7982543390725,18.7982543390725,18.7982543390725,18.1173617916704,2.77311422360881,3.01667993297062,13.9228389324517,14.1670561266928,18.7982543390725,18.7982543390725,3.01667993297062,3.01667993297062,3.01667993297062,3.01667993297062,18.2152254551366,18.2152254551366,14.1670561266928,3.01667993297062,3.01667993297062,18.7982543390725,18.7982543390725,18.7982543390725,18.7982543390725,18.7982543390725,18.7982543390725,3.01667993297062,3.01667993297062,18.2152254551366,18.2152254551366,14.1670561266928,14.1670561266928,18.7982543390725,18.7982543390725,18.7982543390725,14.1670561266928,14.1670561266928,18.7982543390725,18.7982543390725
"t74",14.4521454657036,10.6125366997927,11.2329064369917,11.6357613721228,14.7219370902326,7.18412171015619,13.9679276130926,13.6760834601077,6.65680194923725,10.2920742862454,17.0476127233112,14.0680867578435,14.9448852054778,14.7055684423608,15.671322989951,15.2556819772611,16.5680292327282,15.1198627131206,15.8826272791491,14.1486899798293,15.0068930710225,16.4096260092487,15.0210906645151,15.8601382261542,17.2193465801447,15.9389403485017,15.9020480170609,13.4673494744663,15.8787769163932,16.3445561278895,20.1823105341448,16.5244328346022,18.0800125932248,17.6057379150677,17.1697483231662,16.609155516512,16.9955408058962,14.6256340416544,12.8494742109598,13.4325415425732,19.4022869494976,15.928035179389,18.7161024165823,16.4048822686109,16.0862143554931,16.0703445888497,18.1999078811538,17.2193465801447,13.4667910754262,13.1496895323243,19.4979849580388,16.4042889479827,17.2193465801447,17.0612298254105,3.08930159540404,14.0240431688676,17.1756979262174,20.793860494429,14.5201227882952,20.2015509550007,4.17373499567598,5.04739119021807,18.2223376268614,6.19842221315661,7.25704523601246,19.3074493996094,17.4171518285481,18.5360472730875,18.627228240142,19.1010729183826,19.0004245467819,21.0051972976936,17.7133314828457,0,18.6183415374245,18.5054475273719,20.2015509550007,17.759941228274,15.465517267075,20.2015509550007,4.03805305019563,6.28042333056244,17.2193465801447,18.5207412010393,20.2015509550007,20.2015509550007,18.3196666220288,20.2015509550007,18.8187967762348,6.40001069885186,20.2015509550007,19.0745538870338,20.2015509550007,18.4969681166423,18.7230809322377,19.083404437283,8.02539053337421,8.02539053337421,20.2015509550007,20.2015509550007,17.2193465801447,20.2015509550007,15.5452304265525,17.2193465801447,18.7512859147955,20.2015509550007,5.41450434023253,19.1456209446609,17.2193465801447,17.2193465801447,17.2193465801447,17.2193465801447,16.1267050304047,20.2015509550007,18.9571676475576,20.2015509550007,18.9927348820454,18.9947943914318,16.8947351986888,20.2015509550007,20.2015509550007,20.0771951813493,17.2193465801447,16.3700891533761,20.2015509550007,20.2015509550007,20.2015509550007,16.8466582981794,19.6679932986219,20.2015509550007,20.2015509550007,6.66022101238057,6.66022101238057,19.5467902100202,20.2015509550007,17.2193465801447,17.2193465801447,17.2193465801447,17.2193465801447,20.2015509550007,20.2015509550007,20.2015509550007,20.2015509550007,17.2193465801447,17.2193465801447,20.2015509550007,20.2015509550007,20.2015509550007,20.2015509550007,16.9941826576231,20.2015509550007,20.2015509550007,4.40288909312672,4.40288909312672,20.2015509550007,17.2193465801447,17.2193465801447,17.2193465801447,17.2193465801447,20.2015509550007,20.2015509550007,17.2193465801447,17.2193465801447,17.2193465801447,20.1036872915344,19.9579852456389,20.2015509550007,19.9573337607595,20.2015509550007,17.2193465801447,17.2193465801447,20.2015509550007,20.2015509550007,20.2015509550007,20.2015509550007,20.2015509550007,20.2015509550007,20.2015509550007,20.2015509550007,20.2015509550007,17.2193465801447,17.2193465801447,17.2193465801447,17.2193465801447,17.2193465801447,17.2193465801447,20.2015509550007,20.2015509550007,20.2015509550007,20.2015509550007,20.2015509550007,20.2015509550007,17.2193465801447,17.2193465801447,17.2193465801447,20.2015509550007,20.2015509550007,17.2193465801447,17.2193465801447
"t75",13.9538589043542,9.23296705597203,10.1515909917065,11.1374748107735,10.9626221590275,12.5033814803635,10.7284854171066,10.4366412641216,12.4870214484037,12.775992099752,19.5315305368178,12.9867713125583,13.8635697601927,6.61833438108256,14.5900075446658,14.1743665319759,16.0697426713788,7.03262865184234,5.18753737558039,16.6326077933359,5.37918554293259,15.3283105639635,13.9397752192299,14.7788227808691,19.7032643936513,14.8576249032165,6.27434048897098,15.951267287973,14.7974614711081,15.2632406826043,10.5546030060549,15.443117389317,16.9986971479396,7.97803038697778,16.088432877881,15.5278400712268,6.23723396769417,17.109551855161,15.3333920244664,15.9164593560798,9.77457942140764,6.30032765129903,7.95779557838025,15.3235668233257,15.0048989102079,7.98311052757146,10.1126738198755,19.7032643936513,15.9507088889329,15.633607345831,18.4166695127536,15.3229735026975,19.7032643936513,15.9799143801253,16.0037703370067,16.5079609823742,16.0943824809322,20.2955739330797,17.0040406018018,4.60704755948946,17.2167783769467,18.0904345714888,17.1410221815762,18.6446413707955,19.7032643936513,18.2261339543243,16.3358363832629,17.4547318278023,18.1289416787927,18.6027863570333,18.5021379854325,20.5069107363442,16.6320160375605,18.6183415374245,0,2.12516250105345,19.1202355097155,16.6786257829888,17.9494350805817,19.1202355097155,17.4608941132845,19.7032643936513,19.7032643936513,17.4394257557541,19.1202355097155,10.5738434269107,7.56135978382682,9.44324411679865,17.7374813309496,18.077884559129,19.1202355097155,17.9932384417486,19.1202355097155,17.4156526713571,17.6417654869525,9.45569690919304,19.7032643936513,19.7032643936513,10.5738434269107,10.5738434269107,19.7032643936513,19.1202355097155,18.0291482400592,19.7032643936513,17.6699704695103,19.1202355097155,18.4575477215033,18.0643054993757,19.7032643936513,19.7032643936513,19.7032643936513,19.7032643936513,18.6106228439114,10.5738434269107,9.3294601194677,10.5738434269107,17.9114194367602,17.9134789461466,19.3786530121955,10.5738434269107,19.1202355097155,18.9958797360641,19.7032643936513,18.8540069668828,19.1202355097155,19.1202355097155,19.1202355097155,19.330576111686,18.5866778533367,19.1202355097155,19.1202355097155,19.7032643936513,19.7032643936513,18.465474764735,19.1202355097155,19.7032643936513,19.7032643936513,19.7032643936513,19.7032643936513,19.1202355097155,19.1202355097155,19.1202355097155,19.1202355097155,19.7032643936513,19.7032643936513,19.1202355097155,19.1202355097155,19.1202355097155,19.1202355097155,19.4781004711298,19.1202355097155,19.1202355097155,19.7032643936513,19.7032643936513,19.1202355097155,19.7032643936513,19.7032643936513,19.7032643936513,19.7032643936513,10.5738434269107,10.5738434269107,19.7032643936513,19.7032643936513,19.7032643936513,10.4759797634445,18.8766698003537,19.1202355097155,18.8760183154744,19.1202355097155,19.7032643936513,19.7032643936513,19.1202355097155,19.1202355097155,19.1202355097155,19.1202355097155,10.5738434269107,10.5738434269107,19.1202355097155,19.1202355097155,19.1202355097155,19.7032643936513,19.7032643936513,19.7032643936513,19.7032643936513,19.7032643936513,19.7032643936513,19.1202355097155,19.1202355097155,10.5738434269107,10.5738434269107,19.1202355097155,19.1202355097155,19.7032643936513,19.7032643936513,19.7032643936513,19.1202355097155,19.1202355097155,19.7032643936513,19.7032643936513
"t76",13.8409648943016,9.12007304591937,10.0386969816539,11.0245808007208,10.8497281489748,12.3904874703108,10.6155914070539,10.323747254069,12.374127438351,12.6630980896994,19.4186365267652,12.8738773025056,13.75067575014,6.50544037102991,14.4771135346132,14.0614725219232,15.9568486613262,6.91973464178969,5.07464336552773,16.5197137832833,5.26629153287993,15.2154165539108,13.8268812091773,14.6659287708164,19.5903703835987,14.7447308931639,6.16144647891832,15.8383732779203,14.6845674610554,15.1503466725516,10.4417089960023,15.3302233792643,16.885803137887,7.86513637692512,15.9755388678284,15.4149460611742,6.12433995764152,16.9966578451084,15.2204980144138,15.8035653460272,9.66168541135498,6.18743364124637,7.8449015683276,15.210672813273,14.8920049001553,7.8702165175188,9.99977980982288,19.5903703835987,15.8378148788802,15.5207133357784,18.3037755027009,15.2100794926449,19.5903703835987,15.8670203700727,15.890876326954,16.3950669723216,15.9814884708796,20.182679923027,16.8911465917492,4.4941535494368,17.1038843668941,17.9775405614362,17.0281281715235,18.5317473607428,19.5903703835987,18.1132399442716,16.2229423732102,17.3418378177497,18.01604766874,18.4898923469806,18.3892439753799,20.3940167262916,16.5191220275079,18.5054475273719,2.12516250105345,0,19.0073414996628,16.5657317729362,17.8365410705291,19.0073414996628,17.3480001032319,19.5903703835987,19.5903703835987,17.3265317457015,19.0073414996628,10.4609494168581,7.44846577377416,9.330350106746,17.624587320897,17.9649905490763,19.0073414996628,17.8803444316959,19.0073414996628,17.3027586613045,17.5288714768999,9.34280289914038,19.5903703835987,19.5903703835987,10.4609494168581,10.4609494168581,19.5903703835987,19.0073414996628,17.9162542300066,19.5903703835987,17.5570764594577,19.0073414996628,18.3446537114506,17.9514114893231,19.5903703835987,19.5903703835987,19.5903703835987,19.5903703835987,18.4977288338587,10.4609494168581,9.21656610941504,10.4609494168581,17.7985254267075,17.800584936094,19.2657590021428,10.4609494168581,19.0073414996628,18.8829857260114,19.5903703835987,18.7411129568301,19.0073414996628,19.0073414996628,19.0073414996628,19.2176821016334,18.473783843284,19.0073414996628,19.0073414996628,19.5903703835987,19.5903703835987,18.3525807546824,19.0073414996628,19.5903703835987,19.5903703835987,19.5903703835987,19.5903703835987,19.0073414996628,19.0073414996628,19.0073414996628,19.0073414996628,19.5903703835987,19.5903703835987,19.0073414996628,19.0073414996628,19.0073414996628,19.0073414996628,19.3652064610771,19.0073414996628,19.0073414996628,19.5903703835987,19.5903703835987,19.0073414996628,19.5903703835987,19.5903703835987,19.5903703835987,19.5903703835987,10.4609494168581,10.4609494168581,19.5903703835987,19.5903703835987,19.5903703835987,10.3630857533918,18.763775790301,19.0073414996628,18.7631243054217,19.0073414996628,19.5903703835987,19.5903703835987,19.0073414996628,19.0073414996628,19.0073414996628,19.0073414996628,10.4609494168581,10.4609494168581,19.0073414996628,19.0073414996628,19.0073414996628,19.5903703835987,19.5903703835987,19.5903703835987,19.5903703835987,19.5903703835987,19.5903703835987,19.0073414996628,19.0073414996628,10.4609494168581,10.4609494168581,19.0073414996628,19.0073414996628,19.5903703835987,19.5903703835987,19.5903703835987,19.0073414996628,19.0073414996628,19.5903703835987,19.5903703835987
"t77",15.5370683219304,11.1144306720837,11.3113821489508,12.7206842283496,15.2238310625236,14.0865908979396,14.4698215853835,14.1779774323986,14.0702308659798,14.3592015173282,21.114739954394,11.4012316705556,12.27803011819,15.2074624146518,12.105083729435,7.28775878570225,17.6529520889549,15.6217566854116,16.38452125144,18.2158172109121,15.5087870433135,6.81558605656234,8.27215278128391,7.89221503459543,21.2864738112275,9.19000246527053,16.4039419893518,17.5344767055491,9.12983903316205,7.59903968875938,20.6842045064358,9.77549495137096,11.3310747099936,18.1076318873586,8.42423188403611,9.86021763328084,17.4974347781871,18.6927612727371,16.9166014420426,17.4996687736559,19.9041809217885,16.4299291516799,19.2179963888732,9.65594438537969,9.33727647226193,16.5722385611407,18.7018018534447,21.2864738112275,17.533918306509,17.2168167634071,10.7524685189087,7.65877250885263,21.2864738112275,10.3122919421793,17.5869797545828,18.0911703999504,13.6294225700645,21.8787833506558,18.5872500193779,20.7034449272916,18.7999877945229,19.673643989065,7.95613223772876,20.2278507883716,21.2864738112275,15.7412101390934,13.850912568032,11.7871093898563,19.7121510963688,20.1859957746094,20.0853474030087,22.0901201539204,14.1670561266928,20.2015509550007,19.1202355097155,19.0073414996628,0,2.78447661226707,19.5326444981578,9.93534556586805,19.0441035308607,21.2864738112275,21.2864738112275,14.9545019405233,16.6353116944846,20.7034449272916,18.8215605943198,20.7034449272916,15.2525575157188,19.6610939767051,13.4526130717695,8.84943343677361,9.97643050474053,8.27184766638217,15.1768055760848,19.5852984095739,21.2864738112275,21.2864738112275,20.7034449272916,20.7034449272916,21.2864738112275,8.93903179956551,19.6123576576353,21.2864738112275,8.52616546453537,9.97643050474053,20.0407571390794,11.1776977531021,21.2864738112275,21.2864738112275,21.2864738112275,21.2864738112275,20.1938322614875,20.7034449272916,19.4590616198486,20.7034449272916,12.2437969988142,12.2458565082006,20.9618624297716,20.7034449272916,9.97643050474053,16.5309198251964,21.2864738112275,20.4372163844589,9.93534556586805,9.93534556586805,16.6552755988478,20.9137855292622,9.4428728483617,9.97643050474053,9.93534556586805,21.2864738112275,21.2864738112275,16.0005148538673,16.6552755988478,21.2864738112275,21.2864738112275,21.2864738112275,21.2864738112275,16.6353116944846,16.6552755988478,16.6353116944846,16.6353116944846,21.2864738112275,21.2864738112275,8.93903179956551,8.93903179956551,16.6353116944846,16.6353116944846,21.0613098887059,12.2336277634419,12.2336277634419,21.2864738112275,21.2864738112275,8.93903179956551,21.2864738112275,21.2864738112275,21.2864738112275,21.2864738112275,20.7034449272916,20.7034449272916,21.2864738112275,21.2864738112275,21.2864738112275,20.6055812638254,16.411709889486,16.6552755988478,9.69112837162692,9.93534556586805,21.2864738112275,21.2864738112275,16.6552755988478,16.6552755988478,16.6552755988478,16.6552755988478,20.7034449272916,20.7034449272916,9.93534556586805,16.6552755988478,16.6552755988478,21.2864738112275,21.2864738112275,21.2864738112275,21.2864738112275,21.2864738112275,21.2864738112275,16.6552755988478,16.6552755988478,20.7034449272916,20.7034449272916,8.93903179956551,8.93903179956551,21.2864738112275,21.2864738112275,21.2864738112275,9.93534556586805,9.93534556586805,21.2864738112275,21.2864738112275
"t78",13.0954585952037,8.672820945357,8.86977242222415,10.2790745016229,12.7822213357969,11.6449811712129,12.0282118586569,11.7363677056719,11.6286211392531,11.9175917906015,18.6731302276673,8.95962194382896,9.83642039146334,12.7658526879251,9.66347400270829,4.84614905897558,15.2113423622283,13.1801469586849,13.9429115247133,15.7742074841854,13.0671773165868,4.37397632983567,5.83054305455724,5.45060530786875,18.8448640845008,6.74839273854385,13.9623322626252,15.0928669788224,6.68822930643538,5.15742996203271,18.2425947797091,7.33388522464429,8.88946498326694,15.666022160632,5.98262215730944,7.41860790655416,15.0558250514605,16.2511515460105,14.4749917153159,15.0580590469293,17.4625711950618,13.9883194249532,16.7763866621465,7.21433465865301,6.89566674553526,14.130628834414,16.2601921267181,18.8448640845008,15.0923085797823,14.7752070366805,8.31085879218201,5.21716278212596,18.8448640845008,7.87068221545265,15.1453700278561,15.6495606732237,11.1878128433378,19.4371736239291,16.1456402926513,18.2618352005649,16.3583780677962,17.2320342623383,5.51452251100208,17.7862410616449,18.8448640845008,13.2996004123667,11.4093028413054,9.34549966312966,17.2705413696422,17.7443860478827,17.643737676282,19.6485104271937,11.7254463999661,17.759941228274,16.6786257829888,16.5657317729362,2.78447661226707,0,17.0910347714312,7.49373583914138,16.602493804134,18.8448640845008,18.8448640845008,12.5128922137966,14.193701967758,18.2618352005649,16.3799508675931,18.2618352005649,12.8109477889921,17.2194842499784,11.0110033450428,6.40782371004694,7.53482077801386,5.83023793965549,12.7351958493581,17.1436886828472,18.8448640845008,18.8448640845008,18.2618352005649,18.2618352005649,18.8448640845008,6.49742207283883,17.1707479309087,18.8448640845008,6.0845557378087,7.53482077801386,17.5991474123528,8.73608802637541,18.8448640845008,18.8448640845008,18.8448640845008,18.8448640845008,17.7522225347608,18.2618352005649,17.0174518931219,18.2618352005649,9.80218727208753,9.80424678147397,18.5202527030449,18.2618352005649,7.53482077801386,14.0893100984697,18.8448640845008,17.9956066577322,7.49373583914138,7.49373583914138,14.2136658721211,18.4721758025355,7.00126312163503,7.53482077801386,7.49373583914138,18.8448640845008,18.8448640845008,13.5589051271406,14.2136658721211,18.8448640845008,18.8448640845008,18.8448640845008,18.8448640845008,14.193701967758,14.2136658721211,14.193701967758,14.193701967758,18.8448640845008,18.8448640845008,6.49742207283883,6.49742207283883,14.193701967758,14.193701967758,18.6197001619793,9.79201803671518,9.79201803671518,18.8448640845008,18.8448640845008,6.49742207283884,18.8448640845008,18.8448640845008,18.8448640845008,18.8448640845008,18.2618352005649,18.2618352005649,18.8448640845008,18.8448640845008,18.8448640845008,18.1639715370987,13.9701001627593,14.2136658721211,7.24951864490025,7.49373583914138,18.8448640845008,18.8448640845008,14.2136658721211,14.2136658721211,14.2136658721211,14.2136658721211,18.2618352005649,18.2618352005649,7.49373583914138,14.2136658721211,14.2136658721211,18.8448640845008,18.8448640845008,18.8448640845008,18.8448640845008,18.8448640845008,18.8448640845008,14.2136658721211,14.2136658721211,18.2618352005649,18.2618352005649,6.49742207283884,6.49742207283884,18.8448640845008,18.8448640845008,18.8448640845008,7.49373583914138,7.49373583914138,18.8448640845008,18.8448640845008
"t79",13.7832390088607,9.94363024294989,10.5639999801489,10.96685491528,14.0530306333898,9.35055721001396,13.2990211562498,13.0071770032648,9.33419717805415,6.24843616259736,13.0039745996632,13.3991803010006,14.275978748635,14.036661985518,15.0024165331082,14.5867755204182,15.8991227758853,14.4509562562778,15.2137208223062,6.58237672519048,14.3379866141797,15.7407195524058,14.3521842076723,15.1912317693114,8.63914110765113,15.2700338916589,15.2331415602181,4.10219248593706,15.2098704595504,15.6756496710466,19.513404077302,15.8555263777593,17.411106136382,16.9368314582249,16.5008418663234,15.9402490596692,16.3266343490534,7.05932078701556,3.48431722243053,4.06738455404392,18.7333804926547,15.2591287225461,18.0471959597394,15.735975811768,15.4173078986503,15.4014381320069,17.531001424311,12.8261172918504,5.90047782078739,5.58337627768556,18.8290785011959,15.7353824911399,6.54082360641643,16.3923233685677,12.8509460666572,5.42096073807021,16.5067914693746,20.1249540375862,3.84159981456692,19.5326444981578,14.0639541065972,14.9376103011393,17.5534311700185,15.491817100446,16.5504401233018,18.6385429427666,16.7482453717052,17.8671408162447,17.9583217832992,18.4321664615398,18.331518089939,20.3362908408507,17.0444250260029,15.465517267075,17.9494350805817,17.8365410705291,19.5326444981578,17.0910347714312,0,19.5326444981578,14.308069842935,16.5504401233018,3.29862573002248,17.8518347441965,19.5326444981578,19.5326444981578,17.650760165186,19.5326444981578,18.149890319392,14.9250602887795,19.5326444981578,18.4056474301909,19.5326444981578,17.8280616597995,18.0541744753949,18.4144979804401,16.5504401233018,16.5504401233018,19.5326444981578,19.5326444981578,12.2510589149698,19.5326444981578,7.19857904830896,8.87269520190108,18.0823794579527,19.5326444981578,15.3047234511538,18.4767144878181,3.29862573002248,12.2510589149698,12.2510589149698,6.54082360641643,5.44818205667645,19.5326444981578,18.2882611907148,19.5326444981578,18.3238284252025,18.325887934589,11.9264475335139,19.5326444981578,19.5326444981578,19.4082887245064,8.61626414934731,2.44936830325391,19.5326444981578,19.5326444981578,19.5326444981578,8.24357586738201,18.999086841779,19.5326444981578,19.5326444981578,16.5504401233018,16.5504401233018,18.8778837531774,19.5326444981578,6.54082360641643,6.54082360641643,3.29862573002248,3.29862573002248,19.5326444981578,19.5326444981578,19.5326444981578,19.5326444981578,12.2510589149698,12.2510589149698,19.5326444981578,19.5326444981578,19.5326444981578,19.5326444981578,12.0258949924482,19.5326444981578,19.5326444981578,16.5504401233018,16.5504401233018,19.5326444981578,3.29862573002248,3.29862573002248,8.61626414934731,8.61626414934731,19.5326444981578,19.5326444981578,3.29862573002248,12.2510589149698,12.2510589149698,19.4347808346916,19.289078788796,19.5326444981578,19.2884273039167,19.5326444981578,3.29862573002248,3.29862573002248,19.5326444981578,19.5326444981578,19.5326444981578,19.5326444981578,19.5326444981578,19.5326444981578,19.5326444981578,19.5326444981578,19.5326444981578,12.8261172918504,12.8261172918504,12.8261172918504,12.8261172918504,8.61626414934731,8.61626414934731,19.5326444981578,19.5326444981578,19.5326444981578,19.5326444981578,19.5326444981578,19.5326444981578,3.29862573002248,3.29862573002248,3.29862573002248,19.5326444981578,19.5326444981578,3.29862573002248,3.29862573002248
"t80",15.5370683219304,11.1144306720837,11.3113821489508,12.7206842283496,15.2238310625236,14.0865908979396,14.4698215853836,14.1779774323986,14.0702308659798,14.3592015173282,21.114739954394,11.4012316705556,12.27803011819,15.2074624146518,12.105083729435,7.28775878570225,17.6529520889549,15.6217566854116,16.38452125144,18.2158172109121,15.5087870433135,6.81558605656234,8.27215278128391,7.89221503459543,21.2864738112275,9.19000246527053,16.4039419893518,17.5344767055491,9.12983903316205,7.59903968875938,20.6842045064358,9.77549495137096,11.3310747099936,18.1076318873586,8.42423188403611,9.86021763328084,17.4974347781871,18.6927612727371,16.9166014420426,17.4996687736559,19.9041809217885,16.4299291516799,19.2179963888732,9.65594438537969,9.33727647226193,16.5722385611407,18.7018018534447,21.2864738112275,17.533918306509,17.2168167634071,10.7524685189087,7.65877250885263,21.2864738112275,10.3122919421793,17.5869797545828,18.0911703999504,13.6294225700645,21.8787833506558,18.587250019378,20.7034449272916,18.7999877945229,19.673643989065,4.13175414348298,20.2278507883716,21.2864738112275,15.7412101390934,13.850912568032,11.7871093898563,19.7121510963688,20.1859957746094,20.0853474030087,22.0901201539204,14.1670561266928,20.2015509550007,19.1202355097155,19.0073414996628,9.93534556586805,7.49373583914138,19.5326444981578,0,19.0441035308607,21.2864738112275,21.2864738112275,14.9545019405233,16.6353116944846,20.7034449272916,18.8215605943198,20.7034449272916,15.2525575157188,19.6610939767051,13.4526130717695,8.84943343677361,9.97643050474053,8.27184766638217,15.1768055760848,19.5852984095739,21.2864738112275,21.2864738112275,20.7034449272916,20.7034449272916,21.2864738112275,9.93534556586805,19.6123576576353,21.2864738112275,8.52616546453537,9.97643050474053,20.0407571390794,11.1776977531021,21.2864738112275,21.2864738112275,21.2864738112275,21.2864738112275,20.1938322614875,20.7034449272916,19.4590616198486,20.7034449272916,12.2437969988142,12.2458565082006,20.9618624297716,20.7034449272916,9.97643050474053,16.5309198251964,21.2864738112275,20.4372163844589,4.96221823536356,4.96221823536356,16.6552755988478,20.9137855292622,9.44287284836171,9.97643050474053,4.96221823536356,21.2864738112275,21.2864738112275,16.0005148538673,16.6552755988478,21.2864738112275,21.2864738112275,21.2864738112275,21.2864738112275,16.6353116944846,16.6552755988478,16.6353116944846,16.6353116944846,21.2864738112275,21.2864738112275,9.93534556586805,9.93534556586805,16.6353116944846,16.6353116944846,21.0613098887059,12.2336277634419,12.2336277634419,21.2864738112275,21.2864738112275,9.93534556586805,21.2864738112275,21.2864738112275,21.2864738112275,21.2864738112275,20.7034449272916,20.7034449272916,21.2864738112275,21.2864738112275,21.2864738112275,20.6055812638254,16.411709889486,16.6552755988478,4.71800104112242,4.96221823536356,21.2864738112275,21.2864738112275,16.6552755988478,16.6552755988478,16.6552755988478,16.6552755988478,20.7034449272916,20.7034449272916,4.96221823536356,16.6552755988478,16.6552755988478,21.2864738112275,21.2864738112275,21.2864738112275,21.2864738112275,21.2864738112275,21.2864738112275,16.6552755988478,16.6552755988478,20.7034449272916,20.7034449272916,9.93534556586805,9.93534556586805,21.2864738112275,21.2864738112275,21.2864738112275,4.96221823536356,4.96221823536356,21.2864738112275,21.2864738112275
"t81",13.2946980415636,9.45508927565272,10.0754590128517,10.4783139479828,13.5644896660926,6.02667428601618,12.8104801889526,12.5186360359677,5.49935452509724,9.13462686210535,15.8901652991711,12.9106393337035,13.7874377813378,13.5481210182208,14.513875565811,14.0982345531211,15.4105818085881,13.9624152889806,14.7251798550091,12.9912425556893,13.8494456468825,15.2521785851087,13.8636432403751,14.7026908020142,16.0618991560047,14.7814929243617,14.7446005929209,12.3099020503263,14.7213294922532,15.1871087037495,19.0248631100048,15.3669854104621,16.9225651690848,16.4482904909277,16.0123008990262,15.451708092372,15.8380933817562,13.4681866175143,11.6920267868198,12.2750941184331,18.2448395253576,14.7705877552489,17.5586549924423,15.2474348444709,14.9287669313531,14.9128971647097,17.0424604570138,16.0618991560047,12.3093436512862,11.9922421081843,18.3405375338988,15.2468415238427,16.0618991560047,15.9037824012705,1.93185417126403,12.8665957447276,16.0182505020774,19.636413070289,13.3626753641551,19.0441035308607,3.01628757153597,3.88994376607806,17.0648902027214,5.0409747890166,6.09959781187245,18.1500019754694,16.2597044044081,17.3785998489475,17.469780816002,17.9436254942426,17.8429771226419,19.8477498735536,16.5558840587057,4.03805305019563,17.4608941132845,17.3480001032319,19.0441035308607,16.602493804134,14.308069842935,19.0441035308607,0,2.51992206051166,16.0618991560047,17.3632937768993,19.0441035308607,19.0441035308607,17.1622191978888,19.0441035308607,17.6613493520948,5.24256327471185,19.0441035308607,17.9171064628937,19.0441035308607,17.3395206925023,17.5656335080977,17.925957013143,6.8679431092342,6.8679431092342,19.0441035308607,19.0441035308607,16.0618991560047,19.0441035308607,14.3877830024125,16.0618991560047,17.5938384906555,19.0441035308607,4.25705691609252,17.9881735205209,16.0618991560047,16.0618991560047,16.0618991560047,16.0618991560047,14.9692576062647,19.0441035308607,17.7997202234176,19.0441035308607,17.8352874579054,17.8373469672918,15.7372877745488,19.0441035308607,19.0441035308607,18.9197477572093,16.0618991560047,15.2126417292361,19.0441035308607,19.0441035308607,19.0441035308607,15.6892108740394,18.5105458744818,19.0441035308607,19.0441035308607,5.50277358824056,5.50277358824056,18.3893427858802,19.0441035308607,16.0618991560047,16.0618991560047,16.0618991560047,16.0618991560047,19.0441035308607,19.0441035308607,19.0441035308607,19.0441035308607,16.0618991560047,16.0618991560047,19.0441035308607,19.0441035308607,19.0441035308607,19.0441035308607,15.8367352334831,19.0441035308607,19.0441035308607,5.12297590642242,5.12297590642242,19.0441035308607,16.0618991560047,16.0618991560047,16.0618991560047,16.0618991560047,19.0441035308607,19.0441035308607,16.0618991560047,16.0618991560047,16.0618991560047,18.9462398673944,18.8005378214989,19.0441035308607,18.7998863366195,19.0441035308607,16.0618991560047,16.0618991560047,19.0441035308607,19.0441035308607,19.0441035308607,19.0441035308607,19.0441035308607,19.0441035308607,19.0441035308607,19.0441035308607,19.0441035308607,16.0618991560047,16.0618991560047,16.0618991560047,16.0618991560047,16.0618991560047,16.0618991560047,19.0441035308607,19.0441035308607,19.0441035308607,19.0441035308607,19.0441035308607,19.0441035308607,16.0618991560047,16.0618991560047,16.0618991560047,19.0441035308607,19.0441035308607,16.0618991560047,16.0618991560047
"t82",15.5370683219304,11.6974595560195,12.3178292932185,12.7206842283496,15.8068599464594,8.26904456638298,15.0528504693194,14.7610063163345,7.74172480546404,11.3769971424722,18.132535579538,15.1530096140703,16.0298080617046,15.7904912985876,16.7562458461778,16.3406048334879,17.6529520889549,16.2047855693474,16.9675501353759,15.2336128360561,16.0918159272493,17.4945488654755,16.1060135207419,16.945061082381,18.3042694363715,17.0238632047285,16.9869708732877,14.5522723306931,16.96369977262,17.4294789841163,21.2672333903716,17.6093556908289,19.1649354494516,18.6906607712945,18.254671179393,17.6940783727388,18.080463662123,15.7105568978811,13.9343970671866,14.5174643987999,20.4872098057244,17.0129580356157,19.8010252728091,17.4898051248377,17.1711372117199,17.1552674450765,19.2848307373806,18.3042694363715,14.551713931653,14.2346123885511,20.5829078142656,17.4892118042095,18.3042694363715,18.1461526816373,4.17422445163083,15.1089660250944,18.2606207824442,21.8787833506558,15.6050456445219,21.2864738112275,5.25865785190277,6.13231404644486,19.3072604830882,7.28334506938341,8.34196809223925,20.3923722558362,18.5020746847749,19.6209701293143,19.7121510963688,20.1859957746094,20.0853474030087,22.0901201539204,18.7982543390725,6.28042333056244,19.7032643936513,19.5903703835987,21.2864738112275,18.8448640845008,16.5504401233018,21.2864738112275,2.51992206051166,0,18.3042694363715,19.6056640572661,21.2864738112275,21.2864738112275,19.4045894782556,21.2864738112275,19.9037196324616,7.48493355507865,21.2864738112275,20.1594767432605,21.2864738112275,19.5818909728691,19.8080037884645,20.1683272935098,9.110313389601,9.110313389601,21.2864738112275,21.2864738112275,18.3042694363715,21.2864738112275,16.6301532827793,18.3042694363715,19.8362087710223,21.2864738112275,6.49942719645932,20.2305438008877,18.3042694363715,18.3042694363715,18.3042694363715,18.3042694363715,17.2116278866315,21.2864738112275,20.0420905037844,21.2864738112275,20.0776577382722,20.0797172476586,17.9796580549156,21.2864738112275,21.2864738112275,21.1621180375761,18.3042694363715,17.4550120096029,21.2864738112275,21.2864738112275,21.2864738112275,17.9315811544062,20.7529161548486,21.2864738112275,21.2864738112275,7.74514386860736,7.74514386860736,20.631713066247,21.2864738112275,18.3042694363715,18.3042694363715,18.3042694363715,18.3042694363715,21.2864738112275,21.2864738112275,21.2864738112275,21.2864738112275,18.3042694363715,18.3042694363715,21.2864738112275,21.2864738112275,21.2864738112275,21.2864738112275,18.0791055138499,21.2864738112275,21.2864738112275,7.36534618678922,7.36534618678922,21.2864738112275,18.3042694363715,18.3042694363715,18.3042694363715,18.3042694363715,21.2864738112275,21.2864738112275,18.3042694363715,18.3042694363715,18.3042694363715,21.1886101477612,21.0429081018657,21.2864738112275,21.0422566169863,21.2864738112275,18.3042694363715,18.3042694363715,21.2864738112275,21.2864738112275,21.2864738112275,21.2864738112275,21.2864738112275,21.2864738112275,21.2864738112275,21.2864738112275,21.2864738112275,18.3042694363715,18.3042694363715,18.3042694363715,18.3042694363715,18.3042694363715,18.3042694363715,21.2864738112275,21.2864738112275,21.2864738112275,21.2864738112275,21.2864738112275,21.2864738112275,18.3042694363715,18.3042694363715,18.3042694363715,21.2864738112275,21.2864738112275,18.3042694363715,18.3042694363715
"t83",15.5370683219304,11.6974595560195,12.3178292932185,12.7206842283496,15.8068599464594,11.1043865230836,15.0528504693194,14.7610063163345,11.0880264911238,8.00226547566699,14.7578039127328,15.1530096140703,16.0298080617046,15.7904912985876,16.7562458461778,16.3406048334879,17.6529520889549,16.2047855693474,16.9675501353759,8.33620603826011,16.0918159272493,17.4945488654755,16.1060135207419,16.945061082381,10.3929704207208,17.0238632047285,16.9869708732877,5.85602179900669,16.96369977262,17.4294789841163,21.2672333903716,17.6093556908289,19.1649354494516,18.6906607712945,18.254671179393,17.6940783727388,18.080463662123,8.81315010008519,5.23814653550016,5.82121386711355,20.4872098057244,17.0129580356157,19.8010252728091,17.4898051248377,17.1711372117199,17.1552674450765,19.2848307373806,14.5799466049201,7.65430713385702,7.33720559075519,20.5829078142656,17.4892118042095,8.29465291948606,18.1461526816373,14.6047753797268,7.17479005113984,18.2606207824442,21.8787833506558,5.59542912763655,21.2864738112275,15.8177834196669,16.691439614209,19.3072604830882,17.2456464135156,18.3042694363715,20.3923722558362,18.5020746847749,19.6209701293143,19.7121510963688,20.1859957746094,20.0853474030087,22.0901201539204,18.7982543390725,17.2193465801447,19.7032643936513,19.5903703835987,21.2864738112275,18.8448640845008,3.29862573002248,21.2864738112275,16.0618991560047,18.3042694363715,0,19.6056640572661,21.2864738112275,21.2864738112275,19.4045894782556,21.2864738112275,19.9037196324616,16.6788896018491,21.2864738112275,20.1594767432605,21.2864738112275,19.5818909728691,19.8080037884645,20.1683272935098,18.3042694363715,18.3042694363715,21.2864738112275,21.2864738112275,14.0048882280394,21.2864738112275,8.95240836137859,10.6265245149707,19.8362087710223,21.2864738112275,17.0585527642234,20.2305438008877,4.73657305442757,14.0048882280394,14.0048882280394,8.29465291948606,7.20201136974609,21.2864738112275,20.0420905037844,21.2864738112275,20.0776577382722,20.0797172476586,13.6802768465835,21.2864738112275,21.2864738112275,21.1621180375761,10.3700934624169,3.887315627659,21.2864738112275,21.2864738112275,21.2864738112275,9.99740518045164,20.7529161548486,21.2864738112275,21.2864738112275,18.3042694363715,18.3042694363715,20.631713066247,21.2864738112275,8.29465291948606,8.29465291948606,4.73657305442757,4.73657305442757,21.2864738112275,21.2864738112275,21.2864738112275,21.2864738112275,14.0048882280394,14.0048882280394,21.2864738112275,21.2864738112275,21.2864738112275,21.2864738112275,13.7797243055179,21.2864738112275,21.2864738112275,18.3042694363715,18.3042694363715,21.2864738112275,4.73657305442757,4.73657305442757,10.3700934624169,10.3700934624169,21.2864738112275,21.2864738112275,4.73657305442757,14.0048882280394,14.0048882280394,21.1886101477612,21.0429081018657,21.2864738112275,21.0422566169863,21.2864738112275,4.73657305442757,4.73657305442757,21.2864738112275,21.2864738112275,21.2864738112275,21.2864738112275,21.2864738112275,21.2864738112275,21.2864738112275,21.2864738112275,21.2864738112275,14.5799466049201,14.5799466049201,14.5799466049201,14.5799466049201,10.3700934624169,10.3700934624169,21.2864738112275,21.2864738112275,21.2864738112275,21.2864738112275,21.2864738112275,21.2864738112275,4.73657305442757,4.73657305442757,4.73657305442757,21.2864738112275,21.2864738112275,4.73657305442757,4.73657305442757
"t84",13.856258567969,9.43362091812232,9.63057239498947,11.0398744743882,13.5430213085622,12.4057811439782,12.7890118314222,12.4971676784373,12.3894211120184,12.6783917633668,19.4339302004326,9.72042191659428,10.5972203642287,13.5266526606904,6.28265013795958,10.0086329627837,15.9721423349936,13.9409469314502,14.7037114974787,16.5350074569507,13.8279772893521,11.1625769947713,9.7740416500377,10.6130892116768,19.6056640572661,10.6918913340243,14.7231322353905,15.8536669515877,10.6317279019158,11.0975071134121,19.0033947524744,11.2773838201248,12.8329635787474,16.4268221333973,11.9226993086888,11.3621065020346,15.8166250242258,17.0119515187758,15.2357916880812,15.8188590196946,18.2233711678272,14.7491193977185,17.5371866349119,11.1578332541335,10.8391653410157,14.8914288071793,17.0209920994834,19.6056640572661,15.8531085525476,15.5360070094458,14.2509359435614,11.1572399335053,19.6056640572661,11.8141808109331,15.9061700006215,16.410360645989,11.9486128161031,20.1979735966945,16.9064402654166,19.0226351733303,17.1191780405615,17.9928342351036,12.975288612384,18.5470410344103,19.6056640572661,6.78123624302763,4.89093867196626,13.2889982586101,18.0313413424075,18.5051860206481,18.4045376490473,20.409310399959,12.4862463727314,18.5207412010393,17.4394257557541,17.3265317457015,14.9545019405233,12.5128922137966,17.8518347441965,14.9545019405233,17.3632937768993,19.6056640572661,19.6056640572661,0,3.02886627779734,19.0226351733303,17.1407508403584,19.0226351733303,6.29258361965302,17.9802842227438,14.9545019405233,13.8275048725564,14.9545019405233,13.2499191021649,13.4959958221235,17.9044886556125,19.6056640572661,19.6056640572661,19.0226351733303,19.0226351733303,19.6056640572661,14.9545019405233,17.931547903674,19.6056640572661,13.5042369003181,14.9545019405233,18.3599473851181,13.8985719301835,19.6056640572661,19.6056640572661,19.6056640572661,19.6056640572661,18.5130225075261,19.0226351733303,17.7782518658872,19.0226351733303,13.745685867568,13.7477453769544,19.2810526758102,19.0226351733303,14.9545019405233,14.850110071235,19.6056640572661,18.7564066304975,14.9545019405233,14.9545019405233,14.9744658448864,19.2329757753008,14.4209442841444,14.9545019405233,14.9545019405233,19.6056640572661,19.6056640572661,14.319705099906,14.9744658448864,19.6056640572661,19.6056640572661,19.6056640572661,19.6056640572661,7.67533779841886,14.9744658448864,3.02886627779734,3.02886627779734,19.6056640572661,19.6056640572661,14.9545019405233,14.9545019405233,7.67533779841886,7.67533779841886,19.3805001347446,14.9545019405233,14.9545019405233,19.6056640572661,19.6056640572661,14.9545019405233,19.6056640572661,19.6056640572661,19.6056640572661,19.6056640572661,19.0226351733303,19.0226351733303,19.6056640572661,19.6056640572661,19.6056640572661,18.924771509864,14.7309001355246,14.9744658448864,14.7102847462821,14.9545019405233,19.6056640572661,19.6056640572661,14.9744658448864,14.9744658448864,14.9744658448864,14.9744658448864,19.0226351733303,19.0226351733303,14.9545019405233,14.9744658448864,14.9744658448864,19.6056640572661,19.6056640572661,19.6056640572661,19.6056640572661,19.6056640572661,19.6056640572661,14.9744658448864,14.9744658448864,19.0226351733303,19.0226351733303,14.9545019405233,14.9545019405233,19.6056640572661,19.6056640572661,19.6056640572661,14.9545019405233,14.9545019405233,19.6056640572661,19.6056640572661
"t85",15.5370683219304,11.1144306720837,11.3113821489508,12.7206842283496,15.2238310625236,14.0865908979396,14.4698215853836,14.1779774323986,14.0702308659798,14.3592015173282,21.114739954394,11.4012316705556,12.27803011819,15.2074624146518,7.96345989192094,11.689442716745,17.6529520889549,15.6217566854116,16.38452125144,18.2158172109121,15.5087870433135,12.8433867487326,11.4548514039991,12.2938989656382,21.2864738112275,12.3727010879857,16.4039419893518,17.5344767055491,12.3125376558772,12.7783168673734,20.6842045064358,12.9581935740861,14.5137733327088,18.1076318873587,13.6035090626502,13.042916255996,17.4974347781871,18.6927612727371,16.9166014420426,17.4996687736559,19.9041809217885,16.4299291516799,19.2179963888732,12.8386430080948,12.5199750949771,16.5722385611407,18.7018018534448,21.2864738112275,17.533918306509,17.2168167634071,15.9317456975227,12.8380496874667,21.2864738112275,13.4949905648945,17.5869797545828,18.0911703999504,13.6294225700645,21.8787833506558,18.587250019378,20.7034449272916,18.7999877945229,19.673643989065,14.6560983663453,20.2278507883716,21.2864738112275,8.46204599698898,6.57174842592762,14.9698080125715,19.7121510963688,20.1859957746094,20.0853474030087,22.0901201539204,14.1670561266928,20.2015509550007,19.1202355097155,19.0073414996628,16.6353116944846,14.193701967758,19.5326444981578,16.6353116944846,19.0441035308607,21.2864738112275,21.2864738112275,3.02886627779734,0,20.7034449272916,18.8215605943198,20.7034449272916,7.97339337361437,19.6610939767051,16.6353116944846,15.5083146265177,16.6353116944846,14.9307288561263,15.1768055760848,19.5852984095739,21.2864738112275,21.2864738112275,20.7034449272916,20.7034449272916,21.2864738112275,16.6353116944846,19.6123576576353,21.2864738112275,15.1850466542795,16.6353116944846,20.0407571390794,15.5793816841449,21.2864738112275,21.2864738112275,21.2864738112275,21.2864738112275,20.1938322614875,20.7034449272916,19.4590616198486,20.7034449272916,15.4264956215293,15.4285551309158,20.9618624297716,20.7034449272916,16.6353116944846,16.5309198251964,21.2864738112275,20.4372163844589,16.6353116944846,16.6353116944846,16.6552755988478,20.9137855292622,16.1017540381058,16.6353116944846,16.6353116944846,21.2864738112275,21.2864738112275,16.0005148538673,16.6552755988478,21.2864738112275,21.2864738112275,21.2864738112275,21.2864738112275,9.35614755238021,16.6552755988478,4.70076410653298,4.70076410653298,21.2864738112275,21.2864738112275,16.6353116944846,16.6353116944846,9.35614755238021,9.35614755238021,21.0613098887059,16.6353116944846,16.6353116944846,21.2864738112275,21.2864738112275,16.6353116944846,21.2864738112275,21.2864738112275,21.2864738112275,21.2864738112275,20.7034449272916,20.7034449272916,21.2864738112275,21.2864738112275,21.2864738112275,20.6055812638254,16.411709889486,16.6552755988478,16.3910945002435,16.6353116944846,21.2864738112275,21.2864738112275,16.6552755988478,16.6552755988478,16.6552755988478,16.6552755988478,20.7034449272916,20.7034449272916,16.6353116944846,16.6552755988478,16.6552755988478,21.2864738112275,21.2864738112275,21.2864738112275,21.2864738112275,21.2864738112275,21.2864738112275,16.6552755988478,16.6552755988478,20.7034449272916,20.7034449272916,16.6353116944846,16.6353116944846,21.2864738112275,21.2864738112275,21.2864738112275,16.6353116944846,16.6353116944846,21.2864738112275,21.2864738112275
"t86",15.5370683219304,10.8161764735482,11.7348004092827,12.7206842283496,12.5458315766036,14.0865908979396,12.3116948346827,12.0198506816978,14.0702308659798,14.3592015173282,21.114739954394,14.5699807301344,15.4467791777688,8.20154379865869,16.173216962242,15.757575949552,17.6529520889549,8.61583806941847,7.83812916863527,18.2158172109121,5.42568045107021,16.9115199815396,15.522984636806,16.3620321984452,21.2864738112275,16.4408343207927,5.35232944256216,17.5344767055491,16.3806708886842,16.8464501001804,9.4288473091009,17.0263268068931,18.5819065655157,6.80030619648072,17.6716422954571,17.111049488803,8.95104269538239,18.6927612727371,16.9166014420426,17.4996687736559,9.80064756501291,6.3263957949043,10.6716043060685,16.9067762409018,16.5881083277841,9.56631994514759,11.6958832374517,21.2864738112275,17.533918306509,17.2168167634071,19.9998789303297,16.9061829202737,21.2864738112275,17.5631237977015,17.5869797545828,18.0911703999504,17.6775918985083,21.8787833506558,18.5872500193779,12.1570528444869,18.7999877945229,19.673643989065,18.7242315991523,20.2278507883716,21.2864738112275,19.8093433719004,17.919045800839,19.0379412453785,19.7121510963688,20.1859957746094,20.0853474030087,22.0901201539204,18.2152254551366,20.2015509550007,10.5738434269107,10.4609494168581,20.7034449272916,18.2618352005649,19.5326444981578,20.7034449272916,19.0441035308607,21.2864738112275,21.2864738112275,19.0226351733303,20.7034449272916,0,10.275168511515,12.1570528444869,19.3206907485258,19.6610939767051,20.7034449272916,19.5764478593247,20.7034449272916,18.9988620889333,19.2249749045287,3.52010064393827,21.2864738112275,21.2864738112275,11.4561194519957,11.4561194519957,21.2864738112275,20.7034449272916,19.6123576576353,21.2864738112275,19.2531798870865,20.7034449272916,20.0407571390794,19.6475149169518,21.2864738112275,21.2864738112275,21.2864738112275,21.2864738112275,20.1938322614875,4.63824716165598,3.39386385421293,4.47004535321979,19.4946288543363,19.4966883637228,20.9618624297716,4.47004535321979,20.7034449272916,20.5790891536402,21.2864738112275,20.4372163844589,20.7034449272916,20.7034449272916,20.7034449272916,20.9137855292622,20.1698872709128,20.7034449272916,20.7034449272916,21.2864738112275,21.2864738112275,20.0486841823112,20.7034449272916,21.2864738112275,21.2864738112275,21.2864738112275,21.2864738112275,20.7034449272916,20.7034449272916,20.7034449272916,20.7034449272916,21.2864738112275,21.2864738112275,20.7034449272916,20.7034449272916,20.7034449272916,20.7034449272916,21.0613098887059,20.7034449272916,20.7034449272916,21.2864738112275,21.2864738112275,20.7034449272916,21.2864738112275,21.2864738112275,21.2864738112275,21.2864738112275,4.47004535321979,4.47004535321979,21.2864738112275,21.2864738112275,21.2864738112275,4.37218168975354,20.4598792179298,20.7034449272916,20.4592277330505,20.7034449272916,21.2864738112275,21.2864738112275,20.7034449272916,20.7034449272916,20.7034449272916,20.7034449272916,4.47004535321979,4.47004535321979,20.7034449272916,20.7034449272916,20.7034449272916,21.2864738112275,21.2864738112275,21.2864738112275,21.2864738112275,21.2864738112275,21.2864738112275,20.7034449272916,20.7034449272916,4.47004535321979,4.47004535321979,20.7034449272916,20.7034449272916,21.2864738112275,21.2864738112275,21.2864738112275,20.7034449272916,20.7034449272916,21.2864738112275,21.2864738112275
"t87",13.6551839889585,8.93429214057632,9.85291607631084,10.8387998953778,10.6639472436318,12.2047065649678,10.4298105017109,10.1379663487259,12.188346533008,12.4773171843563,19.2328556214221,12.6880963971626,13.5648948447969,6.31965946568685,14.2913326292701,13.8756916165802,15.7710677559831,6.73395373644663,4.88886246018468,16.3339328779402,5.08051062753688,15.0296356485678,13.6411003038342,14.4801478654734,19.4045894782556,14.5589499878208,5.97566557357527,15.6525923725773,14.4987865557123,14.9645657672086,10.2559280906592,15.1444424739213,16.7000222325439,7.67935547158207,15.7897579624853,15.2291651558311,4.05926894466542,16.8108769397653,15.0347171090707,15.6177844406841,9.47590450601193,6.00165273590332,5.2837693410524,15.02489190793,14.7062239948122,7.68443561217575,9.81399890447982,19.4045894782556,15.6520339735371,15.3349324304353,18.1179945973579,15.0242985873018,19.4045894782556,15.6812394647296,15.705095421611,16.2092860669785,15.7957075655365,19.996899017684,16.7053656864061,9.14456920140294,16.918103461551,17.7917596560931,16.8423472661805,18.3459664553998,19.4045894782556,17.9274590389286,16.0371614678672,17.1560569124066,17.830266763397,18.3041114416376,18.2034630700368,20.2082358209485,16.3333411221648,18.3196666220288,7.56135978382682,7.44846577377416,18.8215605943198,16.3799508675931,17.650760165186,18.8215605943198,17.1622191978888,19.4045894782556,19.4045894782556,17.1407508403584,18.8215605943198,10.275168511515,0,2.50561055087624,17.4388064155539,17.7792096437333,18.8215605943198,17.6945635263529,18.8215605943198,17.1169777559614,17.3430905715568,9.15702199379733,19.4045894782556,19.4045894782556,10.275168511515,10.275168511515,19.4045894782556,18.8215605943198,17.7304733246635,19.4045894782556,17.3712955541146,18.8215605943198,18.1588728061076,17.76563058398,19.4045894782556,19.4045894782556,19.4045894782556,19.4045894782556,18.3119479285156,10.275168511515,9.03078520407199,10.275168511515,17.6127445213645,17.6148040307509,19.0799780967998,10.275168511515,18.8215605943198,18.6972048206684,19.4045894782556,18.5553320514871,18.8215605943198,18.8215605943198,18.8215605943198,19.0319011962903,18.288002937941,18.8215605943198,18.8215605943198,19.4045894782556,19.4045894782556,18.1667998493393,18.8215605943198,19.4045894782556,19.4045894782556,19.4045894782556,19.4045894782556,18.8215605943198,18.8215605943198,18.8215605943198,18.8215605943198,19.4045894782556,19.4045894782556,18.8215605943198,18.8215605943198,18.8215605943198,18.8215605943198,19.1794255557341,18.8215605943198,18.8215605943198,19.4045894782556,19.4045894782556,18.8215605943198,19.4045894782556,19.4045894782556,19.4045894782556,19.4045894782556,10.275168511515,10.275168511515,19.4045894782556,19.4045894782556,19.4045894782556,10.1773048480488,18.577994884958,18.8215605943198,18.5773434000786,18.8215605943198,19.4045894782556,19.4045894782556,18.8215605943198,18.8215605943198,18.8215605943198,18.8215605943198,10.275168511515,10.275168511515,18.8215605943198,18.8215605943198,18.8215605943198,19.4045894782556,19.4045894782556,19.4045894782556,19.4045894782556,19.4045894782556,19.4045894782556,18.8215605943198,18.8215605943198,10.275168511515,10.275168511515,18.8215605943198,18.8215605943198,19.4045894782556,19.4045894782556,19.4045894782556,18.8215605943198,18.8215605943198,19.4045894782556,19.4045894782556
"t88",15.5370683219304,10.8161764735482,11.7348004092827,12.7206842283496,12.5458315766036,14.0865908979396,12.3116948346827,12.0198506816978,14.0702308659798,14.3592015173282,21.114739954394,14.5699807301344,15.4467791777688,8.20154379865868,16.173216962242,15.757575949552,17.6529520889549,8.61583806941847,6.77074679315651,18.2158172109121,6.96239496050871,16.9115199815396,15.522984636806,16.3620321984452,21.2864738112275,16.4408343207927,7.8575499065471,17.5344767055491,16.3806708886842,16.8464501001804,12.137812423631,17.0263268068931,18.5819065655157,9.5612398045539,17.6716422954571,17.111049488803,5.94115327763726,18.6927612727371,16.9166014420426,17.4996687736559,11.3577888389838,7.88353706887515,7.16565367402424,16.9067762409018,16.5881083277841,9.56631994514758,11.6958832374517,21.2864738112275,17.533918306509,17.2168167634071,19.9998789303297,16.9061829202737,21.2864738112275,17.5631237977014,17.5869797545828,18.0911703999504,17.6775918985083,21.8787833506558,18.5872500193779,11.0264535343748,18.7999877945229,19.673643989065,18.7242315991523,20.2278507883716,21.2864738112275,19.8093433719004,17.919045800839,19.0379412453785,19.7121510963688,20.1859957746094,20.0853474030087,22.0901201539204,18.2152254551366,20.2015509550007,9.44324411679865,9.330350106746,20.7034449272916,18.2618352005649,19.5326444981578,20.7034449272916,19.0441035308607,21.2864738112275,21.2864738112275,19.0226351733303,20.7034449272916,12.1570528444869,2.50561055087624,0,19.3206907485258,19.6610939767051,20.7034449272916,19.5764478593247,20.7034449272916,18.9988620889332,19.2249749045286,11.0389063267692,21.2864738112275,21.2864738112275,12.1570528444869,12.1570528444869,21.2864738112275,20.7034449272916,19.6123576576353,21.2864738112275,19.2531798870864,20.7034449272916,20.0407571390794,19.6475149169518,21.2864738112275,21.2864738112275,21.2864738112275,21.2864738112275,20.1938322614875,12.1570528444869,10.9126695370438,12.1570528444869,19.4946288543363,19.4966883637228,20.9618624297716,12.1570528444869,20.7034449272916,20.5790891536402,21.2864738112275,20.4372163844589,20.7034449272916,20.7034449272916,20.7034449272916,20.9137855292622,20.1698872709128,20.7034449272916,20.7034449272916,21.2864738112275,21.2864738112275,20.0486841823112,20.7034449272916,21.2864738112275,21.2864738112275,21.2864738112275,21.2864738112275,20.7034449272916,20.7034449272916,20.7034449272916,20.7034449272916,21.2864738112275,21.2864738112275,20.7034449272916,20.7034449272916,20.7034449272916,20.7034449272916,21.0613098887059,20.7034449272916,20.7034449272916,21.2864738112275,21.2864738112275,20.7034449272916,21.2864738112275,21.2864738112275,21.2864738112275,21.2864738112275,12.1570528444869,12.1570528444869,21.2864738112275,21.2864738112275,21.2864738112275,12.0591891810206,20.4598792179298,20.7034449272916,20.4592277330505,20.7034449272916,21.2864738112275,21.2864738112275,20.7034449272916,20.7034449272916,20.7034449272916,20.7034449272916,12.1570528444869,12.1570528444869,20.7034449272916,20.7034449272916,20.7034449272916,21.2864738112275,21.2864738112275,21.2864738112275,21.2864738112275,21.2864738112275,21.2864738112275,20.7034449272916,20.7034449272916,12.1570528444869,12.1570528444869,20.7034449272916,20.7034449272916,21.2864738112275,21.2864738112275,21.2864738112275,20.7034449272916,20.7034449272916,21.2864738112275,21.2864738112275
"t89",14.1543141431645,9.73167649331784,9.92862797018499,11.3379300495838,13.8410768837577,12.7038367191738,13.0870674066177,12.7952232536328,12.6874766872139,12.9764473385623,19.7319857756281,10.0184774917898,10.8952759394242,13.8247082358859,6.5807057131551,10.3066885379792,16.2701979101891,14.2390025066457,15.0017670726742,16.8330630321462,14.1260328645476,11.4606325699668,10.0720972252332,10.9111447868724,19.9037196324616,10.9899469092198,15.021187810586,16.1517225267832,10.9297834771114,11.3955626886076,19.3014503276699,11.5754393953203,13.1310191539429,16.7248777085928,12.2207548838843,11.6601620772301,16.1146805994213,17.3100070939713,15.5338472632767,16.1169145948901,18.5214267430227,15.0471749729141,17.8352422101074,11.455888829329,11.1372209162112,15.1894843823748,17.3190476746789,19.9037196324616,16.1511641277431,15.8340625846413,14.5489915187569,11.4552955087008,19.9037196324616,12.1122363861286,16.204225575817,16.7084162211845,12.2466683912987,20.49602917189,17.2044958406121,19.3206907485258,17.417233615757,18.2908898102991,13.2733441875795,18.8450966096058,19.9037196324616,5.61257326199841,3.72227569093704,13.5870538338056,18.329396917603,18.8032415958436,18.7025932242428,20.7073659751545,12.784301947927,18.8187967762348,17.7374813309496,17.624587320897,15.2525575157188,12.8109477889921,18.149890319392,15.2525575157188,17.6613493520948,19.9037196324616,19.9037196324616,6.29258361965302,7.97339337361437,19.3206907485258,17.4388064155539,19.3206907485258,0,18.2783397979393,15.2525575157188,14.1255604477519,15.2525575157188,13.5479746773604,13.794051397319,18.2025442308081,19.9037196324616,19.9037196324616,19.3206907485258,19.3206907485258,19.9037196324616,15.2525575157188,18.2296034788695,19.9037196324616,13.8022924755136,15.2525575157188,18.6580029603136,14.196627505379,19.9037196324616,19.9037196324616,19.9037196324616,19.9037196324616,18.8110780827216,19.3206907485258,18.0763074410827,19.3206907485258,14.0437414427635,14.0458009521499,19.5791082510058,19.3206907485258,15.2525575157188,15.1481656464305,19.9037196324616,19.0544622056931,15.2525575157188,15.2525575157188,15.2725214200819,19.5310313504963,14.71899985934,15.2525575157188,15.2525575157188,19.9037196324616,19.9037196324616,14.6177606751015,15.2725214200819,19.9037196324616,19.9037196324616,19.9037196324616,19.9037196324616,2.9712272618885,15.2725214200819,7.97339337361437,7.97339337361437,19.9037196324616,19.9037196324616,15.2525575157188,15.2525575157188,2.9712272618885,2.9712272618885,19.6785557099401,15.2525575157188,15.2525575157188,19.9037196324616,19.9037196324616,15.2525575157188,19.9037196324616,19.9037196324616,19.9037196324616,19.9037196324616,19.3206907485258,19.3206907485258,19.9037196324616,19.9037196324616,19.9037196324616,19.2228270850595,15.0289557107201,15.2725214200819,15.0083403214777,15.2525575157188,19.9037196324616,19.9037196324616,15.2725214200819,15.2725214200819,15.2725214200819,15.2725214200819,19.3206907485258,19.3206907485258,15.2525575157188,15.2725214200819,15.2725214200819,19.9037196324616,19.9037196324616,19.9037196324616,19.9037196324616,19.9037196324616,19.9037196324616,15.2725214200819,15.2725214200819,19.3206907485258,19.3206907485258,15.2525575157188,15.2525575157188,19.9037196324616,19.9037196324616,19.9037196324616,15.2525575157188,15.2525575157188,19.9037196324616,19.9037196324616
"t90",13.911688487408,10.0720797214972,10.6924494586962,11.0953043938272,14.1814801119371,6.64366473186062,13.427470634797,13.1356264818121,6.11634497094168,9.75161730794979,16.5071557450156,13.5276297795479,14.4044282271823,14.1651114640653,15.1308660116554,14.7152249989655,16.0275722544326,14.5794057348251,15.3421703008535,13.6082330015337,14.4664360927269,15.8691690309531,14.4806336862195,15.3196812478587,16.6788896018491,15.3984833702062,15.3615910387653,12.9268924961707,15.3383199380977,15.8040991495939,19.6418535558493,15.9839758563066,17.5395556149292,17.0652809367721,16.6292913448706,16.0686985382165,16.4550838276006,14.0851770633588,12.3090172326642,12.8920845642776,18.861829971202,15.3875782010934,18.1756454382867,15.8644252903153,15.5457573771976,15.5298876105542,17.6594509028582,16.6788896018491,12.9263340971306,12.6092325540288,18.9575279797432,15.8638319696872,16.6788896018491,16.5207728471149,3.785439498434,13.483586190572,16.6352409479218,20.2534035161335,13.9796658099996,19.6610939767051,4.99844753837406,5.87210373291614,17.6818806485658,6.4263105322228,7.48493355507865,18.7669924213139,16.8766948502525,17.995590294792,18.0867712618465,18.5606159400871,18.4599675684863,20.464740319398,17.1728745045501,6.40001069885186,18.077884559129,17.9649905490763,19.6610939767051,17.2194842499784,14.9250602887795,19.6610939767051,5.24256327471185,7.48493355507865,16.6788896018491,17.9802842227438,19.6610939767051,19.6610939767051,17.7792096437333,19.6610939767051,18.2783397979393,0,19.6610939767051,18.5340969087382,19.6610939767051,17.9565111383467,18.1826239539421,18.5429474589874,2.69699992411209,2.69699992411209,19.6610939767051,19.6610939767051,16.6788896018491,19.6610939767051,15.004773448257,16.6788896018491,18.2108289364999,19.6610939767051,6.23921688293061,18.6051639663653,16.6788896018491,16.6788896018491,16.6788896018491,16.6788896018491,15.5862480521091,19.6610939767051,18.4167106692621,19.6610939767051,18.4522779037498,18.4543374131363,16.3542782203932,19.6610939767051,19.6610939767051,19.5367382030537,16.6788896018491,15.8296321750805,19.6610939767051,19.6610939767051,19.6610939767051,16.3062013198838,19.1275363203263,19.6610939767051,19.6610939767051,7.48493355507865,7.48493355507865,19.0063332317246,19.6610939767051,16.6788896018491,16.6788896018491,16.6788896018491,16.6788896018491,19.6610939767051,19.6610939767051,19.6610939767051,19.6610939767051,16.6788896018491,16.6788896018491,19.6610939767051,19.6610939767051,19.6610939767051,19.6610939767051,16.4537256793276,19.6610939767051,19.6610939767051,7.48493355507865,7.48493355507865,19.6610939767051,16.6788896018491,16.6788896018491,16.6788896018491,16.6788896018491,19.6610939767051,19.6610939767051,16.6788896018491,16.6788896018491,16.6788896018491,19.5632303132389,19.4175282673433,19.6610939767051,19.416876782464,19.6610939767051,16.6788896018491,16.6788896018491,19.6610939767051,19.6610939767051,19.6610939767051,19.6610939767051,19.6610939767051,19.6610939767051,19.6610939767051,19.6610939767051,19.6610939767051,16.6788896018491,16.6788896018491,16.6788896018491,16.6788896018491,16.6788896018491,16.6788896018491,19.6610939767051,19.6610939767051,19.6610939767051,19.6610939767051,19.6610939767051,19.6610939767051,16.6788896018491,16.6788896018491,16.6788896018491,19.6610939767051,19.6610939767051,16.6788896018491,16.6788896018491
"t91",15.5370683219304,11.1144306720837,11.3113821489508,12.7206842283496,15.2238310625236,14.0865908979396,14.4698215853836,14.1779774323986,14.0702308659798,14.3592015173282,21.114739954394,11.4012316705556,12.27803011819,15.2074624146518,12.105083729435,8.50674409402988,17.6529520889549,15.6217566854116,16.38452125144,18.2158172109121,15.5087870433135,9.66068812601747,6.56097589637676,9.11120034292306,21.2864738112275,5.83432799098596,16.4039419893518,17.5344767055491,5.17109006879773,9.59561824465828,20.6842045064358,8.06431806646381,9.61989782508646,18.1076318873586,10.420810439935,5.68869448946738,17.4974347781871,18.6927612727371,16.9166014420426,17.4996687736559,19.9041809217885,16.4299291516799,19.2179963888732,9.40993020236997,9.09126228925221,16.5722385611407,18.7018018534447,21.2864738112275,17.533918306509,17.2168167634071,12.7490470748076,9.65535106475153,21.2864738112275,4.85957073836837,17.5869797545828,18.0911703999504,13.6294225700645,21.8787833506558,18.5872500193779,20.7034449272916,18.7999877945229,19.673643989065,11.4733997436302,20.2278507883716,21.2864738112275,15.7412101390934,13.850912568032,4.01754852585926,19.7121510963688,20.1859957746094,20.0853474030087,22.0901201539204,14.1670561266928,20.2015509550007,19.1202355097155,19.0073414996628,13.4526130717695,11.0110033450428,19.5326444981578,13.4526130717695,19.0441035308607,21.2864738112275,21.2864738112275,14.9545019405233,16.6353116944846,20.7034449272916,18.8215605943198,20.7034449272916,15.2525575157188,19.6610939767051,0,12.3256160038026,13.4526130717695,11.7480302334111,15.1768055760848,19.5852984095739,21.2864738112275,21.2864738112275,20.7034449272916,20.7034449272916,21.2864738112275,13.4526130717695,19.6123576576353,21.2864738112275,12.0023480315643,13.4526130717695,20.0407571390794,12.3966830614297,21.2864738112275,21.2864738112275,21.2864738112275,21.2864738112275,20.1938322614875,20.7034449272916,19.4590616198486,20.7034449272916,2.839337754318,2.84139726370445,20.9618624297716,20.7034449272916,13.4526130717695,16.5309198251964,21.2864738112275,20.4372163844589,13.4526130717695,13.4526130717695,16.6552755988478,20.9137855292622,12.9190554153907,13.4526130717695,13.4526130717695,21.2864738112275,21.2864738112275,16.0005148538673,16.6552755988478,21.2864738112275,21.2864738112275,21.2864738112275,21.2864738112275,16.6353116944846,16.6552755988478,16.6353116944846,16.6353116944846,21.2864738112275,21.2864738112275,13.4526130717695,13.4526130717695,16.6353116944846,16.6353116944846,21.0613098887059,13.4526130717695,13.4526130717695,21.2864738112275,21.2864738112275,13.4526130717695,21.2864738112275,21.2864738112275,21.2864738112275,21.2864738112275,20.7034449272916,20.7034449272916,21.2864738112275,21.2864738112275,21.2864738112275,20.6055812638254,16.411709889486,16.6552755988478,13.2083958775283,13.4526130717695,21.2864738112275,21.2864738112275,16.6552755988478,16.6552755988478,16.6552755988478,16.6552755988478,20.7034449272916,20.7034449272916,13.4526130717695,16.6552755988478,16.6552755988478,21.2864738112275,21.2864738112275,21.2864738112275,21.2864738112275,21.2864738112275,21.2864738112275,16.6552755988478,16.6552755988478,20.7034449272916,20.7034449272916,13.4526130717695,13.4526130717695,21.2864738112275,21.2864738112275,21.2864738112275,13.4526130717695,13.4526130717695,21.2864738112275,21.2864738112275
"t92",14.4100712539635,9.98743360411675,10.1843850809839,11.5936871603827,14.0968339945566,12.9595938299727,13.3428245174166,13.0509803644317,12.9432337980129,13.2322044493612,19.987742886427,10.2742346025887,11.1510330502231,14.0804653466849,10.978086661468,6.16076171773533,16.525955020988,14.4947596174446,15.2575241834731,17.0888201429451,14.3817899753465,5.68858898859543,7.14515571331699,6.76521796662851,20.1594767432605,8.06300539730361,15.2769449213849,16.4074796375822,8.00284196519513,6.47204262079247,19.5572074384689,8.64849788340404,10.2040776420267,16.9806348193917,7.29723481606919,8.73322056531392,16.3704377102202,17.5657642047702,15.7896043740756,16.372671705689,18.7771838538216,15.302932083713,18.0909993209063,8.52894731741277,8.21027940429501,15.4452414931738,17.5748047854778,20.1594767432605,16.4069212385421,16.0898196954402,9.62547145094176,6.53177544088571,20.1594767432605,9.1852948742124,16.4599826866159,16.9641733319834,12.5024255020976,20.7517862826889,17.460252951411,19.5764478593247,17.672990726556,18.546646921098,6.87022010863432,19.1008537204047,20.1594767432605,14.6142130711265,12.7239155000651,10.6601123218894,18.5851540284019,19.0589987066425,18.9583503350418,20.9631230859534,13.0400590587259,19.0745538870338,17.9932384417486,17.8803444316959,8.84943343677361,6.40782371004694,18.4056474301909,8.84943343677361,17.9171064628937,20.1594767432605,20.1594767432605,13.8275048725564,15.5083146265177,19.5764478593247,17.6945635263529,19.5764478593247,14.1255604477519,18.5340969087382,12.3256160038026,0,2.6708286629038,0.966245824545435,14.0498085081179,18.458301341607,20.1594767432605,20.1594767432605,19.5764478593247,19.5764478593247,20.1594767432605,8.84943343677361,18.4853605896684,20.1594767432605,1.13483745586435,2.58510249606951,18.9137600711125,10.0507006851352,20.1594767432605,20.1594767432605,20.1594767432605,20.1594767432605,19.0668351935206,19.5764478593247,18.3320645518816,19.5764478593247,11.1167999308473,11.1188594402337,19.8348653618047,19.5764478593247,2.58510249606951,15.4039227572294,20.1594767432605,19.310219316492,8.84943343677361,8.84943343677361,15.5282785308809,19.7867884612952,2.05154483969069,2.58510249606951,8.84943343677361,20.1594767432605,20.1594767432605,14.8735177859004,15.5282785308809,20.1594767432605,20.1594767432605,20.1594767432605,20.1594767432605,15.5083146265177,15.5282785308809,15.5083146265177,15.5083146265177,20.1594767432605,20.1594767432605,8.84943343677361,8.84943343677361,15.5083146265177,15.5083146265177,19.934312820739,11.1066306954749,11.1066306954749,20.1594767432605,20.1594767432605,8.84943343677361,20.1594767432605,20.1594767432605,20.1594767432605,20.1594767432605,19.5764478593247,19.5764478593247,20.1594767432605,20.1594767432605,20.1594767432605,19.4785841958584,15.284712821519,15.5282785308809,8.60521624253248,8.84943343677361,20.1594767432605,20.1594767432605,15.5282785308809,15.5282785308809,15.5282785308809,15.5282785308809,19.5764478593247,19.5764478593247,8.84943343677361,15.5282785308809,15.5282785308809,20.1594767432605,20.1594767432605,20.1594767432605,20.1594767432605,20.1594767432605,20.1594767432605,15.5282785308809,15.5282785308809,19.5764478593247,19.5764478593247,8.84943343677361,8.84943343677361,20.1594767432605,20.1594767432605,20.1594767432605,8.84943343677361,8.84943343677361,20.1594767432605,20.1594767432605
"t93",15.5370683219304,11.1144306720837,11.3113821489508,12.7206842283496,15.2238310625236,14.0865908979396,14.4698215853836,14.1779774323986,14.0702308659798,14.3592015173282,21.114739954394,11.4012316705556,12.27803011819,15.2074624146518,12.105083729435,7.28775878570225,17.6529520889549,15.6217566854116,16.38452125144,18.2158172109121,15.5087870433135,6.81558605656234,8.27215278128391,7.89221503459543,21.2864738112275,9.19000246527053,16.4039419893518,17.5344767055491,9.12983903316205,7.59903968875938,20.6842045064358,9.77549495137096,11.3310747099936,18.1076318873586,8.42423188403611,9.86021763328084,17.4974347781871,18.6927612727371,16.9166014420426,17.4996687736559,19.9041809217885,16.4299291516799,19.2179963888732,9.65594438537969,9.33727647226193,16.5722385611407,18.7018018534447,21.2864738112275,17.533918306509,17.2168167634071,10.7524685189087,7.65877250885263,21.2864738112275,10.3122919421793,17.5869797545828,18.0911703999504,13.6294225700645,21.8787833506558,18.5872500193779,20.7034449272916,18.7999877945229,19.673643989065,7.99721717660123,20.2278507883716,21.2864738112275,15.7412101390934,13.850912568032,11.7871093898563,19.7121510963688,20.1859957746094,20.0853474030087,22.0901201539204,14.1670561266928,20.2015509550007,19.1202355097155,19.0073414996628,9.97643050474053,7.53482077801386,19.5326444981578,9.97643050474053,19.0441035308607,21.2864738112275,21.2864738112275,14.9545019405233,16.6353116944846,20.7034449272916,18.8215605943198,20.7034449272916,15.2525575157188,19.6610939767051,13.4526130717695,2.6708286629038,0,1.95522267543013,15.1768055760848,19.5852984095739,21.2864738112275,21.2864738112275,20.7034449272916,20.7034449272916,21.2864738112275,9.97643050474053,19.6123576576353,21.2864738112275,2.34756069066555,3.79782573087071,20.0407571390794,11.1776977531021,21.2864738112275,21.2864738112275,21.2864738112275,21.2864738112275,20.1938322614875,20.7034449272916,19.4590616198486,20.7034449272916,12.2437969988142,12.2458565082006,20.9618624297716,20.7034449272916,3.79782573087072,16.5309198251964,21.2864738112275,20.4372163844589,9.97643050474053,9.97643050474053,16.6552755988478,20.9137855292622,3.26426807449189,3.79782573087072,9.97643050474053,21.2864738112275,21.2864738112275,16.0005148538673,16.6552755988478,21.2864738112275,21.2864738112275,21.2864738112275,21.2864738112275,16.6353116944846,16.6552755988478,16.6353116944846,16.6353116944846,21.2864738112275,21.2864738112275,9.97643050474053,9.97643050474053,16.6353116944846,16.6353116944846,21.0613098887059,12.2336277634419,12.2336277634419,21.2864738112275,21.2864738112275,9.97643050474053,21.2864738112275,21.2864738112275,21.2864738112275,21.2864738112275,20.7034449272916,20.7034449272916,21.2864738112275,21.2864738112275,21.2864738112275,20.6055812638254,16.411709889486,16.6552755988478,9.73221331049939,9.97643050474053,21.2864738112275,21.2864738112275,16.6552755988478,16.6552755988478,16.6552755988478,16.6552755988478,20.7034449272916,20.7034449272916,9.97643050474053,16.6552755988478,16.6552755988478,21.2864738112275,21.2864738112275,21.2864738112275,21.2864738112275,21.2864738112275,21.2864738112275,16.6552755988478,16.6552755988478,20.7034449272916,20.7034449272916,9.97643050474053,9.97643050474053,21.2864738112275,21.2864738112275,21.2864738112275,9.97643050474053,9.97643050474053,21.2864738112275,21.2864738112275
"t94",13.832485483572,9.40984783372531,9.60679931059246,11.0161013899912,13.5192482241652,12.3820080595812,12.7652387470252,12.4733945940402,12.3656480276214,12.6546186789698,19.4101571160356,9.69664883219727,10.5734472798317,13.5028795762934,10.4005008910766,5.58317594734389,15.9483692505966,13.9171738470532,14.6799384130817,16.5112343725537,13.8042042049551,5.11100321820398,6.56756994292555,6.18763219623707,19.5818909728691,7.48541962691217,14.6993591509935,15.8298938671907,7.42525619480369,5.89445685040102,18.9796216680774,8.0709121130126,9.62649187163525,16.4030490490003,6.71964904567775,8.15563479492248,15.7928519398288,16.9881784343788,15.2120186036842,15.7950859352976,18.1995980834301,14.7253463133215,17.5134135505149,7.95136154702133,7.63269363390357,14.8676557227823,16.9972190150864,19.5818909728691,15.8293354681506,15.5122339250488,9.04788568055032,5.95418967049427,19.5818909728691,8.60770910382096,15.8823969162245,16.386587561592,11.9248397317061,20.1742005122975,16.8826671810196,18.9988620889332,17.0954049561645,17.9690611507066,6.29263433824287,18.5232679500133,19.5818909728691,14.036627300735,12.1463297296737,10.082526551498,18.0075682580105,18.4814129362511,18.3807645646503,20.385537315562,12.4624732883344,18.4969681166423,17.4156526713571,17.3027586613045,8.27184766638217,5.83023793965549,17.8280616597995,8.27184766638217,17.3395206925023,19.5818909728691,19.5818909728691,13.2499191021649,14.9307288561263,18.9988620889333,17.1169777559614,18.9988620889332,13.5479746773604,17.9565111383467,11.7480302334111,0.966245824545435,1.95522267543013,0,13.4722227377264,17.8807155712155,19.5818909728691,19.5818909728691,18.9988620889333,18.9988620889333,19.5818909728691,8.27184766638216,17.907774819277,19.5818909728691,0.642977852307192,2.09324289251235,18.3361743007211,9.47311491474372,19.5818909728691,19.5818909728691,19.5818909728691,19.5818909728691,18.4892494231291,18.9988620889333,17.7544787814902,18.9988620889332,10.5392141604558,10.5412736698423,19.2572795914132,18.9988620889333,2.09324289251235,14.826336986838,19.5818909728691,18.7326335461005,8.27184766638217,8.27184766638217,14.9506927604894,19.2092026909038,1.55968523613353,2.09324289251235,8.27184766638217,19.5818909728691,19.5818909728691,14.2959320155089,14.9506927604894,19.5818909728691,19.5818909728691,19.5818909728691,19.5818909728691,14.9307288561263,14.9506927604894,14.9307288561263,14.9307288561263,19.5818909728691,19.5818909728691,8.27184766638217,8.27184766638217,14.9307288561263,14.9307288561263,19.3567270503476,10.5290449250835,10.5290449250835,19.5818909728691,19.5818909728691,8.27184766638216,19.5818909728691,19.5818909728691,19.5818909728691,19.5818909728691,18.9988620889333,18.9988620889333,19.5818909728691,19.5818909728691,19.5818909728691,18.900998425467,14.7071270511276,14.9506927604894,8.02763047214103,8.27184766638217,19.5818909728691,19.5818909728691,14.9506927604894,14.9506927604894,14.9506927604894,14.9506927604894,18.9988620889333,18.9988620889333,8.27184766638217,14.9506927604894,14.9506927604894,19.5818909728691,19.5818909728691,19.5818909728691,19.5818909728691,19.5818909728691,19.5818909728691,14.9506927604894,14.9506927604894,18.9988620889332,18.9988620889332,8.27184766638216,8.27184766638216,19.5818909728691,19.5818909728691,19.5818909728691,8.27184766638217,8.27184766638217,19.5818909728691,19.5818909728691
"t95",14.0585982991674,9.63596064932071,9.83291212618786,11.2422142055866,13.7453610397606,12.6081208751766,12.9913515626206,12.6995074096356,12.5917608432168,12.8807314945652,19.636269931631,9.92276164779267,10.7995600954271,13.7289923918888,10.6465776110351,10.2309365983452,16.174482066192,14.1432866626486,14.9060512286771,16.7373471881491,14.0303170205505,11.3848806303328,9.99634528559923,10.8353928472384,19.8080037884645,10.9141949695858,14.9254719665889,16.0560066827861,10.8540315374774,11.3198107489736,19.2057344836728,11.4996874556863,13.0552672143089,16.6291618645957,12.1450029442503,11.5844101375962,16.0189647554242,17.2142912499742,15.4381314192796,16.021198750893,18.4257108990255,14.9514591289169,17.7395263661103,11.380136889695,11.0614689765772,15.0937685383777,17.2233318306818,19.8080037884645,16.055448283746,15.7383467406442,14.4732395791229,11.3795435690669,19.8080037884645,12.0364844464946,16.1085097318199,16.6127003771874,2.18309994416344,20.4003133278929,17.108779996615,19.2249749045286,17.3215177717599,18.195173966302,13.1975922479455,18.7493807656087,19.8080037884645,14.2827040206936,12.3924064496322,13.5113018941717,18.2336810736059,18.7075257518465,18.6068773802457,20.6116501311574,1.53820991020765,18.7230809322377,17.6417654869525,17.5288714768999,15.1768055760848,12.7351958493581,18.0541744753949,15.1768055760848,17.5656335080977,19.8080037884645,19.8080037884645,13.4959958221235,15.1768055760848,19.2249749045287,17.3430905715568,19.2249749045286,13.794051397319,18.1826239539421,15.1768055760848,14.0498085081179,15.1768055760848,13.4722227377264,0,18.1068283868109,19.8080037884645,19.8080037884645,19.2249749045287,19.2249749045287,19.8080037884645,15.1768055760848,18.1338876348724,19.8080037884645,13.7265405358796,15.1768055760848,18.5622871163165,14.120875565745,19.8080037884645,19.8080037884645,19.8080037884645,19.8080037884645,18.7153622387245,19.2249749045287,17.9805915970856,19.2249749045286,13.9679895031295,13.970049012516,19.4833924070086,19.2249749045287,15.1768055760848,1.95977043692964,19.8080037884645,18.9587463616959,15.1768055760848,15.1768055760848,2.08412621058106,19.4353155064992,14.643247919706,15.1768055760848,15.1768055760848,19.8080037884645,19.8080037884645,2.52949487931459,3.18425562429505,19.8080037884645,19.8080037884645,19.8080037884645,19.8080037884645,15.1768055760848,2.08412621058106,15.1768055760848,15.1768055760848,19.8080037884645,19.8080037884645,15.1768055760848,15.1768055760848,15.1768055760848,15.1768055760848,19.582839865943,15.1768055760848,15.1768055760848,19.8080037884645,19.8080037884645,15.1768055760848,19.8080037884645,19.8080037884645,19.8080037884645,19.8080037884645,19.2249749045287,19.2249749045287,19.8080037884645,19.8080037884645,19.8080037884645,19.1271112410624,1.84056050121925,2.08412621058106,14.9325883818437,15.1768055760848,19.8080037884645,19.8080037884645,2.08412621058106,2.08412621058106,3.18425562429505,3.18425562429505,19.2249749045287,19.2249749045287,15.1768055760848,3.18425562429505,3.18425562429505,19.8080037884645,19.8080037884645,19.8080037884645,19.8080037884645,19.8080037884645,19.8080037884645,3.18425562429505,3.18425562429505,19.2249749045286,19.2249749045286,15.1768055760848,15.1768055760848,19.8080037884645,19.8080037884645,19.8080037884645,15.1768055760848,15.1768055760848,19.8080037884645,19.8080037884645
"t96",14.4189218042127,9.69802995583044,10.616653891565,11.6025377106319,11.4276850588859,12.9684443802219,11.193548316965,10.90170416398,12.9520843482621,13.2410549996104,19.9965934366762,13.4518342124167,14.3286326600511,7.08339728094098,15.0550704445242,14.6394294318343,16.5348055712372,7.49769155170076,6.71998265091756,17.0976706931944,4.3075339333525,15.7933734638219,14.4048381190883,15.2438856807275,20.1683272935098,15.3226878030749,4.23418292484445,16.4163301878314,15.2625243709665,15.7283035824627,8.31070079138319,15.9081802891754,17.463760047798,5.68215967876301,16.5534957777394,15.9929029710853,7.83289617766468,17.5746147550194,15.7984549243248,16.3815222559382,8.68250104729519,5.20824927718658,9.55345778835076,15.7886297231841,15.4699618100663,8.44817342742987,10.5777367197339,20.1683272935098,16.4157717887913,16.0986702456894,18.881732412612,15.788036402556,20.1683272935098,16.4449772799837,16.4688332368651,16.9730238822327,16.5594453807906,20.7606368329381,17.4691035016602,11.0389063267692,17.6818412768052,18.5554974713473,17.6060850814346,19.1097042706539,20.1683272935098,18.6911968541827,16.8008992831213,17.9197947276607,18.5940045786511,19.0678492568917,18.967200885291,20.9719736362027,17.0970789374189,19.083404437283,9.45569690919304,9.34280289914038,19.5852984095739,17.1436886828472,18.4144979804401,19.5852984095739,17.925957013143,20.1683272935098,20.1683272935098,17.9044886556125,19.5852984095739,3.52010064393827,9.15702199379733,11.0389063267692,18.2025442308081,18.5429474589874,19.5852984095739,18.458301341607,19.5852984095739,17.8807155712155,18.1068283868109,0,20.1683272935098,20.1683272935098,10.3379729342779,10.3379729342779,20.1683272935097,19.5852984095739,18.4942111399176,20.1683272935097,18.1350333693687,19.5852984095739,18.9226106213617,18.5293683992341,20.1683272935098,20.1683272935097,20.1683272935098,20.1683272935098,19.0756857437698,2.43596013698142,1.19157682953837,3.52010064393827,18.3764823366186,18.3785418460051,19.8437159120539,3.52010064393827,19.5852984095739,19.4609426359225,20.1683272935098,19.3190698667412,19.5852984095739,19.5852984095739,19.5852984095739,19.7956390115445,19.0517407531951,19.5852984095739,19.5852984095739,20.1683272935098,20.1683272935098,18.9305376645934,19.5852984095739,20.1683272935098,20.1683272935098,20.1683272935098,20.1683272935098,19.5852984095739,19.5852984095739,19.5852984095739,19.5852984095739,20.1683272935097,20.1683272935097,19.5852984095739,19.5852984095739,19.5852984095739,19.5852984095739,19.9431633709882,19.5852984095739,19.5852984095739,20.1683272935098,20.1683272935098,19.5852984095739,20.1683272935097,20.1683272935097,20.1683272935098,20.1683272935098,3.52010064393827,3.52010064393827,20.1683272935097,20.1683272935097,20.1683272935097,3.42223698047202,19.3417327002121,19.5852984095739,19.3410812153328,19.5852984095739,20.1683272935097,20.1683272935097,19.5852984095739,19.5852984095739,19.5852984095739,19.5852984095739,3.52010064393827,3.52010064393827,19.5852984095739,19.5852984095739,19.5852984095739,20.1683272935098,20.1683272935098,20.1683272935098,20.1683272935098,20.1683272935098,20.1683272935098,19.5852984095739,19.5852984095739,3.52010064393827,3.52010064393827,19.5852984095739,19.5852984095739,20.1683272935097,20.1683272935098,20.1683272935098,19.5852984095739,19.5852984095739,20.1683272935097,20.1683272935097
"t97",15.5370683219304,11.6974595560195,12.3178292932185,12.7206842283496,15.8068599464594,8.26904456638298,15.0528504693194,14.7610063163345,7.74172480546404,11.3769971424722,18.132535579538,15.1530096140703,16.0298080617046,15.7904912985876,16.7562458461778,16.3406048334879,17.6529520889549,16.2047855693474,16.9675501353759,15.2336128360561,16.0918159272493,17.4945488654755,16.1060135207419,16.945061082381,18.3042694363715,17.0238632047285,16.9869708732877,14.5522723306931,16.96369977262,17.4294789841163,21.2672333903716,17.6093556908289,19.1649354494516,18.6906607712945,18.254671179393,17.6940783727388,18.080463662123,15.7105568978811,13.9343970671866,14.5174643987999,20.4872098057244,17.0129580356157,19.8010252728091,17.4898051248377,17.1711372117199,17.1552674450765,19.2848307373806,18.3042694363715,14.551713931653,14.2346123885511,20.5829078142656,17.4892118042095,18.3042694363715,18.1461526816373,5.41081933295635,15.1089660250944,18.2606207824442,21.8787833506558,15.6050456445219,21.2864738112275,6.62382737289641,7.4974835674385,19.3072604830882,8.05169036674515,9.110313389601,20.3923722558362,18.5020746847749,19.6209701293143,19.7121510963688,20.1859957746094,20.0853474030087,22.0901201539204,18.7982543390725,8.02539053337421,19.7032643936513,19.5903703835987,21.2864738112275,18.8448640845008,16.5504401233018,21.2864738112275,6.8679431092342,9.110313389601,18.3042694363715,19.6056640572661,21.2864738112275,21.2864738112275,19.4045894782556,21.2864738112275,19.9037196324616,2.69699992411209,21.2864738112275,20.1594767432605,21.2864738112275,19.5818909728691,19.8080037884645,20.1683272935098,0,3.5083667896756,21.2864738112275,21.2864738112275,18.3042694363715,21.2864738112275,16.6301532827793,18.3042694363715,19.8362087710223,21.2864738112275,7.86459671745296,20.2305438008877,18.3042694363715,18.3042694363715,18.3042694363715,18.3042694363715,17.2116278866315,21.2864738112275,20.0420905037844,21.2864738112275,20.0776577382722,20.0797172476586,17.9796580549156,21.2864738112275,21.2864738112275,21.1621180375761,18.3042694363715,17.4550120096029,21.2864738112275,21.2864738112275,21.2864738112275,17.9315811544062,20.7529161548486,21.2864738112275,21.2864738112275,9.110313389601,9.110313389601,20.631713066247,21.2864738112275,18.3042694363715,18.3042694363715,18.3042694363715,18.3042694363715,21.2864738112275,21.2864738112275,21.2864738112275,21.2864738112275,18.3042694363715,18.3042694363715,21.2864738112275,21.2864738112275,21.2864738112275,21.2864738112275,18.0791055138499,21.2864738112275,21.2864738112275,9.110313389601,9.110313389601,21.2864738112275,18.3042694363715,18.3042694363715,18.3042694363715,18.3042694363715,21.2864738112275,21.2864738112275,18.3042694363715,18.3042694363715,18.3042694363715,21.1886101477612,21.0429081018657,21.2864738112275,21.0422566169863,21.2864738112275,18.3042694363715,18.3042694363715,21.2864738112275,21.2864738112275,21.2864738112275,21.2864738112275,21.2864738112275,21.2864738112275,21.2864738112275,21.2864738112275,21.2864738112275,18.3042694363715,18.3042694363715,18.3042694363715,18.3042694363715,18.3042694363715,18.3042694363715,21.2864738112275,21.2864738112275,21.2864738112275,21.2864738112275,21.2864738112275,21.2864738112275,18.3042694363715,18.3042694363715,18.3042694363715,21.2864738112275,21.2864738112275,18.3042694363715,18.3042694363715
"t98",15.5370683219304,11.6974595560195,12.3178292932185,12.7206842283496,15.8068599464594,8.26904456638298,15.0528504693194,14.7610063163345,7.74172480546404,11.3769971424722,18.132535579538,15.1530096140703,16.0298080617046,15.7904912985876,16.7562458461778,16.3406048334879,17.6529520889549,16.2047855693474,16.9675501353759,15.2336128360561,16.0918159272493,17.4945488654755,16.1060135207419,16.945061082381,18.3042694363715,17.0238632047285,16.9869708732877,14.5522723306931,16.96369977262,17.4294789841163,21.2672333903716,17.6093556908289,19.1649354494516,18.6906607712945,18.254671179393,17.6940783727388,18.080463662123,15.7105568978811,13.9343970671866,14.5174643987999,20.4872098057244,17.0129580356157,19.8010252728091,17.4898051248377,17.1711372117199,17.1552674450765,19.2848307373806,18.3042694363715,14.551713931653,14.2346123885511,20.5829078142656,17.4892118042095,18.3042694363715,18.1461526816373,5.41081933295635,15.1089660250944,18.2606207824442,21.8787833506558,15.6050456445219,21.2864738112275,6.62382737289641,7.4974835674385,19.3072604830882,8.05169036674515,9.110313389601,20.3923722558362,18.5020746847749,19.6209701293143,19.7121510963688,20.1859957746094,20.0853474030087,22.0901201539204,18.7982543390725,8.02539053337421,19.7032643936513,19.5903703835987,21.2864738112275,18.8448640845008,16.5504401233018,21.2864738112275,6.8679431092342,9.110313389601,18.3042694363715,19.6056640572661,21.2864738112275,21.2864738112275,19.4045894782556,21.2864738112275,19.9037196324616,2.69699992411209,21.2864738112275,20.1594767432605,21.2864738112275,19.5818909728691,19.8080037884645,20.1683272935098,3.5083667896756,0,21.2864738112275,21.2864738112275,18.3042694363715,21.2864738112275,16.6301532827793,18.3042694363715,19.8362087710223,21.2864738112275,7.86459671745296,20.2305438008877,18.3042694363715,18.3042694363715,18.3042694363715,18.3042694363715,17.2116278866315,21.2864738112275,20.0420905037844,21.2864738112275,20.0776577382722,20.0797172476586,17.9796580549156,21.2864738112275,21.2864738112275,21.1621180375761,18.3042694363715,17.4550120096029,21.2864738112275,21.2864738112275,21.2864738112275,17.9315811544062,20.7529161548486,21.2864738112275,21.2864738112275,9.110313389601,9.110313389601,20.631713066247,21.2864738112275,18.3042694363715,18.3042694363715,18.3042694363715,18.3042694363715,21.2864738112275,21.2864738112275,21.2864738112275,21.2864738112275,18.3042694363715,18.3042694363715,21.2864738112275,21.2864738112275,21.2864738112275,21.2864738112275,18.0791055138499,21.2864738112275,21.2864738112275,9.110313389601,9.110313389601,21.2864738112275,18.3042694363715,18.3042694363715,18.3042694363715,18.3042694363715,21.2864738112275,21.2864738112275,18.3042694363715,18.3042694363715,18.3042694363715,21.1886101477612,21.0429081018657,21.2864738112275,21.0422566169863,21.2864738112275,18.3042694363715,18.3042694363715,21.2864738112275,21.2864738112275,21.2864738112275,21.2864738112275,21.2864738112275,21.2864738112275,21.2864738112275,21.2864738112275,21.2864738112275,18.3042694363715,18.3042694363715,18.3042694363715,18.3042694363715,18.3042694363715,18.3042694363715,21.2864738112275,21.2864738112275,21.2864738112275,21.2864738112275,21.2864738112275,21.2864738112275,18.3042694363715,18.3042694363715,18.3042694363715,21.2864738112275,21.2864738112275,18.3042694363715,18.3042694363715
"t99",15.5370683219304,10.8161764735482,11.7348004092827,12.7206842283496,12.5458315766036,14.0865908979396,12.3116948346827,12.0198506816978,14.0702308659798,14.3592015173282,21.114739954394,14.5699807301344,15.4467791777688,8.20154379865869,16.173216962242,15.757575949552,17.6529520889549,8.61583806941847,7.83812916863527,18.2158172109121,6.2614615680175,16.9115199815396,15.522984636806,16.3620321984452,21.2864738112275,16.4408343207926,7.15661651405589,17.5344767055491,16.3806708886842,16.8464501001804,11.4368790311398,17.0263268068931,18.5819065655157,8.86030641206269,17.6716422954571,17.111049488803,8.95104269538239,18.6927612727371,16.9166014420426,17.4996687736559,10.6568554464926,7.18260367638394,10.6716043060685,16.9067762409018,16.5881083277841,9.56631994514758,11.6958832374517,21.2864738112275,17.533918306509,17.2168167634071,19.9998789303297,16.9061829202737,21.2864738112275,17.5631237977014,17.5869797545828,18.0911703999504,17.6775918985083,21.8787833506558,18.5872500193779,12.1570528444869,18.7999877945229,19.673643989065,18.7242315991523,20.2278507883716,21.2864738112275,19.8093433719004,17.919045800839,19.0379412453785,19.7121510963688,20.1859957746094,20.0853474030087,22.0901201539204,18.2152254551366,20.2015509550007,10.5738434269107,10.4609494168581,20.7034449272916,18.2618352005649,19.5326444981578,20.7034449272916,19.0441035308607,21.2864738112275,21.2864738112275,19.0226351733303,20.7034449272916,11.4561194519957,10.275168511515,12.1570528444869,19.3206907485258,19.6610939767051,20.7034449272916,19.5764478593247,20.7034449272916,18.9988620889333,19.2249749045287,10.3379729342779,21.2864738112275,21.2864738112275,0,3.50567014648182,21.2864738112275,20.7034449272916,19.6123576576353,21.2864738112275,19.2531798870865,20.7034449272916,20.0407571390794,19.6475149169518,21.2864738112275,21.2864738112275,21.2864738112275,21.2864738112275,20.1938322614875,11.4561194519957,10.2117361445526,11.4561194519957,19.4946288543363,19.4966883637228,20.9618624297716,11.4561194519957,20.7034449272916,20.5790891536402,21.2864738112275,20.4372163844589,20.7034449272916,20.7034449272916,20.7034449272916,20.9137855292622,20.1698872709128,20.7034449272916,20.7034449272916,21.2864738112275,21.2864738112275,20.0486841823112,20.7034449272916,21.2864738112275,21.2864738112275,21.2864738112275,21.2864738112275,20.7034449272916,20.7034449272916,20.7034449272916,20.7034449272916,21.2864738112275,21.2864738112275,20.7034449272916,20.7034449272916,20.7034449272916,20.7034449272916,21.0613098887059,20.7034449272916,20.7034449272916,21.2864738112275,21.2864738112275,20.7034449272916,21.2864738112275,21.2864738112275,21.2864738112275,21.2864738112275,11.4561194519957,11.4561194519957,21.2864738112275,21.2864738112275,21.2864738112275,11.3582557885294,20.4598792179298,20.7034449272916,20.4592277330505,20.7034449272916,21.2864738112275,21.2864738112275,20.7034449272916,20.7034449272916,20.7034449272916,20.7034449272916,11.4561194519957,11.4561194519957,20.7034449272916,20.7034449272916,20.7034449272916,21.2864738112275,21.2864738112275,21.2864738112275,21.2864738112275,21.2864738112275,21.2864738112275,20.7034449272916,20.7034449272916,11.4561194519957,11.4561194519957,20.7034449272916,20.7034449272916,21.2864738112275,21.2864738112275,21.2864738112275,20.7034449272916,20.7034449272916,21.2864738112275,21.2864738112275
"t100",15.5370683219304,10.8161764735482,11.7348004092827,12.7206842283496,12.5458315766036,14.0865908979396,12.3116948346827,12.0198506816978,14.0702308659798,14.3592015173282,21.114739954394,14.5699807301344,15.4467791777688,8.20154379865869,16.173216962242,15.757575949552,17.6529520889549,8.61583806941847,7.83812916863527,18.2158172109121,6.2614615680175,16.9115199815396,15.522984636806,16.3620321984452,21.2864738112275,16.4408343207926,7.15661651405589,17.5344767055491,16.3806708886842,16.8464501001804,11.4368790311398,17.0263268068931,18.5819065655157,8.86030641206269,17.6716422954571,17.111049488803,8.95104269538239,18.6927612727371,16.9166014420426,17.4996687736559,10.6568554464926,7.18260367638394,10.6716043060685,16.9067762409018,16.5881083277841,9.56631994514758,11.6958832374517,21.2864738112275,17.533918306509,17.2168167634071,19.9998789303297,16.9061829202737,21.2864738112275,17.5631237977014,17.5869797545828,18.0911703999504,17.6775918985083,21.8787833506558,18.5872500193779,12.1570528444869,18.7999877945229,19.673643989065,18.7242315991523,20.2278507883716,21.2864738112275,19.8093433719004,17.919045800839,19.0379412453785,19.7121510963688,20.1859957746094,20.0853474030087,22.0901201539204,18.2152254551366,20.2015509550007,10.5738434269107,10.4609494168581,20.7034449272916,18.2618352005649,19.5326444981578,20.7034449272916,19.0441035308607,21.2864738112275,21.2864738112275,19.0226351733303,20.7034449272916,11.4561194519957,10.275168511515,12.1570528444869,19.3206907485258,19.6610939767051,20.7034449272916,19.5764478593247,20.7034449272916,18.9988620889333,19.2249749045287,10.3379729342779,21.2864738112275,21.2864738112275,3.50567014648182,0,21.2864738112275,20.7034449272916,19.6123576576353,21.2864738112275,19.2531798870865,20.7034449272916,20.0407571390794,19.6475149169518,21.2864738112275,21.2864738112275,21.2864738112275,21.2864738112275,20.1938322614875,11.4561194519957,10.2117361445526,11.4561194519957,19.4946288543363,19.4966883637228,20.9618624297716,11.4561194519957,20.7034449272916,20.5790891536402,21.2864738112275,20.4372163844589,20.7034449272916,20.7034449272916,20.7034449272916,20.9137855292622,20.1698872709128,20.7034449272916,20.7034449272916,21.2864738112275,21.2864738112275,20.0486841823112,20.7034449272916,21.2864738112275,21.2864738112275,21.2864738112275,21.2864738112275,20.7034449272916,20.7034449272916,20.7034449272916,20.7034449272916,21.2864738112275,21.2864738112275,20.7034449272916,20.7034449272916,20.7034449272916,20.7034449272916,21.0613098887059,20.7034449272916,20.7034449272916,21.2864738112275,21.2864738112275,20.7034449272916,21.2864738112275,21.2864738112275,21.2864738112275,21.2864738112275,11.4561194519957,11.4561194519957,21.2864738112275,21.2864738112275,21.2864738112275,11.3582557885294,20.4598792179298,20.7034449272916,20.4592277330505,20.7034449272916,21.2864738112275,21.2864738112275,20.7034449272916,20.7034449272916,20.7034449272916,20.7034449272916,11.4561194519957,11.4561194519957,20.7034449272916,20.7034449272916,20.7034449272916,21.2864738112275,21.2864738112275,21.2864738112275,21.2864738112275,21.2864738112275,21.2864738112275,20.7034449272916,20.7034449272916,11.4561194519957,11.4561194519957,20.7034449272916,20.7034449272916,21.2864738112275,21.2864738112275,21.2864738112275,20.7034449272916,20.7034449272916,21.2864738112275,21.2864738112275
"t101",15.5370683219304,11.6974595560195,12.3178292932185,12.7206842283496,15.8068599464594,11.1043865230836,15.0528504693194,14.7610063163345,11.0880264911238,8.00226547566698,14.7578039127328,15.1530096140702,16.0298080617046,15.7904912985876,16.7562458461778,16.3406048334879,17.6529520889549,16.2047855693474,16.9675501353759,10.934231627724,16.0918159272493,17.4945488654755,16.1060135207419,16.945061082381,14.0048882280394,17.0238632047285,16.9869708732877,10.252891122361,16.96369977262,17.4294789841163,21.2672333903716,17.6093556908289,19.1649354494516,18.6906607712945,18.254671179393,17.6940783727388,18.080463662123,11.4111756895491,9.63501585885448,10.2180831904679,20.4872098057244,17.0129580356157,19.8010252728091,17.4898051248377,17.1711372117199,17.1552674450765,19.2848307373806,14.5799466049201,10.2523327233209,9.93523118021907,20.5829078142656,17.4892118042095,14.0048882280394,18.1461526816373,14.6047753797268,10.8095848167623,18.2606207824442,21.8787833506558,11.3056644361899,21.2864738112275,15.8177834196669,16.691439614209,19.3072604830882,17.2456464135156,18.3042694363715,20.3923722558362,18.5020746847749,19.6209701293143,19.7121510963688,20.1859957746094,20.0853474030087,22.0901201539204,18.7982543390725,17.2193465801447,19.7032643936513,19.5903703835987,21.2864738112275,18.8448640845008,12.2510589149698,21.2864738112275,16.0618991560047,18.3042694363715,14.0048882280394,19.6056640572661,21.2864738112275,21.2864738112275,19.4045894782556,21.2864738112275,19.9037196324616,16.6788896018491,21.2864738112275,20.1594767432605,21.2864738112275,19.5818909728691,19.8080037884645,20.1683272935097,18.3042694363715,18.3042694363715,21.2864738112275,21.2864738112275,0,21.2864738112275,12.3307720744473,14.0048882280394,19.8362087710223,21.2864738112275,17.0585527642234,20.2305438008877,14.0048882280394,3.50172004871758,3.50172004871758,14.0048882280394,12.9122466782994,21.2864738112275,20.0420905037844,21.2864738112275,20.0776577382722,20.0797172476586,4.4525305791181,21.2864738112275,21.2864738112275,21.1621180375761,14.0048882280394,13.1556308012708,21.2864738112275,21.2864738112275,21.2864738112275,13.6321999460741,20.7529161548486,21.2864738112275,21.2864738112275,18.3042694363715,18.3042694363715,20.631713066247,21.2864738112275,14.0048882280394,14.0048882280394,14.0048882280394,14.0048882280394,21.2864738112275,21.2864738112275,21.2864738112275,21.2864738112275,4.77714196057397,4.77714196057397,21.2864738112275,21.2864738112275,21.2864738112275,21.2864738112275,3.27655612619605,21.2864738112275,21.2864738112275,18.3042694363715,18.3042694363715,21.2864738112275,14.0048882280394,14.0048882280394,14.0048882280394,14.0048882280394,21.2864738112275,21.2864738112275,14.0048882280394,3.50172004871758,3.50172004871758,21.1886101477612,21.0429081018657,21.2864738112275,21.0422566169863,21.2864738112275,14.0048882280394,14.0048882280394,21.2864738112275,21.2864738112275,21.2864738112275,21.2864738112275,21.2864738112275,21.2864738112275,21.2864738112275,21.2864738112275,21.2864738112275,14.5799466049201,14.5799466049201,14.5799466049201,14.5799466049201,14.0048882280394,14.0048882280394,21.2864738112275,21.2864738112275,21.2864738112275,21.2864738112275,21.2864738112275,21.2864738112275,14.0048882280394,14.0048882280394,14.0048882280394,21.2864738112275,21.2864738112275,14.0048882280394,14.0048882280394
"t102",15.5370683219304,11.1144306720837,11.3113821489508,12.7206842283496,15.2238310625236,14.0865908979396,14.4698215853835,14.1779774323986,14.0702308659798,14.3592015173282,21.114739954394,11.4012316705556,12.27803011819,15.2074624146518,12.105083729435,7.28775878570225,17.6529520889549,15.6217566854116,16.38452125144,18.2158172109121,15.5087870433135,6.81558605656234,8.27215278128391,7.89221503459543,21.2864738112275,9.19000246527053,16.4039419893518,17.5344767055491,9.12983903316205,7.59903968875938,20.6842045064358,9.77549495137096,11.3310747099936,18.1076318873586,8.42423188403611,9.86021763328083,17.4974347781871,18.6927612727371,16.9166014420426,17.4996687736559,19.9041809217885,16.4299291516799,19.2179963888732,9.65594438537969,9.33727647226193,16.5722385611407,18.7018018534447,21.2864738112275,17.533918306509,17.2168167634071,10.7524685189087,7.65877250885263,21.2864738112275,10.3122919421793,17.5869797545828,18.0911703999504,13.6294225700645,21.8787833506558,18.5872500193779,20.7034449272916,18.7999877945229,19.673643989065,7.95613223772876,20.2278507883716,21.2864738112275,15.7412101390934,13.850912568032,11.7871093898563,19.7121510963688,20.1859957746094,20.0853474030087,22.0901201539204,14.1670561266928,20.2015509550007,19.1202355097155,19.0073414996628,8.93903179956551,6.49742207283883,19.5326444981578,9.93534556586805,19.0441035308607,21.2864738112275,21.2864738112275,14.9545019405233,16.6353116944846,20.7034449272916,18.8215605943198,20.7034449272916,15.2525575157188,19.6610939767051,13.4526130717695,8.84943343677361,9.97643050474053,8.27184766638216,15.1768055760848,19.5852984095739,21.2864738112275,21.2864738112275,20.7034449272916,20.7034449272916,21.2864738112275,0,19.6123576576353,21.2864738112275,8.52616546453537,9.97643050474053,20.0407571390794,11.1776977531021,21.2864738112275,21.2864738112275,21.2864738112275,21.2864738112275,20.1938322614875,20.7034449272916,19.4590616198486,20.7034449272916,12.2437969988142,12.2458565082006,20.9618624297716,20.7034449272916,9.97643050474053,16.5309198251964,21.2864738112275,20.4372163844589,9.93534556586805,9.93534556586805,16.6552755988478,20.9137855292622,9.4428728483617,9.97643050474053,9.93534556586805,21.2864738112275,21.2864738112275,16.0005148538673,16.6552755988478,21.2864738112275,21.2864738112275,21.2864738112275,21.2864738112275,16.6353116944846,16.6552755988478,16.6353116944846,16.6353116944846,21.2864738112275,21.2864738112275,4.0600018530832,4.0600018530832,16.6353116944846,16.6353116944846,21.0613098887059,12.2336277634419,12.2336277634419,21.2864738112275,21.2864738112275,3.41175475674243,21.2864738112275,21.2864738112275,21.2864738112275,21.2864738112275,20.7034449272916,20.7034449272916,21.2864738112275,21.2864738112275,21.2864738112275,20.6055812638254,16.411709889486,16.6552755988478,9.69112837162692,9.93534556586805,21.2864738112275,21.2864738112275,16.6552755988478,16.6552755988478,16.6552755988478,16.6552755988478,20.7034449272916,20.7034449272916,9.93534556586805,16.6552755988478,16.6552755988478,21.2864738112275,21.2864738112275,21.2864738112275,21.2864738112275,21.2864738112275,21.2864738112275,16.6552755988478,16.6552755988478,20.7034449272916,20.7034449272916,3.41175475674243,3.41175475674243,21.2864738112275,21.2864738112275,21.2864738112275,9.93534556586805,9.93534556586805,21.2864738112275,21.2864738112275
"t103",13.8629521683382,10.0233434024274,10.6437131396264,11.0465680747575,14.1327437928673,9.43027036949145,13.3787343157273,13.0868901627423,9.41391033753165,6.32814932207485,13.0836877591407,13.4788934604781,14.3556919081125,14.1163751449955,15.0821296925857,14.6664886798957,15.9788359353628,14.5306694157553,15.2934339817837,6.66208988466797,14.4176997736572,15.8204327118833,14.4318973671498,15.2709449287889,8.95240836137859,15.3497470511364,15.3128547196956,5.20041125570021,15.2895836190279,15.7553628305241,19.5931172367795,15.9352395372368,17.4908192958595,17.0165446177024,16.5805550258009,16.0199622191467,16.4063475085308,7.13903394649306,4.58253599219368,5.16560332380707,18.8130936521322,15.3388418820236,18.1269091192169,15.8156889712455,15.4970210581278,15.4811512914844,17.6107145837885,12.9058304513279,5.98019098026489,5.66308943716305,18.9087916606734,15.8150956506174,8.95240836137858,16.4720365280452,12.9306592261347,5.75710495010149,16.5865046288521,20.2046671970637,6.25318456952907,19.6123576576353,14.1436672660747,15.0173234606168,17.633144329496,15.5715302599235,16.6301532827793,18.7182561022441,16.8279585311827,17.9468539757222,18.0380349427767,18.5118796210173,18.4112312494165,20.4160040003282,17.1241381854804,15.5452304265525,18.0291482400592,17.9162542300066,19.6123576576353,17.1707479309087,7.19857904830896,19.6123576576353,14.3877830024125,16.6301532827793,8.95240836137859,17.931547903674,19.6123576576353,19.6123576576353,17.7304733246635,19.6123576576353,18.2296034788695,15.004773448257,19.6123576576353,18.4853605896684,19.6123576576353,17.907774819277,18.1338876348724,18.4942111399176,16.6301532827793,16.6301532827793,19.6123576576353,19.6123576576353,12.3307720744473,19.6123576576353,0,1.71937537476364,18.1620926174302,19.6123576576353,15.3844366106313,18.5564276472956,8.95240836137858,12.3307720744473,12.3307720744473,8.95240836137858,7.85976681163861,19.6123576576353,18.3679743501923,19.6123576576353,18.40354158468,18.4056010940665,12.0061606929914,19.6123576576353,19.6123576576353,19.4880018839839,8.95240836137859,8.10315093461002,19.6123576576353,19.6123576576353,19.6123576576353,8.57972007941329,19.0788000012565,19.6123576576353,19.6123576576353,16.6301532827793,16.6301532827793,18.9575969126549,19.6123576576353,8.95240836137858,8.95240836137858,8.95240836137858,8.95240836137858,19.6123576576353,19.6123576576353,19.6123576576353,19.6123576576353,12.3307720744473,12.3307720744473,19.6123576576353,19.6123576576353,19.6123576576353,19.6123576576353,12.1056081519257,19.6123576576353,19.6123576576353,16.6301532827793,16.6301532827793,19.6123576576353,8.95240836137858,8.95240836137858,8.95240836137858,8.95240836137858,19.6123576576353,19.6123576576353,8.95240836137858,12.3307720744473,12.3307720744473,19.5144939941691,19.3687919482735,19.6123576576353,19.3681404633942,19.6123576576353,8.95240836137858,8.95240836137858,19.6123576576353,19.6123576576353,19.6123576576353,19.6123576576353,19.6123576576353,19.6123576576353,19.6123576576353,19.6123576576353,19.6123576576353,12.9058304513279,12.9058304513279,12.9058304513279,12.9058304513279,8.95240836137858,8.95240836137858,19.6123576576353,19.6123576576353,19.6123576576353,19.6123576576353,19.6123576576353,19.6123576576353,8.95240836137858,8.95240836137858,8.95240836137858,19.6123576576353,19.6123576576353,8.95240836137858,8.95240836137858
"t104",15.5370683219304,11.6974595560195,12.3178292932185,12.7206842283496,15.8068599464594,11.1043865230836,15.0528504693194,14.7610063163345,11.0880264911238,8.00226547566698,14.7578039127328,15.1530096140702,16.0298080617046,15.7904912985876,16.7562458461778,16.3406048334879,17.6529520889549,16.2047855693474,16.9675501353759,8.3362060382601,16.0918159272493,17.4945488654755,16.1060135207419,16.945061082381,10.6265245149707,17.0238632047285,16.9869708732877,6.87452740929234,16.96369977262,17.4294789841163,21.2672333903716,17.6093556908289,19.1649354494516,18.6906607712945,18.254671179393,17.6940783727388,18.080463662123,8.81315010008518,6.25665214578581,6.8397194773992,20.4872098057244,17.0129580356157,19.8010252728091,17.4898051248377,17.1711372117199,17.1552674450765,19.2848307373806,14.5799466049201,7.65430713385702,7.33720559075518,20.5829078142656,17.4892118042095,10.6265245149707,18.1461526816373,14.6047753797268,7.43122110369362,18.2606207824442,21.8787833506558,7.9273007231212,21.2864738112275,15.8177834196669,16.691439614209,19.3072604830882,17.2456464135156,18.3042694363715,20.3923722558362,18.5020746847749,19.6209701293143,19.7121510963688,20.1859957746094,20.0853474030087,22.0901201539204,18.7982543390725,17.2193465801447,19.7032643936513,19.5903703835987,21.2864738112275,18.8448640845008,8.87269520190108,21.2864738112275,16.0618991560047,18.3042694363715,10.6265245149707,19.6056640572661,21.2864738112275,21.2864738112275,19.4045894782556,21.2864738112275,19.9037196324616,16.6788896018491,21.2864738112275,20.1594767432605,21.2864738112275,19.5818909728691,19.8080037884645,20.1683272935097,18.3042694363715,18.3042694363715,21.2864738112275,21.2864738112275,14.0048882280394,21.2864738112275,1.71937537476364,0,19.8362087710223,21.2864738112275,17.0585527642234,20.2305438008877,10.6265245149707,14.0048882280394,14.0048882280394,10.6265245149707,9.53388296523073,21.2864738112275,20.0420905037844,21.2864738112275,20.0776577382722,20.0797172476586,13.6802768465835,21.2864738112275,21.2864738112275,21.1621180375761,10.6265245149707,9.77726708820214,21.2864738112275,21.2864738112275,21.2864738112275,10.2538362330054,20.7529161548486,21.2864738112275,21.2864738112275,18.3042694363715,18.3042694363715,20.631713066247,21.2864738112275,10.6265245149707,10.6265245149707,10.6265245149707,10.6265245149707,21.2864738112275,21.2864738112275,21.2864738112275,21.2864738112275,14.0048882280394,14.0048882280394,21.2864738112275,21.2864738112275,21.2864738112275,21.2864738112275,13.7797243055179,21.2864738112275,21.2864738112275,18.3042694363715,18.3042694363715,21.2864738112275,10.6265245149707,10.6265245149707,10.6265245149707,10.6265245149707,21.2864738112275,21.2864738112275,10.6265245149707,14.0048882280394,14.0048882280394,21.1886101477612,21.0429081018657,21.2864738112275,21.0422566169863,21.2864738112275,10.6265245149707,10.6265245149707,21.2864738112275,21.2864738112275,21.2864738112275,21.2864738112275,21.2864738112275,21.2864738112275,21.2864738112275,21.2864738112275,21.2864738112275,14.5799466049201,14.5799466049201,14.5799466049201,14.5799466049201,10.6265245149707,10.6265245149707,21.2864738112275,21.2864738112275,21.2864738112275,21.2864738112275,21.2864738112275,21.2864738112275,10.6265245149707,10.6265245149707,10.6265245149707,21.2864738112275,21.2864738112275,10.6265245149707,10.6265245149707
"t105",14.0868032817252,9.66416563187851,9.86111710874567,11.2704191881444,13.7735660223184,12.6363258577344,13.0195565451784,12.7277123921934,12.6199658257746,12.908936477123,19.6644749141888,9.95096663035048,10.8277650779849,13.7571973744466,10.6548186892298,5.83749374549709,16.2026870487498,14.1714916452064,14.9342562112349,16.7655521707069,14.0585220031083,5.36532101635718,6.82188774107875,6.44194999439027,19.8362087710223,7.73973742506537,14.9536769491467,16.0842116653439,7.67957399295689,6.14877464855422,19.2339394662306,8.3252299111658,9.88080966978846,16.6573668471535,6.97396684383095,8.40995259307568,16.047169737982,17.242496232532,15.4663364018374,16.0494037334508,18.4539158815833,14.9796641114747,17.7677313486681,8.20567934517453,7.88701143205677,15.1219735209355,17.2515368132396,19.8362087710223,16.0836532663038,15.766551723202,9.30220347870352,6.20850746864747,19.8362087710223,8.86202690197416,16.1367147143777,16.6409053597452,12.1791575298593,20.4285183104507,17.1369849791728,19.2531798870864,17.3497227543177,18.2233789488598,6.54695213639607,18.7775857481665,19.8362087710223,14.2909450988882,12.4006475278269,10.3368443496512,18.2618860561637,18.7357307344043,18.6350823628035,20.6398551137152,12.7167910864876,18.7512859147955,17.6699704695103,17.5570764594577,8.52616546453537,6.0845557378087,18.0823794579527,8.52616546453537,17.5938384906555,19.8362087710223,19.8362087710223,13.5042369003181,15.1850466542795,19.2531798870865,17.3712955541146,19.2531798870864,13.8022924755136,18.2108289364999,12.0023480315643,1.13483745586435,2.34756069066555,0.642977852307192,13.7265405358796,18.1350333693687,19.8362087710223,19.8362087710223,19.2531798870865,19.2531798870865,19.8362087710223,8.52616546453537,18.1620926174302,19.8362087710223,0,1.70661804292567,18.5904920988743,9.72743271289692,19.8362087710223,19.8362087710223,19.8362087710223,19.8362087710223,18.7435672212823,19.2531798870865,18.0087965796434,19.2531798870864,10.793531958609,10.7955914679955,19.5115973895664,19.2531798870865,1.8286376182728,15.0806547849912,19.8362087710223,18.9869513442537,8.52616546453537,8.52616546453537,15.2050105586426,19.463520489057,1.29507996189398,1.8286376182728,8.52616546453537,19.8362087710223,19.8362087710223,14.5502498136622,15.2050105586426,19.8362087710223,19.8362087710223,19.8362087710223,19.8362087710223,15.1850466542795,15.2050105586426,15.1850466542795,15.1850466542795,19.8362087710223,19.8362087710223,8.52616546453537,8.52616546453537,15.1850466542795,15.1850466542795,19.6110448485008,10.7833627232367,10.7833627232367,19.8362087710223,19.8362087710223,8.52616546453537,19.8362087710223,19.8362087710223,19.8362087710223,19.8362087710223,19.2531798870865,19.2531798870865,19.8362087710223,19.8362087710223,19.8362087710223,19.1553162236202,14.9614448492808,15.2050105586426,8.28194827029423,8.52616546453537,19.8362087710223,19.8362087710223,15.2050105586426,15.2050105586426,15.2050105586426,15.2050105586426,19.2531798870865,19.2531798870865,8.52616546453537,15.2050105586426,15.2050105586426,19.8362087710223,19.8362087710223,19.8362087710223,19.8362087710223,19.8362087710223,19.8362087710223,15.2050105586426,15.2050105586426,19.2531798870864,19.2531798870864,8.52616546453537,8.52616546453537,19.8362087710223,19.8362087710223,19.8362087710223,8.52616546453537,8.52616546453537,19.8362087710223,19.8362087710223
"t106",15.5370683219304,11.1144306720837,11.3113821489508,12.7206842283496,15.2238310625236,14.0865908979396,14.4698215853836,14.1779774323986,14.0702308659798,14.3592015173282,21.114739954394,11.4012316705556,12.27803011819,15.2074624146518,12.105083729435,7.28775878570225,17.6529520889549,15.6217566854116,16.38452125144,18.2158172109121,15.5087870433135,6.81558605656234,8.27215278128391,7.89221503459543,21.2864738112275,9.19000246527053,16.4039419893518,17.5344767055491,9.12983903316205,7.59903968875938,20.6842045064358,9.77549495137096,11.3310747099936,18.1076318873586,8.42423188403611,9.86021763328084,17.4974347781871,18.6927612727371,16.9166014420426,17.4996687736559,19.9041809217885,16.4299291516799,19.2179963888732,9.65594438537969,9.33727647226193,16.5722385611407,18.7018018534447,21.2864738112275,17.533918306509,17.2168167634071,10.7524685189087,7.65877250885263,21.2864738112275,10.3122919421793,17.5869797545828,18.0911703999504,13.6294225700645,21.8787833506558,18.5872500193779,20.7034449272916,18.7999877945229,19.673643989065,7.99721717660123,20.2278507883716,21.2864738112275,15.7412101390934,13.850912568032,11.7871093898563,19.7121510963688,20.1859957746094,20.0853474030087,22.0901201539204,14.1670561266928,20.2015509550007,19.1202355097155,19.0073414996628,9.97643050474053,7.53482077801386,19.5326444981578,9.97643050474053,19.0441035308607,21.2864738112275,21.2864738112275,14.9545019405233,16.6353116944846,20.7034449272916,18.8215605943198,20.7034449272916,15.2525575157188,19.6610939767051,13.4526130717695,2.58510249606951,3.79782573087071,2.09324289251235,15.1768055760848,19.5852984095739,21.2864738112275,21.2864738112275,20.7034449272916,20.7034449272916,21.2864738112275,9.97643050474053,19.6123576576353,21.2864738112275,1.70661804292567,0,20.0407571390794,11.1776977531021,21.2864738112275,21.2864738112275,21.2864738112275,21.2864738112275,20.1938322614875,20.7034449272916,19.4590616198486,20.7034449272916,12.2437969988142,12.2458565082006,20.9618624297716,20.7034449272916,3.27890265847796,16.5309198251964,21.2864738112275,20.4372163844589,9.97643050474053,9.97643050474053,16.6552755988478,20.9137855292622,2.74534500209914,3.27890265847796,9.97643050474053,21.2864738112275,21.2864738112275,16.0005148538673,16.6552755988478,21.2864738112275,21.2864738112275,21.2864738112275,21.2864738112275,16.6353116944846,16.6552755988478,16.6353116944846,16.6353116944846,21.2864738112275,21.2864738112275,9.97643050474053,9.97643050474053,16.6353116944846,16.6353116944846,21.0613098887059,12.2336277634419,12.2336277634419,21.2864738112275,21.2864738112275,9.97643050474053,21.2864738112275,21.2864738112275,21.2864738112275,21.2864738112275,20.7034449272916,20.7034449272916,21.2864738112275,21.2864738112275,21.2864738112275,20.6055812638254,16.411709889486,16.6552755988478,9.73221331049939,9.97643050474053,21.2864738112275,21.2864738112275,16.6552755988478,16.6552755988478,16.6552755988478,16.6552755988478,20.7034449272916,20.7034449272916,9.97643050474053,16.6552755988478,16.6552755988478,21.2864738112275,21.2864738112275,21.2864738112275,21.2864738112275,21.2864738112275,21.2864738112275,16.6552755988478,16.6552755988478,20.7034449272916,20.7034449272916,9.97643050474053,9.97643050474053,21.2864738112275,21.2864738112275,21.2864738112275,9.97643050474053,9.97643050474053,21.2864738112275,21.2864738112275
"t107",14.2913516497823,10.4517428838715,11.0721126210705,11.4749675562016,14.5611432743114,7.02332789423494,13.8071337971714,13.5152896441864,6.496008133316,10.1312804703241,16.8868189073899,13.9072929419222,14.7840913895566,14.5447746264396,15.5105291740298,15.0948881613398,16.4072354168069,14.9590688971994,15.7218334632278,13.987896163908,14.8460992551013,16.2488321933274,14.8602968485939,15.699344410233,17.0585527642234,15.7781465325805,15.7412542011397,13.306555658545,15.717983100472,16.1837623119682,20.0215167182236,16.3636390186809,17.9192187773036,17.4449440991465,17.008954507245,16.4483617005908,16.8347469899749,14.4648402257331,12.6886803950385,13.2717477266519,19.2414931335763,15.7672413634677,18.555308600661,16.2440884526896,15.9254205395719,15.9095507729285,18.0391140652326,17.0585527642234,13.3059972595049,12.9888957164031,19.3371911421175,16.2434951320615,17.0585527642234,16.9004360094893,2.9285077794828,13.8632493529463,17.0149041102962,20.6330666785078,14.3593289723739,20.0407571390794,3.61340162606117,4.48705782060326,18.0615438109401,6.03762839723537,7.09625142009122,19.1466555836882,17.2563580126268,18.3752534571663,18.4664344242208,18.9402791024614,18.8396307308606,20.8444034817723,17.5525376669245,5.41450434023253,18.4575477215033,18.3446537114506,20.0407571390794,17.5991474123528,15.3047234511538,20.0407571390794,4.25705691609252,6.49942719645932,17.0585527642234,18.3599473851181,20.0407571390794,20.0407571390794,18.1588728061076,20.0407571390794,18.6580029603136,6.23921688293061,20.0407571390794,18.9137600711125,20.0407571390794,18.3361743007211,18.5622871163165,18.9226106213617,7.86459671745296,7.86459671745296,20.0407571390794,20.0407571390794,17.0585527642234,20.0407571390794,15.3844366106313,17.0585527642234,18.5904920988743,20.0407571390794,0,18.9848271287397,17.0585527642234,17.0585527642234,17.0585527642234,17.0585527642234,15.9659112144834,20.0407571390794,18.7963738316364,20.0407571390794,18.8319410661241,18.8340005755106,16.7339413827676,20.0407571390794,20.0407571390794,19.916401365428,17.0585527642234,16.2092953374549,20.0407571390794,20.0407571390794,20.0407571390794,16.6858644822581,19.5071994827006,20.0407571390794,20.0407571390794,1.91038323854877,1.91038323854877,19.385996394099,20.0407571390794,17.0585527642234,17.0585527642234,17.0585527642234,17.0585527642234,20.0407571390794,20.0407571390794,20.0407571390794,20.0407571390794,17.0585527642234,17.0585527642234,20.0407571390794,20.0407571390794,20.0407571390794,20.0407571390794,16.8333888417019,20.0407571390794,20.0407571390794,6.49942719645932,6.49942719645932,20.0407571390794,17.0585527642234,17.0585527642234,17.0585527642234,17.0585527642234,20.0407571390794,20.0407571390794,17.0585527642234,17.0585527642234,17.0585527642234,19.9428934756132,19.7971914297176,20.0407571390794,19.7965399448383,20.0407571390794,17.0585527642234,17.0585527642234,20.0407571390794,20.0407571390794,20.0407571390794,20.0407571390794,20.0407571390794,20.0407571390794,20.0407571390794,20.0407571390794,20.0407571390794,17.0585527642234,17.0585527642234,17.0585527642234,17.0585527642234,17.0585527642234,17.0585527642234,20.0407571390794,20.0407571390794,20.0407571390794,20.0407571390794,20.0407571390794,20.0407571390794,17.0585527642234,17.0585527642234,17.0585527642234,20.0407571390794,20.0407571390794,17.0585527642234,17.0585527642234
"t108",14.4811383115906,10.0585006617439,10.2554521386111,11.6647542180098,14.1679010521838,13.0306608875998,13.4138915750438,13.1220474220588,13.01430085564,13.3032715069884,20.0588099440542,10.3453016602159,11.2221001078502,14.151532404312,11.0491537190952,5.2644659523441,16.5970220786152,14.5658266750718,15.3285912411002,17.1598872005723,14.4528570329737,7.38577280735007,7.21622277094414,5.0407826715619,20.2305438008877,8.13407245493076,15.3480119790121,16.4785466952093,8.07390902282228,7.32070292599088,19.628274496096,8.71956494103119,10.2751446996538,17.0517018770189,8.14589512126761,8.80428762294107,16.4415047678474,17.6368312623974,15.8606714317028,16.4437387633162,18.8482509114487,15.3739991413401,18.1620663785334,8.60001437503992,8.28134646192216,15.5163085508009,17.645871843105,20.2305438008877,16.4779882961692,16.1608867530674,10.4741317561402,7.38043574608413,20.2305438008877,9.25636193183955,16.531049744243,17.0352403896106,12.5734925597247,20.822853340316,17.5313200090382,19.6475149169518,17.7440577841831,18.6177139787252,9.19848442496279,19.1719207780318,20.2305438008877,14.6852801287536,12.7949825576923,10.7311793795166,18.6562210860291,19.1300657642696,19.0294173926689,21.0341901435806,13.111126116353,19.1456209446609,18.0643054993757,17.9514114893231,11.1776977531021,8.73608802637541,18.4767144878181,11.1776977531021,17.9881735205209,20.2305438008877,20.2305438008877,13.8985719301835,15.5793816841449,19.6475149169518,17.76563058398,19.6475149169518,14.196627505379,18.6051639663653,12.3966830614297,10.0507006851352,11.1776977531021,9.47311491474372,14.120875565745,18.5293683992341,20.2305438008877,20.2305438008877,19.6475149169518,19.6475149169518,20.2305438008877,11.1776977531021,18.5564276472956,20.2305438008877,9.72743271289692,11.1776977531021,18.9848271287397,0,20.2305438008877,20.2305438008877,20.2305438008877,20.2305438008877,19.1379022511477,19.6475149169518,18.4031316095088,19.6475149169518,11.1878669884744,11.1899264978609,19.9059324194318,19.6475149169518,11.1776977531021,15.4749898148566,20.2305438008877,19.3812863741191,11.1776977531021,11.1776977531021,15.599345588508,19.8578555189224,10.6441400967233,11.1776977531021,11.1776977531021,20.2305438008877,20.2305438008877,14.9445848435275,15.599345588508,20.2305438008877,20.2305438008877,20.2305438008877,20.2305438008877,15.5793816841449,15.599345588508,15.5793816841449,15.5793816841449,20.2305438008877,20.2305438008877,11.1776977531021,11.1776977531021,15.5793816841449,15.5793816841449,20.0053798783662,2.0908764117786,2.0908764117786,20.2305438008877,20.2305438008877,11.1776977531021,20.2305438008877,20.2305438008877,20.2305438008877,20.2305438008877,19.6475149169518,19.6475149169518,20.2305438008877,20.2305438008877,20.2305438008877,19.5496512534856,15.3557798791462,15.599345588508,10.9334805588609,11.1776977531021,20.2305438008877,20.2305438008877,15.599345588508,15.599345588508,15.599345588508,15.599345588508,19.6475149169518,19.6475149169518,11.1776977531021,15.599345588508,15.599345588508,20.2305438008877,20.2305438008877,20.2305438008877,20.2305438008877,20.2305438008877,20.2305438008877,15.599345588508,15.599345588508,19.6475149169518,19.6475149169518,11.1776977531021,11.1776977531021,20.2305438008877,20.2305438008877,20.2305438008877,11.1776977531021,11.1776977531021,20.2305438008877,20.2305438008877
"t109",15.5370683219304,11.6974595560195,12.3178292932185,12.7206842283496,15.8068599464594,11.1043865230836,15.0528504693194,14.7610063163345,11.0880264911238,8.00226547566699,14.7578039127328,15.1530096140703,16.0298080617046,15.7904912985876,16.7562458461778,16.3406048334879,17.6529520889549,16.2047855693474,16.9675501353759,8.33620603826011,16.0918159272493,17.4945488654755,16.1060135207419,16.945061082381,10.3929704207208,17.0238632047285,16.9869708732877,5.85602179900669,16.96369977262,17.4294789841163,21.2672333903716,17.6093556908289,19.1649354494516,18.6906607712945,18.254671179393,17.6940783727388,18.080463662123,8.81315010008519,5.23814653550016,5.82121386711355,20.4872098057244,17.0129580356157,19.8010252728091,17.4898051248377,17.1711372117199,17.1552674450765,19.2848307373806,14.5799466049201,7.65430713385702,7.33720559075519,20.5829078142656,17.4892118042095,8.29465291948606,18.1461526816373,14.6047753797268,7.17479005113984,18.2606207824442,21.8787833506558,5.59542912763655,21.2864738112275,15.8177834196669,16.691439614209,19.3072604830882,17.2456464135156,18.3042694363715,20.3923722558362,18.5020746847749,19.6209701293143,19.7121510963688,20.1859957746094,20.0853474030087,22.0901201539204,18.7982543390725,17.2193465801447,19.7032643936513,19.5903703835987,21.2864738112275,18.8448640845008,3.29862573002248,21.2864738112275,16.0618991560047,18.3042694363715,4.73657305442757,19.6056640572661,21.2864738112275,21.2864738112275,19.4045894782556,21.2864738112275,19.9037196324616,16.6788896018491,21.2864738112275,20.1594767432605,21.2864738112275,19.5818909728691,19.8080037884645,20.1683272935098,18.3042694363715,18.3042694363715,21.2864738112275,21.2864738112275,14.0048882280394,21.2864738112275,8.95240836137858,10.6265245149707,19.8362087710223,21.2864738112275,17.0585527642234,20.2305438008877,0,14.0048882280394,14.0048882280394,8.29465291948606,7.20201136974608,21.2864738112275,20.0420905037844,21.2864738112275,20.0776577382722,20.0797172476586,13.6802768465835,21.2864738112275,21.2864738112275,21.1621180375761,10.3700934624169,2.2899913121878,21.2864738112275,21.2864738112275,21.2864738112275,9.99740518045164,20.7529161548486,21.2864738112275,21.2864738112275,18.3042694363715,18.3042694363715,20.631713066247,21.2864738112275,8.29465291948606,8.29465291948606,4.20402489361373,4.20402489361373,21.2864738112275,21.2864738112275,21.2864738112275,21.2864738112275,14.0048882280394,14.0048882280394,21.2864738112275,21.2864738112275,21.2864738112275,21.2864738112275,13.7797243055179,21.2864738112275,21.2864738112275,18.3042694363715,18.3042694363715,21.2864738112275,3.13924873895637,3.13924873895637,10.3700934624169,10.3700934624169,21.2864738112275,21.2864738112275,4.20402489361373,14.0048882280394,14.0048882280394,21.1886101477612,21.0429081018657,21.2864738112275,21.0422566169863,21.2864738112275,3.13924873895637,3.13924873895637,21.2864738112275,21.2864738112275,21.2864738112275,21.2864738112275,21.2864738112275,21.2864738112275,21.2864738112275,21.2864738112275,21.2864738112275,14.5799466049201,14.5799466049201,14.5799466049201,14.5799466049201,10.3700934624169,10.3700934624169,21.2864738112275,21.2864738112275,21.2864738112275,21.2864738112275,21.2864738112275,21.2864738112275,4.20402489361373,4.20402489361373,4.20402489361373,21.2864738112275,21.2864738112275,4.20402489361373,4.20402489361373
"t110",15.5370683219304,11.6974595560195,12.3178292932185,12.7206842283496,15.8068599464594,11.1043865230836,15.0528504693194,14.7610063163345,11.0880264911238,8.00226547566698,14.7578039127328,15.1530096140702,16.0298080617046,15.7904912985876,16.7562458461778,16.3406048334879,17.6529520889549,16.2047855693474,16.9675501353759,10.934231627724,16.0918159272493,17.4945488654755,16.1060135207419,16.945061082381,14.0048882280394,17.0238632047285,16.9869708732877,10.252891122361,16.96369977262,17.4294789841163,21.2672333903716,17.6093556908289,19.1649354494516,18.6906607712945,18.254671179393,17.6940783727388,18.080463662123,11.4111756895491,9.63501585885448,10.2180831904679,20.4872098057244,17.0129580356157,19.8010252728091,17.4898051248377,17.1711372117199,17.1552674450765,19.2848307373806,14.5799466049201,10.2523327233209,9.93523118021907,20.5829078142656,17.4892118042095,14.0048882280394,18.1461526816373,14.6047753797268,10.8095848167623,18.2606207824442,21.8787833506558,11.3056644361899,21.2864738112275,15.8177834196669,16.691439614209,19.3072604830882,17.2456464135156,18.3042694363715,20.3923722558362,18.5020746847749,19.6209701293143,19.7121510963688,20.1859957746094,20.0853474030087,22.0901201539204,18.7982543390725,17.2193465801447,19.7032643936513,19.5903703835987,21.2864738112275,18.8448640845008,12.2510589149698,21.2864738112275,16.0618991560047,18.3042694363715,14.0048882280394,19.6056640572661,21.2864738112275,21.2864738112275,19.4045894782556,21.2864738112275,19.9037196324616,16.6788896018491,21.2864738112275,20.1594767432605,21.2864738112275,19.5818909728691,19.8080037884645,20.1683272935097,18.3042694363715,18.3042694363715,21.2864738112275,21.2864738112275,3.50172004871758,21.2864738112275,12.3307720744473,14.0048882280394,19.8362087710223,21.2864738112275,17.0585527642234,20.2305438008877,14.0048882280394,0,3.11179608434834,14.0048882280394,12.9122466782994,21.2864738112275,20.0420905037844,21.2864738112275,20.0776577382722,20.0797172476586,4.4525305791181,21.2864738112275,21.2864738112275,21.1621180375761,14.0048882280394,13.1556308012708,21.2864738112275,21.2864738112275,21.2864738112275,13.6321999460741,20.7529161548486,21.2864738112275,21.2864738112275,18.3042694363715,18.3042694363715,20.631713066247,21.2864738112275,14.0048882280394,14.0048882280394,14.0048882280394,14.0048882280394,21.2864738112275,21.2864738112275,21.2864738112275,21.2864738112275,4.77714196057397,4.77714196057397,21.2864738112275,21.2864738112275,21.2864738112275,21.2864738112275,2.88663216182681,21.2864738112275,21.2864738112275,18.3042694363715,18.3042694363715,21.2864738112275,14.0048882280394,14.0048882280394,14.0048882280394,14.0048882280394,21.2864738112275,21.2864738112275,14.0048882280394,3.11179608434834,3.11179608434834,21.1886101477612,21.0429081018657,21.2864738112275,21.0422566169863,21.2864738112275,14.0048882280394,14.0048882280394,21.2864738112275,21.2864738112275,21.2864738112275,21.2864738112275,21.2864738112275,21.2864738112275,21.2864738112275,21.2864738112275,21.2864738112275,14.5799466049201,14.5799466049201,14.5799466049201,14.5799466049201,14.0048882280394,14.0048882280394,21.2864738112275,21.2864738112275,21.2864738112275,21.2864738112275,21.2864738112275,21.2864738112275,14.0048882280394,14.0048882280394,14.0048882280394,21.2864738112275,21.2864738112275,14.0048882280394,14.0048882280394
"t111",15.5370683219304,11.6974595560195,12.3178292932185,12.7206842283496,15.8068599464594,11.1043865230836,15.0528504693194,14.7610063163345,11.0880264911238,8.00226547566698,14.7578039127328,15.1530096140703,16.0298080617046,15.7904912985876,16.7562458461778,16.3406048334879,17.6529520889549,16.2047855693474,16.9675501353759,10.934231627724,16.0918159272493,17.4945488654755,16.1060135207419,16.945061082381,14.0048882280394,17.0238632047285,16.9869708732877,10.252891122361,16.96369977262,17.4294789841163,21.2672333903716,17.6093556908289,19.1649354494516,18.6906607712945,18.254671179393,17.6940783727388,18.080463662123,11.4111756895491,9.63501585885448,10.2180831904679,20.4872098057244,17.0129580356157,19.8010252728091,17.4898051248377,17.1711372117199,17.1552674450765,19.2848307373806,14.5799466049201,10.2523327233209,9.93523118021907,20.5829078142656,17.4892118042095,14.0048882280394,18.1461526816373,14.6047753797268,10.8095848167623,18.2606207824442,21.8787833506558,11.3056644361899,21.2864738112275,15.8177834196669,16.691439614209,19.3072604830882,17.2456464135156,18.3042694363715,20.3923722558362,18.5020746847749,19.6209701293143,19.7121510963688,20.1859957746094,20.0853474030087,22.0901201539204,18.7982543390725,17.2193465801447,19.7032643936513,19.5903703835987,21.2864738112275,18.8448640845008,12.2510589149698,21.2864738112275,16.0618991560047,18.3042694363715,14.0048882280394,19.6056640572661,21.2864738112275,21.2864738112275,19.4045894782556,21.2864738112275,19.9037196324616,16.6788896018491,21.2864738112275,20.1594767432605,21.2864738112275,19.5818909728691,19.8080037884645,20.1683272935098,18.3042694363715,18.3042694363715,21.2864738112275,21.2864738112275,3.50172004871758,21.2864738112275,12.3307720744473,14.0048882280394,19.8362087710223,21.2864738112275,17.0585527642234,20.2305438008877,14.0048882280394,3.11179608434834,0,14.0048882280394,12.9122466782994,21.2864738112275,20.0420905037844,21.2864738112275,20.0776577382722,20.0797172476586,4.4525305791181,21.2864738112275,21.2864738112275,21.1621180375761,14.0048882280394,13.1556308012708,21.2864738112275,21.2864738112275,21.2864738112275,13.6321999460741,20.7529161548486,21.2864738112275,21.2864738112275,18.3042694363715,18.3042694363715,20.631713066247,21.2864738112275,14.0048882280394,14.0048882280394,14.0048882280394,14.0048882280394,21.2864738112275,21.2864738112275,21.2864738112275,21.2864738112275,4.77714196057397,4.77714196057397,21.2864738112275,21.2864738112275,21.2864738112275,21.2864738112275,2.88029800908073,21.2864738112275,21.2864738112275,18.3042694363715,18.3042694363715,21.2864738112275,14.0048882280394,14.0048882280394,14.0048882280394,14.0048882280394,21.2864738112275,21.2864738112275,14.0048882280394,3.10546193160226,3.10546193160226,21.1886101477612,21.0429081018657,21.2864738112275,21.0422566169863,21.2864738112275,14.0048882280394,14.0048882280394,21.2864738112275,21.2864738112275,21.2864738112275,21.2864738112275,21.2864738112275,21.2864738112275,21.2864738112275,21.2864738112275,21.2864738112275,14.5799466049201,14.5799466049201,14.5799466049201,14.5799466049201,14.0048882280394,14.0048882280394,21.2864738112275,21.2864738112275,21.2864738112275,21.2864738112275,21.2864738112275,21.2864738112275,14.0048882280394,14.0048882280394,14.0048882280394,21.2864738112275,21.2864738112275,14.0048882280394,14.0048882280394
"t112",15.5370683219304,11.6974595560195,12.3178292932185,12.7206842283496,15.8068599464594,11.1043865230836,15.0528504693194,14.7610063163345,11.0880264911238,8.00226547566699,14.7578039127328,15.1530096140703,16.0298080617046,15.7904912985876,16.7562458461778,16.3406048334879,17.6529520889549,16.2047855693474,16.9675501353759,8.33620603826011,16.0918159272493,17.4945488654755,16.1060135207419,16.945061082381,10.3929704207208,17.0238632047285,16.9869708732877,5.85602179900669,16.96369977262,17.4294789841163,21.2672333903716,17.6093556908289,19.1649354494516,18.6906607712945,18.254671179393,17.6940783727388,18.080463662123,8.81315010008519,5.23814653550016,5.82121386711355,20.4872098057244,17.0129580356157,19.8010252728091,17.4898051248377,17.1711372117199,17.1552674450765,19.2848307373806,14.5799466049201,7.65430713385702,7.33720559075519,20.5829078142656,17.4892118042095,8.16980011034352,18.1461526816373,14.6047753797268,7.17479005113984,18.2606207824442,21.8787833506558,3.57273284459833,21.2864738112275,15.8177834196669,16.691439614209,19.3072604830882,17.2456464135156,18.3042694363715,20.3923722558362,18.5020746847749,19.6209701293143,19.7121510963688,20.1859957746094,20.0853474030087,22.0901201539204,18.7982543390725,17.2193465801447,19.7032643936513,19.5903703835987,21.2864738112275,18.8448640845008,6.54082360641643,21.2864738112275,16.0618991560047,18.3042694363715,8.29465291948606,19.6056640572661,21.2864738112275,21.2864738112275,19.4045894782556,21.2864738112275,19.9037196324616,16.6788896018491,21.2864738112275,20.1594767432605,21.2864738112275,19.5818909728691,19.8080037884645,20.1683272935098,18.3042694363715,18.3042694363715,21.2864738112275,21.2864738112275,14.0048882280394,21.2864738112275,8.95240836137858,10.6265245149707,19.8362087710223,21.2864738112275,17.0585527642234,20.2305438008877,8.29465291948606,14.0048882280394,14.0048882280394,0,1.89126403798798,21.2864738112275,20.0420905037844,21.2864738112275,20.0776577382722,20.0797172476586,13.6802768465835,21.2864738112275,21.2864738112275,21.1621180375761,10.3700934624169,7.44539549271749,21.2864738112275,21.2864738112275,21.2864738112275,9.99740518045164,20.7529161548486,21.2864738112275,21.2864738112275,18.3042694363715,18.3042694363715,20.631713066247,21.2864738112275,2.98390558772795,2.98390558772795,8.29465291948606,8.29465291948606,21.2864738112275,21.2864738112275,21.2864738112275,21.2864738112275,14.0048882280394,14.0048882280394,21.2864738112275,21.2864738112275,21.2864738112275,21.2864738112275,13.7797243055179,21.2864738112275,21.2864738112275,18.3042694363715,18.3042694363715,21.2864738112275,8.29465291948606,8.29465291948606,10.3700934624169,10.3700934624169,21.2864738112275,21.2864738112275,8.29465291948606,14.0048882280394,14.0048882280394,21.1886101477612,21.0429081018657,21.2864738112275,21.0422566169863,21.2864738112275,8.29465291948606,8.29465291948606,21.2864738112275,21.2864738112275,21.2864738112275,21.2864738112275,21.2864738112275,21.2864738112275,21.2864738112275,21.2864738112275,21.2864738112275,14.5799466049201,14.5799466049201,14.5799466049201,14.5799466049201,10.3700934624169,10.3700934624169,21.2864738112275,21.2864738112275,21.2864738112275,21.2864738112275,21.2864738112275,21.2864738112275,8.29465291948606,8.29465291948606,8.29465291948606,21.2864738112275,21.2864738112275,8.29465291948606,8.29465291948606
"t113",14.4444267721904,10.6048180062795,11.2251877434785,11.6280426786096,14.7142183967194,10.0117449733436,13.9602089195794,13.6683647665945,9.9953849413838,6.90962392592701,13.6651623629928,14.0603680643303,14.9371665119647,14.6978497488476,15.6636042964378,15.2479632837479,16.560310539215,15.1121440196074,15.8749085856359,7.24356448852013,14.9991743775093,16.4019073157355,15.0133719710019,15.8524195326411,9.30032887098078,15.9312216549885,15.8943293235477,4.76338024926671,15.87105822288,16.3368374343763,20.1745918406317,16.516714141089,18.0722938997116,17.5980192215545,17.162029629653,16.6014368229988,16.987822112383,7.72050855034521,4.14550498576018,4.72857231737357,19.3945682559844,15.9203164858758,18.7083837230691,16.3971635750977,16.0784956619799,16.0626258953365,18.1921891876406,13.4873050551801,6.56166558411705,6.24456404101521,19.4902662645256,16.3965702544695,7.07715856060354,17.0535111318973,13.5121338299868,6.08214850139986,17.1679792327042,20.7861418009158,2.48009129485836,20.1938322614875,14.7251418699269,15.598798064469,18.2146189333482,16.1530048637756,17.2116278866315,19.2997307060963,17.4094331350349,18.5283285795743,18.6195095466288,19.0933542248694,18.9927058532687,20.9974786041804,17.7056127893325,16.1267050304047,18.6106228439114,18.4977288338587,20.1938322614875,17.7522225347608,5.44818205667645,20.1938322614875,14.9692576062647,17.2116278866315,7.20201136974609,18.5130225075261,20.1938322614875,20.1938322614875,18.3119479285156,20.1938322614875,18.8110780827216,15.5862480521091,20.1938322614875,19.0668351935206,20.1938322614875,18.4892494231291,18.7153622387245,19.0756857437698,17.2116278866315,17.2116278866315,20.1938322614875,20.1938322614875,12.9122466782994,20.1938322614875,7.85976681163861,9.53388296523073,18.7435672212823,20.1938322614875,15.9659112144834,19.1379022511477,7.20201136974608,12.9122466782994,12.9122466782994,1.89126403798798,0,20.1938322614875,18.9494489540444,20.1938322614875,18.9850161885322,18.9870756979186,12.5876352968435,20.1938322614875,20.1938322614875,20.0694764878361,9.27745191267696,6.35275394297751,20.1938322614875,20.1938322614875,20.1938322614875,8.90476363071166,19.6602746051087,20.1938322614875,20.1938322614875,17.2116278866315,17.2116278866315,19.539071516507,20.1938322614875,1.78693543719799,1.78693543719799,7.20201136974608,7.20201136974608,20.1938322614875,20.1938322614875,20.1938322614875,20.1938322614875,12.9122466782994,12.9122466782994,20.1938322614875,20.1938322614875,20.1938322614875,20.1938322614875,12.6870827557779,20.1938322614875,20.1938322614875,17.2116278866315,17.2116278866315,20.1938322614875,7.20201136974608,7.20201136974608,9.27745191267696,9.27745191267696,20.1938322614875,20.1938322614875,7.20201136974608,12.9122466782994,12.9122466782994,20.0959685980212,19.9502665521257,20.1938322614875,19.9496150672464,20.1938322614875,7.20201136974608,7.20201136974608,20.1938322614875,20.1938322614875,20.1938322614875,20.1938322614875,20.1938322614875,20.1938322614875,20.1938322614875,20.1938322614875,20.1938322614875,13.4873050551801,13.4873050551801,13.4873050551801,13.4873050551801,9.27745191267696,9.27745191267696,20.1938322614875,20.1938322614875,20.1938322614875,20.1938322614875,20.1938322614875,20.1938322614875,7.20201136974608,7.20201136974608,7.20201136974608,20.1938322614875,20.1938322614875,7.20201136974608,7.20201136974608
"t114",15.5370683219304,10.8161764735482,11.7348004092827,12.7206842283496,12.5458315766036,14.0865908979396,12.3116948346827,12.0198506816978,14.0702308659798,14.3592015173282,21.114739954394,14.5699807301344,15.4467791777688,8.20154379865869,16.173216962242,15.757575949552,17.6529520889549,8.61583806941847,7.83812916863527,18.2158172109121,5.42568045107021,16.9115199815396,15.522984636806,16.3620321984452,21.2864738112275,16.4408343207927,5.35232944256216,17.5344767055491,16.3806708886842,16.8464501001804,9.4288473091009,17.0263268068931,18.5819065655157,6.80030619648072,17.6716422954571,17.111049488803,8.95104269538239,18.6927612727371,16.9166014420426,17.4996687736559,9.80064756501291,6.32639579490429,10.6716043060685,16.9067762409018,16.5881083277841,9.56631994514758,11.6958832374517,21.2864738112275,17.533918306509,17.2168167634071,19.9998789303297,16.9061829202737,21.2864738112275,17.5631237977014,17.5869797545828,18.0911703999504,17.6775918985083,21.8787833506558,18.5872500193779,12.1570528444869,18.7999877945229,19.673643989065,18.7242315991523,20.2278507883716,21.2864738112275,19.8093433719004,17.919045800839,19.0379412453785,19.7121510963688,20.1859957746094,20.0853474030087,22.0901201539204,18.2152254551366,20.2015509550007,10.5738434269107,10.4609494168581,20.7034449272916,18.2618352005649,19.5326444981578,20.7034449272916,19.0441035308607,21.2864738112275,21.2864738112275,19.0226351733303,20.7034449272916,4.63824716165598,10.275168511515,12.1570528444869,19.3206907485258,19.6610939767051,20.7034449272916,19.5764478593247,20.7034449272916,18.9988620889333,19.2249749045287,2.43596013698142,21.2864738112275,21.2864738112275,11.4561194519957,11.4561194519957,21.2864738112275,20.7034449272916,19.6123576576353,21.2864738112275,19.2531798870865,20.7034449272916,20.0407571390794,19.6475149169518,21.2864738112275,21.2864738112275,21.2864738112275,21.2864738112275,20.1938322614875,0,1.59311883453346,4.63824716165598,19.4946288543363,19.4966883637228,20.9618624297716,4.63824716165598,20.7034449272916,20.5790891536402,21.2864738112275,20.4372163844589,20.7034449272916,20.7034449272916,20.7034449272916,20.9137855292622,20.1698872709128,20.7034449272916,20.7034449272916,21.2864738112275,21.2864738112275,20.0486841823112,20.7034449272916,21.2864738112275,21.2864738112275,21.2864738112275,21.2864738112275,20.7034449272916,20.7034449272916,20.7034449272916,20.7034449272916,21.2864738112275,21.2864738112275,20.7034449272916,20.7034449272916,20.7034449272916,20.7034449272916,21.0613098887059,20.7034449272916,20.7034449272916,21.2864738112275,21.2864738112275,20.7034449272916,21.2864738112275,21.2864738112275,21.2864738112275,21.2864738112275,4.63824716165598,4.63824716165598,21.2864738112275,21.2864738112275,21.2864738112275,4.54038349818973,20.4598792179298,20.7034449272916,20.4592277330505,20.7034449272916,21.2864738112275,21.2864738112275,20.7034449272916,20.7034449272916,20.7034449272916,20.7034449272916,4.63824716165598,4.63824716165598,20.7034449272916,20.7034449272916,20.7034449272916,21.2864738112275,21.2864738112275,21.2864738112275,21.2864738112275,21.2864738112275,21.2864738112275,20.7034449272916,20.7034449272916,4.63824716165598,4.63824716165598,20.7034449272916,20.7034449272916,21.2864738112275,21.2864738112275,21.2864738112275,20.7034449272916,20.7034449272916,21.2864738112275,21.2864738112275
"t115",14.2926850144873,9.57179316610511,10.4904171018396,11.4763009209065,11.3014482691606,12.8422075904965,11.0673115272396,10.7754673742547,12.8258475585367,13.1148182098851,19.8703566469509,13.3255974226914,14.2023958703257,6.95716049121564,14.9288336547989,14.513192642109,16.4085687815119,7.37145476197542,6.59374586119222,16.971433903469,4.18129714362716,15.6671366740966,14.278601329363,15.1176488910021,20.0420905037844,15.1964510133496,4.10794613511911,16.290093398106,15.1362875812411,15.6020667927374,8.18446400165785,15.78194349945,17.3375232580727,5.55592288903767,16.4272589880141,15.8666661813599,7.70665938793934,17.4483779652941,15.6722181345995,16.2552854662129,8.55626425756986,5.08201248746125,9.42722099862542,15.6623929334588,15.343725020341,8.32193663770454,10.4514999300086,20.0420905037844,16.2895349990659,15.9724334559641,18.7554956228867,15.6617996128306,20.0420905037844,16.3187404902584,16.3425964471398,16.8467870925073,16.4332085910653,20.6344000432128,17.3428667119349,10.9126695370438,17.5556044870798,18.4292606816219,17.4798482917093,18.9834674809286,20.0420905037844,18.5649600644573,16.674662493396,17.7935579379354,18.4677677889258,18.9416124671664,18.8409640955656,20.8457368464773,16.9708421476936,18.9571676475576,9.3294601194677,9.21656610941504,19.4590616198486,17.0174518931219,18.2882611907148,19.4590616198486,17.7997202234176,20.0420905037844,20.0420905037844,17.7782518658872,19.4590616198486,3.39386385421293,9.03078520407199,10.9126695370438,18.0763074410827,18.4167106692621,19.4590616198486,18.3320645518816,19.4590616198486,17.7544787814902,17.9805915970856,1.19157682953837,20.0420905037844,20.0420905037844,10.2117361445526,10.2117361445526,20.0420905037844,19.4590616198486,18.3679743501923,20.0420905037844,18.0087965796434,19.4590616198486,18.7963738316364,18.4031316095088,20.0420905037844,20.0420905037844,20.0420905037844,20.0420905037844,18.9494489540444,1.59311883453346,0,3.39386385421293,18.2502455468933,18.2523050562797,19.7174791223285,3.39386385421293,19.4590616198486,19.3347058461972,20.0420905037844,19.1928330770158,19.4590616198486,19.4590616198486,19.4590616198486,19.6694022218191,18.9255039634697,19.4590616198486,19.4590616198486,20.0420905037844,20.0420905037844,18.8043008748681,19.4590616198486,20.0420905037844,20.0420905037844,20.0420905037844,20.0420905037844,19.4590616198486,19.4590616198486,19.4590616198486,19.4590616198486,20.0420905037844,20.0420905037844,19.4590616198486,19.4590616198486,19.4590616198486,19.4590616198486,19.8169265812629,19.4590616198486,19.4590616198486,20.0420905037844,20.0420905037844,19.4590616198486,20.0420905037844,20.0420905037844,20.0420905037844,20.0420905037844,3.39386385421293,3.39386385421293,20.0420905037844,20.0420905037844,20.0420905037844,3.29600019074668,19.2154959104868,19.4590616198486,19.2148444256074,19.4590616198486,20.0420905037844,20.0420905037844,19.4590616198486,19.4590616198486,19.4590616198486,19.4590616198486,3.39386385421293,3.39386385421293,19.4590616198486,19.4590616198486,19.4590616198486,20.0420905037844,20.0420905037844,20.0420905037844,20.0420905037844,20.0420905037844,20.0420905037844,19.4590616198486,19.4590616198486,3.39386385421293,3.39386385421293,19.4590616198486,19.4590616198486,20.0420905037844,20.0420905037844,20.0420905037844,19.4590616198486,19.4590616198486,20.0420905037844,20.0420905037844
"t116",15.5370683219304,10.8161764735482,11.7348004092827,12.7206842283496,12.5458315766036,14.0865908979396,12.3116948346827,12.0198506816978,14.0702308659798,14.3592015173282,21.114739954394,14.5699807301344,15.4467791777688,8.20154379865869,16.173216962242,15.757575949552,17.6529520889549,8.61583806941847,7.83812916863527,18.2158172109121,5.42568045107021,16.9115199815396,15.522984636806,16.3620321984452,21.2864738112275,16.4408343207927,5.35232944256216,17.5344767055491,16.3806708886842,16.8464501001804,9.4288473091009,17.0263268068931,18.5819065655157,6.80030619648072,17.6716422954571,17.111049488803,8.95104269538239,18.6927612727371,16.9166014420426,17.4996687736559,9.8006475650129,6.32639579490429,10.6716043060685,16.9067762409018,16.5881083277841,9.56631994514758,11.6958832374517,21.2864738112275,17.533918306509,17.2168167634071,19.9998789303297,16.9061829202737,21.2864738112275,17.5631237977014,17.5869797545828,18.0911703999504,17.6775918985083,21.8787833506558,18.5872500193779,12.1570528444869,18.7999877945229,19.673643989065,18.7242315991523,20.2278507883716,21.2864738112275,19.8093433719004,17.919045800839,19.0379412453785,19.7121510963688,20.1859957746094,20.0853474030087,22.0901201539204,18.2152254551366,20.2015509550007,10.5738434269107,10.4609494168581,20.7034449272916,18.2618352005649,19.5326444981578,20.7034449272916,19.0441035308607,21.2864738112275,21.2864738112275,19.0226351733303,20.7034449272916,4.47004535321979,10.275168511515,12.1570528444869,19.3206907485258,19.6610939767051,20.7034449272916,19.5764478593247,20.7034449272916,18.9988620889332,19.2249749045286,3.52010064393827,21.2864738112275,21.2864738112275,11.4561194519957,11.4561194519957,21.2864738112275,20.7034449272916,19.6123576576353,21.2864738112275,19.2531798870864,20.7034449272916,20.0407571390794,19.6475149169518,21.2864738112275,21.2864738112275,21.2864738112275,21.2864738112275,20.1938322614875,4.63824716165598,3.39386385421293,0,19.4946288543363,19.4966883637228,20.9618624297716,2.80333802246173,20.7034449272916,20.5790891536402,21.2864738112275,20.4372163844589,20.7034449272916,20.7034449272916,20.7034449272916,20.9137855292622,20.1698872709128,20.7034449272916,20.7034449272916,21.2864738112275,21.2864738112275,20.0486841823112,20.7034449272916,21.2864738112275,21.2864738112275,21.2864738112275,21.2864738112275,20.7034449272916,20.7034449272916,20.7034449272916,20.7034449272916,21.2864738112275,21.2864738112275,20.7034449272916,20.7034449272916,20.7034449272916,20.7034449272916,21.0613098887059,20.7034449272916,20.7034449272916,21.2864738112275,21.2864738112275,20.7034449272916,21.2864738112275,21.2864738112275,21.2864738112275,21.2864738112275,2.80333802246173,2.80333802246173,21.2864738112275,21.2864738112275,21.2864738112275,2.70547435899547,20.4598792179298,20.7034449272916,20.4592277330505,20.7034449272916,21.2864738112275,21.2864738112275,20.7034449272916,20.7034449272916,20.7034449272916,20.7034449272916,4.15029355483887,4.15029355483887,20.7034449272916,20.7034449272916,20.7034449272916,21.2864738112275,21.2864738112275,21.2864738112275,21.2864738112275,21.2864738112275,21.2864738112275,20.7034449272916,20.7034449272916,2.80333802246173,2.80333802246173,20.7034449272916,20.7034449272916,21.2864738112275,21.2864738112275,21.2864738112275,20.7034449272916,20.7034449272916,21.2864738112275,21.2864738112275
"t117",14.3282522489751,9.90561459912839,10.1025660759955,11.5118681553943,14.0150149895683,12.8777748249843,13.2610055124283,12.9691613594433,12.8614147930245,13.1503854443729,19.9059238814387,10.1924155976004,11.0692140452347,13.9986463416965,10.8962676564797,7.2979280210746,16.4441360159997,14.4129406124563,15.1757051784847,17.0070011379568,14.2999709703582,8.45187205306219,5.35215982342147,7.90238426996777,20.0776577382722,4.62551191803068,15.1951259163966,16.3256606325938,3.96227399584244,8.386802171703,19.4753884334805,6.85550199350853,8.41108175213118,16.8988158144034,9.21199436697973,4.4798784165121,16.2886187052318,17.4839451997819,15.7077853690873,16.2908527007007,18.6953648488332,15.2211130787246,18.0091803159179,8.20111412941468,7.88244621629693,15.3634224881854,17.4929857804895,20.0776577382722,16.3251022335537,16.0080006904519,11.5402310018523,8.44653499179625,20.0776577382722,3.65075466541308,16.3781636816275,16.8823543269951,12.4206064971092,20.6699672777005,17.3784339464227,19.4946288543363,17.5911717215676,18.4648279161097,10.2645836706749,19.0190347154163,20.0776577382722,14.5323940661381,12.6420964950767,2.80873245290398,18.5033350234135,18.9771797016541,18.8765313300534,20.8813040809651,12.9582400537375,18.9927348820454,17.9114194367602,17.7985254267075,12.2437969988142,9.80218727208753,18.3238284252025,12.2437969988142,17.8352874579054,20.0776577382722,20.0776577382722,13.745685867568,15.4264956215293,19.4946288543363,17.6127445213645,19.4946288543363,14.0437414427635,18.4522779037498,2.839337754318,11.1167999308473,12.2437969988142,10.5392141604558,13.9679895031295,18.3764823366186,20.0776577382722,20.0776577382722,19.4946288543363,19.4946288543363,20.0776577382722,12.2437969988142,18.40354158468,20.0776577382722,10.793531958609,12.2437969988142,18.8319410661241,11.1878669884744,20.0776577382722,20.0776577382722,20.0776577382722,20.0776577382722,18.9850161885322,19.4946288543363,18.2502455468933,19.4946288543363,0,0.158473991668433,19.7530463568163,19.4946288543363,12.2437969988142,15.3221037522411,20.0776577382722,19.2284003115036,12.2437969988142,12.2437969988142,15.4464595258925,19.7049694563069,11.7102393424354,12.2437969988142,12.2437969988142,20.0776577382722,20.0776577382722,14.791698780912,15.4464595258925,20.0776577382722,20.0776577382722,20.0776577382722,20.0776577382722,15.4264956215293,15.4464595258925,15.4264956215293,15.4264956215293,20.0776577382722,20.0776577382722,12.2437969988142,12.2437969988142,15.4264956215293,15.4264956215293,19.8524938157506,12.2437969988142,12.2437969988142,20.0776577382722,20.0776577382722,12.2437969988142,20.0776577382722,20.0776577382722,20.0776577382722,20.0776577382722,19.4946288543363,19.4946288543363,20.0776577382722,20.0776577382722,20.0776577382722,19.3967651908701,15.2028938165307,15.4464595258925,11.9995798045731,12.2437969988142,20.0776577382722,20.0776577382722,15.4464595258925,15.4464595258925,15.4464595258925,15.4464595258925,19.4946288543363,19.4946288543363,12.2437969988142,15.4464595258925,15.4464595258925,20.0776577382722,20.0776577382722,20.0776577382722,20.0776577382722,20.0776577382722,20.0776577382722,15.4464595258925,15.4464595258925,19.4946288543363,19.4946288543363,12.2437969988142,12.2437969988142,20.0776577382722,20.0776577382722,20.0776577382722,12.2437969988142,12.2437969988142,20.0776577382722,20.0776577382722
"t118",14.3303117583615,9.90767410851483,10.104625585382,11.5139276647808,14.0170744989547,12.8798343343707,13.2630650218147,12.9712208688298,12.8634743024109,13.1524449537593,19.9079833908251,10.1944751069868,11.0712735546212,14.0007058510829,10.8983271658661,7.29998753046104,16.4461955253861,14.4150001218427,15.1777646878712,17.0090606473432,14.3020304797446,8.45393156244864,5.35421933280792,7.90444377935422,20.0797172476586,4.62757142741712,15.197185425783,16.3277201419802,3.96433350522889,8.38886168108945,19.4774479428669,6.85756150289497,8.41314126151763,16.9008753237898,9.21405387636617,4.48193792589854,16.2906782146183,17.4860047091683,15.7098448784737,16.2929122100871,18.6974243582197,15.2231725881111,18.0112398253044,8.20317363880113,7.88450572568337,15.3654819975718,17.4950452898759,20.0797172476586,16.3271617429401,16.0100601998383,11.5422905112387,8.4485945011827,20.0797172476586,3.65281417479953,16.380223191014,16.8844138363815,12.4226660064957,20.672026787087,17.3804934558091,19.4966883637228,17.593231230954,18.4668874254961,10.2666431800613,19.0210942248028,20.0797172476586,14.5344535755246,12.6441560044632,2.81079196229042,18.5053945328,18.9792392110406,18.8785908394398,20.8833635903515,12.960299563124,18.9947943914318,17.9134789461466,17.800584936094,12.2458565082006,9.80424678147397,18.325887934589,12.2458565082006,17.8373469672918,20.0797172476586,20.0797172476586,13.7477453769544,15.4285551309158,19.4966883637228,17.6148040307509,19.4966883637228,14.0458009521499,18.4543374131363,2.84139726370445,11.1188594402337,12.2458565082006,10.5412736698423,13.970049012516,18.3785418460051,20.0797172476586,20.0797172476586,19.4966883637228,19.4966883637228,20.0797172476586,12.2458565082006,18.4056010940665,20.0797172476586,10.7955914679955,12.2458565082006,18.8340005755106,11.1899264978609,20.0797172476586,20.0797172476586,20.0797172476586,20.0797172476586,18.9870756979186,19.4966883637228,18.2523050562797,19.4966883637228,0.158473991668433,0,19.7551058662028,19.4966883637228,12.2458565082006,15.3241632616275,20.0797172476586,19.2304598208901,12.2458565082006,12.2458565082006,15.4485190352789,19.7070289656933,11.7122988518218,12.2458565082006,12.2458565082006,20.0797172476586,20.0797172476586,14.7937582902985,15.4485190352789,20.0797172476586,20.0797172476586,20.0797172476586,20.0797172476586,15.4285551309158,15.4485190352789,15.4285551309158,15.4285551309158,20.0797172476586,20.0797172476586,12.2458565082006,12.2458565082006,15.4285551309158,15.4285551309158,19.8545533251371,12.2458565082006,12.2458565082006,20.0797172476586,20.0797172476586,12.2458565082006,20.0797172476586,20.0797172476586,20.0797172476586,20.0797172476586,19.4966883637228,19.4966883637228,20.0797172476586,20.0797172476586,20.0797172476586,19.3988247002565,15.2049533259171,15.4485190352789,12.0016393139595,12.2458565082006,20.0797172476586,20.0797172476586,15.4485190352789,15.4485190352789,15.4485190352789,15.4485190352789,19.4966883637228,19.4966883637228,12.2458565082006,15.4485190352789,15.4485190352789,20.0797172476586,20.0797172476586,20.0797172476586,20.0797172476586,20.0797172476586,20.0797172476586,15.4485190352789,15.4485190352789,19.4966883637228,19.4966883637228,12.2458565082006,12.2458565082006,20.0797172476586,20.0797172476586,20.0797172476586,12.2458565082006,12.2458565082006,20.0797172476586,20.0797172476586
"t119",15.2124569404745,11.3728481745637,11.9932179117626,12.3960728468937,15.4822485650035,10.7797751416277,14.7282390878635,14.4363949348786,10.7634151096679,7.67765409421112,14.4331925312769,14.8283982326144,15.7051966802488,15.4658799171318,16.4316344647219,16.015993452032,17.3283407074991,15.8801741878915,16.64293875392,10.6096202462681,15.7672045457934,17.1699374840196,15.781402139286,16.6204497009252,13.6802768465835,16.6992518232726,16.6623594918318,9.92827974090515,16.6390883911642,17.1048676026604,20.9426220089158,17.2847443093731,18.8403240679957,18.3660493898386,17.9300597979371,17.3694669912829,17.7558522806671,11.0865643080932,9.31040447739862,9.89347180901201,20.1625984242685,16.6883466541599,19.4764138913532,17.1651937433818,16.846525830264,16.8306560636207,18.9602193559247,14.2553352234642,9.92772134186504,9.6106197987632,20.2582964328097,17.1646004227536,13.6802768465835,17.8215413001814,14.2801639982709,10.4849734353064,17.9360094009883,21.5541719691999,10.981053054734,20.9618624297716,15.493172038211,16.3668282327531,18.9826491016323,16.9210350320597,17.9796580549156,20.0677608743804,18.177463303319,19.2963587478584,19.387539714913,19.8613843931535,19.7607360215528,21.7655087724645,18.4736429576166,16.8947351986888,19.3786530121955,19.2657590021428,20.9618624297716,18.5202527030449,11.9264475335139,20.9618624297716,15.7372877745488,17.9796580549156,13.6802768465835,19.2810526758102,20.9618624297716,20.9618624297716,19.0799780967998,20.9618624297716,19.5791082510058,16.3542782203932,20.9618624297716,19.8348653618047,20.9618624297716,19.2572795914132,19.4833924070086,19.8437159120539,17.9796580549156,17.9796580549156,20.9618624297716,20.9618624297716,4.4525305791181,20.9618624297716,12.0061606929914,13.6802768465835,19.5115973895664,20.9618624297716,16.7339413827676,19.9059324194318,13.6802768465835,4.4525305791181,4.4525305791181,13.6802768465835,12.5876352968435,20.9618624297716,19.7174791223285,20.9618624297716,19.7530463568163,19.7551058662028,0,20.9618624297716,20.9618624297716,20.8375066561202,13.6802768465835,12.831019419815,20.9618624297716,20.9618624297716,20.9618624297716,13.3075885646182,20.4283047733928,20.9618624297716,20.9618624297716,17.9796580549156,17.9796580549156,20.3071016847911,20.9618624297716,13.6802768465835,13.6802768465835,13.6802768465835,13.6802768465835,20.9618624297716,20.9618624297716,20.9618624297716,20.9618624297716,1.86528575437124,1.86528575437124,20.9618624297716,20.9618624297716,20.9618624297716,20.9618624297716,4.22736665659656,20.9618624297716,20.9618624297716,17.9796580549156,17.9796580549156,20.9618624297716,13.6802768465835,13.6802768465835,13.6802768465835,13.6802768465835,20.9618624297716,20.9618624297716,13.6802768465835,4.4525305791181,4.4525305791181,20.8639987663053,20.7182967204098,20.9618624297716,20.7176452355305,20.9618624297716,13.6802768465835,13.6802768465835,20.9618624297716,20.9618624297716,20.9618624297716,20.9618624297716,20.9618624297716,20.9618624297716,20.9618624297716,20.9618624297716,20.9618624297716,14.2553352234642,14.2553352234642,14.2553352234642,14.2553352234642,13.6802768465835,13.6802768465835,20.9618624297716,20.9618624297716,20.9618624297716,20.9618624297716,20.9618624297716,20.9618624297716,13.6802768465835,13.6802768465835,13.6802768465835,20.9618624297716,20.9618624297716,13.6802768465835,13.6802768465835
"t120",15.5370683219304,10.8161764735482,11.7348004092827,12.7206842283496,12.5458315766036,14.0865908979396,12.3116948346827,12.0198506816978,14.0702308659798,14.3592015173282,21.114739954394,14.5699807301344,15.4467791777688,8.20154379865869,16.173216962242,15.757575949552,17.6529520889549,8.61583806941847,7.83812916863527,18.2158172109121,5.42568045107021,16.9115199815396,15.522984636806,16.3620321984452,21.2864738112275,16.4408343207927,5.35232944256216,17.5344767055491,16.3806708886842,16.8464501001804,9.4288473091009,17.0263268068931,18.5819065655157,6.80030619648072,17.6716422954571,17.111049488803,8.95104269538239,18.6927612727371,16.9166014420426,17.4996687736559,9.8006475650129,6.3263957949043,10.6716043060685,16.9067762409018,16.5881083277841,9.56631994514759,11.6958832374517,21.2864738112275,17.533918306509,17.2168167634071,19.9998789303297,16.9061829202737,21.2864738112275,17.5631237977015,17.5869797545828,18.0911703999504,17.6775918985083,21.8787833506558,18.5872500193779,12.1570528444869,18.7999877945229,19.673643989065,18.7242315991523,20.2278507883716,21.2864738112275,19.8093433719004,17.919045800839,19.0379412453785,19.7121510963688,20.1859957746094,20.0853474030087,22.0901201539204,18.2152254551366,20.2015509550007,10.5738434269107,10.4609494168581,20.7034449272916,18.2618352005649,19.5326444981578,20.7034449272916,19.0441035308607,21.2864738112275,21.2864738112275,19.0226351733303,20.7034449272916,4.47004535321979,10.275168511515,12.1570528444869,19.3206907485258,19.6610939767051,20.7034449272916,19.5764478593247,20.7034449272916,18.9988620889333,19.2249749045287,3.52010064393827,21.2864738112275,21.2864738112275,11.4561194519957,11.4561194519957,21.2864738112275,20.7034449272916,19.6123576576353,21.2864738112275,19.2531798870865,20.7034449272916,20.0407571390794,19.6475149169518,21.2864738112275,21.2864738112275,21.2864738112275,21.2864738112275,20.1938322614875,4.63824716165598,3.39386385421293,2.80333802246173,19.4946288543363,19.4966883637228,20.9618624297716,0,20.7034449272916,20.5790891536402,21.2864738112275,20.4372163844589,20.7034449272916,20.7034449272916,20.7034449272916,20.9137855292622,20.1698872709128,20.7034449272916,20.7034449272916,21.2864738112275,21.2864738112275,20.0486841823112,20.7034449272916,21.2864738112275,21.2864738112275,21.2864738112275,21.2864738112275,20.7034449272916,20.7034449272916,20.7034449272916,20.7034449272916,21.2864738112275,21.2864738112275,20.7034449272916,20.7034449272916,20.7034449272916,20.7034449272916,21.0613098887059,20.7034449272916,20.7034449272916,21.2864738112275,21.2864738112275,20.7034449272916,21.2864738112275,21.2864738112275,21.2864738112275,21.2864738112275,2.11510113637097,2.11510113637097,21.2864738112275,21.2864738112275,21.2864738112275,2.01723747290472,20.4598792179298,20.7034449272916,20.4592277330505,20.7034449272916,21.2864738112275,21.2864738112275,20.7034449272916,20.7034449272916,20.7034449272916,20.7034449272916,4.15029355483887,4.15029355483887,20.7034449272916,20.7034449272916,20.7034449272916,21.2864738112275,21.2864738112275,21.2864738112275,21.2864738112275,21.2864738112275,21.2864738112275,20.7034449272916,20.7034449272916,2.11510113637097,2.11510113637097,20.7034449272916,20.7034449272916,21.2864738112275,21.2864738112275,21.2864738112275,20.7034449272916,20.7034449272916,21.2864738112275,21.2864738112275
"t121",15.5370683219304,11.1144306720837,11.3113821489508,12.7206842283496,15.2238310625236,14.0865908979396,14.4698215853836,14.1779774323986,14.0702308659798,14.3592015173282,21.114739954394,11.4012316705556,12.27803011819,15.2074624146518,12.105083729435,7.28775878570225,17.6529520889549,15.6217566854116,16.38452125144,18.2158172109121,15.5087870433135,6.81558605656234,8.27215278128391,7.89221503459543,21.2864738112275,9.19000246527053,16.4039419893518,17.5344767055491,9.12983903316205,7.59903968875938,20.6842045064358,9.77549495137096,11.3310747099936,18.1076318873587,8.42423188403611,9.86021763328084,17.4974347781871,18.6927612727371,16.9166014420426,17.4996687736559,19.9041809217885,16.4299291516799,19.2179963888732,9.65594438537969,9.33727647226193,16.5722385611407,18.7018018534448,21.2864738112275,17.533918306509,17.2168167634071,10.7524685189087,7.65877250885263,21.2864738112275,10.3122919421793,17.5869797545828,18.0911703999504,13.6294225700645,21.8787833506558,18.5872500193779,20.7034449272916,18.7999877945229,19.673643989065,7.99721717660123,20.2278507883716,21.2864738112275,15.7412101390934,13.850912568032,11.7871093898563,19.7121510963688,20.1859957746094,20.0853474030087,22.0901201539204,14.1670561266928,20.2015509550007,19.1202355097155,19.0073414996628,9.97643050474053,7.53482077801386,19.5326444981578,9.97643050474053,19.0441035308607,21.2864738112275,21.2864738112275,14.9545019405233,16.6353116944846,20.7034449272916,18.8215605943198,20.7034449272916,15.2525575157188,19.6610939767051,13.4526130717695,2.58510249606951,3.79782573087072,2.09324289251235,15.1768055760848,19.5852984095739,21.2864738112275,21.2864738112275,20.7034449272916,20.7034449272916,21.2864738112275,9.97643050474053,19.6123576576353,21.2864738112275,1.8286376182728,3.27890265847796,20.0407571390794,11.1776977531021,21.2864738112275,21.2864738112275,21.2864738112275,21.2864738112275,20.1938322614875,20.7034449272916,19.4590616198486,20.7034449272916,12.2437969988142,12.2458565082006,20.9618624297716,20.7034449272916,0,16.5309198251964,21.2864738112275,20.4372163844589,9.97643050474053,9.97643050474053,16.6552755988478,20.9137855292622,1.55913162412252,2.09268928050135,9.97643050474053,21.2864738112275,21.2864738112275,16.0005148538673,16.6552755988478,21.2864738112275,21.2864738112275,21.2864738112275,21.2864738112275,16.6353116944846,16.6552755988478,16.6353116944846,16.6353116944846,21.2864738112275,21.2864738112275,9.97643050474053,9.97643050474053,16.6353116944846,16.6353116944846,21.0613098887059,12.2336277634419,12.2336277634419,21.2864738112275,21.2864738112275,9.97643050474053,21.2864738112275,21.2864738112275,21.2864738112275,21.2864738112275,20.7034449272916,20.7034449272916,21.2864738112275,21.2864738112275,21.2864738112275,20.6055812638254,16.411709889486,16.6552755988478,9.73221331049939,9.97643050474053,21.2864738112275,21.2864738112275,16.6552755988478,16.6552755988478,16.6552755988478,16.6552755988478,20.7034449272916,20.7034449272916,9.97643050474053,16.6552755988478,16.6552755988478,21.2864738112275,21.2864738112275,21.2864738112275,21.2864738112275,21.2864738112275,21.2864738112275,16.6552755988478,16.6552755988478,20.7034449272916,20.7034449272916,9.97643050474053,9.97643050474053,21.2864738112275,21.2864738112275,21.2864738112275,9.97643050474053,9.97643050474053,21.2864738112275,21.2864738112275
"t122",15.412712548279,10.9900748984323,11.1870263752994,12.5963284546982,15.0994752888722,13.9622351242882,14.3454658117321,14.0536216587472,13.9458750923284,14.2348457436767,20.9903841807425,11.2768758969042,12.1536743445386,15.0831066410004,12.0006918601467,11.5850508474568,17.5285963153035,15.4974009117602,16.2601654777886,18.0914614372607,15.384431269662,12.7389948794443,11.3504595347108,12.1895070963499,21.1621180375761,12.2683092186974,16.2795862157004,17.4101209318977,12.2081457865889,12.6739249980852,20.5598487327844,12.8538017047978,14.4093814634205,17.9832761137072,13.4991171933619,12.9385243867077,17.3730790045357,18.5684054990857,16.7922456683911,17.3753130000045,19.7798251481371,16.3055733780285,19.0936406152218,12.7342511388066,12.4155832256888,16.4478827874893,18.5774460797933,21.1621180375761,17.4095625328576,17.0924609897557,15.8273538282345,12.7336578181784,21.1621180375761,13.3905986956062,17.4626239809314,17.966814626299,3.53721419327499,21.7544275770044,18.4628942457265,20.5790891536402,18.6756320208715,19.5492882154136,14.5517064970571,20.1034950147202,21.1621180375761,15.6368182698051,13.7465206987438,14.8654161432832,19.5877953227174,20.061640000958,19.9609916293573,21.965764380269,2.89232415931921,20.0771951813493,18.9958797360641,18.8829857260114,16.5309198251964,14.0893100984697,19.4082887245064,16.5309198251964,18.9197477572093,21.1621180375761,21.1621180375761,14.850110071235,16.5309198251964,20.5790891536402,18.6972048206684,20.5790891536402,15.1481656464305,19.5367382030537,16.5309198251964,15.4039227572294,16.5309198251964,14.826336986838,1.95977043692964,19.4609426359225,21.1621180375761,21.1621180375761,20.5790891536402,20.5790891536402,21.1621180375761,16.5309198251964,19.4880018839839,21.1621180375761,15.0806547849912,16.5309198251964,19.916401365428,15.4749898148566,21.1621180375761,21.1621180375761,21.1621180375761,21.1621180375761,20.0694764878361,20.5790891536402,19.3347058461972,20.5790891536402,15.3221037522411,15.3241632616275,20.8375066561202,20.5790891536402,16.5309198251964,0,21.1621180375761,20.3128606108075,16.5309198251964,16.5309198251964,3.38239271115558,20.7894297556108,15.9973621688175,16.5309198251964,16.5309198251964,21.1621180375761,21.1621180375761,3.88360912842615,4.53836987340661,21.1621180375761,21.1621180375761,21.1621180375761,21.1621180375761,16.5309198251964,3.38239271115558,16.5309198251964,16.5309198251964,21.1621180375761,21.1621180375761,16.5309198251964,16.5309198251964,16.5309198251964,16.5309198251964,20.9369541150545,16.5309198251964,16.5309198251964,21.1621180375761,21.1621180375761,16.5309198251964,21.1621180375761,21.1621180375761,21.1621180375761,21.1621180375761,20.5790891536402,20.5790891536402,21.1621180375761,21.1621180375761,21.1621180375761,20.4812254901739,3.13882700179377,3.38239271115558,16.2867026309552,16.5309198251964,21.1621180375761,21.1621180375761,1.78844509820015,1.78844509820015,4.53836987340661,4.53836987340661,20.5790891536402,20.5790891536402,16.5309198251964,4.53836987340661,4.53836987340661,21.1621180375761,21.1621180375761,21.1621180375761,21.1621180375761,21.1621180375761,21.1621180375761,4.53836987340661,4.53836987340661,20.5790891536402,20.5790891536402,16.5309198251964,16.5309198251964,21.1621180375761,21.1621180375761,21.1621180375761,16.5309198251964,16.5309198251964,21.1621180375761,21.1621180375761
"t123",15.5370683219304,11.6974595560195,12.3178292932185,12.7206842283496,15.8068599464594,11.1043865230836,15.0528504693194,14.7610063163345,11.0880264911238,8.00226547566699,14.7578039127328,15.1530096140703,16.0298080617046,15.7904912985876,16.7562458461778,16.3406048334879,17.6529520889549,16.2047855693474,16.9675501353759,8.33620603826011,16.0918159272493,17.4945488654755,16.1060135207419,16.945061082381,10.3929704207208,17.0238632047285,16.9869708732877,6.61809635673856,16.96369977262,17.4294789841163,21.2672333903716,17.6093556908289,19.1649354494516,18.6906607712945,18.254671179393,17.6940783727388,18.080463662123,8.81315010008519,6.00022109323203,6.58328842484542,20.4872098057244,17.0129580356157,19.8010252728091,17.4898051248377,17.1711372117199,17.1552674450765,19.2848307373806,14.5799466049201,7.65430713385702,7.33720559075519,20.5829078142656,17.4892118042095,10.3700934624169,18.1461526816373,14.6047753797268,4.39705967571433,18.2606207824442,21.8787833506558,7.67086967056742,21.2864738112275,15.8177834196669,16.691439614209,19.3072604830882,17.2456464135156,18.3042694363715,20.3923722558362,18.5020746847749,19.6209701293143,19.7121510963688,20.1859957746094,20.0853474030087,22.0901201539204,18.7982543390725,17.2193465801447,19.7032643936513,19.5903703835987,21.2864738112275,18.8448640845008,8.61626414934731,21.2864738112275,16.0618991560047,18.3042694363715,10.3700934624169,19.6056640572661,21.2864738112275,21.2864738112275,19.4045894782556,21.2864738112275,19.9037196324616,16.6788896018491,21.2864738112275,20.1594767432605,21.2864738112275,19.5818909728691,19.8080037884645,20.1683272935098,18.3042694363715,18.3042694363715,21.2864738112275,21.2864738112275,14.0048882280394,21.2864738112275,8.95240836137859,10.6265245149707,19.8362087710223,21.2864738112275,17.0585527642234,20.2305438008877,10.3700934624169,14.0048882280394,14.0048882280394,10.3700934624169,9.27745191267696,21.2864738112275,20.0420905037844,21.2864738112275,20.0776577382722,20.0797172476586,13.6802768465835,21.2864738112275,21.2864738112275,21.1621180375761,0,9.52083603564837,21.2864738112275,21.2864738112275,21.2864738112275,5.57953522365792,20.7529161548486,21.2864738112275,21.2864738112275,18.3042694363715,18.3042694363715,20.631713066247,21.2864738112275,10.3700934624169,10.3700934624169,10.3700934624169,10.3700934624169,21.2864738112275,21.2864738112275,21.2864738112275,21.2864738112275,14.0048882280394,14.0048882280394,21.2864738112275,21.2864738112275,21.2864738112275,21.2864738112275,13.7797243055179,21.2864738112275,21.2864738112275,18.3042694363715,18.3042694363715,21.2864738112275,10.3700934624169,10.3700934624169,1.89904849970632,1.89904849970632,21.2864738112275,21.2864738112275,10.3700934624169,14.0048882280394,14.0048882280394,21.1886101477612,21.0429081018657,21.2864738112275,21.0422566169863,21.2864738112275,10.3700934624169,10.3700934624169,21.2864738112275,21.2864738112275,21.2864738112275,21.2864738112275,21.2864738112275,21.2864738112275,21.2864738112275,21.2864738112275,21.2864738112275,14.5799466049201,14.5799466049201,14.5799466049201,14.5799466049201,5.95222350562322,5.95222350562322,21.2864738112275,21.2864738112275,21.2864738112275,21.2864738112275,21.2864738112275,21.2864738112275,10.3700934624169,10.3700934624169,10.3700934624169,21.2864738112275,21.2864738112275,10.3700934624169,10.3700934624169
"t124",14.6878108951618,10.848202129251,11.4685718664499,11.871426801581,14.9576025196908,10.255129096315,14.2035930425508,13.9117488895659,10.2387690643552,7.15300804889842,13.9085464859642,14.3037521873017,15.1805506349361,14.9412338718191,15.9069884194092,15.4913474067193,16.8036946621864,15.3555281425788,16.1182927086073,7.48694861149154,15.2425585004807,16.6452914387069,15.2567560939733,16.0958036556125,9.54371299395219,16.1746057779599,16.1377134465191,5.00676437223812,16.1144423458515,16.5802215573477,20.4179759636031,16.7600982640604,18.315678022683,17.8414033445259,17.4054137526244,16.8448209459702,17.2312062353544,7.96389267331662,4.38888910873159,4.97195644034498,19.6379523789558,16.1637006088472,18.9517678460405,16.6405476980691,16.3218797849513,16.306010018308,18.435573310612,13.7306891781515,6.80504970708846,6.48794816398662,19.733650387497,16.6399543774409,7.44539549271749,17.2968952548687,13.7555179529582,6.32553262437128,17.4113633556756,21.0295259238873,4.74617170086798,20.4372163844589,14.9685259928983,15.8421821874404,18.4580030563196,16.396388986747,17.4550120096029,19.5431148290677,17.6528172580063,18.7717127025457,18.8628936696003,19.3367383478408,19.2360899762401,21.2408627271518,17.9489969123039,16.3700891533761,18.8540069668828,18.7411129568301,20.4372163844589,17.9956066577322,2.44936830325391,20.4372163844589,15.2126417292361,17.4550120096029,3.887315627659,18.7564066304975,20.4372163844589,20.4372163844589,18.5553320514871,20.4372163844589,19.0544622056931,15.8296321750805,20.4372163844589,19.310219316492,20.4372163844589,18.7326335461005,18.9587463616959,19.3190698667412,17.4550120096029,17.4550120096029,20.4372163844589,20.4372163844589,13.1556308012708,20.4372163844589,8.10315093461002,9.77726708820214,18.9869513442537,20.4372163844589,16.2092953374549,19.3812863741191,2.2899913121878,13.1556308012708,13.1556308012708,7.44539549271749,6.35275394297751,20.4372163844589,19.1928330770158,20.4372163844589,19.2284003115036,19.2304598208901,12.831019419815,20.4372163844589,20.4372163844589,20.3128606108075,9.52083603564837,0,20.4372163844589,20.4372163844589,20.4372163844589,9.14814775368307,19.9036587280801,20.4372163844589,20.4372163844589,17.4550120096029,17.4550120096029,19.7824556394784,20.4372163844589,7.44539549271749,7.44539549271749,3.35476746684516,3.35476746684516,20.4372163844589,20.4372163844589,20.4372163844589,20.4372163844589,13.1556308012708,13.1556308012708,20.4372163844589,20.4372163844589,20.4372163844589,20.4372163844589,12.9304668787493,20.4372163844589,20.4372163844589,17.4550120096029,17.4550120096029,20.4372163844589,1.3055291976273,1.3055291976273,9.52083603564837,9.52083603564837,20.4372163844589,20.4372163844589,3.35476746684516,13.1556308012708,13.1556308012708,20.3393527209926,20.1936506750971,20.4372163844589,20.1929991902178,20.4372163844589,1.00714640400137,1.00714640400137,20.4372163844589,20.4372163844589,20.4372163844589,20.4372163844589,20.4372163844589,20.4372163844589,20.4372163844589,20.4372163844589,20.4372163844589,13.7306891781515,13.7306891781515,13.7306891781515,13.7306891781515,9.52083603564837,9.52083603564837,20.4372163844589,20.4372163844589,20.4372163844589,20.4372163844589,20.4372163844589,20.4372163844589,3.35476746684516,3.35476746684516,3.35476746684516,20.4372163844589,20.4372163844589,3.35476746684516,3.35476746684516
"t125",15.5370683219304,11.1144306720837,11.3113821489508,12.7206842283496,15.2238310625236,14.0865908979396,14.4698215853835,14.1779774323986,14.0702308659798,14.3592015173282,21.1147399543939,11.4012316705556,12.27803011819,15.2074624146518,12.105083729435,7.28775878570225,17.6529520889549,15.6217566854116,16.38452125144,18.2158172109121,15.5087870433135,6.81558605656234,8.27215278128391,7.89221503459543,21.2864738112275,9.19000246527053,16.4039419893518,17.5344767055491,9.12983903316205,7.59903968875938,20.6842045064358,9.77549495137096,11.3310747099936,18.1076318873586,8.42423188403611,9.86021763328084,17.4974347781871,18.6927612727371,16.9166014420426,17.4996687736559,19.9041809217885,16.4299291516799,19.2179963888732,9.65594438537969,9.33727647226193,16.5722385611407,18.7018018534447,21.2864738112275,17.533918306509,17.2168167634071,10.7524685189087,7.65877250885263,21.2864738112275,10.3122919421793,17.5869797545828,18.0911703999504,13.6294225700645,21.8787833506558,18.5872500193779,20.7034449272916,18.7999877945229,19.673643989065,4.13175414348298,20.2278507883716,21.2864738112275,15.7412101390934,13.850912568032,11.7871093898563,19.7121510963688,20.1859957746094,20.0853474030087,22.0901201539204,14.1670561266928,20.2015509550007,19.1202355097155,19.0073414996628,9.93534556586805,7.49373583914138,19.5326444981578,4.96221823536356,19.0441035308607,21.2864738112275,21.2864738112275,14.9545019405233,16.6353116944846,20.7034449272916,18.8215605943198,20.7034449272916,15.2525575157188,19.6610939767051,13.4526130717695,8.84943343677361,9.97643050474053,8.27184766638217,15.1768055760848,19.5852984095739,21.2864738112275,21.2864738112275,20.7034449272916,20.7034449272916,21.2864738112275,9.93534556586805,19.6123576576353,21.2864738112275,8.52616546453537,9.97643050474053,20.0407571390794,11.1776977531021,21.2864738112275,21.2864738112275,21.2864738112275,21.2864738112275,20.1938322614875,20.7034449272916,19.4590616198486,20.7034449272916,12.2437969988142,12.2458565082006,20.9618624297716,20.7034449272916,9.97643050474053,16.5309198251964,21.2864738112275,20.4372163844589,0,1.80730211541146,16.6552755988478,20.9137855292622,9.4428728483617,9.97643050474053,2.37162971450846,21.2864738112275,21.2864738112275,16.0005148538673,16.6552755988478,21.2864738112275,21.2864738112275,21.2864738112275,21.2864738112275,16.6353116944846,16.6552755988478,16.6353116944846,16.6353116944846,21.2864738112275,21.2864738112275,9.93534556586805,9.93534556586805,16.6353116944846,16.6353116944846,21.0613098887059,12.2336277634419,12.2336277634419,21.2864738112275,21.2864738112275,9.93534556586805,21.2864738112275,21.2864738112275,21.2864738112275,21.2864738112275,20.7034449272916,20.7034449272916,21.2864738112275,21.2864738112275,21.2864738112275,20.6055812638254,16.411709889486,16.6552755988478,2.32965358367955,2.57387077792069,21.2864738112275,21.2864738112275,16.6552755988478,16.6552755988478,16.6552755988478,16.6552755988478,20.7034449272916,20.7034449272916,2.37162971450846,16.6552755988478,16.6552755988478,21.2864738112275,21.2864738112275,21.2864738112275,21.2864738112275,21.2864738112275,21.2864738112275,16.6552755988478,16.6552755988478,20.7034449272916,20.7034449272916,9.93534556586805,9.93534556586805,21.2864738112275,21.2864738112275,21.2864738112275,2.37162971450846,2.37162971450846,21.2864738112275,21.2864738112275
"t126",15.5370683219304,11.1144306720837,11.3113821489508,12.7206842283496,15.2238310625236,14.0865908979396,14.4698215853835,14.1779774323986,14.0702308659798,14.3592015173282,21.1147399543939,11.4012316705556,12.27803011819,15.2074624146518,12.105083729435,7.28775878570225,17.6529520889549,15.6217566854116,16.38452125144,18.2158172109121,15.5087870433135,6.81558605656234,8.27215278128391,7.89221503459543,21.2864738112275,9.19000246527053,16.4039419893518,17.5344767055491,9.12983903316205,7.59903968875938,20.6842045064358,9.77549495137096,11.3310747099936,18.1076318873586,8.42423188403611,9.86021763328084,17.4974347781871,18.6927612727371,16.9166014420426,17.4996687736559,19.9041809217885,16.4299291516799,19.2179963888732,9.65594438537969,9.33727647226193,16.5722385611407,18.7018018534447,21.2864738112275,17.533918306509,17.2168167634071,10.7524685189087,7.65877250885263,21.2864738112275,10.3122919421793,17.5869797545828,18.0911703999504,13.6294225700645,21.8787833506558,18.5872500193779,20.7034449272916,18.7999877945229,19.673643989065,4.13175414348298,20.2278507883716,21.2864738112275,15.7412101390934,13.850912568032,11.7871093898563,19.7121510963688,20.1859957746094,20.0853474030087,22.0901201539204,14.1670561266928,20.2015509550007,19.1202355097155,19.0073414996628,9.93534556586805,7.49373583914138,19.5326444981578,4.96221823536356,19.0441035308607,21.2864738112275,21.2864738112275,14.9545019405233,16.6353116944846,20.7034449272916,18.8215605943198,20.7034449272916,15.2525575157188,19.6610939767051,13.4526130717695,8.84943343677361,9.97643050474053,8.27184766638217,15.1768055760848,19.5852984095739,21.2864738112275,21.2864738112275,20.7034449272916,20.7034449272916,21.2864738112275,9.93534556586805,19.6123576576353,21.2864738112275,8.52616546453537,9.97643050474053,20.0407571390794,11.1776977531021,21.2864738112275,21.2864738112275,21.2864738112275,21.2864738112275,20.1938322614875,20.7034449272916,19.4590616198486,20.7034449272916,12.2437969988142,12.2458565082006,20.9618624297716,20.7034449272916,9.97643050474053,16.5309198251964,21.2864738112275,20.4372163844589,1.80730211541146,0,16.6552755988478,20.9137855292622,9.4428728483617,9.97643050474053,2.37162971450846,21.2864738112275,21.2864738112275,16.0005148538673,16.6552755988478,21.2864738112275,21.2864738112275,21.2864738112275,21.2864738112275,16.6353116944846,16.6552755988478,16.6353116944846,16.6353116944846,21.2864738112275,21.2864738112275,9.93534556586805,9.93534556586805,16.6353116944846,16.6353116944846,21.0613098887059,12.2336277634419,12.2336277634419,21.2864738112275,21.2864738112275,9.93534556586805,21.2864738112275,21.2864738112275,21.2864738112275,21.2864738112275,20.7034449272916,20.7034449272916,21.2864738112275,21.2864738112275,21.2864738112275,20.6055812638254,16.411709889486,16.6552755988478,2.32965358367955,2.57387077792069,21.2864738112275,21.2864738112275,16.6552755988478,16.6552755988478,16.6552755988478,16.6552755988478,20.7034449272916,20.7034449272916,2.37162971450846,16.6552755988478,16.6552755988478,21.2864738112275,21.2864738112275,21.2864738112275,21.2864738112275,21.2864738112275,21.2864738112275,16.6552755988478,16.6552755988478,20.7034449272916,20.7034449272916,9.93534556586805,9.93534556586805,21.2864738112275,21.2864738112275,21.2864738112275,2.37162971450846,2.37162971450846,21.2864738112275,21.2864738112275
"t127",15.5370683219304,11.1144306720837,11.3113821489508,12.7206842283496,15.2238310625236,14.0865908979396,14.4698215853836,14.1779774323986,14.0702308659798,14.3592015173282,21.114739954394,11.4012316705556,12.27803011819,15.2074624146518,12.1250476337981,11.7094066211082,17.6529520889549,15.6217566854116,16.38452125144,18.2158172109121,15.5087870433135,12.8633506530958,11.4748153083622,12.3138628700013,21.2864738112275,12.3926649923488,16.4039419893518,17.5344767055491,12.3325015602403,12.7982807717366,20.6842045064358,12.9781574784493,14.5337372370719,18.1076318873587,13.6234729670133,13.0628801603591,17.4974347781871,18.6927612727371,16.9166014420426,17.4996687736559,19.9041809217885,16.4299291516799,19.2179963888732,12.858606912458,12.5399389993402,16.5722385611407,18.7018018534448,21.2864738112275,17.533918306509,17.2168167634071,15.9517096018859,12.8580135918298,21.2864738112275,13.5149544692576,17.5869797545828,18.0911703999504,3.6615699669264,21.8787833506558,18.587250019378,20.7034449272916,18.7999877945229,19.673643989065,14.6760622707085,20.2278507883716,21.2864738112275,15.7611740434565,13.8708764723952,14.9897719169346,19.7121510963688,20.1859957746094,20.0853474030087,22.0901201539204,3.01667993297062,20.2015509550007,19.1202355097155,19.0073414996628,16.6552755988478,14.2136658721211,19.5326444981578,16.6552755988478,19.0441035308607,21.2864738112275,21.2864738112275,14.9744658448864,16.6552755988478,20.7034449272916,18.8215605943198,20.7034449272916,15.2725214200819,19.6610939767051,16.6552755988478,15.5282785308809,16.6552755988478,14.9506927604894,2.08412621058106,19.5852984095739,21.2864738112275,21.2864738112275,20.7034449272916,20.7034449272916,21.2864738112275,16.6552755988478,19.6123576576353,21.2864738112275,15.2050105586426,16.6552755988478,20.0407571390794,15.599345588508,21.2864738112275,21.2864738112275,21.2864738112275,21.2864738112275,20.1938322614875,20.7034449272916,19.4590616198486,20.7034449272916,15.4464595258925,15.4485190352789,20.9618624297716,20.7034449272916,16.6552755988478,3.38239271115558,21.2864738112275,20.4372163844589,16.6552755988478,16.6552755988478,0,20.9137855292622,16.1217179424689,16.6552755988478,16.6552755988478,21.2864738112275,21.2864738112275,4.00796490207756,4.66272564705802,21.2864738112275,21.2864738112275,21.2864738112275,21.2864738112275,16.6552755988478,1.79836673427576,16.6552755988478,16.6552755988478,21.2864738112275,21.2864738112275,16.6552755988478,16.6552755988478,16.6552755988478,16.6552755988478,21.0613098887059,16.6552755988478,16.6552755988478,21.2864738112275,21.2864738112275,16.6552755988478,21.2864738112275,21.2864738112275,21.2864738112275,21.2864738112275,20.7034449272916,20.7034449272916,21.2864738112275,21.2864738112275,21.2864738112275,20.6055812638254,1.55480102491395,1.79836673427576,16.4110584046066,16.6552755988478,21.2864738112275,21.2864738112275,3.50674848480699,3.50674848480699,4.66272564705802,4.66272564705802,20.7034449272916,20.7034449272916,16.6552755988478,4.66272564705802,4.66272564705802,21.2864738112275,21.2864738112275,21.2864738112275,21.2864738112275,21.2864738112275,21.2864738112275,4.66272564705802,4.66272564705802,20.7034449272916,20.7034449272916,16.6552755988478,16.6552755988478,21.2864738112275,21.2864738112275,21.2864738112275,16.6552755988478,16.6552755988478,21.2864738112275,21.2864738112275
"t128",15.1643800399651,11.3247712740542,11.9451410112532,12.3479959463843,15.4341716644941,10.7316982411183,14.6801621873541,14.3883180343692,10.7153382091585,7.62957719370169,14.3851156307675,14.780321332105,15.6571197797393,15.4178030166223,16.3835575642125,15.9679165515226,17.2802638069896,15.8320972873821,16.5948618534106,7.96351775629481,15.719127645284,17.1218605835102,15.7333252387766,16.5723728004157,10.0202821387555,16.6511749227632,16.6142825913224,6.24540807477327,16.5910114906547,17.056790702151,20.8945451084063,17.2366674088636,18.7922471674863,18.3179724893292,17.8819828974277,17.3213900907735,17.7077753801577,8.44046181811989,5.62753281126674,6.21060014288012,20.1145215237591,16.6402697536504,19.4283369908438,17.1171168428724,16.7984489297546,16.7825791631112,18.9121424554153,14.2072583229548,7.28161885189173,6.96451730878989,20.2102195323003,17.1165235222442,9.99740518045164,17.773464399672,14.2320870977615,4.02437139374903,17.8879325004789,21.5060950686905,7.29818138860213,20.9137855292622,15.4450951377016,16.3187513322437,18.9345722011229,16.8729581315503,17.9315811544062,20.0196839738709,18.1293864028096,19.248281847349,19.3394628144035,19.8133074926441,19.7126591210434,21.7174318719551,18.4255660571072,16.8466582981794,19.330576111686,19.2176821016334,20.9137855292622,18.4721758025355,8.24357586738201,20.9137855292622,15.6892108740394,17.9315811544062,9.99740518045164,19.2329757753008,20.9137855292622,20.9137855292622,19.0319011962903,20.9137855292622,19.5310313504963,16.3062013198838,20.9137855292622,19.7867884612952,20.9137855292622,19.2092026909038,19.4353155064992,19.7956390115445,17.9315811544062,17.9315811544062,20.9137855292622,20.9137855292622,13.6321999460741,20.9137855292622,8.57972007941329,10.2538362330054,19.463520489057,20.9137855292622,16.6858644822581,19.8578555189224,9.99740518045164,13.6321999460741,13.6321999460741,9.99740518045164,8.90476363071166,20.9137855292622,19.6694022218191,20.9137855292622,19.7049694563069,19.7070289656933,13.3075885646182,20.9137855292622,20.9137855292622,20.7894297556108,5.57953522365792,9.14814775368307,20.9137855292622,20.9137855292622,20.9137855292622,0,20.3802278728833,20.9137855292622,20.9137855292622,17.9315811544062,17.9315811544062,20.2590247842817,20.9137855292622,9.99740518045164,9.99740518045164,9.99740518045164,9.99740518045164,20.9137855292622,20.9137855292622,20.9137855292622,20.9137855292622,13.6321999460741,13.6321999460741,20.9137855292622,20.9137855292622,20.9137855292622,20.9137855292622,13.4070360235526,20.9137855292622,20.9137855292622,17.9315811544062,17.9315811544062,20.9137855292622,9.99740518045164,9.99740518045164,5.57953522365792,5.57953522365792,20.9137855292622,20.9137855292622,9.99740518045164,13.6321999460741,13.6321999460741,20.8159218657959,20.6702198199004,20.9137855292622,20.669568335021,20.9137855292622,9.99740518045164,9.99740518045164,20.9137855292622,20.9137855292622,20.9137855292622,20.9137855292622,20.9137855292622,20.9137855292622,20.9137855292622,20.9137855292622,20.9137855292622,14.2072583229548,14.2072583229548,14.2072583229548,14.2072583229548,1.39543651638941,1.39543651638941,20.9137855292622,20.9137855292622,20.9137855292622,20.9137855292622,20.9137855292622,20.9137855292622,9.99740518045164,9.99740518045164,9.99740518045164,20.9137855292622,20.9137855292622,9.99740518045164,9.99740518045164
"t129",15.0035106655515,10.5808730157048,10.777824492572,12.1871265719708,14.6902734061447,13.5530332415608,13.9362639290047,13.6444197760198,13.536673209601,13.8256438609493,20.5811822980151,10.8676740141768,11.7444724618112,14.673904758273,11.5715260730561,6.75420112932343,17.1193944325761,15.0881990290327,15.8509635950612,17.6822595545332,14.9752293869346,6.28202840018352,7.73859512490508,7.3586573782166,20.7529161548486,8.6564448088917,15.870384332973,17.0009190491703,8.59628137678322,7.06548203238056,20.150646850057,9.24193729499214,10.7975170536148,17.5740742309798,7.89067422765729,9.32665997690201,16.9638771218083,18.1592036163583,16.3830437856637,16.9661111172771,19.3706232654097,15.8963714953011,18.6844387324944,9.12238672900086,8.80371881588311,16.0386809047619,18.1682441970659,20.7529161548486,17.0003606501302,16.6832591070283,10.2189108625299,7.12521485247381,20.7529161548486,9.77873428580049,17.053422098204,17.5576127435715,13.0958649136857,21.345225694277,18.0536923629991,20.1698872709128,18.2664301381441,19.1400863326861,7.46365952022241,19.6942931319928,20.7529161548486,15.2076524827146,13.3173549116532,11.2535517334775,19.17859343999,19.6524381182306,19.5517897466299,21.5565624975415,13.633498470314,19.6679932986219,18.5866778533367,18.473783843284,9.4428728483617,7.00126312163503,18.999086841779,9.44287284836171,18.5105458744818,20.7529161548486,20.7529161548486,14.4209442841444,16.1017540381058,20.1698872709128,18.288002937941,20.1698872709128,14.71899985934,19.1275363203263,12.9190554153907,2.05154483969069,3.26426807449189,1.55968523613353,14.643247919706,19.0517407531951,20.7529161548486,20.7529161548486,20.1698872709128,20.1698872709128,20.7529161548486,9.4428728483617,19.0788000012565,20.7529161548486,1.29507996189398,2.74534500209914,19.5071994827006,10.6441400967233,20.7529161548486,20.7529161548486,20.7529161548486,20.7529161548486,19.6602746051087,20.1698872709128,18.9255039634697,20.1698872709128,11.7102393424354,11.7122988518218,20.4283047733928,20.1698872709128,1.55913162412252,15.9973621688175,20.7529161548486,19.9036587280801,9.4428728483617,9.4428728483617,16.1217179424689,20.3802278728833,0,1.17783050318845,9.4428728483617,20.7529161548486,20.7529161548486,15.4669571974885,16.1217179424689,20.7529161548486,20.7529161548486,20.7529161548486,20.7529161548486,16.1017540381058,16.1217179424689,16.1017540381058,16.1017540381058,20.7529161548486,20.7529161548486,9.4428728483617,9.4428728483617,16.1017540381058,16.1017540381058,20.5277522323271,11.700070107063,11.700070107063,20.7529161548486,20.7529161548486,9.4428728483617,20.7529161548486,20.7529161548486,20.7529161548486,20.7529161548486,20.1698872709128,20.1698872709128,20.7529161548486,20.7529161548486,20.7529161548486,20.0720236074465,15.8781522331071,16.1217179424689,9.19865565412057,9.4428728483617,20.7529161548486,20.7529161548486,16.1217179424689,16.1217179424689,16.1217179424689,16.1217179424689,20.1698872709128,20.1698872709128,9.4428728483617,16.1217179424689,16.1217179424689,20.7529161548486,20.7529161548486,20.7529161548486,20.7529161548486,20.7529161548486,20.7529161548486,16.1217179424689,16.1217179424689,20.1698872709128,20.1698872709128,9.4428728483617,9.4428728483617,20.7529161548486,20.7529161548486,20.7529161548486,9.44287284836171,9.44287284836171,20.7529161548486,20.7529161548486
"t130",15.5370683219304,11.1144306720837,11.3113821489508,12.7206842283496,15.2238310625236,14.0865908979396,14.4698215853836,14.1779774323986,14.0702308659798,14.3592015173282,21.114739954394,11.4012316705556,12.27803011819,15.2074624146518,12.105083729435,7.28775878570225,17.6529520889549,15.6217566854116,16.38452125144,18.2158172109121,15.5087870433135,6.81558605656234,8.27215278128391,7.89221503459543,21.2864738112275,9.19000246527053,16.4039419893518,17.5344767055491,9.12983903316205,7.59903968875938,20.6842045064358,9.77549495137096,11.3310747099936,18.1076318873587,8.42423188403611,9.86021763328084,17.4974347781871,18.6927612727371,16.9166014420426,17.4996687736559,19.9041809217885,16.4299291516799,19.2179963888732,9.65594438537969,9.33727647226193,16.5722385611407,18.7018018534448,21.2864738112275,17.533918306509,17.2168167634071,10.7524685189087,7.65877250885263,21.2864738112275,10.3122919421793,17.5869797545828,18.0911703999504,13.6294225700645,21.8787833506558,18.5872500193779,20.7034449272916,18.7999877945229,19.673643989065,7.99721717660123,20.2278507883716,21.2864738112275,15.7412101390934,13.850912568032,11.7871093898563,19.7121510963688,20.1859957746094,20.0853474030087,22.0901201539204,14.1670561266928,20.2015509550007,19.1202355097155,19.0073414996628,9.97643050474053,7.53482077801386,19.5326444981578,9.97643050474053,19.0441035308607,21.2864738112275,21.2864738112275,14.9545019405233,16.6353116944846,20.7034449272916,18.8215605943198,20.7034449272916,15.2525575157188,19.6610939767051,13.4526130717695,2.58510249606951,3.79782573087072,2.09324289251235,15.1768055760848,19.5852984095739,21.2864738112275,21.2864738112275,20.7034449272916,20.7034449272916,21.2864738112275,9.97643050474053,19.6123576576353,21.2864738112275,1.8286376182728,3.27890265847796,20.0407571390794,11.1776977531021,21.2864738112275,21.2864738112275,21.2864738112275,21.2864738112275,20.1938322614875,20.7034449272916,19.4590616198486,20.7034449272916,12.2437969988142,12.2458565082006,20.9618624297716,20.7034449272916,2.09268928050135,16.5309198251964,21.2864738112275,20.4372163844589,9.97643050474053,9.97643050474053,16.6552755988478,20.9137855292622,1.17783050318845,0,9.97643050474053,21.2864738112275,21.2864738112275,16.0005148538673,16.6552755988478,21.2864738112275,21.2864738112275,21.2864738112275,21.2864738112275,16.6353116944846,16.6552755988478,16.6353116944846,16.6353116944846,21.2864738112275,21.2864738112275,9.97643050474053,9.97643050474053,16.6353116944846,16.6353116944846,21.0613098887059,12.2336277634419,12.2336277634419,21.2864738112275,21.2864738112275,9.97643050474053,21.2864738112275,21.2864738112275,21.2864738112275,21.2864738112275,20.7034449272916,20.7034449272916,21.2864738112275,21.2864738112275,21.2864738112275,20.6055812638254,16.411709889486,16.6552755988478,9.73221331049939,9.97643050474053,21.2864738112275,21.2864738112275,16.6552755988478,16.6552755988478,16.6552755988478,16.6552755988478,20.7034449272916,20.7034449272916,9.97643050474053,16.6552755988478,16.6552755988478,21.2864738112275,21.2864738112275,21.2864738112275,21.2864738112275,21.2864738112275,21.2864738112275,16.6552755988478,16.6552755988478,20.7034449272916,20.7034449272916,9.97643050474053,9.97643050474053,21.2864738112275,21.2864738112275,21.2864738112275,9.97643050474053,9.97643050474053,21.2864738112275,21.2864738112275
"t131",15.5370683219304,11.1144306720837,11.3113821489508,12.7206842283496,15.2238310625236,14.0865908979396,14.4698215853835,14.1779774323986,14.0702308659798,14.3592015173282,21.1147399543939,11.4012316705556,12.27803011819,15.2074624146518,12.105083729435,7.28775878570225,17.6529520889549,15.6217566854116,16.38452125144,18.2158172109121,15.5087870433135,6.81558605656234,8.27215278128391,7.89221503459543,21.2864738112275,9.19000246527053,16.4039419893518,17.5344767055491,9.12983903316205,7.59903968875938,20.6842045064358,9.77549495137096,11.3310747099936,18.1076318873586,8.42423188403611,9.86021763328084,17.4974347781871,18.6927612727371,16.9166014420426,17.4996687736559,19.9041809217885,16.4299291516799,19.2179963888732,9.65594438537969,9.33727647226193,16.5722385611407,18.7018018534447,21.2864738112275,17.533918306509,17.2168167634071,10.7524685189087,7.65877250885263,21.2864738112275,10.3122919421793,17.5869797545828,18.0911703999504,13.6294225700645,21.8787833506558,18.5872500193779,20.7034449272916,18.7999877945229,19.673643989065,4.13175414348298,20.2278507883716,21.2864738112275,15.7412101390934,13.850912568032,11.7871093898563,19.7121510963688,20.1859957746094,20.0853474030087,22.0901201539204,14.1670561266928,20.2015509550007,19.1202355097155,19.0073414996628,9.93534556586805,7.49373583914138,19.5326444981578,4.96221823536356,19.0441035308607,21.2864738112275,21.2864738112275,14.9545019405233,16.6353116944846,20.7034449272916,18.8215605943198,20.7034449272916,15.2525575157188,19.6610939767051,13.4526130717695,8.84943343677361,9.97643050474053,8.27184766638217,15.1768055760848,19.5852984095739,21.2864738112275,21.2864738112275,20.7034449272916,20.7034449272916,21.2864738112275,9.93534556586805,19.6123576576353,21.2864738112275,8.52616546453537,9.97643050474053,20.0407571390794,11.1776977531021,21.2864738112275,21.2864738112275,21.2864738112275,21.2864738112275,20.1938322614875,20.7034449272916,19.4590616198486,20.7034449272916,12.2437969988142,12.2458565082006,20.9618624297716,20.7034449272916,9.97643050474053,16.5309198251964,21.2864738112275,20.4372163844589,2.37162971450846,2.37162971450846,16.6552755988478,20.9137855292622,9.4428728483617,9.97643050474053,0,21.2864738112275,21.2864738112275,16.0005148538673,16.6552755988478,21.2864738112275,21.2864738112275,21.2864738112275,21.2864738112275,16.6353116944846,16.6552755988478,16.6353116944846,16.6353116944846,21.2864738112275,21.2864738112275,9.93534556586805,9.93534556586805,16.6353116944846,16.6353116944846,21.0613098887059,12.2336277634419,12.2336277634419,21.2864738112275,21.2864738112275,9.93534556586805,21.2864738112275,21.2864738112275,21.2864738112275,21.2864738112275,20.7034449272916,20.7034449272916,21.2864738112275,21.2864738112275,21.2864738112275,20.6055812638254,16.411709889486,16.6552755988478,2.32965358367955,2.57387077792069,21.2864738112275,21.2864738112275,16.6552755988478,16.6552755988478,16.6552755988478,16.6552755988478,20.7034449272916,20.7034449272916,1.67779018242517,16.6552755988478,16.6552755988478,21.2864738112275,21.2864738112275,21.2864738112275,21.2864738112275,21.2864738112275,21.2864738112275,16.6552755988478,16.6552755988478,20.7034449272916,20.7034449272916,9.93534556586805,9.93534556586805,21.2864738112275,21.2864738112275,21.2864738112275,1.67779018242517,1.67779018242517,21.2864738112275,21.2864738112275
"t132",15.5370683219304,11.6974595560195,12.3178292932185,12.7206842283496,15.8068599464594,8.26904456638298,15.0528504693194,14.7610063163345,7.74172480546404,11.3769971424722,18.132535579538,15.1530096140703,16.0298080617046,15.7904912985876,16.7562458461778,16.3406048334879,17.6529520889549,16.2047855693474,16.9675501353759,15.2336128360561,16.0918159272493,17.4945488654755,16.1060135207419,16.945061082381,18.3042694363715,17.0238632047285,16.9869708732877,14.5522723306931,16.96369977262,17.4294789841163,21.2672333903716,17.6093556908289,19.1649354494516,18.6906607712945,18.254671179393,17.6940783727388,18.080463662123,15.7105568978811,13.9343970671866,14.5174643987999,20.4872098057244,17.0129580356157,19.8010252728091,17.4898051248377,17.1711372117199,17.1552674450765,19.2848307373806,18.3042694363715,14.551713931653,14.2346123885511,20.5829078142656,17.4892118042095,18.3042694363715,18.1461526816373,4.17422445163083,15.1089660250944,18.2606207824442,21.8787833506558,15.6050456445219,21.2864738112275,4.85911829820921,5.73277449275129,19.3072604830882,7.2833450693834,8.34196809223925,20.3923722558362,18.5020746847749,19.6209701293143,19.7121510963688,20.1859957746094,20.0853474030087,22.0901201539204,18.7982543390725,6.66022101238057,19.7032643936513,19.5903703835987,21.2864738112275,18.8448640845008,16.5504401233018,21.2864738112275,5.50277358824056,7.74514386860736,18.3042694363715,19.6056640572661,21.2864738112275,21.2864738112275,19.4045894782556,21.2864738112275,19.9037196324616,7.48493355507865,21.2864738112275,20.1594767432605,21.2864738112275,19.5818909728691,19.8080037884645,20.1683272935098,9.110313389601,9.110313389601,21.2864738112275,21.2864738112275,18.3042694363715,21.2864738112275,16.6301532827793,18.3042694363715,19.8362087710223,21.2864738112275,1.91038323854877,20.2305438008877,18.3042694363715,18.3042694363715,18.3042694363715,18.3042694363715,17.2116278866315,21.2864738112275,20.0420905037844,21.2864738112275,20.0776577382722,20.0797172476586,17.9796580549156,21.2864738112275,21.2864738112275,21.1621180375761,18.3042694363715,17.4550120096029,21.2864738112275,21.2864738112275,21.2864738112275,17.9315811544062,20.7529161548486,21.2864738112275,21.2864738112275,0,1.62821881781812,20.631713066247,21.2864738112275,18.3042694363715,18.3042694363715,18.3042694363715,18.3042694363715,21.2864738112275,21.2864738112275,21.2864738112275,21.2864738112275,18.3042694363715,18.3042694363715,21.2864738112275,21.2864738112275,21.2864738112275,21.2864738112275,18.0791055138499,21.2864738112275,21.2864738112275,7.74514386860736,7.74514386860736,21.2864738112275,18.3042694363715,18.3042694363715,18.3042694363715,18.3042694363715,21.2864738112275,21.2864738112275,18.3042694363715,18.3042694363715,18.3042694363715,21.1886101477612,21.0429081018657,21.2864738112275,21.0422566169863,21.2864738112275,18.3042694363715,18.3042694363715,21.2864738112275,21.2864738112275,21.2864738112275,21.2864738112275,21.2864738112275,21.2864738112275,21.2864738112275,21.2864738112275,21.2864738112275,18.3042694363715,18.3042694363715,18.3042694363715,18.3042694363715,18.3042694363715,18.3042694363715,21.2864738112275,21.2864738112275,21.2864738112275,21.2864738112275,21.2864738112275,21.2864738112275,18.3042694363715,18.3042694363715,18.3042694363715,21.2864738112275,21.2864738112275,18.3042694363715,18.3042694363715
"t133",15.5370683219304,11.6974595560195,12.3178292932185,12.7206842283496,15.8068599464594,8.26904456638298,15.0528504693194,14.7610063163345,7.74172480546404,11.3769971424722,18.132535579538,15.1530096140703,16.0298080617046,15.7904912985876,16.7562458461778,16.3406048334879,17.6529520889549,16.2047855693474,16.9675501353759,15.2336128360561,16.0918159272493,17.4945488654755,16.1060135207419,16.945061082381,18.3042694363715,17.0238632047285,16.9869708732877,14.5522723306931,16.96369977262,17.4294789841163,21.2672333903716,17.6093556908289,19.1649354494516,18.6906607712945,18.254671179393,17.6940783727388,18.080463662123,15.7105568978811,13.9343970671866,14.5174643987999,20.4872098057244,17.0129580356157,19.8010252728091,17.4898051248377,17.1711372117199,17.1552674450765,19.2848307373806,18.3042694363715,14.551713931653,14.2346123885511,20.5829078142656,17.4892118042095,18.3042694363715,18.1461526816373,4.17422445163083,15.1089660250944,18.2606207824442,21.8787833506558,15.6050456445219,21.2864738112275,4.85911829820921,5.73277449275129,19.3072604830882,7.2833450693834,8.34196809223925,20.3923722558362,18.5020746847749,19.6209701293143,19.7121510963688,20.1859957746094,20.0853474030087,22.0901201539204,18.7982543390725,6.66022101238057,19.7032643936513,19.5903703835987,21.2864738112275,18.8448640845008,16.5504401233018,21.2864738112275,5.50277358824056,7.74514386860736,18.3042694363715,19.6056640572661,21.2864738112275,21.2864738112275,19.4045894782556,21.2864738112275,19.9037196324616,7.48493355507865,21.2864738112275,20.1594767432605,21.2864738112275,19.5818909728691,19.8080037884645,20.1683272935098,9.110313389601,9.110313389601,21.2864738112275,21.2864738112275,18.3042694363715,21.2864738112275,16.6301532827793,18.3042694363715,19.8362087710223,21.2864738112275,1.91038323854877,20.2305438008877,18.3042694363715,18.3042694363715,18.3042694363715,18.3042694363715,17.2116278866315,21.2864738112275,20.0420905037844,21.2864738112275,20.0776577382722,20.0797172476586,17.9796580549156,21.2864738112275,21.2864738112275,21.1621180375761,18.3042694363715,17.4550120096029,21.2864738112275,21.2864738112275,21.2864738112275,17.9315811544062,20.7529161548486,21.2864738112275,21.2864738112275,1.62821881781812,0,20.631713066247,21.2864738112275,18.3042694363715,18.3042694363715,18.3042694363715,18.3042694363715,21.2864738112275,21.2864738112275,21.2864738112275,21.2864738112275,18.3042694363715,18.3042694363715,21.2864738112275,21.2864738112275,21.2864738112275,21.2864738112275,18.0791055138499,21.2864738112275,21.2864738112275,7.74514386860736,7.74514386860736,21.2864738112275,18.3042694363715,18.3042694363715,18.3042694363715,18.3042694363715,21.2864738112275,21.2864738112275,18.3042694363715,18.3042694363715,18.3042694363715,21.1886101477612,21.0429081018657,21.2864738112275,21.0422566169863,21.2864738112275,18.3042694363715,18.3042694363715,21.2864738112275,21.2864738112275,21.2864738112275,21.2864738112275,21.2864738112275,21.2864738112275,21.2864738112275,21.2864738112275,21.2864738112275,18.3042694363715,18.3042694363715,18.3042694363715,18.3042694363715,18.3042694363715,18.3042694363715,21.2864738112275,21.2864738112275,21.2864738112275,21.2864738112275,21.2864738112275,21.2864738112275,18.3042694363715,18.3042694363715,18.3042694363715,21.2864738112275,21.2864738112275,18.3042694363715,18.3042694363715
"t134",14.8823075769499,10.4596699271032,10.6566214039704,12.0659234833691,14.5690703175431,13.4318301529591,13.8150608404031,13.5232166874182,13.4154701209993,13.7044407723477,20.4599792094135,10.7464709255752,11.6232693732096,14.5527016696713,11.4702868888176,11.0546458761277,16.9981913439745,14.9669959404311,15.7297605064596,17.5610564659316,14.854026298333,12.2085899081153,10.8200545633817,11.6591021250209,20.631713066247,11.7379042473684,15.7491812443714,16.8797159605686,11.6777408152599,12.1435200267561,20.0294437614553,12.3233967334688,13.8789764920914,17.4528711423782,12.9687122220328,12.4081194153787,16.8426740332067,18.0380005277567,16.2618406970621,16.8449080286755,19.249420176808,15.7751684066994,18.5632356438928,12.2038461674775,11.8851782543598,15.9174778161602,18.0470411084643,20.631713066247,16.8791575615285,16.5620560184267,15.2969488569054,12.2032528468494,20.631713066247,12.8601937242771,16.9322190096024,17.4364096549699,3.00680922194594,21.2240226056754,17.9324892743975,20.0486841823112,18.1452270495424,19.0188832440845,14.021301525728,19.5730900433912,20.631713066247,15.1064132984761,13.2161157274147,14.3350111719542,19.0573903513884,19.531235029629,19.4305866580282,21.4353594089399,2.36191918799016,19.5467902100202,18.465474764735,18.3525807546824,16.0005148538673,13.5589051271406,18.8778837531774,16.0005148538673,18.3893427858802,20.631713066247,20.631713066247,14.319705099906,16.0005148538673,20.0486841823112,18.1667998493393,20.0486841823112,14.6177606751015,19.0063332317246,16.0005148538673,14.8735177859004,16.0005148538673,14.2959320155089,2.52949487931459,18.9305376645934,20.631713066247,20.631713066247,20.0486841823112,20.0486841823112,20.631713066247,16.0005148538673,18.9575969126549,20.631713066247,14.5502498136622,16.0005148538673,19.385996394099,14.9445848435275,20.631713066247,20.631713066247,20.631713066247,20.631713066247,19.539071516507,20.0486841823112,18.8043008748681,20.0486841823112,14.791698780912,14.7937582902985,20.3071016847911,20.0486841823112,16.0005148538673,3.88360912842615,20.631713066247,19.7824556394784,16.0005148538673,16.0005148538673,4.00796490207756,20.2590247842817,15.4669571974885,16.0005148538673,16.0005148538673,20.631713066247,20.631713066247,0,0.933857538310029,20.631713066247,20.631713066247,20.631713066247,20.631713066247,16.0005148538673,4.00796490207756,16.0005148538673,16.0005148538673,20.631713066247,20.631713066247,16.0005148538673,16.0005148538673,16.0005148538673,16.0005148538673,20.4065491437255,16.0005148538673,16.0005148538673,20.631713066247,20.631713066247,16.0005148538673,20.631713066247,20.631713066247,20.631713066247,20.631713066247,20.0486841823112,20.0486841823112,20.631713066247,20.631713066247,20.631713066247,19.9508205188449,3.76439919271575,4.00796490207756,15.7562976596262,16.0005148538673,20.631713066247,20.631713066247,4.00796490207756,4.00796490207756,2.68504875639376,2.68504875639376,20.0486841823112,20.0486841823112,16.0005148538673,0.966637060466273,0.966637060466273,20.631713066247,20.631713066247,20.631713066247,20.631713066247,20.631713066247,20.631713066247,0.966637060466273,0.966637060466273,20.0486841823112,20.0486841823112,16.0005148538673,16.0005148538673,20.631713066247,20.631713066247,20.631713066247,16.0005148538673,16.0005148538673,20.631713066247,20.631713066247
"t135",15.5370683219304,11.1144306720837,11.3113821489508,12.7206842283496,15.2238310625236,14.0865908979396,14.4698215853836,14.1779774323986,14.0702308659798,14.3592015173282,21.114739954394,11.4012316705556,12.27803011819,15.2074624146518,12.1250476337981,11.7094066211082,17.6529520889549,15.6217566854116,16.38452125144,18.2158172109121,15.5087870433135,12.8633506530958,11.4748153083622,12.3138628700013,21.2864738112275,12.3926649923488,16.4039419893518,17.5344767055491,12.3325015602403,12.7982807717366,20.6842045064358,12.9781574784493,14.5337372370719,18.1076318873587,13.6234729670133,13.0628801603591,17.4974347781871,18.6927612727372,16.9166014420426,17.499668773656,19.9041809217885,16.4299291516799,19.2179963888732,12.858606912458,12.5399389993402,16.5722385611407,18.7018018534448,21.2864738112275,17.533918306509,17.2168167634071,15.9517096018859,12.8580135918298,21.2864738112275,13.5149544692576,17.5869797545828,18.0911703999504,3.6615699669264,21.8787833506558,18.587250019378,20.7034449272916,18.7999877945229,19.673643989065,14.6760622707085,20.2278507883716,21.2864738112275,15.7611740434565,13.8708764723952,14.9897719169346,19.7121510963688,20.1859957746094,20.0853474030087,22.0901201539204,3.01667993297062,20.2015509550007,19.1202355097155,19.0073414996628,16.6552755988478,14.2136658721211,19.5326444981578,16.6552755988478,19.0441035308607,21.2864738112275,21.2864738112275,14.9744658448864,16.6552755988478,20.7034449272916,18.8215605943198,20.7034449272916,15.2725214200819,19.6610939767051,16.6552755988478,15.5282785308809,16.6552755988478,14.9506927604894,3.18425562429505,19.5852984095739,21.2864738112275,21.2864738112275,20.7034449272916,20.7034449272916,21.2864738112275,16.6552755988478,19.6123576576353,21.2864738112275,15.2050105586426,16.6552755988478,20.0407571390794,15.599345588508,21.2864738112275,21.2864738112275,21.2864738112275,21.2864738112275,20.1938322614875,20.7034449272916,19.4590616198486,20.7034449272916,15.4464595258925,15.4485190352789,20.9618624297716,20.7034449272916,16.6552755988478,4.53836987340661,21.2864738112275,20.4372163844589,16.6552755988478,16.6552755988478,4.66272564705802,20.9137855292622,16.1217179424689,16.6552755988478,16.6552755988478,21.2864738112275,21.2864738112275,0.933857538310029,0,21.2864738112275,21.2864738112275,21.2864738112275,21.2864738112275,16.6552755988478,4.66272564705802,16.6552755988478,16.6552755988478,21.2864738112275,21.2864738112275,16.6552755988478,16.6552755988478,16.6552755988478,16.6552755988478,21.0613098887059,16.6552755988478,16.6552755988478,21.2864738112275,21.2864738112275,16.6552755988478,21.2864738112275,21.2864738112275,21.2864738112275,21.2864738112275,20.7034449272916,20.7034449272916,21.2864738112275,21.2864738112275,21.2864738112275,20.6055812638254,4.41915993769621,4.66272564705802,16.4110584046066,16.6552755988478,21.2864738112275,21.2864738112275,4.66272564705802,4.66272564705802,3.33980950137422,3.33980950137422,20.7034449272916,20.7034449272916,16.6552755988478,1.62139780544673,1.62139780544673,21.2864738112275,21.2864738112275,21.2864738112275,21.2864738112275,21.2864738112275,21.2864738112275,1.62139780544673,1.62139780544673,20.7034449272916,20.7034449272916,16.6552755988478,16.6552755988478,21.2864738112275,21.2864738112275,21.2864738112275,16.6552755988478,16.6552755988478,21.2864738112275,21.2864738112275
"t136",15.5370683219304,11.6974595560195,12.3178292932185,12.7206842283496,15.8068599464594,11.1043865230836,15.0528504693194,14.7610063163345,11.0880264911238,8.00226547566698,14.7578039127328,15.1530096140703,16.0298080617046,15.7904912985876,16.7562458461778,16.3406048334879,17.6529520889549,16.2047855693474,16.9675501353759,8.3362060382601,16.0918159272493,17.4945488654755,16.1060135207419,16.945061082381,10.3929704207208,17.0238632047285,16.9869708732877,5.85602179900669,16.96369977262,17.4294789841163,21.2672333903716,17.6093556908289,19.1649354494516,18.6906607712945,18.254671179393,17.6940783727388,18.080463662123,8.81315010008519,5.23814653550016,5.82121386711355,20.4872098057244,17.0129580356157,19.8010252728091,17.4898051248377,17.1711372117199,17.1552674450765,19.2848307373806,14.5799466049201,7.65430713385702,7.33720559075519,20.5829078142656,17.4892118042095,8.16980011034352,18.1461526816373,14.6047753797268,7.17479005113984,18.2606207824442,21.8787833506558,3.57273284459833,21.2864738112275,15.8177834196669,16.691439614209,19.3072604830882,17.2456464135156,18.3042694363715,20.3923722558362,18.5020746847749,19.6209701293143,19.7121510963688,20.1859957746094,20.0853474030087,22.0901201539204,18.7982543390725,17.2193465801447,19.7032643936513,19.5903703835987,21.2864738112275,18.8448640845008,6.54082360641643,21.2864738112275,16.0618991560047,18.3042694363715,8.29465291948606,19.6056640572661,21.2864738112275,21.2864738112275,19.4045894782556,21.2864738112275,19.9037196324616,16.6788896018491,21.2864738112275,20.1594767432605,21.2864738112275,19.5818909728691,19.8080037884645,20.1683272935098,18.3042694363715,18.3042694363715,21.2864738112275,21.2864738112275,14.0048882280394,21.2864738112275,8.95240836137858,10.6265245149707,19.8362087710223,21.2864738112275,17.0585527642234,20.2305438008877,8.29465291948606,14.0048882280394,14.0048882280394,2.98390558772795,1.78693543719799,21.2864738112275,20.0420905037844,21.2864738112275,20.0776577382722,20.0797172476586,13.6802768465835,21.2864738112275,21.2864738112275,21.1621180375761,10.3700934624169,7.44539549271749,21.2864738112275,21.2864738112275,21.2864738112275,9.99740518045164,20.7529161548486,21.2864738112275,21.2864738112275,18.3042694363715,18.3042694363715,20.631713066247,21.2864738112275,0,1.5788121672456,8.29465291948606,8.29465291948606,21.2864738112275,21.2864738112275,21.2864738112275,21.2864738112275,14.0048882280394,14.0048882280394,21.2864738112275,21.2864738112275,21.2864738112275,21.2864738112275,13.7797243055179,21.2864738112275,21.2864738112275,18.3042694363715,18.3042694363715,21.2864738112275,8.29465291948606,8.29465291948606,10.3700934624169,10.3700934624169,21.2864738112275,21.2864738112275,8.29465291948606,14.0048882280394,14.0048882280394,21.1886101477612,21.0429081018657,21.2864738112275,21.0422566169863,21.2864738112275,8.29465291948606,8.29465291948606,21.2864738112275,21.2864738112275,21.2864738112275,21.2864738112275,21.2864738112275,21.2864738112275,21.2864738112275,21.2864738112275,21.2864738112275,14.5799466049201,14.5799466049201,14.5799466049201,14.5799466049201,10.3700934624169,10.3700934624169,21.2864738112275,21.2864738112275,21.2864738112275,21.2864738112275,21.2864738112275,21.2864738112275,8.29465291948606,8.29465291948606,8.29465291948606,21.2864738112275,21.2864738112275,8.29465291948606,8.29465291948606
"t137",15.5370683219304,11.6974595560195,12.3178292932185,12.7206842283496,15.8068599464594,11.1043865230836,15.0528504693194,14.7610063163345,11.0880264911238,8.00226547566698,14.7578039127328,15.1530096140703,16.0298080617046,15.7904912985876,16.7562458461778,16.3406048334879,17.6529520889549,16.2047855693474,16.9675501353759,8.3362060382601,16.0918159272493,17.4945488654755,16.1060135207419,16.945061082381,10.3929704207208,17.0238632047285,16.9869708732877,5.85602179900669,16.96369977262,17.4294789841163,21.2672333903716,17.6093556908289,19.1649354494516,18.6906607712945,18.254671179393,17.6940783727388,18.080463662123,8.81315010008519,5.23814653550016,5.82121386711355,20.4872098057244,17.0129580356157,19.8010252728091,17.4898051248377,17.1711372117199,17.1552674450765,19.2848307373806,14.5799466049201,7.65430713385702,7.33720559075519,20.5829078142656,17.4892118042095,8.16980011034352,18.1461526816373,14.6047753797268,7.17479005113984,18.2606207824442,21.8787833506558,3.57273284459833,21.2864738112275,15.8177834196669,16.691439614209,19.3072604830882,17.2456464135156,18.3042694363715,20.3923722558362,18.5020746847749,19.6209701293143,19.7121510963688,20.1859957746094,20.0853474030087,22.0901201539204,18.7982543390725,17.2193465801447,19.7032643936513,19.5903703835987,21.2864738112275,18.8448640845008,6.54082360641643,21.2864738112275,16.0618991560047,18.3042694363715,8.29465291948606,19.6056640572661,21.2864738112275,21.2864738112275,19.4045894782556,21.2864738112275,19.9037196324616,16.6788896018491,21.2864738112275,20.1594767432605,21.2864738112275,19.5818909728691,19.8080037884645,20.1683272935098,18.3042694363715,18.3042694363715,21.2864738112275,21.2864738112275,14.0048882280394,21.2864738112275,8.95240836137858,10.6265245149707,19.8362087710223,21.2864738112275,17.0585527642234,20.2305438008877,8.29465291948606,14.0048882280394,14.0048882280394,2.98390558772795,1.78693543719799,21.2864738112275,20.0420905037844,21.2864738112275,20.0776577382722,20.0797172476586,13.6802768465835,21.2864738112275,21.2864738112275,21.1621180375761,10.3700934624169,7.44539549271749,21.2864738112275,21.2864738112275,21.2864738112275,9.99740518045164,20.7529161548486,21.2864738112275,21.2864738112275,18.3042694363715,18.3042694363715,20.631713066247,21.2864738112275,1.5788121672456,0,8.29465291948606,8.29465291948606,21.2864738112275,21.2864738112275,21.2864738112275,21.2864738112275,14.0048882280394,14.0048882280394,21.2864738112275,21.2864738112275,21.2864738112275,21.2864738112275,13.7797243055179,21.2864738112275,21.2864738112275,18.3042694363715,18.3042694363715,21.2864738112275,8.29465291948606,8.29465291948606,10.3700934624169,10.3700934624169,21.2864738112275,21.2864738112275,8.29465291948606,14.0048882280394,14.0048882280394,21.1886101477612,21.0429081018657,21.2864738112275,21.0422566169863,21.2864738112275,8.29465291948606,8.29465291948606,21.2864738112275,21.2864738112275,21.2864738112275,21.2864738112275,21.2864738112275,21.2864738112275,21.2864738112275,21.2864738112275,21.2864738112275,14.5799466049201,14.5799466049201,14.5799466049201,14.5799466049201,10.3700934624169,10.3700934624169,21.2864738112275,21.2864738112275,21.2864738112275,21.2864738112275,21.2864738112275,21.2864738112275,8.29465291948606,8.29465291948606,8.29465291948606,21.2864738112275,21.2864738112275,8.29465291948606,8.29465291948606
"t138",15.5370683219304,11.6974595560195,12.3178292932185,12.7206842283496,15.8068599464594,11.1043865230836,15.0528504693194,14.7610063163345,11.0880264911238,8.00226547566699,14.7578039127328,15.1530096140703,16.0298080617046,15.7904912985876,16.7562458461778,16.3406048334879,17.6529520889549,16.2047855693474,16.9675501353759,8.33620603826011,16.0918159272493,17.4945488654755,16.1060135207419,16.945061082381,10.3929704207208,17.0238632047285,16.9869708732877,5.85602179900669,16.96369977262,17.4294789841163,21.2672333903716,17.6093556908289,19.1649354494516,18.6906607712945,18.254671179393,17.6940783727388,18.080463662123,8.81315010008519,5.23814653550016,5.82121386711355,20.4872098057244,17.0129580356157,19.8010252728091,17.4898051248377,17.1711372117199,17.1552674450765,19.2848307373806,14.5799466049201,7.65430713385702,7.33720559075519,20.5829078142656,17.4892118042095,8.29465291948606,18.1461526816373,14.6047753797268,7.17479005113984,18.2606207824442,21.8787833506558,5.59542912763655,21.2864738112275,15.8177834196669,16.691439614209,19.3072604830882,17.2456464135156,18.3042694363715,20.3923722558362,18.5020746847749,19.6209701293143,19.7121510963688,20.1859957746094,20.0853474030087,22.0901201539204,18.7982543390725,17.2193465801447,19.7032643936513,19.5903703835987,21.2864738112275,18.8448640845008,3.29862573002248,21.2864738112275,16.0618991560047,18.3042694363715,4.73657305442757,19.6056640572661,21.2864738112275,21.2864738112275,19.4045894782556,21.2864738112275,19.9037196324616,16.6788896018491,21.2864738112275,20.1594767432605,21.2864738112275,19.5818909728691,19.8080037884645,20.1683272935098,18.3042694363715,18.3042694363715,21.2864738112275,21.2864738112275,14.0048882280394,21.2864738112275,8.95240836137858,10.6265245149707,19.8362087710223,21.2864738112275,17.0585527642234,20.2305438008877,4.20402489361373,14.0048882280394,14.0048882280394,8.29465291948606,7.20201136974608,21.2864738112275,20.0420905037844,21.2864738112275,20.0776577382722,20.0797172476586,13.6802768465835,21.2864738112275,21.2864738112275,21.1621180375761,10.3700934624169,3.35476746684516,21.2864738112275,21.2864738112275,21.2864738112275,9.99740518045164,20.7529161548486,21.2864738112275,21.2864738112275,18.3042694363715,18.3042694363715,20.631713066247,21.2864738112275,8.29465291948606,8.29465291948606,0,1.55016387575442,21.2864738112275,21.2864738112275,21.2864738112275,21.2864738112275,14.0048882280394,14.0048882280394,21.2864738112275,21.2864738112275,21.2864738112275,21.2864738112275,13.7797243055179,21.2864738112275,21.2864738112275,18.3042694363715,18.3042694363715,21.2864738112275,4.20402489361373,4.20402489361373,10.3700934624169,10.3700934624169,21.2864738112275,21.2864738112275,1.55016387575442,14.0048882280394,14.0048882280394,21.1886101477612,21.0429081018657,21.2864738112275,21.0422566169863,21.2864738112275,4.20402489361373,4.20402489361373,21.2864738112275,21.2864738112275,21.2864738112275,21.2864738112275,21.2864738112275,21.2864738112275,21.2864738112275,21.2864738112275,21.2864738112275,14.5799466049201,14.5799466049201,14.5799466049201,14.5799466049201,10.3700934624169,10.3700934624169,21.2864738112275,21.2864738112275,21.2864738112275,21.2864738112275,21.2864738112275,21.2864738112275,1.55016387575441,2.10891250979617,2.10891250979617,21.2864738112275,21.2864738112275,1.55016387575441,1.55016387575441
"t139",15.5370683219304,11.6974595560195,12.3178292932185,12.7206842283496,15.8068599464594,11.1043865230836,15.0528504693194,14.7610063163345,11.0880264911238,8.00226547566699,14.7578039127328,15.1530096140703,16.0298080617046,15.7904912985876,16.7562458461778,16.3406048334879,17.6529520889549,16.2047855693474,16.9675501353759,8.33620603826011,16.0918159272493,17.4945488654755,16.1060135207419,16.945061082381,10.3929704207208,17.0238632047285,16.9869708732877,5.85602179900669,16.96369977262,17.4294789841163,21.2672333903716,17.6093556908289,19.1649354494516,18.6906607712945,18.254671179393,17.6940783727388,18.080463662123,8.81315010008519,5.23814653550016,5.82121386711355,20.4872098057244,17.0129580356157,19.8010252728091,17.4898051248377,17.1711372117199,17.1552674450765,19.2848307373806,14.5799466049201,7.65430713385703,7.33720559075519,20.5829078142656,17.4892118042095,8.29465291948606,18.1461526816373,14.6047753797268,7.17479005113985,18.2606207824442,21.8787833506558,5.59542912763655,21.2864738112275,15.8177834196669,16.691439614209,19.3072604830882,17.2456464135156,18.3042694363715,20.3923722558362,18.5020746847749,19.6209701293143,19.7121510963688,20.1859957746094,20.0853474030087,22.0901201539204,18.7982543390725,17.2193465801447,19.7032643936513,19.5903703835987,21.2864738112275,18.8448640845008,3.29862573002248,21.2864738112275,16.0618991560047,18.3042694363715,4.73657305442757,19.6056640572661,21.2864738112275,21.2864738112275,19.4045894782556,21.2864738112275,19.9037196324616,16.6788896018491,21.2864738112275,20.1594767432605,21.2864738112275,19.5818909728691,19.8080037884645,20.1683272935098,18.3042694363715,18.3042694363715,21.2864738112275,21.2864738112275,14.0048882280394,21.2864738112275,8.95240836137858,10.6265245149707,19.8362087710223,21.2864738112275,17.0585527642234,20.2305438008877,4.20402489361373,14.0048882280394,14.0048882280394,8.29465291948606,7.20201136974608,21.2864738112275,20.0420905037844,21.2864738112275,20.0776577382722,20.0797172476586,13.6802768465835,21.2864738112275,21.2864738112275,21.1621180375761,10.3700934624169,3.35476746684516,21.2864738112275,21.2864738112275,21.2864738112275,9.99740518045164,20.7529161548486,21.2864738112275,21.2864738112275,18.3042694363715,18.3042694363715,20.631713066247,21.2864738112275,8.29465291948606,8.29465291948606,1.55016387575442,0,21.2864738112275,21.2864738112275,21.2864738112275,21.2864738112275,14.0048882280394,14.0048882280394,21.2864738112275,21.2864738112275,21.2864738112275,21.2864738112275,13.7797243055179,21.2864738112275,21.2864738112275,18.3042694363715,18.3042694363715,21.2864738112275,4.20402489361373,4.20402489361373,10.3700934624169,10.3700934624169,21.2864738112275,21.2864738112275,1.46602994044066,14.0048882280394,14.0048882280394,21.1886101477612,21.0429081018657,21.2864738112275,21.0422566169863,21.2864738112275,4.20402489361373,4.20402489361373,21.2864738112275,21.2864738112275,21.2864738112275,21.2864738112275,21.2864738112275,21.2864738112275,21.2864738112275,21.2864738112275,21.2864738112275,14.5799466049201,14.5799466049201,14.5799466049201,14.5799466049201,10.3700934624169,10.3700934624169,21.2864738112275,21.2864738112275,21.2864738112275,21.2864738112275,21.2864738112275,21.2864738112275,1.46602994044066,2.10891250979617,2.10891250979617,21.2864738112275,21.2864738112275,1.46602994044066,1.46602994044066
"t140",15.5370683219304,11.1144306720837,11.3113821489508,12.7206842283496,15.2238310625236,14.0865908979396,14.4698215853836,14.1779774323986,14.0702308659798,14.3592015173282,21.114739954394,11.4012316705556,12.27803011819,15.2074624146518,7.96345989192094,11.689442716745,17.6529520889549,15.6217566854116,16.38452125144,18.2158172109121,15.5087870433135,12.8433867487326,11.454851403999,12.2938989656382,21.2864738112275,12.3727010879857,16.4039419893518,17.5344767055491,12.3125376558772,12.7783168673734,20.6842045064358,12.9581935740861,14.5137733327088,18.1076318873586,13.6035090626502,13.042916255996,17.4974347781871,18.6927612727371,16.9166014420426,17.4996687736559,19.9041809217885,16.4299291516799,19.2179963888732,12.8386430080948,12.5199750949771,16.5722385611407,18.7018018534447,21.2864738112275,17.533918306509,17.2168167634071,15.9317456975227,12.8380496874667,21.2864738112275,13.4949905648945,17.5869797545828,18.0911703999504,13.6294225700645,21.8787833506558,18.5872500193779,20.7034449272916,18.7999877945229,19.673643989065,14.6560983663453,20.2278507883716,21.2864738112275,6.99532744076425,5.10502986970288,14.9698080125715,19.7121510963688,20.1859957746094,20.0853474030087,22.0901201539204,14.1670561266928,20.2015509550007,19.1202355097155,19.0073414996628,16.6353116944846,14.193701967758,19.5326444981578,16.6353116944846,19.0441035308607,21.2864738112275,21.2864738112275,7.67533779841886,9.35614755238021,20.7034449272916,18.8215605943198,20.7034449272916,2.9712272618885,19.6610939767051,16.6353116944846,15.5083146265177,16.6353116944846,14.9307288561263,15.1768055760848,19.5852984095739,21.2864738112275,21.2864738112275,20.7034449272916,20.7034449272916,21.2864738112275,16.6353116944846,19.6123576576353,21.2864738112275,15.1850466542795,16.6353116944846,20.0407571390794,15.5793816841449,21.2864738112275,21.2864738112275,21.2864738112275,21.2864738112275,20.1938322614875,20.7034449272916,19.4590616198486,20.7034449272916,15.4264956215293,15.4285551309158,20.9618624297716,20.7034449272916,16.6353116944846,16.5309198251964,21.2864738112275,20.4372163844589,16.6353116944846,16.6353116944846,16.6552755988478,20.9137855292622,16.1017540381058,16.6353116944846,16.6353116944846,21.2864738112275,21.2864738112275,16.0005148538673,16.6552755988478,21.2864738112275,21.2864738112275,21.2864738112275,21.2864738112275,0,16.6552755988478,9.35614755238021,9.35614755238021,21.2864738112275,21.2864738112275,16.6353116944846,16.6353116944846,1.41925150159032,1.41925150159032,21.0613098887059,16.6353116944846,16.6353116944846,21.2864738112275,21.2864738112275,16.6353116944846,21.2864738112275,21.2864738112275,21.2864738112275,21.2864738112275,20.7034449272916,20.7034449272916,21.2864738112275,21.2864738112275,21.2864738112275,20.6055812638254,16.411709889486,16.6552755988478,16.3910945002435,16.6353116944846,21.2864738112275,21.2864738112275,16.6552755988478,16.6552755988478,16.6552755988478,16.6552755988478,20.7034449272916,20.7034449272916,16.6353116944846,16.6552755988478,16.6552755988478,21.2864738112275,21.2864738112275,21.2864738112275,21.2864738112275,21.2864738112275,21.2864738112275,16.6552755988478,16.6552755988478,20.7034449272916,20.7034449272916,16.6353116944846,16.6353116944846,21.2864738112275,21.2864738112275,21.2864738112275,16.6353116944846,16.6353116944846,21.2864738112275,21.2864738112275
"t141",15.5370683219304,11.1144306720837,11.3113821489508,12.7206842283496,15.2238310625236,14.0865908979396,14.4698215853836,14.1779774323986,14.0702308659798,14.3592015173282,21.114739954394,11.4012316705556,12.27803011819,15.2074624146518,12.1250476337981,11.7094066211082,17.6529520889549,15.6217566854116,16.38452125144,18.2158172109121,15.5087870433135,12.8633506530958,11.4748153083622,12.3138628700013,21.2864738112275,12.3926649923488,16.4039419893518,17.5344767055491,12.3325015602403,12.7982807717366,20.6842045064358,12.9781574784493,14.5337372370719,18.1076318873587,13.6234729670133,13.0628801603591,17.4974347781871,18.6927612727372,16.9166014420426,17.499668773656,19.9041809217885,16.4299291516799,19.2179963888732,12.858606912458,12.5399389993402,16.5722385611407,18.7018018534448,21.2864738112275,17.533918306509,17.2168167634071,15.9517096018859,12.8580135918298,21.2864738112275,13.5149544692576,17.5869797545828,18.0911703999504,3.6615699669264,21.8787833506558,18.587250019378,20.7034449272916,18.7999877945229,19.673643989065,14.6760622707085,20.2278507883716,21.2864738112275,15.7611740434565,13.8708764723952,14.9897719169346,19.7121510963688,20.1859957746094,20.0853474030087,22.0901201539204,3.01667993297062,20.2015509550007,19.1202355097155,19.0073414996628,16.6552755988478,14.2136658721211,19.5326444981578,16.6552755988478,19.0441035308607,21.2864738112275,21.2864738112275,14.9744658448864,16.6552755988478,20.7034449272916,18.8215605943198,20.7034449272916,15.2725214200819,19.6610939767051,16.6552755988478,15.5282785308809,16.6552755988478,14.9506927604894,2.08412621058106,19.5852984095739,21.2864738112275,21.2864738112275,20.7034449272916,20.7034449272916,21.2864738112275,16.6552755988478,19.6123576576353,21.2864738112275,15.2050105586426,16.6552755988478,20.0407571390794,15.599345588508,21.2864738112275,21.2864738112275,21.2864738112275,21.2864738112275,20.1938322614875,20.7034449272916,19.4590616198486,20.7034449272916,15.4464595258925,15.4485190352789,20.9618624297716,20.7034449272916,16.6552755988478,3.38239271115558,21.2864738112275,20.4372163844589,16.6552755988478,16.6552755988478,1.79836673427576,20.9137855292622,16.1217179424689,16.6552755988478,16.6552755988478,21.2864738112275,21.2864738112275,4.00796490207756,4.66272564705802,21.2864738112275,21.2864738112275,21.2864738112275,21.2864738112275,16.6552755988478,0,16.6552755988478,16.6552755988478,21.2864738112275,21.2864738112275,16.6552755988478,16.6552755988478,16.6552755988478,16.6552755988478,21.0613098887059,16.6552755988478,16.6552755988478,21.2864738112275,21.2864738112275,16.6552755988478,21.2864738112275,21.2864738112275,21.2864738112275,21.2864738112275,20.7034449272916,20.7034449272916,21.2864738112275,21.2864738112275,21.2864738112275,20.6055812638254,1.13866080967146,1.38222651903326,16.4110584046066,16.6552755988478,21.2864738112275,21.2864738112275,3.50674848480699,3.50674848480699,4.66272564705802,4.66272564705802,20.7034449272916,20.7034449272916,16.6552755988478,4.66272564705802,4.66272564705802,21.2864738112275,21.2864738112275,21.2864738112275,21.2864738112275,21.2864738112275,21.2864738112275,4.66272564705802,4.66272564705802,20.7034449272916,20.7034449272916,16.6552755988478,16.6552755988478,21.2864738112275,21.2864738112275,21.2864738112275,16.6552755988478,16.6552755988478,21.2864738112275,21.2864738112275
"t142",15.5370683219304,11.1144306720837,11.3113821489508,12.7206842283496,15.2238310625236,14.0865908979396,14.4698215853836,14.1779774323986,14.0702308659798,14.3592015173282,21.114739954394,11.4012316705556,12.27803011819,15.2074624146518,7.96345989192094,11.689442716745,17.6529520889549,15.6217566854116,16.38452125144,18.2158172109121,15.5087870433135,12.8433867487326,11.4548514039991,12.2938989656382,21.2864738112275,12.3727010879857,16.4039419893518,17.5344767055491,12.3125376558772,12.7783168673734,20.6842045064358,12.9581935740861,14.5137733327088,18.1076318873586,13.6035090626502,13.042916255996,17.4974347781871,18.6927612727371,16.9166014420426,17.4996687736559,19.9041809217885,16.4299291516799,19.2179963888732,12.8386430080948,12.5199750949771,16.5722385611407,18.7018018534447,21.2864738112275,17.533918306509,17.2168167634071,15.9317456975227,12.8380496874667,21.2864738112275,13.4949905648945,17.5869797545828,18.0911703999504,13.6294225700645,21.8787833506558,18.587250019378,20.7034449272916,18.7999877945229,19.673643989065,14.6560983663453,20.2278507883716,21.2864738112275,8.46204599698898,6.57174842592762,14.9698080125715,19.7121510963688,20.1859957746094,20.0853474030087,22.0901201539204,14.1670561266928,20.2015509550007,19.1202355097155,19.0073414996628,16.6353116944846,14.193701967758,19.5326444981578,16.6353116944846,19.0441035308607,21.2864738112275,21.2864738112275,3.02886627779734,4.70076410653298,20.7034449272916,18.8215605943198,20.7034449272916,7.97339337361437,19.6610939767051,16.6353116944846,15.5083146265177,16.6353116944846,14.9307288561263,15.1768055760848,19.5852984095739,21.2864738112275,21.2864738112275,20.7034449272916,20.7034449272916,21.2864738112275,16.6353116944846,19.6123576576353,21.2864738112275,15.1850466542795,16.6353116944846,20.0407571390794,15.5793816841449,21.2864738112275,21.2864738112275,21.2864738112275,21.2864738112275,20.1938322614875,20.7034449272916,19.4590616198486,20.7034449272916,15.4264956215293,15.4285551309158,20.9618624297716,20.7034449272916,16.6353116944846,16.5309198251964,21.2864738112275,20.4372163844589,16.6353116944846,16.6353116944846,16.6552755988478,20.9137855292622,16.1017540381058,16.6353116944846,16.6353116944846,21.2864738112275,21.2864738112275,16.0005148538673,16.6552755988478,21.2864738112275,21.2864738112275,21.2864738112275,21.2864738112275,9.35614755238021,16.6552755988478,0,1.2547745049667,21.2864738112275,21.2864738112275,16.6353116944846,16.6353116944846,9.35614755238021,9.35614755238021,21.0613098887059,16.6353116944846,16.6353116944846,21.2864738112275,21.2864738112275,16.6353116944846,21.2864738112275,21.2864738112275,21.2864738112275,21.2864738112275,20.7034449272916,20.7034449272916,21.2864738112275,21.2864738112275,21.2864738112275,20.6055812638254,16.411709889486,16.6552755988478,16.3910945002435,16.6353116944846,21.2864738112275,21.2864738112275,16.6552755988478,16.6552755988478,16.6552755988478,16.6552755988478,20.7034449272916,20.7034449272916,16.6353116944846,16.6552755988478,16.6552755988478,21.2864738112275,21.2864738112275,21.2864738112275,21.2864738112275,21.2864738112275,21.2864738112275,16.6552755988478,16.6552755988478,20.7034449272916,20.7034449272916,16.6353116944846,16.6353116944846,21.2864738112275,21.2864738112275,21.2864738112275,16.6353116944846,16.6353116944846,21.2864738112275,21.2864738112275
"t143",15.5370683219304,11.1144306720837,11.3113821489508,12.7206842283496,15.2238310625236,14.0865908979396,14.4698215853836,14.1779774323986,14.0702308659798,14.3592015173282,21.114739954394,11.4012316705556,12.27803011819,15.2074624146518,7.96345989192094,11.689442716745,17.6529520889549,15.6217566854116,16.38452125144,18.2158172109121,15.5087870433135,12.8433867487326,11.4548514039991,12.2938989656382,21.2864738112275,12.3727010879857,16.4039419893518,17.5344767055491,12.3125376558772,12.7783168673734,20.6842045064358,12.9581935740861,14.5137733327088,18.1076318873586,13.6035090626502,13.042916255996,17.4974347781871,18.6927612727371,16.9166014420426,17.4996687736559,19.9041809217885,16.4299291516799,19.2179963888732,12.8386430080948,12.5199750949771,16.5722385611407,18.7018018534447,21.2864738112275,17.533918306509,17.2168167634071,15.9317456975227,12.8380496874667,21.2864738112275,13.4949905648945,17.5869797545828,18.0911703999504,13.6294225700645,21.8787833506558,18.587250019378,20.7034449272916,18.7999877945229,19.673643989065,14.6560983663453,20.2278507883716,21.2864738112275,8.46204599698898,6.57174842592762,14.9698080125715,19.7121510963688,20.1859957746094,20.0853474030087,22.0901201539204,14.1670561266928,20.2015509550007,19.1202355097155,19.0073414996628,16.6353116944846,14.193701967758,19.5326444981578,16.6353116944846,19.0441035308607,21.2864738112275,21.2864738112275,3.02886627779734,4.70076410653298,20.7034449272916,18.8215605943198,20.7034449272916,7.97339337361437,19.6610939767051,16.6353116944846,15.5083146265177,16.6353116944846,14.9307288561263,15.1768055760848,19.5852984095739,21.2864738112275,21.2864738112275,20.7034449272916,20.7034449272916,21.2864738112275,16.6353116944846,19.6123576576353,21.2864738112275,15.1850466542795,16.6353116944846,20.0407571390794,15.5793816841449,21.2864738112275,21.2864738112275,21.2864738112275,21.2864738112275,20.1938322614875,20.7034449272916,19.4590616198486,20.7034449272916,15.4264956215293,15.4285551309158,20.9618624297716,20.7034449272916,16.6353116944846,16.5309198251964,21.2864738112275,20.4372163844589,16.6353116944846,16.6353116944846,16.6552755988478,20.9137855292622,16.1017540381058,16.6353116944846,16.6353116944846,21.2864738112275,21.2864738112275,16.0005148538673,16.6552755988478,21.2864738112275,21.2864738112275,21.2864738112275,21.2864738112275,9.35614755238021,16.6552755988478,1.2547745049667,0,21.2864738112275,21.2864738112275,16.6353116944846,16.6353116944846,9.35614755238021,9.35614755238021,21.0613098887059,16.6353116944846,16.6353116944846,21.2864738112275,21.2864738112275,16.6353116944846,21.2864738112275,21.2864738112275,21.2864738112275,21.2864738112275,20.7034449272916,20.7034449272916,21.2864738112275,21.2864738112275,21.2864738112275,20.6055812638254,16.411709889486,16.6552755988478,16.3910945002435,16.6353116944846,21.2864738112275,21.2864738112275,16.6552755988478,16.6552755988478,16.6552755988478,16.6552755988478,20.7034449272916,20.7034449272916,16.6353116944846,16.6552755988478,16.6552755988478,21.2864738112275,21.2864738112275,21.2864738112275,21.2864738112275,21.2864738112275,21.2864738112275,16.6552755988478,16.6552755988478,20.7034449272916,20.7034449272916,16.6353116944846,16.6353116944846,21.2864738112275,21.2864738112275,21.2864738112275,16.6353116944846,16.6353116944846,21.2864738112275,21.2864738112275
"t144",15.5370683219304,11.6974595560195,12.3178292932185,12.7206842283496,15.8068599464594,11.1043865230836,15.0528504693194,14.7610063163345,11.0880264911238,8.00226547566698,14.7578039127328,15.1530096140702,16.0298080617046,15.7904912985876,16.7562458461778,16.3406048334879,17.6529520889549,16.2047855693474,16.9675501353759,10.934231627724,16.0918159272493,17.4945488654755,16.1060135207419,16.945061082381,14.0048882280394,17.0238632047285,16.9869708732877,10.252891122361,16.96369977262,17.4294789841163,21.2672333903716,17.6093556908289,19.1649354494516,18.6906607712945,18.254671179393,17.6940783727388,18.080463662123,11.4111756895491,9.63501585885449,10.2180831904679,20.4872098057244,17.0129580356157,19.8010252728091,17.4898051248377,17.1711372117199,17.1552674450765,19.2848307373806,14.5799466049201,10.2523327233209,9.93523118021907,20.5829078142656,17.4892118042095,14.0048882280394,18.1461526816373,14.6047753797268,10.8095848167623,18.2606207824442,21.8787833506558,11.3056644361899,21.2864738112275,15.8177834196669,16.691439614209,19.3072604830882,17.2456464135156,18.3042694363715,20.3923722558362,18.5020746847749,19.6209701293143,19.7121510963688,20.1859957746094,20.0853474030087,22.0901201539204,18.7982543390725,17.2193465801447,19.7032643936513,19.5903703835987,21.2864738112275,18.8448640845008,12.2510589149698,21.2864738112275,16.0618991560047,18.3042694363715,14.0048882280394,19.6056640572661,21.2864738112275,21.2864738112275,19.4045894782556,21.2864738112275,19.9037196324616,16.6788896018491,21.2864738112275,20.1594767432605,21.2864738112275,19.5818909728691,19.8080037884645,20.1683272935097,18.3042694363715,18.3042694363715,21.2864738112275,21.2864738112275,4.77714196057397,21.2864738112275,12.3307720744473,14.0048882280394,19.8362087710223,21.2864738112275,17.0585527642234,20.2305438008877,14.0048882280394,4.77714196057397,4.77714196057397,14.0048882280394,12.9122466782994,21.2864738112275,20.0420905037844,21.2864738112275,20.0776577382722,20.0797172476586,1.86528575437124,21.2864738112275,21.2864738112275,21.1621180375761,14.0048882280394,13.1556308012708,21.2864738112275,21.2864738112275,21.2864738112275,13.6321999460741,20.7529161548486,21.2864738112275,21.2864738112275,18.3042694363715,18.3042694363715,20.631713066247,21.2864738112275,14.0048882280394,14.0048882280394,14.0048882280394,14.0048882280394,21.2864738112275,21.2864738112275,21.2864738112275,21.2864738112275,0,1.17580973557559,21.2864738112275,21.2864738112275,21.2864738112275,21.2864738112275,4.55197803805243,21.2864738112275,21.2864738112275,18.3042694363715,18.3042694363715,21.2864738112275,14.0048882280394,14.0048882280394,14.0048882280394,14.0048882280394,21.2864738112275,21.2864738112275,14.0048882280394,4.77714196057397,4.77714196057397,21.1886101477612,21.0429081018657,21.2864738112275,21.0422566169863,21.2864738112275,14.0048882280394,14.0048882280394,21.2864738112275,21.2864738112275,21.2864738112275,21.2864738112275,21.2864738112275,21.2864738112275,21.2864738112275,21.2864738112275,21.2864738112275,14.5799466049201,14.5799466049201,14.5799466049201,14.5799466049201,14.0048882280394,14.0048882280394,21.2864738112275,21.2864738112275,21.2864738112275,21.2864738112275,21.2864738112275,21.2864738112275,14.0048882280394,14.0048882280394,14.0048882280394,21.2864738112275,21.2864738112275,14.0048882280394,14.0048882280394
"t145",15.5370683219304,11.6974595560195,12.3178292932185,12.7206842283496,15.8068599464594,11.1043865230836,15.0528504693194,14.7610063163345,11.0880264911238,8.00226547566698,14.7578039127328,15.1530096140702,16.0298080617046,15.7904912985876,16.7562458461778,16.3406048334879,17.6529520889549,16.2047855693474,16.9675501353759,10.934231627724,16.0918159272493,17.4945488654755,16.1060135207419,16.945061082381,14.0048882280394,17.0238632047285,16.9869708732877,10.252891122361,16.96369977262,17.4294789841163,21.2672333903716,17.6093556908289,19.1649354494516,18.6906607712945,18.254671179393,17.6940783727388,18.080463662123,11.4111756895491,9.63501585885449,10.2180831904679,20.4872098057244,17.0129580356157,19.8010252728091,17.4898051248377,17.1711372117199,17.1552674450765,19.2848307373806,14.5799466049201,10.2523327233209,9.93523118021907,20.5829078142656,17.4892118042095,14.0048882280394,18.1461526816373,14.6047753797268,10.8095848167623,18.2606207824442,21.8787833506558,11.3056644361899,21.2864738112275,15.8177834196669,16.691439614209,19.3072604830882,17.2456464135156,18.3042694363715,20.3923722558362,18.5020746847749,19.6209701293143,19.7121510963688,20.1859957746094,20.0853474030087,22.0901201539204,18.7982543390725,17.2193465801447,19.7032643936513,19.5903703835987,21.2864738112275,18.8448640845008,12.2510589149698,21.2864738112275,16.0618991560047,18.3042694363715,14.0048882280394,19.6056640572661,21.2864738112275,21.2864738112275,19.4045894782556,21.2864738112275,19.9037196324616,16.6788896018491,21.2864738112275,20.1594767432605,21.2864738112275,19.5818909728691,19.8080037884645,20.1683272935097,18.3042694363715,18.3042694363715,21.2864738112275,21.2864738112275,4.77714196057397,21.2864738112275,12.3307720744473,14.0048882280394,19.8362087710223,21.2864738112275,17.0585527642234,20.2305438008877,14.0048882280394,4.77714196057397,4.77714196057397,14.0048882280394,12.9122466782994,21.2864738112275,20.0420905037844,21.2864738112275,20.0776577382722,20.0797172476586,1.86528575437124,21.2864738112275,21.2864738112275,21.1621180375761,14.0048882280394,13.1556308012708,21.2864738112275,21.2864738112275,21.2864738112275,13.6321999460741,20.7529161548486,21.2864738112275,21.2864738112275,18.3042694363715,18.3042694363715,20.631713066247,21.2864738112275,14.0048882280394,14.0048882280394,14.0048882280394,14.0048882280394,21.2864738112275,21.2864738112275,21.2864738112275,21.2864738112275,1.17580973557559,0,21.2864738112275,21.2864738112275,21.2864738112275,21.2864738112275,4.55197803805243,21.2864738112275,21.2864738112275,18.3042694363715,18.3042694363715,21.2864738112275,14.0048882280394,14.0048882280394,14.0048882280394,14.0048882280394,21.2864738112275,21.2864738112275,14.0048882280394,4.77714196057397,4.77714196057397,21.1886101477612,21.0429081018657,21.2864738112275,21.0422566169863,21.2864738112275,14.0048882280394,14.0048882280394,21.2864738112275,21.2864738112275,21.2864738112275,21.2864738112275,21.2864738112275,21.2864738112275,21.2864738112275,21.2864738112275,21.2864738112275,14.5799466049201,14.5799466049201,14.5799466049201,14.5799466049201,14.0048882280394,14.0048882280394,21.2864738112275,21.2864738112275,21.2864738112275,21.2864738112275,21.2864738112275,21.2864738112275,14.0048882280394,14.0048882280394,14.0048882280394,21.2864738112275,21.2864738112275,14.0048882280394,14.0048882280394
"t146",15.5370683219304,11.1144306720837,11.3113821489508,12.7206842283496,15.2238310625236,14.0865908979396,14.4698215853835,14.1779774323986,14.0702308659798,14.3592015173282,21.114739954394,11.4012316705556,12.27803011819,15.2074624146518,12.105083729435,7.28775878570225,17.6529520889549,15.6217566854116,16.38452125144,18.2158172109121,15.5087870433135,6.81558605656234,8.27215278128391,7.89221503459543,21.2864738112275,9.19000246527053,16.4039419893518,17.5344767055491,9.12983903316205,7.59903968875938,20.6842045064358,9.77549495137096,11.3310747099936,18.1076318873586,8.42423188403611,9.86021763328084,17.4974347781871,18.6927612727371,16.9166014420426,17.4996687736559,19.9041809217885,16.4299291516799,19.2179963888732,9.65594438537969,9.33727647226193,16.5722385611407,18.7018018534447,21.2864738112275,17.533918306509,17.2168167634071,10.7524685189087,7.65877250885263,21.2864738112275,10.3122919421793,17.5869797545828,18.0911703999504,13.6294225700645,21.8787833506558,18.5872500193779,20.7034449272916,18.7999877945229,19.673643989065,7.95613223772876,20.2278507883716,21.2864738112275,15.7412101390934,13.850912568032,11.7871093898563,19.7121510963688,20.1859957746094,20.0853474030087,22.0901201539204,14.1670561266928,20.2015509550007,19.1202355097155,19.0073414996628,8.93903179956551,6.49742207283883,19.5326444981578,9.93534556586805,19.0441035308607,21.2864738112275,21.2864738112275,14.9545019405233,16.6353116944846,20.7034449272916,18.8215605943198,20.7034449272916,15.2525575157188,19.6610939767051,13.4526130717695,8.84943343677361,9.97643050474053,8.27184766638217,15.1768055760848,19.5852984095739,21.2864738112275,21.2864738112275,20.7034449272916,20.7034449272916,21.2864738112275,4.0600018530832,19.6123576576353,21.2864738112275,8.52616546453537,9.97643050474053,20.0407571390794,11.1776977531021,21.2864738112275,21.2864738112275,21.2864738112275,21.2864738112275,20.1938322614875,20.7034449272916,19.4590616198486,20.7034449272916,12.2437969988142,12.2458565082006,20.9618624297716,20.7034449272916,9.97643050474053,16.5309198251964,21.2864738112275,20.4372163844589,9.93534556586805,9.93534556586805,16.6552755988478,20.9137855292622,9.4428728483617,9.97643050474053,9.93534556586805,21.2864738112275,21.2864738112275,16.0005148538673,16.6552755988478,21.2864738112275,21.2864738112275,21.2864738112275,21.2864738112275,16.6353116944846,16.6552755988478,16.6353116944846,16.6353116944846,21.2864738112275,21.2864738112275,0,1.08059322802106,16.6353116944846,16.6353116944846,21.0613098887059,12.2336277634419,12.2336277634419,21.2864738112275,21.2864738112275,4.0600018530832,21.2864738112275,21.2864738112275,21.2864738112275,21.2864738112275,20.7034449272916,20.7034449272916,21.2864738112275,21.2864738112275,21.2864738112275,20.6055812638254,16.411709889486,16.6552755988478,9.69112837162692,9.93534556586805,21.2864738112275,21.2864738112275,16.6552755988478,16.6552755988478,16.6552755988478,16.6552755988478,20.7034449272916,20.7034449272916,9.93534556586805,16.6552755988478,16.6552755988478,21.2864738112275,21.2864738112275,21.2864738112275,21.2864738112275,21.2864738112275,21.2864738112275,16.6552755988478,16.6552755988478,20.7034449272916,20.7034449272916,4.0600018530832,4.0600018530832,21.2864738112275,21.2864738112275,21.2864738112275,9.93534556586805,9.93534556586805,21.2864738112275,21.2864738112275
"t147",15.5370683219304,11.1144306720837,11.3113821489508,12.7206842283496,15.2238310625236,14.0865908979396,14.4698215853835,14.1779774323986,14.0702308659798,14.3592015173282,21.114739954394,11.4012316705556,12.27803011819,15.2074624146518,12.105083729435,7.28775878570225,17.6529520889549,15.6217566854116,16.38452125144,18.2158172109121,15.5087870433135,6.81558605656234,8.27215278128391,7.89221503459543,21.2864738112275,9.19000246527053,16.4039419893518,17.5344767055491,9.12983903316205,7.59903968875938,20.6842045064358,9.77549495137096,11.3310747099936,18.1076318873586,8.42423188403611,9.86021763328084,17.4974347781871,18.6927612727371,16.9166014420426,17.4996687736559,19.9041809217885,16.4299291516799,19.2179963888732,9.65594438537969,9.33727647226193,16.5722385611407,18.7018018534447,21.2864738112275,17.533918306509,17.2168167634071,10.7524685189087,7.65877250885263,21.2864738112275,10.3122919421793,17.5869797545828,18.0911703999504,13.6294225700645,21.8787833506558,18.5872500193779,20.7034449272916,18.7999877945229,19.673643989065,7.95613223772876,20.2278507883716,21.2864738112275,15.7412101390934,13.850912568032,11.7871093898563,19.7121510963688,20.1859957746094,20.0853474030087,22.0901201539204,14.1670561266928,20.2015509550007,19.1202355097155,19.0073414996628,8.93903179956551,6.49742207283883,19.5326444981578,9.93534556586805,19.0441035308607,21.2864738112275,21.2864738112275,14.9545019405233,16.6353116944846,20.7034449272916,18.8215605943198,20.7034449272916,15.2525575157188,19.6610939767051,13.4526130717695,8.84943343677361,9.97643050474053,8.27184766638217,15.1768055760848,19.5852984095739,21.2864738112275,21.2864738112275,20.7034449272916,20.7034449272916,21.2864738112275,4.0600018530832,19.6123576576353,21.2864738112275,8.52616546453537,9.97643050474053,20.0407571390794,11.1776977531021,21.2864738112275,21.2864738112275,21.2864738112275,21.2864738112275,20.1938322614875,20.7034449272916,19.4590616198486,20.7034449272916,12.2437969988142,12.2458565082006,20.9618624297716,20.7034449272916,9.97643050474053,16.5309198251964,21.2864738112275,20.4372163844589,9.93534556586805,9.93534556586805,16.6552755988478,20.9137855292622,9.4428728483617,9.97643050474053,9.93534556586805,21.2864738112275,21.2864738112275,16.0005148538673,16.6552755988478,21.2864738112275,21.2864738112275,21.2864738112275,21.2864738112275,16.6353116944846,16.6552755988478,16.6353116944846,16.6353116944846,21.2864738112275,21.2864738112275,1.08059322802106,0,16.6353116944846,16.6353116944846,21.0613098887059,12.2336277634419,12.2336277634419,21.2864738112275,21.2864738112275,4.0600018530832,21.2864738112275,21.2864738112275,21.2864738112275,21.2864738112275,20.7034449272916,20.7034449272916,21.2864738112275,21.2864738112275,21.2864738112275,20.6055812638254,16.411709889486,16.6552755988478,9.69112837162692,9.93534556586805,21.2864738112275,21.2864738112275,16.6552755988478,16.6552755988478,16.6552755988478,16.6552755988478,20.7034449272916,20.7034449272916,9.93534556586805,16.6552755988478,16.6552755988478,21.2864738112275,21.2864738112275,21.2864738112275,21.2864738112275,21.2864738112275,21.2864738112275,16.6552755988478,16.6552755988478,20.7034449272916,20.7034449272916,4.0600018530832,4.0600018530832,21.2864738112275,21.2864738112275,21.2864738112275,9.93534556586805,9.93534556586805,21.2864738112275,21.2864738112275
"t148",15.5370683219304,11.1144306720837,11.3113821489508,12.7206842283496,15.2238310625236,14.0865908979396,14.4698215853836,14.1779774323986,14.0702308659798,14.3592015173282,21.114739954394,11.4012316705556,12.27803011819,15.2074624146518,7.96345989192094,11.689442716745,17.6529520889549,15.6217566854116,16.38452125144,18.2158172109121,15.5087870433135,12.8433867487326,11.454851403999,12.2938989656382,21.2864738112275,12.3727010879857,16.4039419893518,17.5344767055491,12.3125376558772,12.7783168673734,20.6842045064358,12.9581935740861,14.5137733327088,18.1076318873586,13.6035090626502,13.042916255996,17.4974347781871,18.6927612727371,16.9166014420426,17.4996687736559,19.9041809217885,16.4299291516799,19.2179963888732,12.8386430080948,12.5199750949771,16.5722385611407,18.7018018534447,21.2864738112275,17.533918306509,17.2168167634071,15.9317456975227,12.8380496874667,21.2864738112275,13.4949905648945,17.5869797545828,18.0911703999504,13.6294225700645,21.8787833506558,18.5872500193779,20.7034449272916,18.7999877945229,19.673643989065,14.6560983663453,20.2278507883716,21.2864738112275,6.99532744076425,5.10502986970288,14.9698080125715,19.7121510963688,20.1859957746094,20.0853474030087,22.0901201539204,14.1670561266928,20.2015509550007,19.1202355097155,19.0073414996628,16.6353116944846,14.193701967758,19.5326444981578,16.6353116944846,19.0441035308607,21.2864738112275,21.2864738112275,7.67533779841886,9.35614755238021,20.7034449272916,18.8215605943198,20.7034449272916,2.9712272618885,19.6610939767051,16.6353116944846,15.5083146265177,16.6353116944846,14.9307288561263,15.1768055760848,19.5852984095739,21.2864738112275,21.2864738112275,20.7034449272916,20.7034449272916,21.2864738112275,16.6353116944846,19.6123576576353,21.2864738112275,15.1850466542795,16.6353116944846,20.0407571390794,15.5793816841449,21.2864738112275,21.2864738112275,21.2864738112275,21.2864738112275,20.1938322614875,20.7034449272916,19.4590616198486,20.7034449272916,15.4264956215293,15.4285551309158,20.9618624297716,20.7034449272916,16.6353116944846,16.5309198251964,21.2864738112275,20.4372163844589,16.6353116944846,16.6353116944846,16.6552755988478,20.9137855292622,16.1017540381058,16.6353116944846,16.6353116944846,21.2864738112275,21.2864738112275,16.0005148538673,16.6552755988478,21.2864738112275,21.2864738112275,21.2864738112275,21.2864738112275,1.41925150159032,16.6552755988478,9.35614755238021,9.35614755238021,21.2864738112275,21.2864738112275,16.6353116944846,16.6353116944846,0,1.03548898068735,21.0613098887059,16.6353116944846,16.6353116944846,21.2864738112275,21.2864738112275,16.6353116944846,21.2864738112275,21.2864738112275,21.2864738112275,21.2864738112275,20.7034449272916,20.7034449272916,21.2864738112275,21.2864738112275,21.2864738112275,20.6055812638254,16.411709889486,16.6552755988478,16.3910945002435,16.6353116944846,21.2864738112275,21.2864738112275,16.6552755988478,16.6552755988478,16.6552755988478,16.6552755988478,20.7034449272916,20.7034449272916,16.6353116944846,16.6552755988478,16.6552755988478,21.2864738112275,21.2864738112275,21.2864738112275,21.2864738112275,21.2864738112275,21.2864738112275,16.6552755988478,16.6552755988478,20.7034449272916,20.7034449272916,16.6353116944846,16.6353116944846,21.2864738112275,21.2864738112275,21.2864738112275,16.6353116944846,16.6353116944846,21.2864738112275,21.2864738112275
"t149",15.5370683219304,11.1144306720837,11.3113821489508,12.7206842283496,15.2238310625236,14.0865908979396,14.4698215853836,14.1779774323986,14.0702308659798,14.3592015173282,21.114739954394,11.4012316705556,12.27803011819,15.2074624146518,7.96345989192094,11.689442716745,17.6529520889549,15.6217566854116,16.38452125144,18.2158172109121,15.5087870433135,12.8433867487326,11.454851403999,12.2938989656382,21.2864738112275,12.3727010879857,16.4039419893518,17.5344767055491,12.3125376558772,12.7783168673734,20.6842045064358,12.9581935740861,14.5137733327088,18.1076318873586,13.6035090626502,13.042916255996,17.4974347781871,18.6927612727371,16.9166014420426,17.4996687736559,19.9041809217885,16.4299291516799,19.2179963888732,12.8386430080948,12.5199750949771,16.5722385611407,18.7018018534447,21.2864738112275,17.533918306509,17.2168167634071,15.9317456975227,12.8380496874667,21.2864738112275,13.4949905648945,17.5869797545828,18.0911703999504,13.6294225700645,21.8787833506558,18.5872500193779,20.7034449272916,18.7999877945229,19.673643989065,14.6560983663453,20.2278507883716,21.2864738112275,6.99532744076425,5.10502986970288,14.9698080125715,19.7121510963688,20.1859957746094,20.0853474030087,22.0901201539204,14.1670561266928,20.2015509550007,19.1202355097155,19.0073414996628,16.6353116944846,14.193701967758,19.5326444981578,16.6353116944846,19.0441035308607,21.2864738112275,21.2864738112275,7.67533779841886,9.35614755238021,20.7034449272916,18.8215605943198,20.7034449272916,2.9712272618885,19.6610939767051,16.6353116944846,15.5083146265177,16.6353116944846,14.9307288561263,15.1768055760848,19.5852984095739,21.2864738112275,21.2864738112275,20.7034449272916,20.7034449272916,21.2864738112275,16.6353116944846,19.6123576576353,21.2864738112275,15.1850466542795,16.6353116944846,20.0407571390794,15.5793816841449,21.2864738112275,21.2864738112275,21.2864738112275,21.2864738112275,20.1938322614875,20.7034449272916,19.4590616198486,20.7034449272916,15.4264956215293,15.4285551309158,20.9618624297716,20.7034449272916,16.6353116944846,16.5309198251964,21.2864738112275,20.4372163844589,16.6353116944846,16.6353116944846,16.6552755988478,20.9137855292622,16.1017540381058,16.6353116944846,16.6353116944846,21.2864738112275,21.2864738112275,16.0005148538673,16.6552755988478,21.2864738112275,21.2864738112275,21.2864738112275,21.2864738112275,1.41925150159032,16.6552755988478,9.35614755238021,9.35614755238021,21.2864738112275,21.2864738112275,16.6353116944846,16.6353116944846,1.03548898068735,0,21.0613098887059,16.6353116944846,16.6353116944846,21.2864738112275,21.2864738112275,16.6353116944846,21.2864738112275,21.2864738112275,21.2864738112275,21.2864738112275,20.7034449272916,20.7034449272916,21.2864738112275,21.2864738112275,21.2864738112275,20.6055812638254,16.411709889486,16.6552755988478,16.3910945002435,16.6353116944846,21.2864738112275,21.2864738112275,16.6552755988478,16.6552755988478,16.6552755988478,16.6552755988478,20.7034449272916,20.7034449272916,16.6353116944846,16.6552755988478,16.6552755988478,21.2864738112275,21.2864738112275,21.2864738112275,21.2864738112275,21.2864738112275,21.2864738112275,16.6552755988478,16.6552755988478,20.7034449272916,20.7034449272916,16.6353116944846,16.6353116944846,21.2864738112275,21.2864738112275,21.2864738112275,16.6353116944846,16.6353116944846,21.2864738112275,21.2864738112275
"t150",15.3119043994088,11.472295633498,12.092665370697,12.4955203058281,15.5816960239379,10.879222600562,14.8276865467979,14.5358423938129,10.8628625686022,7.77710155314545,14.5326399902112,14.9278456915487,15.8046441391831,15.5653273760661,16.5310819236563,16.1154409109663,17.4277881664334,15.9796216468259,16.7423862128543,10.7090677052025,15.8666520047278,17.2693849429539,15.8808495982204,16.7198971598595,13.7797243055179,16.798699282207,16.7618069507662,10.0277271998395,16.7385358500985,17.2043150615947,21.0420694678501,17.3841917683074,18.9397715269301,18.465496848773,18.0295072568715,17.4689144502173,17.8552997396014,11.1860117670275,9.40985193633295,9.99291926794634,20.2620458832028,16.7877941130942,19.5758613502875,17.2646412023161,16.9459732891984,16.930103522555,19.0596668148591,14.3547826823985,10.0271688007994,9.71006725769753,20.357743891744,17.264047881688,13.7797243055179,17.9209887591158,14.3796114572053,10.5844208942408,18.0354568599227,21.6536194281343,11.0805005136683,21.0613098887059,15.5926194971453,16.4662756916874,19.0820965605666,17.0204824909941,18.0791055138499,20.1672083333147,18.2769107622533,19.3958062067928,19.4869871738473,19.9608318520879,19.8601834804871,21.8649562313988,18.573090416551,16.9941826576231,19.4781004711298,19.3652064610771,21.0613098887059,18.6197001619793,12.0258949924482,21.0613098887059,15.8367352334831,18.0791055138499,13.7797243055179,19.3805001347446,21.0613098887059,21.0613098887059,19.1794255557341,21.0613098887059,19.6785557099401,16.4537256793276,21.0613098887059,19.934312820739,21.0613098887059,19.3567270503476,19.582839865943,19.9431633709882,18.0791055138499,18.0791055138499,21.0613098887059,21.0613098887059,3.27655612619605,21.0613098887059,12.1056081519257,13.7797243055179,19.6110448485008,21.0613098887059,16.8333888417019,20.0053798783662,13.7797243055179,2.88663216182681,2.88029800908073,13.7797243055179,12.6870827557779,21.0613098887059,19.8169265812629,21.0613098887059,19.8524938157506,19.8545533251371,4.22736665659656,21.0613098887059,21.0613098887059,20.9369541150545,13.7797243055179,12.9304668787493,21.0613098887059,21.0613098887059,21.0613098887059,13.4070360235526,20.5277522323271,21.0613098887059,21.0613098887059,18.0791055138499,18.0791055138499,20.4065491437255,21.0613098887059,13.7797243055179,13.7797243055179,13.7797243055179,13.7797243055179,21.0613098887059,21.0613098887059,21.0613098887059,21.0613098887059,4.55197803805243,4.55197803805243,21.0613098887059,21.0613098887059,21.0613098887059,21.0613098887059,0,21.0613098887059,21.0613098887059,18.0791055138499,18.0791055138499,21.0613098887059,13.7797243055179,13.7797243055179,13.7797243055179,13.7797243055179,21.0613098887059,21.0613098887059,13.7797243055179,0.734150780213385,0.734150780213385,20.9634462252397,20.8177441793441,21.0613098887059,20.8170926944648,21.0613098887059,13.7797243055179,13.7797243055179,21.0613098887059,21.0613098887059,21.0613098887059,21.0613098887059,21.0613098887059,21.0613098887059,21.0613098887059,21.0613098887059,21.0613098887059,14.3547826823985,14.3547826823985,14.3547826823985,14.3547826823985,13.7797243055179,13.7797243055179,21.0613098887059,21.0613098887059,21.0613098887059,21.0613098887059,21.0613098887059,21.0613098887059,13.7797243055179,13.7797243055179,13.7797243055179,21.0613098887059,21.0613098887059,13.7797243055179,13.7797243055179
"t151",15.5370683219304,11.1144306720837,11.3113821489508,12.7206842283496,15.2238310625236,14.0865908979396,14.4698215853835,14.1779774323986,14.0702308659798,14.3592015173282,21.114739954394,11.4012316705556,12.27803011819,15.2074624146518,12.105083729435,6.32039596268387,17.6529520889549,15.6217566854116,16.38452125144,18.2158172109121,15.5087870433135,8.44170281768984,8.27215278128391,6.09671268190167,21.2864738112275,9.19000246527053,16.4039419893518,17.5344767055491,9.12983903316205,8.37663293633065,20.6842045064358,9.77549495137096,11.3310747099936,18.1076318873586,9.20182513160738,9.86021763328084,17.4974347781871,18.6927612727371,16.9166014420426,17.4996687736559,19.9041809217885,16.4299291516799,19.2179963888732,9.65594438537969,9.33727647226193,16.5722385611407,18.7018018534447,21.2864738112275,17.533918306509,17.2168167634071,11.53006176648,8.4363657564239,21.2864738112275,10.3122919421793,17.5869797545828,18.0911703999504,13.6294225700645,21.8787833506558,18.5872500193779,20.7034449272916,18.7999877945229,19.673643989065,10.2544144353026,20.2278507883716,21.2864738112275,15.7412101390934,13.850912568032,11.7871093898563,19.7121510963688,20.1859957746094,20.0853474030087,22.0901201539204,14.1670561266928,20.2015509550007,19.1202355097155,19.0073414996628,12.2336277634419,9.79201803671518,19.5326444981578,12.2336277634419,19.0441035308607,21.2864738112275,21.2864738112275,14.9545019405233,16.6353116944846,20.7034449272916,18.8215605943198,20.7034449272916,15.2525575157188,19.6610939767051,13.4526130717695,11.1066306954749,12.2336277634419,10.5290449250835,15.1768055760848,19.5852984095739,21.2864738112275,21.2864738112275,20.7034449272916,20.7034449272916,21.2864738112275,12.2336277634419,19.6123576576353,21.2864738112275,10.7833627232367,12.2336277634419,20.0407571390794,2.0908764117786,21.2864738112275,21.2864738112275,21.2864738112275,21.2864738112275,20.1938322614875,20.7034449272916,19.4590616198486,20.7034449272916,12.2437969988142,12.2458565082006,20.9618624297716,20.7034449272916,12.2336277634419,16.5309198251964,21.2864738112275,20.4372163844589,12.2336277634419,12.2336277634419,16.6552755988478,20.9137855292622,11.700070107063,12.2336277634419,12.2336277634419,21.2864738112275,21.2864738112275,16.0005148538673,16.6552755988478,21.2864738112275,21.2864738112275,21.2864738112275,21.2864738112275,16.6353116944846,16.6552755988478,16.6353116944846,16.6353116944846,21.2864738112275,21.2864738112275,12.2336277634419,12.2336277634419,16.6353116944846,16.6353116944846,21.0613098887059,0,0.955956183747109,21.2864738112275,21.2864738112275,12.2336277634419,21.2864738112275,21.2864738112275,21.2864738112275,21.2864738112275,20.7034449272916,20.7034449272916,21.2864738112275,21.2864738112275,21.2864738112275,20.6055812638254,16.411709889486,16.6552755988478,11.9894105692007,12.2336277634419,21.2864738112275,21.2864738112275,16.6552755988478,16.6552755988478,16.6552755988478,16.6552755988478,20.7034449272916,20.7034449272916,12.2336277634419,16.6552755988478,16.6552755988478,21.2864738112275,21.2864738112275,21.2864738112275,21.2864738112275,21.2864738112275,21.2864738112275,16.6552755988478,16.6552755988478,20.7034449272916,20.7034449272916,12.2336277634419,12.2336277634419,21.2864738112275,21.2864738112275,21.2864738112275,12.2336277634419,12.2336277634419,21.2864738112275,21.2864738112275
"t152",15.5370683219304,11.1144306720837,11.3113821489508,12.7206842283496,15.2238310625236,14.0865908979396,14.4698215853835,14.1779774323986,14.0702308659798,14.3592015173282,21.114739954394,11.4012316705556,12.27803011819,15.2074624146518,12.105083729435,6.32039596268387,17.6529520889549,15.6217566854116,16.38452125144,18.2158172109121,15.5087870433135,8.44170281768984,8.27215278128391,6.09671268190167,21.2864738112275,9.19000246527053,16.4039419893518,17.5344767055491,9.12983903316205,8.37663293633065,20.6842045064358,9.77549495137096,11.3310747099936,18.1076318873586,9.20182513160738,9.86021763328084,17.4974347781871,18.6927612727371,16.9166014420426,17.4996687736559,19.9041809217885,16.4299291516799,19.2179963888732,9.65594438537969,9.33727647226193,16.5722385611407,18.7018018534447,21.2864738112275,17.533918306509,17.2168167634071,11.53006176648,8.4363657564239,21.2864738112275,10.3122919421793,17.5869797545828,18.0911703999504,13.6294225700645,21.8787833506558,18.5872500193779,20.7034449272916,18.7999877945229,19.673643989065,10.2544144353026,20.2278507883716,21.2864738112275,15.7412101390934,13.850912568032,11.7871093898563,19.7121510963688,20.1859957746094,20.0853474030087,22.0901201539204,14.1670561266928,20.2015509550007,19.1202355097155,19.0073414996628,12.2336277634419,9.79201803671518,19.5326444981578,12.2336277634419,19.0441035308607,21.2864738112275,21.2864738112275,14.9545019405233,16.6353116944846,20.7034449272916,18.8215605943198,20.7034449272916,15.2525575157188,19.6610939767051,13.4526130717695,11.1066306954749,12.2336277634419,10.5290449250835,15.1768055760848,19.5852984095739,21.2864738112275,21.2864738112275,20.7034449272916,20.7034449272916,21.2864738112275,12.2336277634419,19.6123576576353,21.2864738112275,10.7833627232367,12.2336277634419,20.0407571390794,2.0908764117786,21.2864738112275,21.2864738112275,21.2864738112275,21.2864738112275,20.1938322614875,20.7034449272916,19.4590616198486,20.7034449272916,12.2437969988142,12.2458565082006,20.9618624297716,20.7034449272916,12.2336277634419,16.5309198251964,21.2864738112275,20.4372163844589,12.2336277634419,12.2336277634419,16.6552755988478,20.9137855292622,11.700070107063,12.2336277634419,12.2336277634419,21.2864738112275,21.2864738112275,16.0005148538673,16.6552755988478,21.2864738112275,21.2864738112275,21.2864738112275,21.2864738112275,16.6353116944846,16.6552755988478,16.6353116944846,16.6353116944846,21.2864738112275,21.2864738112275,12.2336277634419,12.2336277634419,16.6353116944846,16.6353116944846,21.0613098887059,0.955956183747109,0,21.2864738112275,21.2864738112275,12.2336277634419,21.2864738112275,21.2864738112275,21.2864738112275,21.2864738112275,20.7034449272916,20.7034449272916,21.2864738112275,21.2864738112275,21.2864738112275,20.6055812638254,16.411709889486,16.6552755988478,11.9894105692007,12.2336277634419,21.2864738112275,21.2864738112275,16.6552755988478,16.6552755988478,16.6552755988478,16.6552755988478,20.7034449272916,20.7034449272916,12.2336277634419,16.6552755988478,16.6552755988478,21.2864738112275,21.2864738112275,21.2864738112275,21.2864738112275,21.2864738112275,21.2864738112275,16.6552755988478,16.6552755988478,20.7034449272916,20.7034449272916,12.2336277634419,12.2336277634419,21.2864738112275,21.2864738112275,21.2864738112275,12.2336277634419,12.2336277634419,21.2864738112275,21.2864738112275
"t153",15.5370683219304,11.6974595560195,12.3178292932185,12.7206842283496,15.8068599464594,8.26904456638298,15.0528504693194,14.7610063163345,7.74172480546404,11.3769971424722,18.132535579538,15.1530096140703,16.0298080617046,15.7904912985876,16.7562458461778,16.3406048334879,17.6529520889549,16.2047855693474,16.9675501353759,15.2336128360561,16.0918159272493,17.4945488654755,16.1060135207419,16.945061082381,18.3042694363715,17.0238632047285,16.9869708732877,14.5522723306931,16.96369977262,17.4294789841163,21.2672333903716,17.6093556908289,19.1649354494516,18.6906607712945,18.254671179393,17.6940783727388,18.080463662123,15.7105568978811,13.9343970671866,14.5174643987999,20.4872098057244,17.0129580356157,19.8010252728091,17.4898051248377,17.1711372117199,17.1552674450765,19.2848307373806,18.3042694363715,14.551713931653,14.2346123885511,20.5829078142656,17.4892118042095,18.3042694363715,18.1461526816373,4.17422445163083,15.1089660250944,18.2606207824442,21.8787833506558,15.6050456445219,21.2864738112275,5.25865785190277,6.13231404644486,19.3072604830882,7.28334506938341,8.34196809223925,20.3923722558362,18.5020746847749,19.6209701293143,19.7121510963688,20.1859957746094,20.0853474030087,22.0901201539204,18.7982543390725,4.40288909312672,19.7032643936513,19.5903703835987,21.2864738112275,18.8448640845008,16.5504401233018,21.2864738112275,5.12297590642242,7.36534618678922,18.3042694363715,19.6056640572661,21.2864738112275,21.2864738112275,19.4045894782556,21.2864738112275,19.9037196324616,7.48493355507865,21.2864738112275,20.1594767432605,21.2864738112275,19.5818909728691,19.8080037884645,20.1683272935098,9.110313389601,9.110313389601,21.2864738112275,21.2864738112275,18.3042694363715,21.2864738112275,16.6301532827793,18.3042694363715,19.8362087710223,21.2864738112275,6.49942719645932,20.2305438008877,18.3042694363715,18.3042694363715,18.3042694363715,18.3042694363715,17.2116278866315,21.2864738112275,20.0420905037844,21.2864738112275,20.0776577382722,20.0797172476586,17.9796580549156,21.2864738112275,21.2864738112275,21.1621180375761,18.3042694363715,17.4550120096029,21.2864738112275,21.2864738112275,21.2864738112275,17.9315811544062,20.7529161548486,21.2864738112275,21.2864738112275,7.74514386860736,7.74514386860736,20.631713066247,21.2864738112275,18.3042694363715,18.3042694363715,18.3042694363715,18.3042694363715,21.2864738112275,21.2864738112275,21.2864738112275,21.2864738112275,18.3042694363715,18.3042694363715,21.2864738112275,21.2864738112275,21.2864738112275,21.2864738112275,18.0791055138499,21.2864738112275,21.2864738112275,0,0.949229872199341,21.2864738112275,18.3042694363715,18.3042694363715,18.3042694363715,18.3042694363715,21.2864738112275,21.2864738112275,18.3042694363715,18.3042694363715,18.3042694363715,21.1886101477612,21.0429081018657,21.2864738112275,21.0422566169863,21.2864738112275,18.3042694363715,18.3042694363715,21.2864738112275,21.2864738112275,21.2864738112275,21.2864738112275,21.2864738112275,21.2864738112275,21.2864738112275,21.2864738112275,21.2864738112275,18.3042694363715,18.3042694363715,18.3042694363715,18.3042694363715,18.3042694363715,18.3042694363715,21.2864738112275,21.2864738112275,21.2864738112275,21.2864738112275,21.2864738112275,21.2864738112275,18.3042694363715,18.3042694363715,18.3042694363715,21.2864738112275,21.2864738112275,18.3042694363715,18.3042694363715
"t154",15.5370683219304,11.6974595560195,12.3178292932185,12.7206842283496,15.8068599464594,8.26904456638298,15.0528504693194,14.7610063163345,7.74172480546404,11.3769971424722,18.132535579538,15.1530096140703,16.0298080617046,15.7904912985876,16.7562458461778,16.3406048334879,17.6529520889549,16.2047855693474,16.9675501353759,15.2336128360561,16.0918159272493,17.4945488654755,16.1060135207419,16.945061082381,18.3042694363715,17.0238632047285,16.9869708732877,14.5522723306931,16.96369977262,17.4294789841163,21.2672333903716,17.6093556908289,19.1649354494516,18.6906607712945,18.254671179393,17.6940783727388,18.080463662123,15.7105568978811,13.9343970671866,14.5174643987999,20.4872098057244,17.0129580356157,19.8010252728091,17.4898051248377,17.1711372117199,17.1552674450765,19.2848307373806,18.3042694363715,14.551713931653,14.2346123885511,20.5829078142656,17.4892118042095,18.3042694363715,18.1461526816373,4.17422445163083,15.1089660250944,18.2606207824442,21.8787833506558,15.6050456445219,21.2864738112275,5.25865785190277,6.13231404644486,19.3072604830882,7.28334506938341,8.34196809223925,20.3923722558362,18.5020746847749,19.6209701293143,19.7121510963688,20.1859957746094,20.0853474030087,22.0901201539204,18.7982543390725,4.40288909312672,19.7032643936513,19.5903703835987,21.2864738112275,18.8448640845008,16.5504401233018,21.2864738112275,5.12297590642242,7.36534618678922,18.3042694363715,19.6056640572661,21.2864738112275,21.2864738112275,19.4045894782556,21.2864738112275,19.9037196324616,7.48493355507865,21.2864738112275,20.1594767432605,21.2864738112275,19.5818909728691,19.8080037884645,20.1683272935098,9.110313389601,9.110313389601,21.2864738112275,21.2864738112275,18.3042694363715,21.2864738112275,16.6301532827793,18.3042694363715,19.8362087710223,21.2864738112275,6.49942719645932,20.2305438008877,18.3042694363715,18.3042694363715,18.3042694363715,18.3042694363715,17.2116278866315,21.2864738112275,20.0420905037844,21.2864738112275,20.0776577382722,20.0797172476586,17.9796580549156,21.2864738112275,21.2864738112275,21.1621180375761,18.3042694363715,17.4550120096029,21.2864738112275,21.2864738112275,21.2864738112275,17.9315811544062,20.7529161548486,21.2864738112275,21.2864738112275,7.74514386860736,7.74514386860736,20.631713066247,21.2864738112275,18.3042694363715,18.3042694363715,18.3042694363715,18.3042694363715,21.2864738112275,21.2864738112275,21.2864738112275,21.2864738112275,18.3042694363715,18.3042694363715,21.2864738112275,21.2864738112275,21.2864738112275,21.2864738112275,18.0791055138499,21.2864738112275,21.2864738112275,0.949229872199341,0,21.2864738112275,18.3042694363715,18.3042694363715,18.3042694363715,18.3042694363715,21.2864738112275,21.2864738112275,18.3042694363715,18.3042694363715,18.3042694363715,21.1886101477612,21.0429081018657,21.2864738112275,21.0422566169863,21.2864738112275,18.3042694363715,18.3042694363715,21.2864738112275,21.2864738112275,21.2864738112275,21.2864738112275,21.2864738112275,21.2864738112275,21.2864738112275,21.2864738112275,21.2864738112275,18.3042694363715,18.3042694363715,18.3042694363715,18.3042694363715,18.3042694363715,18.3042694363715,21.2864738112275,21.2864738112275,21.2864738112275,21.2864738112275,21.2864738112275,21.2864738112275,18.3042694363715,18.3042694363715,18.3042694363715,21.2864738112275,21.2864738112275,18.3042694363715,18.3042694363715
"t155",15.5370683219304,11.1144306720837,11.3113821489508,12.7206842283496,15.2238310625236,14.0865908979396,14.4698215853835,14.1779774323986,14.0702308659798,14.3592015173282,21.114739954394,11.4012316705556,12.27803011819,15.2074624146518,12.105083729435,7.28775878570225,17.6529520889549,15.6217566854116,16.38452125144,18.2158172109121,15.5087870433135,6.81558605656234,8.27215278128391,7.89221503459543,21.2864738112275,9.19000246527053,16.4039419893518,17.5344767055491,9.12983903316205,7.59903968875938,20.6842045064358,9.77549495137096,11.3310747099936,18.1076318873586,8.42423188403611,9.86021763328083,17.4974347781871,18.6927612727371,16.9166014420426,17.4996687736559,19.9041809217885,16.4299291516799,19.2179963888732,9.65594438537969,9.33727647226193,16.5722385611407,18.7018018534447,21.2864738112275,17.533918306509,17.2168167634071,10.7524685189087,7.65877250885263,21.2864738112275,10.3122919421793,17.5869797545828,18.0911703999504,13.6294225700645,21.8787833506558,18.5872500193779,20.7034449272916,18.7999877945229,19.673643989065,7.95613223772876,20.2278507883716,21.2864738112275,15.7412101390934,13.850912568032,11.7871093898563,19.7121510963688,20.1859957746094,20.0853474030087,22.0901201539204,14.1670561266928,20.2015509550007,19.1202355097155,19.0073414996628,8.93903179956551,6.49742207283884,19.5326444981578,9.93534556586805,19.0441035308607,21.2864738112275,21.2864738112275,14.9545019405233,16.6353116944846,20.7034449272916,18.8215605943198,20.7034449272916,15.2525575157188,19.6610939767051,13.4526130717695,8.84943343677361,9.97643050474053,8.27184766638216,15.1768055760848,19.5852984095739,21.2864738112275,21.2864738112275,20.7034449272916,20.7034449272916,21.2864738112275,3.41175475674243,19.6123576576353,21.2864738112275,8.52616546453537,9.97643050474053,20.0407571390794,11.1776977531021,21.2864738112275,21.2864738112275,21.2864738112275,21.2864738112275,20.1938322614875,20.7034449272916,19.4590616198486,20.7034449272916,12.2437969988142,12.2458565082006,20.9618624297716,20.7034449272916,9.97643050474053,16.5309198251964,21.2864738112275,20.4372163844589,9.93534556586805,9.93534556586805,16.6552755988478,20.9137855292622,9.4428728483617,9.97643050474053,9.93534556586805,21.2864738112275,21.2864738112275,16.0005148538673,16.6552755988478,21.2864738112275,21.2864738112275,21.2864738112275,21.2864738112275,16.6353116944846,16.6552755988478,16.6353116944846,16.6353116944846,21.2864738112275,21.2864738112275,4.0600018530832,4.0600018530832,16.6353116944846,16.6353116944846,21.0613098887059,12.2336277634419,12.2336277634419,21.2864738112275,21.2864738112275,0,21.2864738112275,21.2864738112275,21.2864738112275,21.2864738112275,20.7034449272916,20.7034449272916,21.2864738112275,21.2864738112275,21.2864738112275,20.6055812638254,16.411709889486,16.6552755988478,9.69112837162692,9.93534556586805,21.2864738112275,21.2864738112275,16.6552755988478,16.6552755988478,16.6552755988478,16.6552755988478,20.7034449272916,20.7034449272916,9.93534556586805,16.6552755988478,16.6552755988478,21.2864738112275,21.2864738112275,21.2864738112275,21.2864738112275,21.2864738112275,21.2864738112275,16.6552755988478,16.6552755988478,20.7034449272916,20.7034449272916,0.930524581812477,0.930524581812477,21.2864738112275,21.2864738112275,21.2864738112275,9.93534556586805,9.93534556586805,21.2864738112275,21.2864738112275
"t156",15.5370683219304,11.6974595560195,12.3178292932185,12.7206842283496,15.8068599464594,11.1043865230836,15.0528504693194,14.7610063163345,11.0880264911238,8.00226547566699,14.7578039127328,15.1530096140702,16.0298080617046,15.7904912985876,16.7562458461778,16.3406048334879,17.6529520889549,16.2047855693474,16.9675501353759,8.33620603826011,16.0918159272493,17.4945488654755,16.1060135207419,16.945061082381,10.3929704207208,17.0238632047285,16.9869708732877,5.85602179900669,16.96369977262,17.4294789841163,21.2672333903716,17.6093556908289,19.1649354494516,18.6906607712945,18.254671179393,17.6940783727388,18.080463662123,8.81315010008519,5.23814653550016,5.82121386711355,20.4872098057244,17.0129580356157,19.8010252728091,17.4898051248377,17.1711372117199,17.1552674450765,19.2848307373806,14.5799466049201,7.65430713385703,7.33720559075519,20.5829078142656,17.4892118042095,8.29465291948606,18.1461526816373,14.6047753797268,7.17479005113985,18.2606207824442,21.8787833506558,5.59542912763655,21.2864738112275,15.8177834196669,16.691439614209,19.3072604830882,17.2456464135156,18.3042694363715,20.3923722558362,18.5020746847749,19.6209701293143,19.7121510963688,20.1859957746094,20.0853474030087,22.0901201539204,18.7982543390725,17.2193465801447,19.7032643936513,19.5903703835987,21.2864738112275,18.8448640845008,3.29862573002248,21.2864738112275,16.0618991560047,18.3042694363715,4.73657305442757,19.6056640572661,21.2864738112275,21.2864738112275,19.4045894782556,21.2864738112275,19.9037196324616,16.6788896018491,21.2864738112275,20.1594767432605,21.2864738112275,19.5818909728691,19.8080037884645,20.1683272935097,18.3042694363715,18.3042694363715,21.2864738112275,21.2864738112275,14.0048882280394,21.2864738112275,8.95240836137858,10.6265245149707,19.8362087710223,21.2864738112275,17.0585527642234,20.2305438008877,3.13924873895637,14.0048882280394,14.0048882280394,8.29465291948606,7.20201136974608,21.2864738112275,20.0420905037844,21.2864738112275,20.0776577382722,20.0797172476586,13.6802768465835,21.2864738112275,21.2864738112275,21.1621180375761,10.3700934624169,1.3055291976273,21.2864738112275,21.2864738112275,21.2864738112275,9.99740518045164,20.7529161548486,21.2864738112275,21.2864738112275,18.3042694363715,18.3042694363715,20.631713066247,21.2864738112275,8.29465291948606,8.29465291948606,4.20402489361373,4.20402489361373,21.2864738112275,21.2864738112275,21.2864738112275,21.2864738112275,14.0048882280394,14.0048882280394,21.2864738112275,21.2864738112275,21.2864738112275,21.2864738112275,13.7797243055179,21.2864738112275,21.2864738112275,18.3042694363715,18.3042694363715,21.2864738112275,0,0.902011574720207,10.3700934624169,10.3700934624169,21.2864738112275,21.2864738112275,4.20402489361373,14.0048882280394,14.0048882280394,21.1886101477612,21.0429081018657,21.2864738112275,21.0422566169863,21.2864738112275,2.15478662439587,2.15478662439587,21.2864738112275,21.2864738112275,21.2864738112275,21.2864738112275,21.2864738112275,21.2864738112275,21.2864738112275,21.2864738112275,21.2864738112275,14.5799466049201,14.5799466049201,14.5799466049201,14.5799466049201,10.3700934624169,10.3700934624169,21.2864738112275,21.2864738112275,21.2864738112275,21.2864738112275,21.2864738112275,21.2864738112275,4.20402489361373,4.20402489361373,4.20402489361373,21.2864738112275,21.2864738112275,4.20402489361373,4.20402489361373
"t157",15.5370683219304,11.6974595560195,12.3178292932185,12.7206842283496,15.8068599464594,11.1043865230836,15.0528504693194,14.7610063163345,11.0880264911238,8.00226547566699,14.7578039127328,15.1530096140702,16.0298080617046,15.7904912985876,16.7562458461778,16.3406048334879,17.6529520889549,16.2047855693474,16.9675501353759,8.33620603826011,16.0918159272493,17.4945488654755,16.1060135207419,16.945061082381,10.3929704207208,17.0238632047285,16.9869708732877,5.85602179900669,16.96369977262,17.4294789841163,21.2672333903716,17.6093556908289,19.1649354494516,18.6906607712945,18.254671179393,17.6940783727388,18.080463662123,8.81315010008519,5.23814653550016,5.82121386711355,20.4872098057244,17.0129580356157,19.8010252728091,17.4898051248377,17.1711372117199,17.1552674450765,19.2848307373806,14.5799466049201,7.65430713385703,7.33720559075519,20.5829078142656,17.4892118042095,8.29465291948606,18.1461526816373,14.6047753797268,7.17479005113985,18.2606207824442,21.8787833506558,5.59542912763655,21.2864738112275,15.8177834196669,16.691439614209,19.3072604830882,17.2456464135156,18.3042694363715,20.3923722558362,18.5020746847749,19.6209701293143,19.7121510963688,20.1859957746094,20.0853474030087,22.0901201539204,18.7982543390725,17.2193465801447,19.7032643936513,19.5903703835987,21.2864738112275,18.8448640845008,3.29862573002248,21.2864738112275,16.0618991560047,18.3042694363715,4.73657305442757,19.6056640572661,21.2864738112275,21.2864738112275,19.4045894782556,21.2864738112275,19.9037196324616,16.6788896018491,21.2864738112275,20.1594767432605,21.2864738112275,19.5818909728691,19.8080037884645,20.1683272935097,18.3042694363715,18.3042694363715,21.2864738112275,21.2864738112275,14.0048882280394,21.2864738112275,8.95240836137858,10.6265245149707,19.8362087710223,21.2864738112275,17.0585527642234,20.2305438008877,3.13924873895637,14.0048882280394,14.0048882280394,8.29465291948606,7.20201136974608,21.2864738112275,20.0420905037844,21.2864738112275,20.0776577382722,20.0797172476586,13.6802768465835,21.2864738112275,21.2864738112275,21.1621180375761,10.3700934624169,1.3055291976273,21.2864738112275,21.2864738112275,21.2864738112275,9.99740518045164,20.7529161548486,21.2864738112275,21.2864738112275,18.3042694363715,18.3042694363715,20.631713066247,21.2864738112275,8.29465291948606,8.29465291948606,4.20402489361373,4.20402489361373,21.2864738112275,21.2864738112275,21.2864738112275,21.2864738112275,14.0048882280394,14.0048882280394,21.2864738112275,21.2864738112275,21.2864738112275,21.2864738112275,13.7797243055179,21.2864738112275,21.2864738112275,18.3042694363715,18.3042694363715,21.2864738112275,0.902011574720207,0,10.3700934624169,10.3700934624169,21.2864738112275,21.2864738112275,4.20402489361373,14.0048882280394,14.0048882280394,21.1886101477612,21.0429081018657,21.2864738112275,21.0422566169863,21.2864738112275,2.15478662439587,2.15478662439587,21.2864738112275,21.2864738112275,21.2864738112275,21.2864738112275,21.2864738112275,21.2864738112275,21.2864738112275,21.2864738112275,21.2864738112275,14.5799466049201,14.5799466049201,14.5799466049201,14.5799466049201,10.3700934624169,10.3700934624169,21.2864738112275,21.2864738112275,21.2864738112275,21.2864738112275,21.2864738112275,21.2864738112275,4.20402489361373,4.20402489361373,4.20402489361373,21.2864738112275,21.2864738112275,4.20402489361373,4.20402489361373
"t158",15.5370683219304,11.6974595560195,12.3178292932185,12.7206842283496,15.8068599464594,11.1043865230836,15.0528504693194,14.7610063163345,11.0880264911238,8.00226547566699,14.7578039127328,15.1530096140703,16.0298080617046,15.7904912985876,16.7562458461778,16.3406048334879,17.6529520889549,16.2047855693474,16.9675501353759,8.33620603826011,16.0918159272493,17.4945488654755,16.1060135207419,16.945061082381,10.3929704207208,17.0238632047285,16.9869708732877,6.61809635673856,16.96369977262,17.4294789841163,21.2672333903716,17.6093556908289,19.1649354494516,18.6906607712945,18.254671179393,17.6940783727388,18.080463662123,8.81315010008519,6.00022109323203,6.58328842484542,20.4872098057244,17.0129580356157,19.8010252728091,17.4898051248377,17.1711372117199,17.1552674450765,19.2848307373806,14.5799466049201,7.65430713385702,7.33720559075519,20.5829078142656,17.4892118042095,10.3700934624169,18.1461526816373,14.6047753797268,4.39705967571433,18.2606207824442,21.8787833506558,7.67086967056742,21.2864738112275,15.8177834196669,16.691439614209,19.3072604830882,17.2456464135156,18.3042694363715,20.3923722558362,18.5020746847749,19.6209701293143,19.7121510963688,20.1859957746094,20.0853474030087,22.0901201539204,18.7982543390725,17.2193465801447,19.7032643936513,19.5903703835987,21.2864738112275,18.8448640845008,8.61626414934731,21.2864738112275,16.0618991560047,18.3042694363715,10.3700934624169,19.6056640572661,21.2864738112275,21.2864738112275,19.4045894782556,21.2864738112275,19.9037196324616,16.6788896018491,21.2864738112275,20.1594767432605,21.2864738112275,19.5818909728691,19.8080037884645,20.1683272935098,18.3042694363715,18.3042694363715,21.2864738112275,21.2864738112275,14.0048882280394,21.2864738112275,8.95240836137858,10.6265245149707,19.8362087710223,21.2864738112275,17.0585527642234,20.2305438008877,10.3700934624169,14.0048882280394,14.0048882280394,10.3700934624169,9.27745191267696,21.2864738112275,20.0420905037844,21.2864738112275,20.0776577382722,20.0797172476586,13.6802768465835,21.2864738112275,21.2864738112275,21.1621180375761,1.89904849970632,9.52083603564837,21.2864738112275,21.2864738112275,21.2864738112275,5.57953522365792,20.7529161548486,21.2864738112275,21.2864738112275,18.3042694363715,18.3042694363715,20.631713066247,21.2864738112275,10.3700934624169,10.3700934624169,10.3700934624169,10.3700934624169,21.2864738112275,21.2864738112275,21.2864738112275,21.2864738112275,14.0048882280394,14.0048882280394,21.2864738112275,21.2864738112275,21.2864738112275,21.2864738112275,13.7797243055179,21.2864738112275,21.2864738112275,18.3042694363715,18.3042694363715,21.2864738112275,10.3700934624169,10.3700934624169,0,0.868182962682982,21.2864738112275,21.2864738112275,10.3700934624169,14.0048882280394,14.0048882280394,21.1886101477612,21.0429081018657,21.2864738112275,21.0422566169863,21.2864738112275,10.3700934624169,10.3700934624169,21.2864738112275,21.2864738112275,21.2864738112275,21.2864738112275,21.2864738112275,21.2864738112275,21.2864738112275,21.2864738112275,21.2864738112275,14.5799466049201,14.5799466049201,14.5799466049201,14.5799466049201,5.95222350562322,5.95222350562322,21.2864738112275,21.2864738112275,21.2864738112275,21.2864738112275,21.2864738112275,21.2864738112275,10.3700934624169,10.3700934624169,10.3700934624169,21.2864738112275,21.2864738112275,10.3700934624169,10.3700934624169
"t159",15.5370683219304,11.6974595560195,12.3178292932185,12.7206842283496,15.8068599464594,11.1043865230836,15.0528504693194,14.7610063163345,11.0880264911238,8.00226547566699,14.7578039127328,15.1530096140703,16.0298080617046,15.7904912985876,16.7562458461778,16.3406048334879,17.6529520889549,16.2047855693474,16.9675501353759,8.33620603826011,16.0918159272493,17.4945488654755,16.1060135207419,16.945061082381,10.3929704207208,17.0238632047285,16.9869708732877,6.61809635673856,16.96369977262,17.4294789841163,21.2672333903716,17.6093556908289,19.1649354494516,18.6906607712945,18.254671179393,17.6940783727388,18.080463662123,8.81315010008519,6.00022109323203,6.58328842484542,20.4872098057244,17.0129580356157,19.8010252728091,17.4898051248377,17.1711372117199,17.1552674450765,19.2848307373806,14.5799466049201,7.65430713385702,7.33720559075519,20.5829078142656,17.4892118042095,10.3700934624169,18.1461526816373,14.6047753797268,4.39705967571433,18.2606207824442,21.8787833506558,7.67086967056742,21.2864738112275,15.8177834196669,16.691439614209,19.3072604830882,17.2456464135156,18.3042694363715,20.3923722558362,18.5020746847749,19.6209701293143,19.7121510963688,20.1859957746094,20.0853474030087,22.0901201539204,18.7982543390725,17.2193465801447,19.7032643936513,19.5903703835987,21.2864738112275,18.8448640845008,8.61626414934731,21.2864738112275,16.0618991560047,18.3042694363715,10.3700934624169,19.6056640572661,21.2864738112275,21.2864738112275,19.4045894782556,21.2864738112275,19.9037196324616,16.6788896018491,21.2864738112275,20.1594767432605,21.2864738112275,19.5818909728691,19.8080037884645,20.1683272935098,18.3042694363715,18.3042694363715,21.2864738112275,21.2864738112275,14.0048882280394,21.2864738112275,8.95240836137858,10.6265245149707,19.8362087710223,21.2864738112275,17.0585527642234,20.2305438008877,10.3700934624169,14.0048882280394,14.0048882280394,10.3700934624169,9.27745191267696,21.2864738112275,20.0420905037844,21.2864738112275,20.0776577382722,20.0797172476586,13.6802768465835,21.2864738112275,21.2864738112275,21.1621180375761,1.89904849970632,9.52083603564837,21.2864738112275,21.2864738112275,21.2864738112275,5.57953522365792,20.7529161548486,21.2864738112275,21.2864738112275,18.3042694363715,18.3042694363715,20.631713066247,21.2864738112275,10.3700934624169,10.3700934624169,10.3700934624169,10.3700934624169,21.2864738112275,21.2864738112275,21.2864738112275,21.2864738112275,14.0048882280394,14.0048882280394,21.2864738112275,21.2864738112275,21.2864738112275,21.2864738112275,13.7797243055179,21.2864738112275,21.2864738112275,18.3042694363715,18.3042694363715,21.2864738112275,10.3700934624169,10.3700934624169,0.868182962682982,0,21.2864738112275,21.2864738112275,10.3700934624169,14.0048882280394,14.0048882280394,21.1886101477612,21.0429081018657,21.2864738112275,21.0422566169863,21.2864738112275,10.3700934624169,10.3700934624169,21.2864738112275,21.2864738112275,21.2864738112275,21.2864738112275,21.2864738112275,21.2864738112275,21.2864738112275,21.2864738112275,21.2864738112275,14.5799466049201,14.5799466049201,14.5799466049201,14.5799466049201,5.95222350562322,5.95222350562322,21.2864738112275,21.2864738112275,21.2864738112275,21.2864738112275,21.2864738112275,21.2864738112275,10.3700934624169,10.3700934624169,10.3700934624169,21.2864738112275,21.2864738112275,10.3700934624169,10.3700934624169
"t160",15.5370683219304,10.8161764735482,11.7348004092827,12.7206842283496,12.5458315766036,14.0865908979396,12.3116948346827,12.0198506816978,14.0702308659798,14.3592015173282,21.114739954394,14.5699807301344,15.4467791777688,8.20154379865869,16.173216962242,15.757575949552,17.6529520889549,8.61583806941847,7.83812916863527,18.2158172109121,5.42568045107021,16.9115199815396,15.522984636806,16.3620321984452,21.2864738112275,16.4408343207927,5.35232944256216,17.5344767055491,16.3806708886842,16.8464501001804,9.4288473091009,17.0263268068931,18.5819065655157,6.80030619648072,17.6716422954571,17.111049488803,8.95104269538239,18.6927612727371,16.9166014420426,17.4996687736559,9.80064756501291,6.32639579490429,10.6716043060685,16.9067762409018,16.5881083277841,9.56631994514758,11.6958832374517,21.2864738112275,17.533918306509,17.2168167634071,19.9998789303297,16.9061829202737,21.2864738112275,17.5631237977015,17.5869797545828,18.0911703999504,17.6775918985083,21.8787833506558,18.5872500193779,12.1570528444869,18.7999877945229,19.673643989065,18.7242315991523,20.2278507883716,21.2864738112275,19.8093433719004,17.919045800839,19.0379412453785,19.7121510963688,20.1859957746094,20.0853474030087,22.0901201539204,18.2152254551366,20.2015509550007,10.5738434269107,10.4609494168581,20.7034449272916,18.2618352005649,19.5326444981578,20.7034449272916,19.0441035308607,21.2864738112275,21.2864738112275,19.0226351733303,20.7034449272916,4.47004535321979,10.275168511515,12.1570528444869,19.3206907485258,19.6610939767051,20.7034449272916,19.5764478593247,20.7034449272916,18.9988620889333,19.2249749045287,3.52010064393827,21.2864738112275,21.2864738112275,11.4561194519957,11.4561194519957,21.2864738112275,20.7034449272916,19.6123576576353,21.2864738112275,19.2531798870865,20.7034449272916,20.0407571390794,19.6475149169518,21.2864738112275,21.2864738112275,21.2864738112275,21.2864738112275,20.1938322614875,4.63824716165598,3.39386385421293,2.80333802246173,19.4946288543363,19.4966883637228,20.9618624297716,2.11510113637097,20.7034449272916,20.5790891536402,21.2864738112275,20.4372163844589,20.7034449272916,20.7034449272916,20.7034449272916,20.9137855292622,20.1698872709128,20.7034449272916,20.7034449272916,21.2864738112275,21.2864738112275,20.0486841823112,20.7034449272916,21.2864738112275,21.2864738112275,21.2864738112275,21.2864738112275,20.7034449272916,20.7034449272916,20.7034449272916,20.7034449272916,21.2864738112275,21.2864738112275,20.7034449272916,20.7034449272916,20.7034449272916,20.7034449272916,21.0613098887059,20.7034449272916,20.7034449272916,21.2864738112275,21.2864738112275,20.7034449272916,21.2864738112275,21.2864738112275,21.2864738112275,21.2864738112275,0,0.780746308277181,21.2864738112275,21.2864738112275,21.2864738112275,1.90808215979558,20.4598792179298,20.7034449272916,20.4592277330505,20.7034449272916,21.2864738112275,21.2864738112275,20.7034449272916,20.7034449272916,20.7034449272916,20.7034449272916,4.15029355483887,4.15029355483887,20.7034449272916,20.7034449272916,20.7034449272916,21.2864738112275,21.2864738112275,21.2864738112275,21.2864738112275,21.2864738112275,21.2864738112275,20.7034449272916,20.7034449272916,2.00594582326184,2.00594582326184,20.7034449272916,20.7034449272916,21.2864738112275,21.2864738112275,21.2864738112275,20.7034449272916,20.7034449272916,21.2864738112275,21.2864738112275
"t161",15.5370683219304,10.8161764735482,11.7348004092827,12.7206842283496,12.5458315766036,14.0865908979396,12.3116948346827,12.0198506816978,14.0702308659798,14.3592015173282,21.114739954394,14.5699807301344,15.4467791777688,8.20154379865869,16.173216962242,15.757575949552,17.6529520889549,8.61583806941847,7.83812916863527,18.2158172109121,5.42568045107021,16.9115199815396,15.522984636806,16.3620321984452,21.2864738112275,16.4408343207927,5.35232944256216,17.5344767055491,16.3806708886842,16.8464501001804,9.4288473091009,17.0263268068931,18.5819065655157,6.80030619648072,17.6716422954571,17.111049488803,8.95104269538239,18.6927612727371,16.9166014420426,17.4996687736559,9.80064756501291,6.32639579490429,10.6716043060685,16.9067762409018,16.5881083277841,9.56631994514758,11.6958832374517,21.2864738112275,17.533918306509,17.2168167634071,19.9998789303297,16.9061829202737,21.2864738112275,17.5631237977015,17.5869797545828,18.0911703999504,17.6775918985083,21.8787833506558,18.5872500193779,12.1570528444869,18.7999877945229,19.673643989065,18.7242315991523,20.2278507883716,21.2864738112275,19.8093433719004,17.919045800839,19.0379412453785,19.7121510963688,20.1859957746094,20.0853474030087,22.0901201539204,18.2152254551366,20.2015509550007,10.5738434269107,10.4609494168581,20.7034449272916,18.2618352005649,19.5326444981578,20.7034449272916,19.0441035308607,21.2864738112275,21.2864738112275,19.0226351733303,20.7034449272916,4.47004535321979,10.275168511515,12.1570528444869,19.3206907485258,19.6610939767051,20.7034449272916,19.5764478593247,20.7034449272916,18.9988620889333,19.2249749045287,3.52010064393827,21.2864738112275,21.2864738112275,11.4561194519957,11.4561194519957,21.2864738112275,20.7034449272916,19.6123576576353,21.2864738112275,19.2531798870865,20.7034449272916,20.0407571390794,19.6475149169518,21.2864738112275,21.2864738112275,21.2864738112275,21.2864738112275,20.1938322614875,4.63824716165598,3.39386385421293,2.80333802246173,19.4946288543363,19.4966883637228,20.9618624297716,2.11510113637097,20.7034449272916,20.5790891536402,21.2864738112275,20.4372163844589,20.7034449272916,20.7034449272916,20.7034449272916,20.9137855292622,20.1698872709128,20.7034449272916,20.7034449272916,21.2864738112275,21.2864738112275,20.0486841823112,20.7034449272916,21.2864738112275,21.2864738112275,21.2864738112275,21.2864738112275,20.7034449272916,20.7034449272916,20.7034449272916,20.7034449272916,21.2864738112275,21.2864738112275,20.7034449272916,20.7034449272916,20.7034449272916,20.7034449272916,21.0613098887059,20.7034449272916,20.7034449272916,21.2864738112275,21.2864738112275,20.7034449272916,21.2864738112275,21.2864738112275,21.2864738112275,21.2864738112275,0.780746308277181,0,21.2864738112275,21.2864738112275,21.2864738112275,1.90808215979558,20.4598792179298,20.7034449272916,20.4592277330505,20.7034449272916,21.2864738112275,21.2864738112275,20.7034449272916,20.7034449272916,20.7034449272916,20.7034449272916,4.15029355483887,4.15029355483887,20.7034449272916,20.7034449272916,20.7034449272916,21.2864738112275,21.2864738112275,21.2864738112275,21.2864738112275,21.2864738112275,21.2864738112275,20.7034449272916,20.7034449272916,2.00594582326184,2.00594582326184,20.7034449272916,20.7034449272916,21.2864738112275,21.2864738112275,21.2864738112275,20.7034449272916,20.7034449272916,21.2864738112275,21.2864738112275
"t162",15.5370683219304,11.6974595560195,12.3178292932185,12.7206842283496,15.8068599464594,11.1043865230836,15.0528504693194,14.7610063163345,11.0880264911238,8.00226547566699,14.7578039127328,15.1530096140702,16.0298080617046,15.7904912985876,16.7562458461778,16.3406048334879,17.6529520889549,16.2047855693474,16.9675501353759,8.33620603826011,16.0918159272493,17.4945488654755,16.1060135207419,16.945061082381,10.3929704207208,17.0238632047285,16.9869708732877,5.85602179900669,16.96369977262,17.4294789841163,21.2672333903716,17.6093556908289,19.1649354494516,18.6906607712945,18.254671179393,17.6940783727388,18.080463662123,8.81315010008519,5.23814653550016,5.82121386711355,20.4872098057244,17.0129580356157,19.8010252728091,17.4898051248377,17.1711372117199,17.1552674450765,19.2848307373806,14.5799466049201,7.65430713385703,7.33720559075519,20.5829078142656,17.4892118042095,8.29465291948606,18.1461526816373,14.6047753797268,7.17479005113985,18.2606207824442,21.8787833506558,5.59542912763655,21.2864738112275,15.8177834196669,16.691439614209,19.3072604830882,17.2456464135156,18.3042694363715,20.3923722558362,18.5020746847749,19.6209701293143,19.7121510963688,20.1859957746094,20.0853474030087,22.0901201539204,18.7982543390725,17.2193465801447,19.7032643936513,19.5903703835987,21.2864738112275,18.8448640845008,3.29862573002248,21.2864738112275,16.0618991560047,18.3042694363715,4.73657305442757,19.6056640572661,21.2864738112275,21.2864738112275,19.4045894782556,21.2864738112275,19.9037196324616,16.6788896018491,21.2864738112275,20.1594767432605,21.2864738112275,19.5818909728691,19.8080037884645,20.1683272935097,18.3042694363715,18.3042694363715,21.2864738112275,21.2864738112275,14.0048882280394,21.2864738112275,8.95240836137858,10.6265245149707,19.8362087710223,21.2864738112275,17.0585527642234,20.2305438008877,4.20402489361373,14.0048882280394,14.0048882280394,8.29465291948606,7.20201136974608,21.2864738112275,20.0420905037844,21.2864738112275,20.0776577382722,20.0797172476586,13.6802768465835,21.2864738112275,21.2864738112275,21.1621180375761,10.3700934624169,3.35476746684516,21.2864738112275,21.2864738112275,21.2864738112275,9.99740518045164,20.7529161548486,21.2864738112275,21.2864738112275,18.3042694363715,18.3042694363715,20.631713066247,21.2864738112275,8.29465291948606,8.29465291948606,1.55016387575442,1.46602994044066,21.2864738112275,21.2864738112275,21.2864738112275,21.2864738112275,14.0048882280394,14.0048882280394,21.2864738112275,21.2864738112275,21.2864738112275,21.2864738112275,13.7797243055179,21.2864738112275,21.2864738112275,18.3042694363715,18.3042694363715,21.2864738112275,4.20402489361373,4.20402489361373,10.3700934624169,10.3700934624169,21.2864738112275,21.2864738112275,0,14.0048882280394,14.0048882280394,21.1886101477612,21.0429081018657,21.2864738112275,21.0422566169863,21.2864738112275,4.20402489361373,4.20402489361373,21.2864738112275,21.2864738112275,21.2864738112275,21.2864738112275,21.2864738112275,21.2864738112275,21.2864738112275,21.2864738112275,21.2864738112275,14.5799466049201,14.5799466049201,14.5799466049201,14.5799466049201,10.3700934624169,10.3700934624169,21.2864738112275,21.2864738112275,21.2864738112275,21.2864738112275,21.2864738112275,21.2864738112275,0.774346480423498,2.10891250979617,2.10891250979617,21.2864738112275,21.2864738112275,0.774346480423498,0.774346480423498
"t163",15.5370683219304,11.6974595560195,12.3178292932185,12.7206842283496,15.8068599464594,11.1043865230836,15.0528504693194,14.7610063163345,11.0880264911238,8.00226547566698,14.7578039127328,15.1530096140702,16.0298080617046,15.7904912985876,16.7562458461778,16.3406048334879,17.6529520889549,16.2047855693474,16.9675501353759,10.934231627724,16.0918159272493,17.4945488654755,16.1060135207419,16.945061082381,14.0048882280394,17.0238632047285,16.9869708732877,10.252891122361,16.96369977262,17.4294789841163,21.2672333903716,17.6093556908289,19.1649354494516,18.6906607712945,18.254671179393,17.6940783727388,18.080463662123,11.4111756895491,9.63501585885448,10.2180831904679,20.4872098057244,17.0129580356157,19.8010252728091,17.4898051248377,17.1711372117199,17.1552674450765,19.2848307373806,14.5799466049201,10.2523327233209,9.93523118021907,20.5829078142656,17.4892118042095,14.0048882280394,18.1461526816373,14.6047753797268,10.8095848167623,18.2606207824442,21.8787833506558,11.3056644361899,21.2864738112275,15.8177834196669,16.691439614209,19.3072604830882,17.2456464135156,18.3042694363715,20.3923722558362,18.5020746847749,19.6209701293143,19.7121510963688,20.1859957746094,20.0853474030087,22.0901201539204,18.7982543390725,17.2193465801447,19.7032643936513,19.5903703835987,21.2864738112275,18.8448640845008,12.2510589149698,21.2864738112275,16.0618991560047,18.3042694363715,14.0048882280394,19.6056640572661,21.2864738112275,21.2864738112275,19.4045894782556,21.2864738112275,19.9037196324616,16.6788896018491,21.2864738112275,20.1594767432605,21.2864738112275,19.5818909728691,19.8080037884645,20.1683272935097,18.3042694363715,18.3042694363715,21.2864738112275,21.2864738112275,3.50172004871758,21.2864738112275,12.3307720744473,14.0048882280394,19.8362087710223,21.2864738112275,17.0585527642234,20.2305438008877,14.0048882280394,3.11179608434834,3.10546193160226,14.0048882280394,12.9122466782994,21.2864738112275,20.0420905037844,21.2864738112275,20.0776577382722,20.0797172476586,4.4525305791181,21.2864738112275,21.2864738112275,21.1621180375761,14.0048882280394,13.1556308012708,21.2864738112275,21.2864738112275,21.2864738112275,13.6321999460741,20.7529161548486,21.2864738112275,21.2864738112275,18.3042694363715,18.3042694363715,20.631713066247,21.2864738112275,14.0048882280394,14.0048882280394,14.0048882280394,14.0048882280394,21.2864738112275,21.2864738112275,21.2864738112275,21.2864738112275,4.77714196057397,4.77714196057397,21.2864738112275,21.2864738112275,21.2864738112275,21.2864738112275,0.734150780213385,21.2864738112275,21.2864738112275,18.3042694363715,18.3042694363715,21.2864738112275,14.0048882280394,14.0048882280394,14.0048882280394,14.0048882280394,21.2864738112275,21.2864738112275,14.0048882280394,0,0.772935875984023,21.1886101477612,21.0429081018657,21.2864738112275,21.0422566169863,21.2864738112275,14.0048882280394,14.0048882280394,21.2864738112275,21.2864738112275,21.2864738112275,21.2864738112275,21.2864738112275,21.2864738112275,21.2864738112275,21.2864738112275,21.2864738112275,14.5799466049201,14.5799466049201,14.5799466049201,14.5799466049201,14.0048882280394,14.0048882280394,21.2864738112275,21.2864738112275,21.2864738112275,21.2864738112275,21.2864738112275,21.2864738112275,14.0048882280394,14.0048882280394,14.0048882280394,21.2864738112275,21.2864738112275,14.0048882280394,14.0048882280394
"t164",15.5370683219304,11.6974595560195,12.3178292932185,12.7206842283496,15.8068599464594,11.1043865230836,15.0528504693194,14.7610063163345,11.0880264911238,8.00226547566698,14.7578039127328,15.1530096140702,16.0298080617046,15.7904912985876,16.7562458461778,16.3406048334879,17.6529520889549,16.2047855693474,16.9675501353759,10.934231627724,16.0918159272493,17.4945488654755,16.1060135207419,16.945061082381,14.0048882280394,17.0238632047285,16.9869708732877,10.252891122361,16.96369977262,17.4294789841163,21.2672333903716,17.6093556908289,19.1649354494516,18.6906607712945,18.254671179393,17.6940783727388,18.080463662123,11.4111756895491,9.63501585885448,10.2180831904679,20.4872098057244,17.0129580356157,19.8010252728091,17.4898051248377,17.1711372117199,17.1552674450765,19.2848307373806,14.5799466049201,10.2523327233209,9.93523118021907,20.5829078142656,17.4892118042095,14.0048882280394,18.1461526816373,14.6047753797268,10.8095848167623,18.2606207824442,21.8787833506558,11.3056644361899,21.2864738112275,15.8177834196669,16.691439614209,19.3072604830882,17.2456464135156,18.3042694363715,20.3923722558362,18.5020746847749,19.6209701293143,19.7121510963688,20.1859957746094,20.0853474030087,22.0901201539204,18.7982543390725,17.2193465801447,19.7032643936513,19.5903703835987,21.2864738112275,18.8448640845008,12.2510589149698,21.2864738112275,16.0618991560047,18.3042694363715,14.0048882280394,19.6056640572661,21.2864738112275,21.2864738112275,19.4045894782556,21.2864738112275,19.9037196324616,16.6788896018491,21.2864738112275,20.1594767432605,21.2864738112275,19.5818909728691,19.8080037884645,20.1683272935097,18.3042694363715,18.3042694363715,21.2864738112275,21.2864738112275,3.50172004871758,21.2864738112275,12.3307720744473,14.0048882280394,19.8362087710223,21.2864738112275,17.0585527642234,20.2305438008877,14.0048882280394,3.11179608434834,3.10546193160226,14.0048882280394,12.9122466782994,21.2864738112275,20.0420905037844,21.2864738112275,20.0776577382722,20.0797172476586,4.4525305791181,21.2864738112275,21.2864738112275,21.1621180375761,14.0048882280394,13.1556308012708,21.2864738112275,21.2864738112275,21.2864738112275,13.6321999460741,20.7529161548486,21.2864738112275,21.2864738112275,18.3042694363715,18.3042694363715,20.631713066247,21.2864738112275,14.0048882280394,14.0048882280394,14.0048882280394,14.0048882280394,21.2864738112275,21.2864738112275,21.2864738112275,21.2864738112275,4.77714196057397,4.77714196057397,21.2864738112275,21.2864738112275,21.2864738112275,21.2864738112275,0.734150780213385,21.2864738112275,21.2864738112275,18.3042694363715,18.3042694363715,21.2864738112275,14.0048882280394,14.0048882280394,14.0048882280394,14.0048882280394,21.2864738112275,21.2864738112275,14.0048882280394,0.772935875984023,0,21.1886101477612,21.0429081018657,21.2864738112275,21.0422566169863,21.2864738112275,14.0048882280394,14.0048882280394,21.2864738112275,21.2864738112275,21.2864738112275,21.2864738112275,21.2864738112275,21.2864738112275,21.2864738112275,21.2864738112275,21.2864738112275,14.5799466049201,14.5799466049201,14.5799466049201,14.5799466049201,14.0048882280394,14.0048882280394,21.2864738112275,21.2864738112275,21.2864738112275,21.2864738112275,21.2864738112275,21.2864738112275,14.0048882280394,14.0048882280394,14.0048882280394,21.2864738112275,21.2864738112275,14.0048882280394,14.0048882280394
"t165",15.4392046584641,10.7183128100819,11.6369367458164,12.6228205648833,12.4479679131373,13.9887272344733,12.2138311712164,11.9219870182315,13.9723672025135,14.2613378538619,21.0168762909277,14.4721170666682,15.3489155143025,8.10368013519243,16.0753532987757,15.6597122860858,17.5550884254887,8.51797440595222,7.74026550516902,18.1179535474458,5.32781678760395,16.8136563180733,15.4251209733398,16.2641685349789,21.1886101477612,16.3429706573264,5.25446577909591,17.4366130420828,16.2828072252179,16.7485864367142,9.33098364563465,16.9284631434268,18.4840429020495,6.70244253301447,17.5737786319909,17.0131858253367,8.85317903191613,18.5948976092709,16.8187377785763,17.4018051101897,9.70278390154665,6.22853213143804,10.5737406426022,16.8089125774356,16.4902446643178,9.46845628168133,11.5980195739854,21.1886101477612,17.4360546430427,17.1189530999409,19.9020152668635,16.8083192568074,21.1886101477612,17.4652601342352,17.4891160911166,17.9933067364841,17.5797282350421,21.7809196871896,18.4893863559117,12.0591891810206,18.7021241310566,19.5757803255987,18.6263679356861,20.1299871249054,21.1886101477612,19.7114797084341,17.8211821373728,18.9400775819122,19.6142874329026,20.0881321111432,19.9874837395424,21.9922564904541,18.1173617916704,20.1036872915344,10.4759797634445,10.3630857533918,20.6055812638254,18.1639715370987,19.4347808346916,20.6055812638254,18.9462398673944,21.1886101477612,21.1886101477612,18.924771509864,20.6055812638254,4.37218168975354,10.1773048480488,12.0591891810206,19.2228270850595,19.5632303132389,20.6055812638254,19.4785841958584,20.6055812638254,18.900998425467,19.1271112410624,3.42223698047202,21.1886101477612,21.1886101477612,11.3582557885294,11.3582557885294,21.1886101477612,20.6055812638254,19.5144939941691,21.1886101477612,19.1553162236202,20.6055812638254,19.9428934756132,19.5496512534856,21.1886101477612,21.1886101477612,21.1886101477612,21.1886101477612,20.0959685980212,4.54038349818973,3.29600019074668,2.70547435899547,19.3967651908701,19.3988247002565,20.8639987663053,2.01723747290472,20.6055812638254,20.4812254901739,21.1886101477612,20.3393527209926,20.6055812638254,20.6055812638254,20.6055812638254,20.8159218657959,20.0720236074465,20.6055812638254,20.6055812638254,21.1886101477612,21.1886101477612,19.9508205188449,20.6055812638254,21.1886101477612,21.1886101477612,21.1886101477612,21.1886101477612,20.6055812638254,20.6055812638254,20.6055812638254,20.6055812638254,21.1886101477612,21.1886101477612,20.6055812638254,20.6055812638254,20.6055812638254,20.6055812638254,20.9634462252397,20.6055812638254,20.6055812638254,21.1886101477612,21.1886101477612,20.6055812638254,21.1886101477612,21.1886101477612,21.1886101477612,21.1886101477612,1.90808215979558,1.90808215979558,21.1886101477612,21.1886101477612,21.1886101477612,0,20.3620155544636,20.6055812638254,20.3613640695842,20.6055812638254,21.1886101477612,21.1886101477612,20.6055812638254,20.6055812638254,20.6055812638254,20.6055812638254,4.05242989137261,4.05242989137261,20.6055812638254,20.6055812638254,20.6055812638254,21.1886101477612,21.1886101477612,21.1886101477612,21.1886101477612,21.1886101477612,21.1886101477612,20.6055812638254,20.6055812638254,0.588822842598849,0.588822842598849,20.6055812638254,20.6055812638254,21.1886101477612,21.1886101477612,21.1886101477612,20.6055812638254,20.6055812638254,21.1886101477612,21.1886101477612
"t166",15.2935026125686,10.8708649627219,11.067816439589,12.4771185189878,14.9802653531618,13.8430251885778,14.2262558760217,13.9344117230368,13.826665156618,14.1156358079663,20.8711742450322,11.1576659611938,12.0344644088282,14.96389670529,11.8814819244363,11.4658409117464,17.4093863795931,15.3781909760498,16.1409555420782,17.9722515015503,15.2652213339516,12.619784943734,11.2312495990004,12.0702971606395,21.0429081018657,12.149099282987,16.16037627999,17.2909109961873,12.0889358508785,12.5547150623748,20.440638797074,12.7345917690874,14.2901715277101,17.8640661779968,13.3799072576515,12.8193144509973,17.2538690688253,18.4491955633753,16.6730357326808,17.2561030642941,19.6606152124267,16.1863634423181,18.9744306795114,12.6150412030962,12.2963732899784,16.3286728517789,18.4582361440829,21.0429081018657,17.2903525971472,16.9732510540453,15.7081438925241,12.614447882468,21.0429081018657,13.2713887598958,17.343414045221,17.8476046905886,3.41800425756459,21.635217641294,18.3436843100161,20.4598792179298,18.5564220851611,19.4300782797032,14.4324965613467,19.9842850790098,21.0429081018657,15.5176083340947,13.6273107630334,14.7462062075728,19.468585387007,19.9424300652476,19.8417816936469,21.8465544445586,2.77311422360881,19.9579852456389,18.8766698003537,18.763775790301,16.411709889486,13.9701001627593,19.289078788796,16.411709889486,18.8005378214989,21.0429081018657,21.0429081018657,14.7309001355246,16.411709889486,20.4598792179298,18.577994884958,20.4598792179298,15.0289557107201,19.4175282673433,16.411709889486,15.284712821519,16.411709889486,14.7071270511276,1.84056050121925,19.3417327002121,21.0429081018657,21.0429081018657,20.4598792179298,20.4598792179298,21.0429081018657,16.411709889486,19.3687919482735,21.0429081018657,14.9614448492808,16.411709889486,19.7971914297176,15.3557798791462,21.0429081018657,21.0429081018657,21.0429081018657,21.0429081018657,19.9502665521257,20.4598792179298,19.2154959104868,20.4598792179298,15.2028938165307,15.2049533259171,20.7182967204098,20.4598792179298,16.411709889486,3.13882700179377,21.0429081018657,20.1936506750971,16.411709889486,16.411709889486,1.55480102491395,20.6702198199004,15.8781522331071,16.411709889486,16.411709889486,21.0429081018657,21.0429081018657,3.76439919271575,4.41915993769621,21.0429081018657,21.0429081018657,21.0429081018657,21.0429081018657,16.411709889486,1.13866080967146,16.411709889486,16.411709889486,21.0429081018657,21.0429081018657,16.411709889486,16.411709889486,16.411709889486,16.411709889486,20.8177441793441,16.411709889486,16.411709889486,21.0429081018657,21.0429081018657,16.411709889486,21.0429081018657,21.0429081018657,21.0429081018657,21.0429081018657,20.4598792179298,20.4598792179298,21.0429081018657,21.0429081018657,21.0429081018657,20.3620155544636,0,0.417372348885181,16.1674926952448,16.411709889486,21.0429081018657,21.0429081018657,3.26318277544519,3.26318277544519,4.41915993769621,4.41915993769621,20.4598792179298,20.4598792179298,16.411709889486,4.41915993769621,4.41915993769621,21.0429081018657,21.0429081018657,21.0429081018657,21.0429081018657,21.0429081018657,21.0429081018657,4.41915993769621,4.41915993769621,20.4598792179298,20.4598792179298,16.411709889486,16.411709889486,21.0429081018657,21.0429081018657,21.0429081018657,16.411709889486,16.411709889486,21.0429081018657,21.0429081018657
"t167",15.5370683219304,11.1144306720837,11.3113821489508,12.7206842283496,15.2238310625236,14.0865908979396,14.4698215853836,14.1779774323986,14.0702308659798,14.3592015173282,21.114739954394,11.4012316705556,12.27803011819,15.2074624146518,12.1250476337981,11.7094066211082,17.6529520889549,15.6217566854116,16.38452125144,18.2158172109121,15.5087870433135,12.8633506530958,11.4748153083622,12.3138628700013,21.2864738112275,12.3926649923488,16.4039419893518,17.5344767055491,12.3325015602403,12.7982807717366,20.6842045064358,12.9781574784493,14.5337372370719,18.1076318873587,13.6234729670133,13.0628801603591,17.4974347781871,18.6927612727372,16.9166014420426,17.499668773656,19.9041809217885,16.4299291516799,19.2179963888732,12.858606912458,12.5399389993402,16.5722385611407,18.7018018534448,21.2864738112275,17.533918306509,17.2168167634071,15.9517096018859,12.8580135918298,21.2864738112275,13.5149544692576,17.5869797545828,18.0911703999504,3.6615699669264,21.8787833506558,18.587250019378,20.7034449272916,18.7999877945229,19.673643989065,14.6760622707085,20.2278507883716,21.2864738112275,15.7611740434565,13.8708764723952,14.9897719169346,19.7121510963688,20.1859957746094,20.0853474030087,22.0901201539204,3.01667993297062,20.2015509550007,19.1202355097155,19.0073414996628,16.6552755988478,14.2136658721211,19.5326444981578,16.6552755988478,19.0441035308607,21.2864738112275,21.2864738112275,14.9744658448864,16.6552755988478,20.7034449272916,18.8215605943198,20.7034449272916,15.2725214200819,19.6610939767051,16.6552755988478,15.5282785308809,16.6552755988478,14.9506927604894,2.08412621058106,19.5852984095739,21.2864738112275,21.2864738112275,20.7034449272916,20.7034449272916,21.2864738112275,16.6552755988478,19.6123576576353,21.2864738112275,15.2050105586426,16.6552755988478,20.0407571390794,15.599345588508,21.2864738112275,21.2864738112275,21.2864738112275,21.2864738112275,20.1938322614875,20.7034449272916,19.4590616198486,20.7034449272916,15.4464595258925,15.4485190352789,20.9618624297716,20.7034449272916,16.6552755988478,3.38239271115558,21.2864738112275,20.4372163844589,16.6552755988478,16.6552755988478,1.79836673427576,20.9137855292622,16.1217179424689,16.6552755988478,16.6552755988478,21.2864738112275,21.2864738112275,4.00796490207756,4.66272564705802,21.2864738112275,21.2864738112275,21.2864738112275,21.2864738112275,16.6552755988478,1.38222651903326,16.6552755988478,16.6552755988478,21.2864738112275,21.2864738112275,16.6552755988478,16.6552755988478,16.6552755988478,16.6552755988478,21.0613098887059,16.6552755988478,16.6552755988478,21.2864738112275,21.2864738112275,16.6552755988478,21.2864738112275,21.2864738112275,21.2864738112275,21.2864738112275,20.7034449272916,20.7034449272916,21.2864738112275,21.2864738112275,21.2864738112275,20.6055812638254,0.417372348885181,0,16.4110584046066,16.6552755988478,21.2864738112275,21.2864738112275,3.50674848480699,3.50674848480699,4.66272564705802,4.66272564705802,20.7034449272916,20.7034449272916,16.6552755988478,4.66272564705802,4.66272564705802,21.2864738112275,21.2864738112275,21.2864738112275,21.2864738112275,21.2864738112275,21.2864738112275,4.66272564705802,4.66272564705802,20.7034449272916,20.7034449272916,16.6552755988478,16.6552755988478,21.2864738112275,21.2864738112275,21.2864738112275,16.6552755988478,16.6552755988478,21.2864738112275,21.2864738112275
"t168",15.2928511276892,10.8702134778425,11.0671649547097,12.4764670341085,14.9796138682824,13.8423737036985,14.2256043911424,13.9337602381575,13.8260136717387,14.114984323087,20.8705227601528,11.1570144763145,12.0338129239489,14.9632452204106,11.8608665351938,7.04354159146112,17.4087348947138,15.3775394911704,16.1403040571989,17.9716000166709,15.2645698490723,6.57136886232121,8.02793558704278,7.64799784035429,21.0422566169863,8.94578527102939,16.1597247951107,17.290259511308,8.88562183892091,7.35482249451825,20.4399873121947,9.53127775712983,11.0868575157525,17.8634146931175,8.18001468979498,9.6160004390397,17.253217583946,18.448544078496,16.6723842478014,17.2554515794148,19.6599637275474,16.1857119574388,18.9737791946321,9.41172719113855,9.09305927802079,16.3280213668995,18.4575846592036,21.0422566169863,17.2897011122678,16.972599569166,10.5082513246675,7.4145553146115,21.0422566169863,10.0680747479382,17.3427625603417,17.8469532057092,13.3852053758234,21.6345661564147,18.3430328251368,20.4592277330505,18.5557706002817,19.4294267948238,3.88753694924185,19.9836335941305,21.0422566169863,15.4969929448523,13.6066953737909,11.5428921956152,19.4679339021277,19.9417785803683,19.8411302087675,21.8459029596792,13.9228389324517,19.9573337607595,18.8760183154744,18.7631243054217,9.69112837162692,7.24951864490025,19.2884273039167,4.71800104112242,18.7998863366195,21.0422566169863,21.0422566169863,14.7102847462821,16.3910945002435,20.4592277330505,18.5773434000786,20.4592277330505,15.0083403214777,19.416876782464,13.2083958775283,8.60521624253248,9.73221331049939,8.02763047214103,14.9325883818437,19.3410812153328,21.0422566169863,21.0422566169863,20.4592277330505,20.4592277330505,21.0422566169863,9.69112837162692,19.3681404633942,21.0422566169863,8.28194827029423,9.73221331049939,19.7965399448383,10.9334805588609,21.0422566169863,21.0422566169863,21.0422566169863,21.0422566169863,19.9496150672464,20.4592277330505,19.2148444256074,20.4592277330505,11.9995798045731,12.0016393139595,20.7176452355305,20.4592277330505,9.73221331049939,16.2867026309552,21.0422566169863,20.1929991902178,2.32965358367955,2.32965358367955,16.4110584046066,20.669568335021,9.19865565412057,9.73221331049939,2.32965358367955,21.0422566169863,21.0422566169863,15.7562976596262,16.4110584046066,21.0422566169863,21.0422566169863,21.0422566169863,21.0422566169863,16.3910945002435,16.4110584046066,16.3910945002435,16.3910945002435,21.0422566169863,21.0422566169863,9.69112837162692,9.69112837162692,16.3910945002435,16.3910945002435,20.8170926944648,11.9894105692007,11.9894105692007,21.0422566169863,21.0422566169863,9.69112837162692,21.0422566169863,21.0422566169863,21.0422566169863,21.0422566169863,20.4592277330505,20.4592277330505,21.0422566169863,21.0422566169863,21.0422566169863,20.3613640695842,16.1674926952448,16.4110584046066,0,0.332006003028354,21.0422566169863,21.0422566169863,16.4110584046066,16.4110584046066,16.4110584046066,16.4110584046066,20.4592277330505,20.4592277330505,2.32965358367955,16.4110584046066,16.4110584046066,21.0422566169863,21.0422566169863,21.0422566169863,21.0422566169863,21.0422566169863,21.0422566169863,16.4110584046066,16.4110584046066,20.4592277330505,20.4592277330505,9.69112837162692,9.69112837162692,21.0422566169863,21.0422566169863,21.0422566169863,2.32965358367955,2.32965358367955,21.0422566169863,21.0422566169863
"t169",15.5370683219304,11.1144306720837,11.3113821489508,12.7206842283496,15.2238310625236,14.0865908979396,14.4698215853835,14.1779774323986,14.0702308659798,14.3592015173282,21.1147399543939,11.4012316705556,12.27803011819,15.2074624146518,12.105083729435,7.28775878570225,17.6529520889549,15.6217566854116,16.38452125144,18.2158172109121,15.5087870433135,6.81558605656234,8.27215278128391,7.89221503459543,21.2864738112275,9.19000246527053,16.4039419893518,17.5344767055491,9.12983903316205,7.59903968875938,20.6842045064358,9.77549495137096,11.3310747099936,18.1076318873586,8.42423188403611,9.86021763328084,17.4974347781871,18.6927612727371,16.9166014420426,17.4996687736559,19.9041809217885,16.4299291516799,19.2179963888732,9.65594438537969,9.33727647226193,16.5722385611407,18.7018018534447,21.2864738112275,17.533918306509,17.2168167634071,10.7524685189087,7.65877250885263,21.2864738112275,10.3122919421793,17.5869797545828,18.0911703999504,13.6294225700645,21.8787833506558,18.5872500193779,20.7034449272916,18.7999877945229,19.673643989065,4.13175414348298,20.2278507883716,21.2864738112275,15.7412101390934,13.850912568032,11.7871093898563,19.7121510963688,20.1859957746094,20.0853474030087,22.0901201539204,14.1670561266928,20.2015509550007,19.1202355097155,19.0073414996628,9.93534556586805,7.49373583914138,19.5326444981578,4.96221823536356,19.0441035308607,21.2864738112275,21.2864738112275,14.9545019405233,16.6353116944846,20.7034449272916,18.8215605943198,20.7034449272916,15.2525575157188,19.6610939767051,13.4526130717695,8.84943343677361,9.97643050474053,8.27184766638217,15.1768055760848,19.5852984095739,21.2864738112275,21.2864738112275,20.7034449272916,20.7034449272916,21.2864738112275,9.93534556586805,19.6123576576353,21.2864738112275,8.52616546453537,9.97643050474053,20.0407571390794,11.1776977531021,21.2864738112275,21.2864738112275,21.2864738112275,21.2864738112275,20.1938322614875,20.7034449272916,19.4590616198486,20.7034449272916,12.2437969988142,12.2458565082006,20.9618624297716,20.7034449272916,9.97643050474053,16.5309198251964,21.2864738112275,20.4372163844589,2.57387077792069,2.57387077792069,16.6552755988478,20.9137855292622,9.4428728483617,9.97643050474053,2.57387077792069,21.2864738112275,21.2864738112275,16.0005148538673,16.6552755988478,21.2864738112275,21.2864738112275,21.2864738112275,21.2864738112275,16.6353116944846,16.6552755988478,16.6353116944846,16.6353116944846,21.2864738112275,21.2864738112275,9.93534556586805,9.93534556586805,16.6353116944846,16.6353116944846,21.0613098887059,12.2336277634419,12.2336277634419,21.2864738112275,21.2864738112275,9.93534556586805,21.2864738112275,21.2864738112275,21.2864738112275,21.2864738112275,20.7034449272916,20.7034449272916,21.2864738112275,21.2864738112275,21.2864738112275,20.6055812638254,16.411709889486,16.6552755988478,0.332006003028354,0,21.2864738112275,21.2864738112275,16.6552755988478,16.6552755988478,16.6552755988478,16.6552755988478,20.7034449272916,20.7034449272916,2.57387077792069,16.6552755988478,16.6552755988478,21.2864738112275,21.2864738112275,21.2864738112275,21.2864738112275,21.2864738112275,21.2864738112275,16.6552755988478,16.6552755988478,20.7034449272916,20.7034449272916,9.93534556586805,9.93534556586805,21.2864738112275,21.2864738112275,21.2864738112275,2.57387077792069,2.57387077792069,21.2864738112275,21.2864738112275
"t170",15.5370683219304,11.6974595560195,12.3178292932185,12.7206842283496,15.8068599464594,11.1043865230836,15.0528504693194,14.7610063163345,11.0880264911238,8.00226547566699,14.7578039127328,15.1530096140702,16.0298080617046,15.7904912985876,16.7562458461778,16.3406048334879,17.6529520889549,16.2047855693474,16.9675501353759,8.33620603826011,16.0918159272493,17.4945488654755,16.1060135207419,16.945061082381,10.3929704207208,17.0238632047285,16.9869708732877,5.85602179900669,16.96369977262,17.4294789841163,21.2672333903716,17.6093556908289,19.1649354494516,18.6906607712945,18.254671179393,17.6940783727388,18.080463662123,8.81315010008519,5.23814653550016,5.82121386711355,20.4872098057244,17.0129580356157,19.8010252728091,17.4898051248377,17.1711372117199,17.1552674450765,19.2848307373806,14.5799466049201,7.65430713385702,7.33720559075519,20.5829078142656,17.4892118042095,8.29465291948606,18.1461526816373,14.6047753797268,7.17479005113984,18.2606207824442,21.8787833506558,5.59542912763655,21.2864738112275,15.8177834196669,16.691439614209,19.3072604830882,17.2456464135156,18.3042694363715,20.3923722558362,18.5020746847749,19.6209701293143,19.7121510963688,20.1859957746094,20.0853474030087,22.0901201539204,18.7982543390725,17.2193465801447,19.7032643936513,19.5903703835987,21.2864738112275,18.8448640845008,3.29862573002248,21.2864738112275,16.0618991560047,18.3042694363715,4.73657305442757,19.6056640572661,21.2864738112275,21.2864738112275,19.4045894782556,21.2864738112275,19.9037196324616,16.6788896018491,21.2864738112275,20.1594767432605,21.2864738112275,19.5818909728691,19.8080037884645,20.1683272935097,18.3042694363715,18.3042694363715,21.2864738112275,21.2864738112275,14.0048882280394,21.2864738112275,8.95240836137858,10.6265245149707,19.8362087710223,21.2864738112275,17.0585527642234,20.2305438008877,3.13924873895637,14.0048882280394,14.0048882280394,8.29465291948606,7.20201136974608,21.2864738112275,20.0420905037844,21.2864738112275,20.0776577382722,20.0797172476586,13.6802768465835,21.2864738112275,21.2864738112275,21.1621180375761,10.3700934624169,1.00714640400137,21.2864738112275,21.2864738112275,21.2864738112275,9.99740518045164,20.7529161548486,21.2864738112275,21.2864738112275,18.3042694363715,18.3042694363715,20.631713066247,21.2864738112275,8.29465291948606,8.29465291948606,4.20402489361373,4.20402489361373,21.2864738112275,21.2864738112275,21.2864738112275,21.2864738112275,14.0048882280394,14.0048882280394,21.2864738112275,21.2864738112275,21.2864738112275,21.2864738112275,13.7797243055179,21.2864738112275,21.2864738112275,18.3042694363715,18.3042694363715,21.2864738112275,2.15478662439587,2.15478662439587,10.3700934624169,10.3700934624169,21.2864738112275,21.2864738112275,4.20402489361373,14.0048882280394,14.0048882280394,21.1886101477612,21.0429081018657,21.2864738112275,21.0422566169863,21.2864738112275,0,0.555093124685662,21.2864738112275,21.2864738112275,21.2864738112275,21.2864738112275,21.2864738112275,21.2864738112275,21.2864738112275,21.2864738112275,21.2864738112275,14.5799466049201,14.5799466049201,14.5799466049201,14.5799466049201,10.3700934624169,10.3700934624169,21.2864738112275,21.2864738112275,21.2864738112275,21.2864738112275,21.2864738112275,21.2864738112275,4.20402489361373,4.20402489361373,4.20402489361373,21.2864738112275,21.2864738112275,4.20402489361373,4.20402489361373
"t171",15.5370683219304,11.6974595560195,12.3178292932185,12.7206842283496,15.8068599464594,11.1043865230836,15.0528504693194,14.7610063163345,11.0880264911238,8.00226547566699,14.7578039127328,15.1530096140702,16.0298080617046,15.7904912985876,16.7562458461778,16.3406048334879,17.6529520889549,16.2047855693474,16.9675501353759,8.33620603826011,16.0918159272493,17.4945488654755,16.1060135207419,16.945061082381,10.3929704207208,17.0238632047285,16.9869708732877,5.85602179900669,16.96369977262,17.4294789841163,21.2672333903716,17.6093556908289,19.1649354494516,18.6906607712945,18.254671179393,17.6940783727388,18.080463662123,8.81315010008519,5.23814653550016,5.82121386711355,20.4872098057244,17.0129580356157,19.8010252728091,17.4898051248377,17.1711372117199,17.1552674450765,19.2848307373806,14.5799466049201,7.65430713385702,7.33720559075519,20.5829078142656,17.4892118042095,8.29465291948606,18.1461526816373,14.6047753797268,7.17479005113984,18.2606207824442,21.8787833506558,5.59542912763655,21.2864738112275,15.8177834196669,16.691439614209,19.3072604830882,17.2456464135156,18.3042694363715,20.3923722558362,18.5020746847749,19.6209701293143,19.7121510963688,20.1859957746094,20.0853474030087,22.0901201539204,18.7982543390725,17.2193465801447,19.7032643936513,19.5903703835987,21.2864738112275,18.8448640845008,3.29862573002248,21.2864738112275,16.0618991560047,18.3042694363715,4.73657305442757,19.6056640572661,21.2864738112275,21.2864738112275,19.4045894782556,21.2864738112275,19.9037196324616,16.6788896018491,21.2864738112275,20.1594767432605,21.2864738112275,19.5818909728691,19.8080037884645,20.1683272935097,18.3042694363715,18.3042694363715,21.2864738112275,21.2864738112275,14.0048882280394,21.2864738112275,8.95240836137858,10.6265245149707,19.8362087710223,21.2864738112275,17.0585527642234,20.2305438008877,3.13924873895637,14.0048882280394,14.0048882280394,8.29465291948606,7.20201136974608,21.2864738112275,20.0420905037844,21.2864738112275,20.0776577382722,20.0797172476586,13.6802768465835,21.2864738112275,21.2864738112275,21.1621180375761,10.3700934624169,1.00714640400137,21.2864738112275,21.2864738112275,21.2864738112275,9.99740518045164,20.7529161548486,21.2864738112275,21.2864738112275,18.3042694363715,18.3042694363715,20.631713066247,21.2864738112275,8.29465291948606,8.29465291948606,4.20402489361373,4.20402489361373,21.2864738112275,21.2864738112275,21.2864738112275,21.2864738112275,14.0048882280394,14.0048882280394,21.2864738112275,21.2864738112275,21.2864738112275,21.2864738112275,13.7797243055179,21.2864738112275,21.2864738112275,18.3042694363715,18.3042694363715,21.2864738112275,2.15478662439587,2.15478662439587,10.3700934624169,10.3700934624169,21.2864738112275,21.2864738112275,4.20402489361373,14.0048882280394,14.0048882280394,21.1886101477612,21.0429081018657,21.2864738112275,21.0422566169863,21.2864738112275,0.555093124685662,0,21.2864738112275,21.2864738112275,21.2864738112275,21.2864738112275,21.2864738112275,21.2864738112275,21.2864738112275,21.2864738112275,21.2864738112275,14.5799466049201,14.5799466049201,14.5799466049201,14.5799466049201,10.3700934624169,10.3700934624169,21.2864738112275,21.2864738112275,21.2864738112275,21.2864738112275,21.2864738112275,21.2864738112275,4.20402489361373,4.20402489361373,4.20402489361373,21.2864738112275,21.2864738112275,4.20402489361373,4.20402489361373
"t172",15.5370683219304,11.1144306720837,11.3113821489508,12.7206842283496,15.2238310625236,14.0865908979396,14.4698215853836,14.1779774323986,14.0702308659798,14.3592015173282,21.114739954394,11.4012316705556,12.27803011819,15.2074624146518,12.1250476337981,11.7094066211082,17.6529520889549,15.6217566854116,16.38452125144,18.2158172109121,15.5087870433135,12.8633506530958,11.4748153083622,12.3138628700013,21.2864738112275,12.3926649923488,16.4039419893518,17.5344767055491,12.3325015602403,12.7982807717366,20.6842045064358,12.9781574784493,14.5337372370719,18.1076318873587,13.6234729670133,13.0628801603591,17.4974347781871,18.6927612727372,16.9166014420426,17.499668773656,19.9041809217885,16.4299291516799,19.2179963888732,12.858606912458,12.5399389993402,16.5722385611407,18.7018018534448,21.2864738112275,17.533918306509,17.2168167634071,15.9517096018859,12.8580135918298,21.2864738112275,13.5149544692576,17.5869797545828,18.0911703999504,3.6615699669264,21.8787833506558,18.587250019378,20.7034449272916,18.7999877945229,19.673643989065,14.6760622707085,20.2278507883716,21.2864738112275,15.7611740434565,13.8708764723952,14.9897719169346,19.7121510963688,20.1859957746094,20.0853474030087,22.0901201539204,3.01667993297062,20.2015509550007,19.1202355097155,19.0073414996628,16.6552755988478,14.2136658721211,19.5326444981578,16.6552755988478,19.0441035308607,21.2864738112275,21.2864738112275,14.9744658448864,16.6552755988478,20.7034449272916,18.8215605943198,20.7034449272916,15.2725214200819,19.6610939767051,16.6552755988478,15.5282785308809,16.6552755988478,14.9506927604894,2.08412621058106,19.5852984095739,21.2864738112275,21.2864738112275,20.7034449272916,20.7034449272916,21.2864738112275,16.6552755988478,19.6123576576353,21.2864738112275,15.2050105586426,16.6552755988478,20.0407571390794,15.599345588508,21.2864738112275,21.2864738112275,21.2864738112275,21.2864738112275,20.1938322614875,20.7034449272916,19.4590616198486,20.7034449272916,15.4464595258925,15.4485190352789,20.9618624297716,20.7034449272916,16.6552755988478,1.78844509820015,21.2864738112275,20.4372163844589,16.6552755988478,16.6552755988478,3.50674848480699,20.9137855292622,16.1217179424689,16.6552755988478,16.6552755988478,21.2864738112275,21.2864738112275,4.00796490207756,4.66272564705802,21.2864738112275,21.2864738112275,21.2864738112275,21.2864738112275,16.6552755988478,3.50674848480699,16.6552755988478,16.6552755988478,21.2864738112275,21.2864738112275,16.6552755988478,16.6552755988478,16.6552755988478,16.6552755988478,21.0613098887059,16.6552755988478,16.6552755988478,21.2864738112275,21.2864738112275,16.6552755988478,21.2864738112275,21.2864738112275,21.2864738112275,21.2864738112275,20.7034449272916,20.7034449272916,21.2864738112275,21.2864738112275,21.2864738112275,20.6055812638254,3.26318277544519,3.50674848480699,16.4110584046066,16.6552755988478,21.2864738112275,21.2864738112275,0,0.553623585561607,4.66272564705802,4.66272564705802,20.7034449272916,20.7034449272916,16.6552755988478,4.66272564705802,4.66272564705802,21.2864738112275,21.2864738112275,21.2864738112275,21.2864738112275,21.2864738112275,21.2864738112275,4.66272564705802,4.66272564705802,20.7034449272916,20.7034449272916,16.6552755988478,16.6552755988478,21.2864738112275,21.2864738112275,21.2864738112275,16.6552755988478,16.6552755988478,21.2864738112275,21.2864738112275
"t173",15.5370683219304,11.1144306720837,11.3113821489508,12.7206842283496,15.2238310625236,14.0865908979396,14.4698215853836,14.1779774323986,14.0702308659798,14.3592015173282,21.114739954394,11.4012316705556,12.27803011819,15.2074624146518,12.1250476337981,11.7094066211082,17.6529520889549,15.6217566854116,16.38452125144,18.2158172109121,15.5087870433135,12.8633506530958,11.4748153083622,12.3138628700013,21.2864738112275,12.3926649923488,16.4039419893518,17.5344767055491,12.3325015602403,12.7982807717366,20.6842045064358,12.9781574784493,14.5337372370719,18.1076318873587,13.6234729670133,13.0628801603591,17.4974347781871,18.6927612727372,16.9166014420426,17.499668773656,19.9041809217885,16.4299291516799,19.2179963888732,12.858606912458,12.5399389993402,16.5722385611407,18.7018018534448,21.2864738112275,17.533918306509,17.2168167634071,15.9517096018859,12.8580135918298,21.2864738112275,13.5149544692576,17.5869797545828,18.0911703999504,3.6615699669264,21.8787833506558,18.587250019378,20.7034449272916,18.7999877945229,19.673643989065,14.6760622707085,20.2278507883716,21.2864738112275,15.7611740434565,13.8708764723952,14.9897719169346,19.7121510963688,20.1859957746094,20.0853474030087,22.0901201539204,3.01667993297062,20.2015509550007,19.1202355097155,19.0073414996628,16.6552755988478,14.2136658721211,19.5326444981578,16.6552755988478,19.0441035308607,21.2864738112275,21.2864738112275,14.9744658448864,16.6552755988478,20.7034449272916,18.8215605943198,20.7034449272916,15.2725214200819,19.6610939767051,16.6552755988478,15.5282785308809,16.6552755988478,14.9506927604894,2.08412621058106,19.5852984095739,21.2864738112275,21.2864738112275,20.7034449272916,20.7034449272916,21.2864738112275,16.6552755988478,19.6123576576353,21.2864738112275,15.2050105586426,16.6552755988478,20.0407571390794,15.599345588508,21.2864738112275,21.2864738112275,21.2864738112275,21.2864738112275,20.1938322614875,20.7034449272916,19.4590616198486,20.7034449272916,15.4464595258925,15.4485190352789,20.9618624297716,20.7034449272916,16.6552755988478,1.78844509820015,21.2864738112275,20.4372163844589,16.6552755988478,16.6552755988478,3.50674848480699,20.9137855292622,16.1217179424689,16.6552755988478,16.6552755988478,21.2864738112275,21.2864738112275,4.00796490207756,4.66272564705802,21.2864738112275,21.2864738112275,21.2864738112275,21.2864738112275,16.6552755988478,3.50674848480699,16.6552755988478,16.6552755988478,21.2864738112275,21.2864738112275,16.6552755988478,16.6552755988478,16.6552755988478,16.6552755988478,21.0613098887059,16.6552755988478,16.6552755988478,21.2864738112275,21.2864738112275,16.6552755988478,21.2864738112275,21.2864738112275,21.2864738112275,21.2864738112275,20.7034449272916,20.7034449272916,21.2864738112275,21.2864738112275,21.2864738112275,20.6055812638254,3.26318277544519,3.50674848480699,16.4110584046066,16.6552755988478,21.2864738112275,21.2864738112275,0.553623585561607,0,4.66272564705802,4.66272564705802,20.7034449272916,20.7034449272916,16.6552755988478,4.66272564705802,4.66272564705802,21.2864738112275,21.2864738112275,21.2864738112275,21.2864738112275,21.2864738112275,21.2864738112275,4.66272564705802,4.66272564705802,20.7034449272916,20.7034449272916,16.6552755988478,16.6552755988478,21.2864738112275,21.2864738112275,21.2864738112275,16.6552755988478,16.6552755988478,21.2864738112275,21.2864738112275
"t174",15.5370683219304,11.1144306720837,11.3113821489508,12.7206842283496,15.2238310625236,14.0865908979396,14.4698215853836,14.1779774323986,14.0702308659798,14.3592015173282,21.114739954394,11.4012316705556,12.27803011819,15.2074624146518,12.1250476337981,11.7094066211082,17.6529520889549,15.6217566854116,16.38452125144,18.2158172109121,15.5087870433135,12.8633506530958,11.4748153083622,12.3138628700013,21.2864738112275,12.3926649923488,16.4039419893518,17.5344767055491,12.3325015602403,12.7982807717366,20.6842045064358,12.9781574784493,14.5337372370719,18.1076318873587,13.6234729670133,13.0628801603591,17.4974347781871,18.6927612727371,16.9166014420426,17.4996687736559,19.9041809217885,16.4299291516799,19.2179963888732,12.858606912458,12.5399389993402,16.5722385611407,18.7018018534448,21.2864738112275,17.533918306509,17.2168167634071,15.9517096018859,12.8580135918298,21.2864738112275,13.5149544692576,17.5869797545828,18.0911703999504,3.6615699669264,21.8787833506558,18.587250019378,20.7034449272916,18.7999877945229,19.673643989065,14.6760622707085,20.2278507883716,21.2864738112275,15.7611740434565,13.8708764723952,14.9897719169346,19.7121510963688,20.1859957746094,20.0853474030087,22.0901201539204,3.01667993297062,20.2015509550007,19.1202355097155,19.0073414996628,16.6552755988478,14.2136658721211,19.5326444981578,16.6552755988478,19.0441035308607,21.2864738112275,21.2864738112275,14.9744658448864,16.6552755988478,20.7034449272916,18.8215605943198,20.7034449272916,15.2725214200819,19.6610939767051,16.6552755988478,15.5282785308809,16.6552755988478,14.9506927604894,3.18425562429505,19.5852984095739,21.2864738112275,21.2864738112275,20.7034449272916,20.7034449272916,21.2864738112275,16.6552755988478,19.6123576576353,21.2864738112275,15.2050105586426,16.6552755988478,20.0407571390794,15.599345588508,21.2864738112275,21.2864738112275,21.2864738112275,21.2864738112275,20.1938322614875,20.7034449272916,19.4590616198486,20.7034449272916,15.4464595258925,15.4485190352789,20.9618624297716,20.7034449272916,16.6552755988478,4.53836987340661,21.2864738112275,20.4372163844589,16.6552755988478,16.6552755988478,4.66272564705802,20.9137855292622,16.1217179424689,16.6552755988478,16.6552755988478,21.2864738112275,21.2864738112275,2.68504875639376,3.33980950137422,21.2864738112275,21.2864738112275,21.2864738112275,21.2864738112275,16.6552755988478,4.66272564705802,16.6552755988478,16.6552755988478,21.2864738112275,21.2864738112275,16.6552755988478,16.6552755988478,16.6552755988478,16.6552755988478,21.0613098887059,16.6552755988478,16.6552755988478,21.2864738112275,21.2864738112275,16.6552755988478,21.2864738112275,21.2864738112275,21.2864738112275,21.2864738112275,20.7034449272916,20.7034449272916,21.2864738112275,21.2864738112275,21.2864738112275,20.6055812638254,4.41915993769621,4.66272564705802,16.4110584046066,16.6552755988478,21.2864738112275,21.2864738112275,4.66272564705802,4.66272564705802,0,0.509303234755264,20.7034449272916,20.7034449272916,16.6552755988478,3.33980950137422,3.33980950137422,21.2864738112275,21.2864738112275,21.2864738112275,21.2864738112275,21.2864738112275,21.2864738112275,3.33980950137422,3.33980950137422,20.7034449272916,20.7034449272916,16.6552755988478,16.6552755988478,21.2864738112275,21.2864738112275,21.2864738112275,16.6552755988478,16.6552755988478,21.2864738112275,21.2864738112275
"t175",15.5370683219304,11.1144306720837,11.3113821489508,12.7206842283496,15.2238310625236,14.0865908979396,14.4698215853836,14.1779774323986,14.0702308659798,14.3592015173282,21.114739954394,11.4012316705556,12.27803011819,15.2074624146518,12.1250476337981,11.7094066211082,17.6529520889549,15.6217566854116,16.38452125144,18.2158172109121,15.5087870433135,12.8633506530958,11.4748153083622,12.3138628700013,21.2864738112275,12.3926649923488,16.4039419893518,17.5344767055491,12.3325015602403,12.7982807717366,20.6842045064358,12.9781574784493,14.5337372370719,18.1076318873587,13.6234729670133,13.0628801603591,17.4974347781871,18.6927612727371,16.9166014420426,17.4996687736559,19.9041809217885,16.4299291516799,19.2179963888732,12.858606912458,12.5399389993402,16.5722385611407,18.7018018534448,21.2864738112275,17.533918306509,17.2168167634071,15.9517096018859,12.8580135918298,21.2864738112275,13.5149544692576,17.5869797545828,18.0911703999504,3.6615699669264,21.8787833506558,18.587250019378,20.7034449272916,18.7999877945229,19.673643989065,14.6760622707085,20.2278507883716,21.2864738112275,15.7611740434565,13.8708764723952,14.9897719169346,19.7121510963688,20.1859957746094,20.0853474030087,22.0901201539204,3.01667993297062,20.2015509550007,19.1202355097155,19.0073414996628,16.6552755988478,14.2136658721211,19.5326444981578,16.6552755988478,19.0441035308607,21.2864738112275,21.2864738112275,14.9744658448864,16.6552755988478,20.7034449272916,18.8215605943198,20.7034449272916,15.2725214200819,19.6610939767051,16.6552755988478,15.5282785308809,16.6552755988478,14.9506927604894,3.18425562429505,19.5852984095739,21.2864738112275,21.2864738112275,20.7034449272916,20.7034449272916,21.2864738112275,16.6552755988478,19.6123576576353,21.2864738112275,15.2050105586426,16.6552755988478,20.0407571390794,15.599345588508,21.2864738112275,21.2864738112275,21.2864738112275,21.2864738112275,20.1938322614875,20.7034449272916,19.4590616198486,20.7034449272916,15.4464595258925,15.4485190352789,20.9618624297716,20.7034449272916,16.6552755988478,4.53836987340661,21.2864738112275,20.4372163844589,16.6552755988478,16.6552755988478,4.66272564705802,20.9137855292622,16.1217179424689,16.6552755988478,16.6552755988478,21.2864738112275,21.2864738112275,2.68504875639376,3.33980950137422,21.2864738112275,21.2864738112275,21.2864738112275,21.2864738112275,16.6552755988478,4.66272564705802,16.6552755988478,16.6552755988478,21.2864738112275,21.2864738112275,16.6552755988478,16.6552755988478,16.6552755988478,16.6552755988478,21.0613098887059,16.6552755988478,16.6552755988478,21.2864738112275,21.2864738112275,16.6552755988478,21.2864738112275,21.2864738112275,21.2864738112275,21.2864738112275,20.7034449272916,20.7034449272916,21.2864738112275,21.2864738112275,21.2864738112275,20.6055812638254,4.41915993769621,4.66272564705802,16.4110584046066,16.6552755988478,21.2864738112275,21.2864738112275,4.66272564705802,4.66272564705802,0.509303234755264,0,20.7034449272916,20.7034449272916,16.6552755988478,3.33980950137422,3.33980950137422,21.2864738112275,21.2864738112275,21.2864738112275,21.2864738112275,21.2864738112275,21.2864738112275,3.33980950137422,3.33980950137422,20.7034449272916,20.7034449272916,16.6552755988478,16.6552755988478,21.2864738112275,21.2864738112275,21.2864738112275,16.6552755988478,16.6552755988478,21.2864738112275,21.2864738112275
"t176",15.5370683219304,10.8161764735482,11.7348004092827,12.7206842283496,12.5458315766036,14.0865908979396,12.3116948346827,12.0198506816978,14.0702308659798,14.3592015173282,21.114739954394,14.5699807301344,15.4467791777688,8.20154379865869,16.173216962242,15.757575949552,17.6529520889549,8.61583806941847,7.83812916863527,18.2158172109121,5.42568045107021,16.9115199815396,15.522984636806,16.3620321984452,21.2864738112275,16.4408343207927,5.35232944256216,17.5344767055491,16.3806708886842,16.8464501001804,9.4288473091009,17.0263268068931,18.5819065655157,6.80030619648072,17.6716422954571,17.111049488803,8.95104269538239,18.6927612727371,16.9166014420426,17.4996687736559,9.80064756501291,6.32639579490429,10.6716043060685,16.9067762409018,16.5881083277841,9.56631994514758,11.6958832374517,21.2864738112275,17.533918306509,17.2168167634071,19.9998789303297,16.9061829202737,21.2864738112275,17.5631237977015,17.5869797545828,18.0911703999504,17.6775918985083,21.8787833506558,18.5872500193779,12.1570528444869,18.7999877945229,19.673643989065,18.7242315991523,20.2278507883716,21.2864738112275,19.8093433719004,17.919045800839,19.0379412453785,19.7121510963688,20.1859957746094,20.0853474030087,22.0901201539204,18.2152254551366,20.2015509550007,10.5738434269107,10.4609494168581,20.7034449272916,18.2618352005649,19.5326444981578,20.7034449272916,19.0441035308607,21.2864738112275,21.2864738112275,19.0226351733303,20.7034449272916,4.47004535321979,10.275168511515,12.1570528444869,19.3206907485258,19.6610939767051,20.7034449272916,19.5764478593247,20.7034449272916,18.9988620889333,19.2249749045287,3.52010064393827,21.2864738112275,21.2864738112275,11.4561194519957,11.4561194519957,21.2864738112275,20.7034449272916,19.6123576576353,21.2864738112275,19.2531798870865,20.7034449272916,20.0407571390794,19.6475149169518,21.2864738112275,21.2864738112275,21.2864738112275,21.2864738112275,20.1938322614875,4.63824716165598,3.39386385421293,4.15029355483887,19.4946288543363,19.4966883637228,20.9618624297716,4.15029355483887,20.7034449272916,20.5790891536402,21.2864738112275,20.4372163844589,20.7034449272916,20.7034449272916,20.7034449272916,20.9137855292622,20.1698872709128,20.7034449272916,20.7034449272916,21.2864738112275,21.2864738112275,20.0486841823112,20.7034449272916,21.2864738112275,21.2864738112275,21.2864738112275,21.2864738112275,20.7034449272916,20.7034449272916,20.7034449272916,20.7034449272916,21.2864738112275,21.2864738112275,20.7034449272916,20.7034449272916,20.7034449272916,20.7034449272916,21.0613098887059,20.7034449272916,20.7034449272916,21.2864738112275,21.2864738112275,20.7034449272916,21.2864738112275,21.2864738112275,21.2864738112275,21.2864738112275,4.15029355483887,4.15029355483887,21.2864738112275,21.2864738112275,21.2864738112275,4.05242989137261,20.4598792179298,20.7034449272916,20.4592277330505,20.7034449272916,21.2864738112275,21.2864738112275,20.7034449272916,20.7034449272916,20.7034449272916,20.7034449272916,0,0.48979537297606,20.7034449272916,20.7034449272916,20.7034449272916,21.2864738112275,21.2864738112275,21.2864738112275,21.2864738112275,21.2864738112275,21.2864738112275,20.7034449272916,20.7034449272916,4.15029355483887,4.15029355483887,20.7034449272916,20.7034449272916,21.2864738112275,21.2864738112275,21.2864738112275,20.7034449272916,20.7034449272916,21.2864738112275,21.2864738112275
"t177",15.5370683219304,10.8161764735482,11.7348004092827,12.7206842283496,12.5458315766036,14.0865908979396,12.3116948346827,12.0198506816978,14.0702308659798,14.3592015173282,21.114739954394,14.5699807301344,15.4467791777688,8.20154379865869,16.173216962242,15.757575949552,17.6529520889549,8.61583806941847,7.83812916863527,18.2158172109121,5.42568045107021,16.9115199815396,15.522984636806,16.3620321984452,21.2864738112275,16.4408343207927,5.35232944256216,17.5344767055491,16.3806708886842,16.8464501001804,9.4288473091009,17.0263268068931,18.5819065655157,6.80030619648072,17.6716422954571,17.111049488803,8.95104269538239,18.6927612727371,16.9166014420426,17.4996687736559,9.80064756501291,6.32639579490429,10.6716043060685,16.9067762409018,16.5881083277841,9.56631994514758,11.6958832374517,21.2864738112275,17.533918306509,17.2168167634071,19.9998789303297,16.9061829202737,21.2864738112275,17.5631237977015,17.5869797545828,18.0911703999504,17.6775918985083,21.8787833506558,18.5872500193779,12.1570528444869,18.7999877945229,19.673643989065,18.7242315991523,20.2278507883716,21.2864738112275,19.8093433719004,17.919045800839,19.0379412453785,19.7121510963688,20.1859957746094,20.0853474030087,22.0901201539204,18.2152254551366,20.2015509550007,10.5738434269107,10.4609494168581,20.7034449272916,18.2618352005649,19.5326444981578,20.7034449272916,19.0441035308607,21.2864738112275,21.2864738112275,19.0226351733303,20.7034449272916,4.47004535321979,10.275168511515,12.1570528444869,19.3206907485258,19.6610939767051,20.7034449272916,19.5764478593247,20.7034449272916,18.9988620889333,19.2249749045287,3.52010064393827,21.2864738112275,21.2864738112275,11.4561194519957,11.4561194519957,21.2864738112275,20.7034449272916,19.6123576576353,21.2864738112275,19.2531798870865,20.7034449272916,20.0407571390794,19.6475149169518,21.2864738112275,21.2864738112275,21.2864738112275,21.2864738112275,20.1938322614875,4.63824716165598,3.39386385421293,4.15029355483887,19.4946288543363,19.4966883637228,20.9618624297716,4.15029355483887,20.7034449272916,20.5790891536402,21.2864738112275,20.4372163844589,20.7034449272916,20.7034449272916,20.7034449272916,20.9137855292622,20.1698872709128,20.7034449272916,20.7034449272916,21.2864738112275,21.2864738112275,20.0486841823112,20.7034449272916,21.2864738112275,21.2864738112275,21.2864738112275,21.2864738112275,20.7034449272916,20.7034449272916,20.7034449272916,20.7034449272916,21.2864738112275,21.2864738112275,20.7034449272916,20.7034449272916,20.7034449272916,20.7034449272916,21.0613098887059,20.7034449272916,20.7034449272916,21.2864738112275,21.2864738112275,20.7034449272916,21.2864738112275,21.2864738112275,21.2864738112275,21.2864738112275,4.15029355483887,4.15029355483887,21.2864738112275,21.2864738112275,21.2864738112275,4.05242989137261,20.4598792179298,20.7034449272916,20.4592277330505,20.7034449272916,21.2864738112275,21.2864738112275,20.7034449272916,20.7034449272916,20.7034449272916,20.7034449272916,0.48979537297606,0,20.7034449272916,20.7034449272916,20.7034449272916,21.2864738112275,21.2864738112275,21.2864738112275,21.2864738112275,21.2864738112275,21.2864738112275,20.7034449272916,20.7034449272916,4.15029355483887,4.15029355483887,20.7034449272916,20.7034449272916,21.2864738112275,21.2864738112275,21.2864738112275,20.7034449272916,20.7034449272916,21.2864738112275,21.2864738112275
"t178",15.5370683219304,11.1144306720837,11.3113821489508,12.7206842283496,15.2238310625236,14.0865908979396,14.4698215853835,14.1779774323986,14.0702308659798,14.3592015173282,21.1147399543939,11.4012316705556,12.27803011819,15.2074624146518,12.105083729435,7.28775878570225,17.6529520889549,15.6217566854116,16.38452125144,18.2158172109121,15.5087870433135,6.81558605656234,8.27215278128391,7.89221503459543,21.2864738112275,9.19000246527053,16.4039419893518,17.5344767055491,9.12983903316205,7.59903968875938,20.6842045064358,9.77549495137096,11.3310747099936,18.1076318873586,8.42423188403611,9.86021763328084,17.4974347781871,18.6927612727371,16.9166014420426,17.4996687736559,19.9041809217885,16.4299291516799,19.2179963888732,9.65594438537969,9.33727647226193,16.5722385611407,18.7018018534447,21.2864738112275,17.533918306509,17.2168167634071,10.7524685189087,7.65877250885263,21.2864738112275,10.3122919421793,17.5869797545828,18.0911703999504,13.6294225700645,21.8787833506558,18.5872500193779,20.7034449272916,18.7999877945229,19.673643989065,4.13175414348298,20.2278507883716,21.2864738112275,15.7412101390934,13.850912568032,11.7871093898563,19.7121510963688,20.1859957746094,20.0853474030087,22.0901201539204,14.1670561266928,20.2015509550007,19.1202355097155,19.0073414996628,9.93534556586805,7.49373583914138,19.5326444981578,4.96221823536356,19.0441035308607,21.2864738112275,21.2864738112275,14.9545019405233,16.6353116944846,20.7034449272916,18.8215605943198,20.7034449272916,15.2525575157188,19.6610939767051,13.4526130717695,8.84943343677361,9.97643050474053,8.27184766638217,15.1768055760848,19.5852984095739,21.2864738112275,21.2864738112275,20.7034449272916,20.7034449272916,21.2864738112275,9.93534556586805,19.6123576576353,21.2864738112275,8.52616546453537,9.97643050474053,20.0407571390794,11.1776977531021,21.2864738112275,21.2864738112275,21.2864738112275,21.2864738112275,20.1938322614875,20.7034449272916,19.4590616198486,20.7034449272916,12.2437969988142,12.2458565082006,20.9618624297716,20.7034449272916,9.97643050474053,16.5309198251964,21.2864738112275,20.4372163844589,2.37162971450846,2.37162971450846,16.6552755988478,20.9137855292622,9.4428728483617,9.97643050474053,1.67779018242517,21.2864738112275,21.2864738112275,16.0005148538673,16.6552755988478,21.2864738112275,21.2864738112275,21.2864738112275,21.2864738112275,16.6353116944846,16.6552755988478,16.6353116944846,16.6353116944846,21.2864738112275,21.2864738112275,9.93534556586805,9.93534556586805,16.6353116944846,16.6353116944846,21.0613098887059,12.2336277634419,12.2336277634419,21.2864738112275,21.2864738112275,9.93534556586805,21.2864738112275,21.2864738112275,21.2864738112275,21.2864738112275,20.7034449272916,20.7034449272916,21.2864738112275,21.2864738112275,21.2864738112275,20.6055812638254,16.411709889486,16.6552755988478,2.32965358367955,2.57387077792069,21.2864738112275,21.2864738112275,16.6552755988478,16.6552755988478,16.6552755988478,16.6552755988478,20.7034449272916,20.7034449272916,0,16.6552755988478,16.6552755988478,21.2864738112275,21.2864738112275,21.2864738112275,21.2864738112275,21.2864738112275,21.2864738112275,16.6552755988478,16.6552755988478,20.7034449272916,20.7034449272916,9.93534556586805,9.93534556586805,21.2864738112275,21.2864738112275,21.2864738112275,0.385257654450386,0.385257654450386,21.2864738112275,21.2864738112275
"t179",15.5370683219304,11.1144306720837,11.3113821489508,12.7206842283496,15.2238310625236,14.0865908979396,14.4698215853836,14.1779774323986,14.0702308659798,14.3592015173282,21.114739954394,11.4012316705556,12.27803011819,15.2074624146518,12.1250476337981,11.7094066211082,17.6529520889549,15.6217566854116,16.38452125144,18.2158172109121,15.5087870433135,12.8633506530958,11.4748153083622,12.3138628700013,21.2864738112275,12.3926649923488,16.4039419893518,17.5344767055491,12.3325015602403,12.7982807717366,20.6842045064358,12.9781574784492,14.5337372370719,18.1076318873587,13.6234729670133,13.0628801603591,17.4974347781871,18.6927612727371,16.9166014420426,17.4996687736559,19.9041809217885,16.4299291516799,19.2179963888732,12.858606912458,12.5399389993402,16.5722385611407,18.7018018534448,21.2864738112275,17.533918306509,17.2168167634071,15.9517096018859,12.8580135918298,21.2864738112275,13.5149544692576,17.5869797545828,18.0911703999504,3.6615699669264,21.8787833506558,18.587250019378,20.7034449272916,18.7999877945229,19.673643989065,14.6760622707085,20.2278507883716,21.2864738112275,15.7611740434565,13.8708764723952,14.9897719169346,19.7121510963688,20.1859957746094,20.0853474030087,22.0901201539204,3.01667993297062,20.2015509550007,19.1202355097155,19.0073414996628,16.6552755988478,14.2136658721211,19.5326444981578,16.6552755988478,19.0441035308607,21.2864738112275,21.2864738112275,14.9744658448864,16.6552755988478,20.7034449272916,18.8215605943198,20.7034449272916,15.2725214200819,19.6610939767051,16.6552755988478,15.5282785308809,16.6552755988478,14.9506927604894,3.18425562429505,19.5852984095739,21.2864738112275,21.2864738112275,20.7034449272916,20.7034449272916,21.2864738112275,16.6552755988478,19.6123576576353,21.2864738112275,15.2050105586426,16.6552755988478,20.0407571390794,15.599345588508,21.2864738112275,21.2864738112275,21.2864738112275,21.2864738112275,20.1938322614875,20.7034449272916,19.4590616198486,20.7034449272916,15.4464595258925,15.4485190352789,20.9618624297716,20.7034449272916,16.6552755988478,4.53836987340661,21.2864738112275,20.4372163844589,16.6552755988478,16.6552755988478,4.66272564705802,20.9137855292622,16.1217179424689,16.6552755988478,16.6552755988478,21.2864738112275,21.2864738112275,0.966637060466273,1.62139780544673,21.2864738112275,21.2864738112275,21.2864738112275,21.2864738112275,16.6552755988478,4.66272564705802,16.6552755988478,16.6552755988478,21.2864738112275,21.2864738112275,16.6552755988478,16.6552755988478,16.6552755988478,16.6552755988478,21.0613098887059,16.6552755988478,16.6552755988478,21.2864738112275,21.2864738112275,16.6552755988478,21.2864738112275,21.2864738112275,21.2864738112275,21.2864738112275,20.7034449272916,20.7034449272916,21.2864738112275,21.2864738112275,21.2864738112275,20.6055812638254,4.41915993769621,4.66272564705802,16.4110584046066,16.6552755988478,21.2864738112275,21.2864738112275,4.66272564705802,4.66272564705802,3.33980950137422,3.33980950137422,20.7034449272916,20.7034449272916,16.6552755988478,0,0.297904807005058,21.2864738112275,21.2864738112275,21.2864738112275,21.2864738112275,21.2864738112275,21.2864738112275,1.36926486155153,1.36926486155153,20.7034449272916,20.7034449272916,16.6552755988478,16.6552755988478,21.2864738112275,21.2864738112275,21.2864738112275,16.6552755988478,16.6552755988478,21.2864738112275,21.2864738112275
"t180",15.5370683219304,11.1144306720837,11.3113821489508,12.7206842283496,15.2238310625236,14.0865908979396,14.4698215853836,14.1779774323986,14.0702308659798,14.3592015173282,21.114739954394,11.4012316705556,12.27803011819,15.2074624146518,12.1250476337981,11.7094066211082,17.6529520889549,15.6217566854116,16.38452125144,18.2158172109121,15.5087870433135,12.8633506530958,11.4748153083622,12.3138628700013,21.2864738112275,12.3926649923488,16.4039419893518,17.5344767055491,12.3325015602403,12.7982807717366,20.6842045064358,12.9781574784492,14.5337372370719,18.1076318873587,13.6234729670133,13.0628801603591,17.4974347781871,18.6927612727371,16.9166014420426,17.4996687736559,19.9041809217885,16.4299291516799,19.2179963888732,12.858606912458,12.5399389993402,16.5722385611407,18.7018018534448,21.2864738112275,17.533918306509,17.2168167634071,15.9517096018859,12.8580135918298,21.2864738112275,13.5149544692576,17.5869797545828,18.0911703999504,3.6615699669264,21.8787833506558,18.587250019378,20.7034449272916,18.7999877945229,19.673643989065,14.6760622707085,20.2278507883716,21.2864738112275,15.7611740434565,13.8708764723952,14.9897719169346,19.7121510963688,20.1859957746094,20.0853474030087,22.0901201539204,3.01667993297062,20.2015509550007,19.1202355097155,19.0073414996628,16.6552755988478,14.2136658721211,19.5326444981578,16.6552755988478,19.0441035308607,21.2864738112275,21.2864738112275,14.9744658448864,16.6552755988478,20.7034449272916,18.8215605943198,20.7034449272916,15.2725214200819,19.6610939767051,16.6552755988478,15.5282785308809,16.6552755988478,14.9506927604894,3.18425562429505,19.5852984095739,21.2864738112275,21.2864738112275,20.7034449272916,20.7034449272916,21.2864738112275,16.6552755988478,19.6123576576353,21.2864738112275,15.2050105586426,16.6552755988478,20.0407571390794,15.599345588508,21.2864738112275,21.2864738112275,21.2864738112275,21.2864738112275,20.1938322614875,20.7034449272916,19.4590616198486,20.7034449272916,15.4464595258925,15.4485190352789,20.9618624297716,20.7034449272916,16.6552755988478,4.53836987340661,21.2864738112275,20.4372163844589,16.6552755988478,16.6552755988478,4.66272564705802,20.9137855292622,16.1217179424689,16.6552755988478,16.6552755988478,21.2864738112275,21.2864738112275,0.966637060466273,1.62139780544673,21.2864738112275,21.2864738112275,21.2864738112275,21.2864738112275,16.6552755988478,4.66272564705802,16.6552755988478,16.6552755988478,21.2864738112275,21.2864738112275,16.6552755988478,16.6552755988478,16.6552755988478,16.6552755988478,21.0613098887059,16.6552755988478,16.6552755988478,21.2864738112275,21.2864738112275,16.6552755988478,21.2864738112275,21.2864738112275,21.2864738112275,21.2864738112275,20.7034449272916,20.7034449272916,21.2864738112275,21.2864738112275,21.2864738112275,20.6055812638254,4.41915993769621,4.66272564705802,16.4110584046066,16.6552755988478,21.2864738112275,21.2864738112275,4.66272564705802,4.66272564705802,3.33980950137422,3.33980950137422,20.7034449272916,20.7034449272916,16.6552755988478,0.297904807005058,0,21.2864738112275,21.2864738112275,21.2864738112275,21.2864738112275,21.2864738112275,21.2864738112275,1.36926486155153,1.36926486155153,20.7034449272916,20.7034449272916,16.6552755988478,16.6552755988478,21.2864738112275,21.2864738112275,21.2864738112275,16.6552755988478,16.6552755988478,21.2864738112275,21.2864738112275
"t181",15.5370683219304,11.6974595560195,12.3178292932185,12.7206842283496,15.8068599464594,11.1043865230836,15.0528504693194,14.7610063163345,11.0880264911238,8.00226547566699,14.7578039127328,15.1530096140703,16.0298080617046,15.7904912985876,16.7562458461778,16.3406048334879,17.6529520889549,16.2047855693474,16.9675501353759,11.5092900046047,16.0918159272493,17.4945488654755,16.1060135207419,16.945061082381,14.5799466049201,17.0238632047285,16.9869708732877,10.8279494992417,16.96369977262,17.4294789841163,21.2672333903716,17.6093556908289,19.1649354494516,18.6906607712945,18.254671179393,17.6940783727388,18.080463662123,11.9862340664298,10.2100742357352,10.7931415673486,20.4872098057244,17.0129580356157,19.8010252728091,17.4898051248377,17.1711372117199,17.1552674450765,19.2848307373806,8.45866582685224,10.8273911002016,10.5102895570998,20.5829078142656,17.4892118042095,14.5799466049201,18.1461526816373,14.6047753797268,11.384643193643,18.2606207824442,21.8787833506558,11.8807228130706,21.2864738112275,15.8177834196669,16.691439614209,19.3072604830882,17.2456464135156,18.3042694363715,20.3923722558362,18.5020746847749,19.6209701293143,19.7121510963688,20.1859957746094,20.0853474030087,22.0901201539204,18.7982543390725,17.2193465801447,19.7032643936513,19.5903703835987,21.2864738112275,18.8448640845008,12.8261172918504,21.2864738112275,16.0618991560047,18.3042694363715,14.5799466049201,19.6056640572661,21.2864738112275,21.2864738112275,19.4045894782556,21.2864738112275,19.9037196324616,16.6788896018491,21.2864738112275,20.1594767432605,21.2864738112275,19.5818909728691,19.8080037884645,20.1683272935098,18.3042694363715,18.3042694363715,21.2864738112275,21.2864738112275,14.5799466049201,21.2864738112275,12.9058304513279,14.5799466049201,19.8362087710223,21.2864738112275,17.0585527642234,20.2305438008877,14.5799466049201,14.5799466049201,14.5799466049201,14.5799466049201,13.4873050551801,21.2864738112275,20.0420905037844,21.2864738112275,20.0776577382722,20.0797172476586,14.2553352234642,21.2864738112275,21.2864738112275,21.1621180375761,14.5799466049201,13.7306891781515,21.2864738112275,21.2864738112275,21.2864738112275,14.2072583229548,20.7529161548486,21.2864738112275,21.2864738112275,18.3042694363715,18.3042694363715,20.631713066247,21.2864738112275,14.5799466049201,14.5799466049201,14.5799466049201,14.5799466049201,21.2864738112275,21.2864738112275,21.2864738112275,21.2864738112275,14.5799466049201,14.5799466049201,21.2864738112275,21.2864738112275,21.2864738112275,21.2864738112275,14.3547826823985,21.2864738112275,21.2864738112275,18.3042694363715,18.3042694363715,21.2864738112275,14.5799466049201,14.5799466049201,14.5799466049201,14.5799466049201,21.2864738112275,21.2864738112275,14.5799466049201,14.5799466049201,14.5799466049201,21.1886101477612,21.0429081018657,21.2864738112275,21.0422566169863,21.2864738112275,14.5799466049201,14.5799466049201,21.2864738112275,21.2864738112275,21.2864738112275,21.2864738112275,21.2864738112275,21.2864738112275,21.2864738112275,21.2864738112275,21.2864738112275,0,0.222834194186659,4.12771586311531,4.12771586311531,14.5799466049201,14.5799466049201,21.2864738112275,21.2864738112275,21.2864738112275,21.2864738112275,21.2864738112275,21.2864738112275,14.5799466049201,14.5799466049201,14.5799466049201,21.2864738112275,21.2864738112275,14.5799466049201,14.5799466049201
"t182",15.5370683219304,11.6974595560195,12.3178292932185,12.7206842283496,15.8068599464594,11.1043865230836,15.0528504693194,14.7610063163345,11.0880264911238,8.00226547566699,14.7578039127328,15.1530096140703,16.0298080617046,15.7904912985876,16.7562458461778,16.3406048334879,17.6529520889549,16.2047855693474,16.9675501353759,11.5092900046047,16.0918159272493,17.4945488654755,16.1060135207419,16.945061082381,14.5799466049201,17.0238632047285,16.9869708732877,10.8279494992417,16.96369977262,17.4294789841163,21.2672333903716,17.6093556908289,19.1649354494516,18.6906607712945,18.254671179393,17.6940783727388,18.080463662123,11.9862340664298,10.2100742357352,10.7931415673486,20.4872098057244,17.0129580356157,19.8010252728091,17.4898051248377,17.1711372117199,17.1552674450765,19.2848307373806,8.45866582685224,10.8273911002016,10.5102895570998,20.5829078142656,17.4892118042095,14.5799466049201,18.1461526816373,14.6047753797268,11.384643193643,18.2606207824442,21.8787833506558,11.8807228130706,21.2864738112275,15.8177834196669,16.691439614209,19.3072604830882,17.2456464135156,18.3042694363715,20.3923722558362,18.5020746847749,19.6209701293143,19.7121510963688,20.1859957746094,20.0853474030087,22.0901201539204,18.7982543390725,17.2193465801447,19.7032643936513,19.5903703835987,21.2864738112275,18.8448640845008,12.8261172918504,21.2864738112275,16.0618991560047,18.3042694363715,14.5799466049201,19.6056640572661,21.2864738112275,21.2864738112275,19.4045894782556,21.2864738112275,19.9037196324616,16.6788896018491,21.2864738112275,20.1594767432605,21.2864738112275,19.5818909728691,19.8080037884645,20.1683272935098,18.3042694363715,18.3042694363715,21.2864738112275,21.2864738112275,14.5799466049201,21.2864738112275,12.9058304513279,14.5799466049201,19.8362087710223,21.2864738112275,17.0585527642234,20.2305438008877,14.5799466049201,14.5799466049201,14.5799466049201,14.5799466049201,13.4873050551801,21.2864738112275,20.0420905037844,21.2864738112275,20.0776577382722,20.0797172476586,14.2553352234642,21.2864738112275,21.2864738112275,21.1621180375761,14.5799466049201,13.7306891781515,21.2864738112275,21.2864738112275,21.2864738112275,14.2072583229548,20.7529161548486,21.2864738112275,21.2864738112275,18.3042694363715,18.3042694363715,20.631713066247,21.2864738112275,14.5799466049201,14.5799466049201,14.5799466049201,14.5799466049201,21.2864738112275,21.2864738112275,21.2864738112275,21.2864738112275,14.5799466049201,14.5799466049201,21.2864738112275,21.2864738112275,21.2864738112275,21.2864738112275,14.3547826823985,21.2864738112275,21.2864738112275,18.3042694363715,18.3042694363715,21.2864738112275,14.5799466049201,14.5799466049201,14.5799466049201,14.5799466049201,21.2864738112275,21.2864738112275,14.5799466049201,14.5799466049201,14.5799466049201,21.1886101477612,21.0429081018657,21.2864738112275,21.0422566169863,21.2864738112275,14.5799466049201,14.5799466049201,21.2864738112275,21.2864738112275,21.2864738112275,21.2864738112275,21.2864738112275,21.2864738112275,21.2864738112275,21.2864738112275,21.2864738112275,0.222834194186659,0,4.12771586311531,4.12771586311531,14.5799466049201,14.5799466049201,21.2864738112275,21.2864738112275,21.2864738112275,21.2864738112275,21.2864738112275,21.2864738112275,14.5799466049201,14.5799466049201,14.5799466049201,21.2864738112275,21.2864738112275,14.5799466049201,14.5799466049201
"t183",15.5370683219304,11.6974595560195,12.3178292932185,12.7206842283496,15.8068599464594,11.1043865230836,15.0528504693194,14.7610063163345,11.0880264911238,8.00226547566699,14.7578039127328,15.1530096140703,16.0298080617046,15.7904912985876,16.7562458461778,16.3406048334879,17.6529520889549,16.2047855693474,16.9675501353759,11.5092900046047,16.0918159272493,17.4945488654755,16.1060135207419,16.945061082381,14.5799466049201,17.0238632047285,16.9869708732877,10.8279494992417,16.96369977262,17.4294789841163,21.2672333903716,17.6093556908289,19.1649354494516,18.6906607712945,18.254671179393,17.6940783727388,18.080463662123,11.9862340664298,10.2100742357352,10.7931415673486,20.4872098057244,17.0129580356157,19.8010252728091,17.4898051248377,17.1711372117199,17.1552674450765,19.2848307373806,8.45866582685224,10.8273911002016,10.5102895570998,20.5829078142656,17.4892118042095,14.5799466049201,18.1461526816373,14.6047753797268,11.384643193643,18.2606207824442,21.8787833506558,11.8807228130706,21.2864738112275,15.8177834196669,16.691439614209,19.3072604830882,17.2456464135156,18.3042694363715,20.3923722558362,18.5020746847749,19.6209701293143,19.7121510963688,20.1859957746094,20.0853474030087,22.0901201539204,18.7982543390725,17.2193465801447,19.7032643936513,19.5903703835987,21.2864738112275,18.8448640845008,12.8261172918504,21.2864738112275,16.0618991560047,18.3042694363715,14.5799466049201,19.6056640572661,21.2864738112275,21.2864738112275,19.4045894782556,21.2864738112275,19.9037196324616,16.6788896018491,21.2864738112275,20.1594767432605,21.2864738112275,19.5818909728691,19.8080037884645,20.1683272935098,18.3042694363715,18.3042694363715,21.2864738112275,21.2864738112275,14.5799466049201,21.2864738112275,12.9058304513279,14.5799466049201,19.8362087710223,21.2864738112275,17.0585527642234,20.2305438008877,14.5799466049201,14.5799466049201,14.5799466049201,14.5799466049201,13.4873050551801,21.2864738112275,20.0420905037844,21.2864738112275,20.0776577382722,20.0797172476586,14.2553352234642,21.2864738112275,21.2864738112275,21.1621180375761,14.5799466049201,13.7306891781515,21.2864738112275,21.2864738112275,21.2864738112275,14.2072583229548,20.7529161548486,21.2864738112275,21.2864738112275,18.3042694363715,18.3042694363715,20.631713066247,21.2864738112275,14.5799466049201,14.5799466049201,14.5799466049201,14.5799466049201,21.2864738112275,21.2864738112275,21.2864738112275,21.2864738112275,14.5799466049201,14.5799466049201,21.2864738112275,21.2864738112275,21.2864738112275,21.2864738112275,14.3547826823985,21.2864738112275,21.2864738112275,18.3042694363715,18.3042694363715,21.2864738112275,14.5799466049201,14.5799466049201,14.5799466049201,14.5799466049201,21.2864738112275,21.2864738112275,14.5799466049201,14.5799466049201,14.5799466049201,21.1886101477612,21.0429081018657,21.2864738112275,21.0422566169863,21.2864738112275,14.5799466049201,14.5799466049201,21.2864738112275,21.2864738112275,21.2864738112275,21.2864738112275,21.2864738112275,21.2864738112275,21.2864738112275,21.2864738112275,21.2864738112275,4.12771586311531,4.12771586311531,0,0.183232942164785,14.5799466049201,14.5799466049201,21.2864738112275,21.2864738112275,21.2864738112275,21.2864738112275,21.2864738112275,21.2864738112275,14.5799466049201,14.5799466049201,14.5799466049201,21.2864738112275,21.2864738112275,14.5799466049201,14.5799466049201
"t184",15.5370683219304,11.6974595560195,12.3178292932185,12.7206842283496,15.8068599464594,11.1043865230836,15.0528504693194,14.7610063163345,11.0880264911238,8.00226547566699,14.7578039127328,15.1530096140703,16.0298080617046,15.7904912985876,16.7562458461778,16.3406048334879,17.6529520889549,16.2047855693474,16.9675501353759,11.5092900046047,16.0918159272493,17.4945488654755,16.1060135207419,16.945061082381,14.5799466049201,17.0238632047285,16.9869708732877,10.8279494992417,16.96369977262,17.4294789841163,21.2672333903716,17.6093556908289,19.1649354494516,18.6906607712945,18.254671179393,17.6940783727388,18.080463662123,11.9862340664298,10.2100742357352,10.7931415673486,20.4872098057244,17.0129580356157,19.8010252728091,17.4898051248377,17.1711372117199,17.1552674450765,19.2848307373806,8.45866582685224,10.8273911002016,10.5102895570998,20.5829078142656,17.4892118042095,14.5799466049201,18.1461526816373,14.6047753797268,11.384643193643,18.2606207824442,21.8787833506558,11.8807228130706,21.2864738112275,15.8177834196669,16.691439614209,19.3072604830882,17.2456464135156,18.3042694363715,20.3923722558362,18.5020746847749,19.6209701293143,19.7121510963688,20.1859957746094,20.0853474030087,22.0901201539204,18.7982543390725,17.2193465801447,19.7032643936513,19.5903703835987,21.2864738112275,18.8448640845008,12.8261172918504,21.2864738112275,16.0618991560047,18.3042694363715,14.5799466049201,19.6056640572661,21.2864738112275,21.2864738112275,19.4045894782556,21.2864738112275,19.9037196324616,16.6788896018491,21.2864738112275,20.1594767432605,21.2864738112275,19.5818909728691,19.8080037884645,20.1683272935098,18.3042694363715,18.3042694363715,21.2864738112275,21.2864738112275,14.5799466049201,21.2864738112275,12.9058304513279,14.5799466049201,19.8362087710223,21.2864738112275,17.0585527642234,20.2305438008877,14.5799466049201,14.5799466049201,14.5799466049201,14.5799466049201,13.4873050551801,21.2864738112275,20.0420905037844,21.2864738112275,20.0776577382722,20.0797172476586,14.2553352234642,21.2864738112275,21.2864738112275,21.1621180375761,14.5799466049201,13.7306891781515,21.2864738112275,21.2864738112275,21.2864738112275,14.2072583229548,20.7529161548486,21.2864738112275,21.2864738112275,18.3042694363715,18.3042694363715,20.631713066247,21.2864738112275,14.5799466049201,14.5799466049201,14.5799466049201,14.5799466049201,21.2864738112275,21.2864738112275,21.2864738112275,21.2864738112275,14.5799466049201,14.5799466049201,21.2864738112275,21.2864738112275,21.2864738112275,21.2864738112275,14.3547826823985,21.2864738112275,21.2864738112275,18.3042694363715,18.3042694363715,21.2864738112275,14.5799466049201,14.5799466049201,14.5799466049201,14.5799466049201,21.2864738112275,21.2864738112275,14.5799466049201,14.5799466049201,14.5799466049201,21.1886101477612,21.0429081018657,21.2864738112275,21.0422566169863,21.2864738112275,14.5799466049201,14.5799466049201,21.2864738112275,21.2864738112275,21.2864738112275,21.2864738112275,21.2864738112275,21.2864738112275,21.2864738112275,21.2864738112275,21.2864738112275,4.12771586311531,4.12771586311531,0.183232942164785,0,14.5799466049201,14.5799466049201,21.2864738112275,21.2864738112275,21.2864738112275,21.2864738112275,21.2864738112275,21.2864738112275,14.5799466049201,14.5799466049201,14.5799466049201,21.2864738112275,21.2864738112275,14.5799466049201,14.5799466049201
"t185",15.5370683219304,11.6974595560195,12.3178292932185,12.7206842283496,15.8068599464594,11.1043865230836,15.0528504693194,14.7610063163345,11.0880264911238,8.00226547566699,14.7578039127328,15.1530096140703,16.0298080617046,15.7904912985876,16.7562458461778,16.3406048334879,17.6529520889549,16.2047855693474,16.9675501353759,8.33620603826011,16.0918159272493,17.4945488654755,16.1060135207419,16.945061082381,10.3929704207208,17.0238632047285,16.9869708732877,6.61809635673856,16.96369977262,17.4294789841163,21.2672333903716,17.6093556908289,19.1649354494516,18.6906607712945,18.254671179393,17.6940783727388,18.080463662123,8.81315010008519,6.00022109323203,6.58328842484542,20.4872098057244,17.0129580356157,19.8010252728091,17.4898051248377,17.1711372117199,17.1552674450765,19.2848307373806,14.5799466049201,7.65430713385703,7.33720559075519,20.5829078142656,17.4892118042095,10.3700934624169,18.1461526816373,14.6047753797268,4.39705967571433,18.2606207824442,21.8787833506558,7.67086967056742,21.2864738112275,15.8177834196669,16.691439614209,19.3072604830882,17.2456464135156,18.3042694363715,20.3923722558362,18.5020746847749,19.6209701293143,19.7121510963688,20.1859957746094,20.0853474030087,22.0901201539204,18.7982543390725,17.2193465801447,19.7032643936513,19.5903703835987,21.2864738112275,18.8448640845008,8.61626414934731,21.2864738112275,16.0618991560047,18.3042694363715,10.3700934624169,19.6056640572661,21.2864738112275,21.2864738112275,19.4045894782556,21.2864738112275,19.9037196324616,16.6788896018491,21.2864738112275,20.1594767432605,21.2864738112275,19.5818909728691,19.8080037884645,20.1683272935098,18.3042694363715,18.3042694363715,21.2864738112275,21.2864738112275,14.0048882280394,21.2864738112275,8.95240836137858,10.6265245149707,19.8362087710223,21.2864738112275,17.0585527642234,20.2305438008877,10.3700934624169,14.0048882280394,14.0048882280394,10.3700934624169,9.27745191267696,21.2864738112275,20.0420905037844,21.2864738112275,20.0776577382722,20.0797172476586,13.6802768465835,21.2864738112275,21.2864738112275,21.1621180375761,5.95222350562322,9.52083603564837,21.2864738112275,21.2864738112275,21.2864738112275,1.39543651638941,20.7529161548486,21.2864738112275,21.2864738112275,18.3042694363715,18.3042694363715,20.631713066247,21.2864738112275,10.3700934624169,10.3700934624169,10.3700934624169,10.3700934624169,21.2864738112275,21.2864738112275,21.2864738112275,21.2864738112275,14.0048882280394,14.0048882280394,21.2864738112275,21.2864738112275,21.2864738112275,21.2864738112275,13.7797243055179,21.2864738112275,21.2864738112275,18.3042694363715,18.3042694363715,21.2864738112275,10.3700934624169,10.3700934624169,5.95222350562322,5.95222350562322,21.2864738112275,21.2864738112275,10.3700934624169,14.0048882280394,14.0048882280394,21.1886101477612,21.0429081018657,21.2864738112275,21.0422566169863,21.2864738112275,10.3700934624169,10.3700934624169,21.2864738112275,21.2864738112275,21.2864738112275,21.2864738112275,21.2864738112275,21.2864738112275,21.2864738112275,21.2864738112275,21.2864738112275,14.5799466049201,14.5799466049201,14.5799466049201,14.5799466049201,0,0.174424745622189,21.2864738112275,21.2864738112275,21.2864738112275,21.2864738112275,21.2864738112275,21.2864738112275,10.3700934624169,10.3700934624169,10.3700934624169,21.2864738112275,21.2864738112275,10.3700934624169,10.3700934624169
"t186",15.5370683219304,11.6974595560195,12.3178292932185,12.7206842283496,15.8068599464594,11.1043865230836,15.0528504693194,14.7610063163345,11.0880264911238,8.00226547566699,14.7578039127328,15.1530096140703,16.0298080617046,15.7904912985876,16.7562458461778,16.3406048334879,17.6529520889549,16.2047855693474,16.9675501353759,8.33620603826011,16.0918159272493,17.4945488654755,16.1060135207419,16.945061082381,10.3929704207208,17.0238632047285,16.9869708732877,6.61809635673856,16.96369977262,17.4294789841163,21.2672333903716,17.6093556908289,19.1649354494516,18.6906607712945,18.254671179393,17.6940783727388,18.080463662123,8.81315010008519,6.00022109323203,6.58328842484542,20.4872098057244,17.0129580356157,19.8010252728091,17.4898051248377,17.1711372117199,17.1552674450765,19.2848307373806,14.5799466049201,7.65430713385703,7.33720559075519,20.5829078142656,17.4892118042095,10.3700934624169,18.1461526816373,14.6047753797268,4.39705967571433,18.2606207824442,21.8787833506558,7.67086967056742,21.2864738112275,15.8177834196669,16.691439614209,19.3072604830882,17.2456464135156,18.3042694363715,20.3923722558362,18.5020746847749,19.6209701293143,19.7121510963688,20.1859957746094,20.0853474030087,22.0901201539204,18.7982543390725,17.2193465801447,19.7032643936513,19.5903703835987,21.2864738112275,18.8448640845008,8.61626414934731,21.2864738112275,16.0618991560047,18.3042694363715,10.3700934624169,19.6056640572661,21.2864738112275,21.2864738112275,19.4045894782556,21.2864738112275,19.9037196324616,16.6788896018491,21.2864738112275,20.1594767432605,21.2864738112275,19.5818909728691,19.8080037884645,20.1683272935098,18.3042694363715,18.3042694363715,21.2864738112275,21.2864738112275,14.0048882280394,21.2864738112275,8.95240836137858,10.6265245149707,19.8362087710223,21.2864738112275,17.0585527642234,20.2305438008877,10.3700934624169,14.0048882280394,14.0048882280394,10.3700934624169,9.27745191267696,21.2864738112275,20.0420905037844,21.2864738112275,20.0776577382722,20.0797172476586,13.6802768465835,21.2864738112275,21.2864738112275,21.1621180375761,5.95222350562322,9.52083603564837,21.2864738112275,21.2864738112275,21.2864738112275,1.39543651638941,20.7529161548486,21.2864738112275,21.2864738112275,18.3042694363715,18.3042694363715,20.631713066247,21.2864738112275,10.3700934624169,10.3700934624169,10.3700934624169,10.3700934624169,21.2864738112275,21.2864738112275,21.2864738112275,21.2864738112275,14.0048882280394,14.0048882280394,21.2864738112275,21.2864738112275,21.2864738112275,21.2864738112275,13.7797243055179,21.2864738112275,21.2864738112275,18.3042694363715,18.3042694363715,21.2864738112275,10.3700934624169,10.3700934624169,5.95222350562322,5.95222350562322,21.2864738112275,21.2864738112275,10.3700934624169,14.0048882280394,14.0048882280394,21.1886101477612,21.0429081018657,21.2864738112275,21.0422566169863,21.2864738112275,10.3700934624169,10.3700934624169,21.2864738112275,21.2864738112275,21.2864738112275,21.2864738112275,21.2864738112275,21.2864738112275,21.2864738112275,21.2864738112275,21.2864738112275,14.5799466049201,14.5799466049201,14.5799466049201,14.5799466049201,0.174424745622189,0,21.2864738112275,21.2864738112275,21.2864738112275,21.2864738112275,21.2864738112275,21.2864738112275,10.3700934624169,10.3700934624169,10.3700934624169,21.2864738112275,21.2864738112275,10.3700934624169,10.3700934624169
"t187",15.5370683219304,11.1144306720837,11.3113821489508,12.7206842283496,15.2238310625236,14.0865908979396,14.4698215853836,14.1779774323986,14.0702308659798,14.3592015173282,21.114739954394,11.4012316705556,12.27803011819,15.2074624146518,12.1250476337981,11.7094066211082,17.6529520889549,15.6217566854116,16.38452125144,18.2158172109121,15.5087870433135,12.8633506530958,11.4748153083622,12.3138628700013,21.2864738112275,12.3926649923488,16.4039419893518,17.5344767055491,12.3325015602403,12.7982807717366,20.6842045064358,12.9781574784493,14.5337372370719,18.1076318873587,13.6234729670133,13.0628801603591,17.4974347781871,18.6927612727371,16.9166014420426,17.4996687736559,19.9041809217885,16.4299291516799,19.2179963888732,12.858606912458,12.5399389993402,16.5722385611407,18.7018018534448,21.2864738112275,17.533918306509,17.2168167634071,15.9517096018859,12.8580135918298,21.2864738112275,13.5149544692576,17.5869797545828,18.0911703999504,3.6615699669264,21.8787833506558,18.5872500193779,20.7034449272916,18.7999877945229,19.673643989065,14.6760622707085,20.2278507883716,21.2864738112275,15.7611740434565,13.8708764723952,14.9897719169346,19.7121510963688,20.1859957746094,20.0853474030087,22.0901201539204,3.01667993297062,20.2015509550007,19.1202355097155,19.0073414996628,16.6552755988478,14.2136658721211,19.5326444981578,16.6552755988478,19.0441035308607,21.2864738112275,21.2864738112275,14.9744658448864,16.6552755988478,20.7034449272916,18.8215605943198,20.7034449272916,15.2725214200819,19.6610939767051,16.6552755988478,15.5282785308809,16.6552755988478,14.9506927604894,3.18425562429505,19.5852984095739,21.2864738112275,21.2864738112275,20.7034449272916,20.7034449272916,21.2864738112275,16.6552755988478,19.6123576576353,21.2864738112275,15.2050105586426,16.6552755988478,20.0407571390794,15.599345588508,21.2864738112275,21.2864738112275,21.2864738112275,21.2864738112275,20.1938322614875,20.7034449272916,19.4590616198486,20.7034449272916,15.4464595258925,15.4485190352789,20.9618624297716,20.7034449272916,16.6552755988478,4.53836987340661,21.2864738112275,20.4372163844589,16.6552755988478,16.6552755988478,4.66272564705802,20.9137855292622,16.1217179424689,16.6552755988478,16.6552755988478,21.2864738112275,21.2864738112275,0.966637060466273,1.62139780544673,21.2864738112275,21.2864738112275,21.2864738112275,21.2864738112275,16.6552755988478,4.66272564705802,16.6552755988478,16.6552755988478,21.2864738112275,21.2864738112275,16.6552755988478,16.6552755988478,16.6552755988478,16.6552755988478,21.0613098887059,16.6552755988478,16.6552755988478,21.2864738112275,21.2864738112275,16.6552755988478,21.2864738112275,21.2864738112275,21.2864738112275,21.2864738112275,20.7034449272916,20.7034449272916,21.2864738112275,21.2864738112275,21.2864738112275,20.6055812638254,4.41915993769621,4.66272564705802,16.4110584046066,16.6552755988478,21.2864738112275,21.2864738112275,4.66272564705802,4.66272564705802,3.33980950137422,3.33980950137422,20.7034449272916,20.7034449272916,16.6552755988478,1.36926486155153,1.36926486155153,21.2864738112275,21.2864738112275,21.2864738112275,21.2864738112275,21.2864738112275,21.2864738112275,0,0.14621996988912,20.7034449272916,20.7034449272916,16.6552755988478,16.6552755988478,21.2864738112275,21.2864738112275,21.2864738112275,16.6552755988478,16.6552755988478,21.2864738112275,21.2864738112275
"t188",15.5370683219304,11.1144306720837,11.3113821489508,12.7206842283496,15.2238310625236,14.0865908979396,14.4698215853836,14.1779774323986,14.0702308659798,14.3592015173282,21.114739954394,11.4012316705556,12.27803011819,15.2074624146518,12.1250476337981,11.7094066211082,17.6529520889549,15.6217566854116,16.38452125144,18.2158172109121,15.5087870433135,12.8633506530958,11.4748153083622,12.3138628700013,21.2864738112275,12.3926649923488,16.4039419893518,17.5344767055491,12.3325015602403,12.7982807717366,20.6842045064358,12.9781574784493,14.5337372370719,18.1076318873587,13.6234729670133,13.0628801603591,17.4974347781871,18.6927612727371,16.9166014420426,17.4996687736559,19.9041809217885,16.4299291516799,19.2179963888732,12.858606912458,12.5399389993402,16.5722385611407,18.7018018534448,21.2864738112275,17.533918306509,17.2168167634071,15.9517096018859,12.8580135918298,21.2864738112275,13.5149544692576,17.5869797545828,18.0911703999504,3.6615699669264,21.8787833506558,18.5872500193779,20.7034449272916,18.7999877945229,19.673643989065,14.6760622707085,20.2278507883716,21.2864738112275,15.7611740434565,13.8708764723952,14.9897719169346,19.7121510963688,20.1859957746094,20.0853474030087,22.0901201539204,3.01667993297062,20.2015509550007,19.1202355097155,19.0073414996628,16.6552755988478,14.2136658721211,19.5326444981578,16.6552755988478,19.0441035308607,21.2864738112275,21.2864738112275,14.9744658448864,16.6552755988478,20.7034449272916,18.8215605943198,20.7034449272916,15.2725214200819,19.6610939767051,16.6552755988478,15.5282785308809,16.6552755988478,14.9506927604894,3.18425562429505,19.5852984095739,21.2864738112275,21.2864738112275,20.7034449272916,20.7034449272916,21.2864738112275,16.6552755988478,19.6123576576353,21.2864738112275,15.2050105586426,16.6552755988478,20.0407571390794,15.599345588508,21.2864738112275,21.2864738112275,21.2864738112275,21.2864738112275,20.1938322614875,20.7034449272916,19.4590616198486,20.7034449272916,15.4464595258925,15.4485190352789,20.9618624297716,20.7034449272916,16.6552755988478,4.53836987340661,21.2864738112275,20.4372163844589,16.6552755988478,16.6552755988478,4.66272564705802,20.9137855292622,16.1217179424689,16.6552755988478,16.6552755988478,21.2864738112275,21.2864738112275,0.966637060466273,1.62139780544673,21.2864738112275,21.2864738112275,21.2864738112275,21.2864738112275,16.6552755988478,4.66272564705802,16.6552755988478,16.6552755988478,21.2864738112275,21.2864738112275,16.6552755988478,16.6552755988478,16.6552755988478,16.6552755988478,21.0613098887059,16.6552755988478,16.6552755988478,21.2864738112275,21.2864738112275,16.6552755988478,21.2864738112275,21.2864738112275,21.2864738112275,21.2864738112275,20.7034449272916,20.7034449272916,21.2864738112275,21.2864738112275,21.2864738112275,20.6055812638254,4.41915993769621,4.66272564705802,16.4110584046066,16.6552755988478,21.2864738112275,21.2864738112275,4.66272564705802,4.66272564705802,3.33980950137422,3.33980950137422,20.7034449272916,20.7034449272916,16.6552755988478,1.36926486155153,1.36926486155153,21.2864738112275,21.2864738112275,21.2864738112275,21.2864738112275,21.2864738112275,21.2864738112275,0.14621996988912,0,20.7034449272916,20.7034449272916,16.6552755988478,16.6552755988478,21.2864738112275,21.2864738112275,21.2864738112275,16.6552755988478,16.6552755988478,21.2864738112275,21.2864738112275
"t189",15.5370683219304,10.8161764735482,11.7348004092827,12.7206842283496,12.5458315766036,14.0865908979396,12.3116948346827,12.0198506816978,14.0702308659798,14.3592015173282,21.114739954394,14.5699807301344,15.4467791777688,8.20154379865869,16.173216962242,15.757575949552,17.6529520889549,8.61583806941847,7.83812916863527,18.2158172109121,5.42568045107021,16.9115199815396,15.522984636806,16.3620321984452,21.2864738112275,16.4408343207927,5.35232944256216,17.5344767055491,16.3806708886842,16.8464501001804,9.4288473091009,17.0263268068931,18.5819065655157,6.80030619648072,17.6716422954571,17.111049488803,8.95104269538239,18.6927612727371,16.9166014420426,17.4996687736559,9.80064756501291,6.3263957949043,10.6716043060685,16.9067762409018,16.5881083277841,9.56631994514759,11.6958832374517,21.2864738112275,17.533918306509,17.2168167634071,19.9998789303297,16.9061829202737,21.2864738112275,17.5631237977014,17.5869797545828,18.0911703999504,17.6775918985083,21.8787833506558,18.5872500193779,12.1570528444869,18.7999877945229,19.673643989065,18.7242315991523,20.2278507883716,21.2864738112275,19.8093433719004,17.919045800839,19.0379412453785,19.7121510963688,20.1859957746094,20.0853474030087,22.0901201539204,18.2152254551366,20.2015509550007,10.5738434269107,10.4609494168581,20.7034449272916,18.2618352005649,19.5326444981578,20.7034449272916,19.0441035308607,21.2864738112275,21.2864738112275,19.0226351733303,20.7034449272916,4.47004535321979,10.275168511515,12.1570528444869,19.3206907485258,19.6610939767051,20.7034449272916,19.5764478593247,20.7034449272916,18.9988620889332,19.2249749045286,3.52010064393827,21.2864738112275,21.2864738112275,11.4561194519957,11.4561194519957,21.2864738112275,20.7034449272916,19.6123576576353,21.2864738112275,19.2531798870864,20.7034449272916,20.0407571390794,19.6475149169518,21.2864738112275,21.2864738112275,21.2864738112275,21.2864738112275,20.1938322614875,4.63824716165598,3.39386385421293,2.80333802246173,19.4946288543363,19.4966883637228,20.9618624297716,2.11510113637097,20.7034449272916,20.5790891536402,21.2864738112275,20.4372163844589,20.7034449272916,20.7034449272916,20.7034449272916,20.9137855292622,20.1698872709128,20.7034449272916,20.7034449272916,21.2864738112275,21.2864738112275,20.0486841823112,20.7034449272916,21.2864738112275,21.2864738112275,21.2864738112275,21.2864738112275,20.7034449272916,20.7034449272916,20.7034449272916,20.7034449272916,21.2864738112275,21.2864738112275,20.7034449272916,20.7034449272916,20.7034449272916,20.7034449272916,21.0613098887059,20.7034449272916,20.7034449272916,21.2864738112275,21.2864738112275,20.7034449272916,21.2864738112275,21.2864738112275,21.2864738112275,21.2864738112275,2.00594582326184,2.00594582326184,21.2864738112275,21.2864738112275,21.2864738112275,0.588822842598849,20.4598792179298,20.7034449272916,20.4592277330505,20.7034449272916,21.2864738112275,21.2864738112275,20.7034449272916,20.7034449272916,20.7034449272916,20.7034449272916,4.15029355483887,4.15029355483887,20.7034449272916,20.7034449272916,20.7034449272916,21.2864738112275,21.2864738112275,21.2864738112275,21.2864738112275,21.2864738112275,21.2864738112275,20.7034449272916,20.7034449272916,0,0.0768093179674444,20.7034449272916,20.7034449272916,21.2864738112275,21.2864738112275,21.2864738112275,20.7034449272916,20.7034449272916,21.2864738112275,21.2864738112275
"t190",15.5370683219304,10.8161764735482,11.7348004092827,12.7206842283496,12.5458315766036,14.0865908979396,12.3116948346827,12.0198506816978,14.0702308659798,14.3592015173282,21.114739954394,14.5699807301344,15.4467791777688,8.20154379865869,16.173216962242,15.757575949552,17.6529520889549,8.61583806941847,7.83812916863527,18.2158172109121,5.42568045107021,16.9115199815396,15.522984636806,16.3620321984452,21.2864738112275,16.4408343207927,5.35232944256216,17.5344767055491,16.3806708886842,16.8464501001804,9.4288473091009,17.0263268068931,18.5819065655157,6.80030619648072,17.6716422954571,17.111049488803,8.95104269538239,18.6927612727371,16.9166014420426,17.4996687736559,9.80064756501291,6.3263957949043,10.6716043060685,16.9067762409018,16.5881083277841,9.56631994514759,11.6958832374517,21.2864738112275,17.533918306509,17.2168167634071,19.9998789303297,16.9061829202737,21.2864738112275,17.5631237977014,17.5869797545828,18.0911703999504,17.6775918985083,21.8787833506558,18.5872500193779,12.1570528444869,18.7999877945229,19.673643989065,18.7242315991523,20.2278507883716,21.2864738112275,19.8093433719004,17.919045800839,19.0379412453785,19.7121510963688,20.1859957746094,20.0853474030087,22.0901201539204,18.2152254551366,20.2015509550007,10.5738434269107,10.4609494168581,20.7034449272916,18.2618352005649,19.5326444981578,20.7034449272916,19.0441035308607,21.2864738112275,21.2864738112275,19.0226351733303,20.7034449272916,4.47004535321979,10.275168511515,12.1570528444869,19.3206907485258,19.6610939767051,20.7034449272916,19.5764478593247,20.7034449272916,18.9988620889332,19.2249749045286,3.52010064393827,21.2864738112275,21.2864738112275,11.4561194519957,11.4561194519957,21.2864738112275,20.7034449272916,19.6123576576353,21.2864738112275,19.2531798870864,20.7034449272916,20.0407571390794,19.6475149169518,21.2864738112275,21.2864738112275,21.2864738112275,21.2864738112275,20.1938322614875,4.63824716165598,3.39386385421293,2.80333802246173,19.4946288543363,19.4966883637228,20.9618624297716,2.11510113637097,20.7034449272916,20.5790891536402,21.2864738112275,20.4372163844589,20.7034449272916,20.7034449272916,20.7034449272916,20.9137855292622,20.1698872709128,20.7034449272916,20.7034449272916,21.2864738112275,21.2864738112275,20.0486841823112,20.7034449272916,21.2864738112275,21.2864738112275,21.2864738112275,21.2864738112275,20.7034449272916,20.7034449272916,20.7034449272916,20.7034449272916,21.2864738112275,21.2864738112275,20.7034449272916,20.7034449272916,20.7034449272916,20.7034449272916,21.0613098887059,20.7034449272916,20.7034449272916,21.2864738112275,21.2864738112275,20.7034449272916,21.2864738112275,21.2864738112275,21.2864738112275,21.2864738112275,2.00594582326184,2.00594582326184,21.2864738112275,21.2864738112275,21.2864738112275,0.588822842598849,20.4598792179298,20.7034449272916,20.4592277330505,20.7034449272916,21.2864738112275,21.2864738112275,20.7034449272916,20.7034449272916,20.7034449272916,20.7034449272916,4.15029355483887,4.15029355483887,20.7034449272916,20.7034449272916,20.7034449272916,21.2864738112275,21.2864738112275,21.2864738112275,21.2864738112275,21.2864738112275,21.2864738112275,20.7034449272916,20.7034449272916,0.0768093179674444,0,20.7034449272916,20.7034449272916,21.2864738112275,21.2864738112275,21.2864738112275,20.7034449272916,20.7034449272916,21.2864738112275,21.2864738112275
"t191",15.5370683219304,11.1144306720837,11.3113821489508,12.7206842283496,15.2238310625236,14.0865908979396,14.4698215853835,14.1779774323986,14.0702308659798,14.3592015173282,21.114739954394,11.4012316705556,12.27803011819,15.2074624146518,12.105083729435,7.28775878570225,17.6529520889549,15.6217566854116,16.38452125144,18.2158172109121,15.5087870433135,6.81558605656234,8.27215278128391,7.89221503459543,21.2864738112275,9.19000246527053,16.4039419893518,17.5344767055491,9.12983903316205,7.59903968875938,20.6842045064358,9.77549495137096,11.3310747099936,18.1076318873586,8.42423188403611,9.86021763328083,17.4974347781871,18.6927612727371,16.9166014420426,17.4996687736559,19.9041809217885,16.4299291516799,19.2179963888732,9.65594438537969,9.33727647226193,16.5722385611407,18.7018018534447,21.2864738112275,17.533918306509,17.2168167634071,10.7524685189087,7.65877250885263,21.2864738112275,10.3122919421793,17.5869797545828,18.0911703999504,13.6294225700645,21.8787833506558,18.5872500193779,20.7034449272916,18.7999877945229,19.673643989065,7.95613223772876,20.2278507883716,21.2864738112275,15.7412101390934,13.850912568032,11.7871093898563,19.7121510963688,20.1859957746094,20.0853474030087,22.0901201539204,14.1670561266928,20.2015509550007,19.1202355097155,19.0073414996628,8.93903179956551,6.49742207283884,19.5326444981578,9.93534556586805,19.0441035308607,21.2864738112275,21.2864738112275,14.9545019405233,16.6353116944846,20.7034449272916,18.8215605943198,20.7034449272916,15.2525575157188,19.6610939767051,13.4526130717695,8.84943343677361,9.97643050474053,8.27184766638216,15.1768055760848,19.5852984095739,21.2864738112275,21.2864738112275,20.7034449272916,20.7034449272916,21.2864738112275,3.41175475674243,19.6123576576353,21.2864738112275,8.52616546453537,9.97643050474053,20.0407571390794,11.1776977531021,21.2864738112275,21.2864738112275,21.2864738112275,21.2864738112275,20.1938322614875,20.7034449272916,19.4590616198486,20.7034449272916,12.2437969988142,12.2458565082006,20.9618624297716,20.7034449272916,9.97643050474053,16.5309198251964,21.2864738112275,20.4372163844589,9.93534556586805,9.93534556586805,16.6552755988478,20.9137855292622,9.4428728483617,9.97643050474053,9.93534556586805,21.2864738112275,21.2864738112275,16.0005148538673,16.6552755988478,21.2864738112275,21.2864738112275,21.2864738112275,21.2864738112275,16.6353116944846,16.6552755988478,16.6353116944846,16.6353116944846,21.2864738112275,21.2864738112275,4.0600018530832,4.0600018530832,16.6353116944846,16.6353116944846,21.0613098887059,12.2336277634419,12.2336277634419,21.2864738112275,21.2864738112275,0.930524581812477,21.2864738112275,21.2864738112275,21.2864738112275,21.2864738112275,20.7034449272916,20.7034449272916,21.2864738112275,21.2864738112275,21.2864738112275,20.6055812638254,16.411709889486,16.6552755988478,9.69112837162692,9.93534556586805,21.2864738112275,21.2864738112275,16.6552755988478,16.6552755988478,16.6552755988478,16.6552755988478,20.7034449272916,20.7034449272916,9.93534556586805,16.6552755988478,16.6552755988478,21.2864738112275,21.2864738112275,21.2864738112275,21.2864738112275,21.2864738112275,21.2864738112275,16.6552755988478,16.6552755988478,20.7034449272916,20.7034449272916,0,0.0599748497164295,21.2864738112275,21.2864738112275,21.2864738112275,9.93534556586805,9.93534556586805,21.2864738112275,21.2864738112275
"t192",15.5370683219304,11.1144306720837,11.3113821489508,12.7206842283496,15.2238310625236,14.0865908979396,14.4698215853835,14.1779774323986,14.0702308659798,14.3592015173282,21.114739954394,11.4012316705556,12.27803011819,15.2074624146518,12.105083729435,7.28775878570225,17.6529520889549,15.6217566854116,16.38452125144,18.2158172109121,15.5087870433135,6.81558605656234,8.27215278128391,7.89221503459543,21.2864738112275,9.19000246527053,16.4039419893518,17.5344767055491,9.12983903316205,7.59903968875938,20.6842045064358,9.77549495137096,11.3310747099936,18.1076318873586,8.42423188403611,9.86021763328083,17.4974347781871,18.6927612727371,16.9166014420426,17.4996687736559,19.9041809217885,16.4299291516799,19.2179963888732,9.65594438537969,9.33727647226193,16.5722385611407,18.7018018534447,21.2864738112275,17.533918306509,17.2168167634071,10.7524685189087,7.65877250885263,21.2864738112275,10.3122919421793,17.5869797545828,18.0911703999504,13.6294225700645,21.8787833506558,18.5872500193779,20.7034449272916,18.7999877945229,19.673643989065,7.95613223772876,20.2278507883716,21.2864738112275,15.7412101390934,13.850912568032,11.7871093898563,19.7121510963688,20.1859957746094,20.0853474030087,22.0901201539204,14.1670561266928,20.2015509550007,19.1202355097155,19.0073414996628,8.93903179956551,6.49742207283884,19.5326444981578,9.93534556586805,19.0441035308607,21.2864738112275,21.2864738112275,14.9545019405233,16.6353116944846,20.7034449272916,18.8215605943198,20.7034449272916,15.2525575157188,19.6610939767051,13.4526130717695,8.84943343677361,9.97643050474053,8.27184766638216,15.1768055760848,19.5852984095739,21.2864738112275,21.2864738112275,20.7034449272916,20.7034449272916,21.2864738112275,3.41175475674243,19.6123576576353,21.2864738112275,8.52616546453537,9.97643050474053,20.0407571390794,11.1776977531021,21.2864738112275,21.2864738112275,21.2864738112275,21.2864738112275,20.1938322614875,20.7034449272916,19.4590616198486,20.7034449272916,12.2437969988142,12.2458565082006,20.9618624297716,20.7034449272916,9.97643050474053,16.5309198251964,21.2864738112275,20.4372163844589,9.93534556586805,9.93534556586805,16.6552755988478,20.9137855292622,9.4428728483617,9.97643050474053,9.93534556586805,21.2864738112275,21.2864738112275,16.0005148538673,16.6552755988478,21.2864738112275,21.2864738112275,21.2864738112275,21.2864738112275,16.6353116944846,16.6552755988478,16.6353116944846,16.6353116944846,21.2864738112275,21.2864738112275,4.0600018530832,4.0600018530832,16.6353116944846,16.6353116944846,21.0613098887059,12.2336277634419,12.2336277634419,21.2864738112275,21.2864738112275,0.930524581812477,21.2864738112275,21.2864738112275,21.2864738112275,21.2864738112275,20.7034449272916,20.7034449272916,21.2864738112275,21.2864738112275,21.2864738112275,20.6055812638254,16.411709889486,16.6552755988478,9.69112837162692,9.93534556586805,21.2864738112275,21.2864738112275,16.6552755988478,16.6552755988478,16.6552755988478,16.6552755988478,20.7034449272916,20.7034449272916,9.93534556586805,16.6552755988478,16.6552755988478,21.2864738112275,21.2864738112275,21.2864738112275,21.2864738112275,21.2864738112275,21.2864738112275,16.6552755988478,16.6552755988478,20.7034449272916,20.7034449272916,0.0599748497164295,0,21.2864738112275,21.2864738112275,21.2864738112275,9.93534556586805,9.93534556586805,21.2864738112275,21.2864738112275
"t193",15.5370683219304,11.6974595560195,12.3178292932185,12.7206842283496,15.8068599464594,11.1043865230836,15.0528504693194,14.7610063163345,11.0880264911238,8.00226547566699,14.7578039127328,15.1530096140702,16.0298080617046,15.7904912985876,16.7562458461778,16.3406048334879,17.6529520889549,16.2047855693474,16.9675501353759,8.33620603826011,16.0918159272493,17.4945488654755,16.1060135207419,16.945061082381,10.3929704207208,17.0238632047285,16.9869708732877,5.85602179900669,16.96369977262,17.4294789841163,21.2672333903716,17.6093556908289,19.1649354494516,18.6906607712945,18.254671179393,17.6940783727388,18.080463662123,8.81315010008519,5.23814653550016,5.82121386711355,20.4872098057244,17.0129580356157,19.8010252728091,17.4898051248377,17.1711372117199,17.1552674450765,19.2848307373806,14.5799466049201,7.65430713385703,7.33720559075519,20.5829078142656,17.4892118042095,8.29465291948606,18.1461526816373,14.6047753797268,7.17479005113985,18.2606207824442,21.8787833506558,5.59542912763655,21.2864738112275,15.8177834196669,16.691439614209,19.3072604830882,17.2456464135156,18.3042694363715,20.3923722558362,18.5020746847749,19.6209701293143,19.7121510963688,20.1859957746094,20.0853474030087,22.0901201539204,18.7982543390725,17.2193465801447,19.7032643936513,19.5903703835987,21.2864738112275,18.8448640845008,3.29862573002248,21.2864738112275,16.0618991560047,18.3042694363715,4.73657305442757,19.6056640572661,21.2864738112275,21.2864738112275,19.4045894782556,21.2864738112275,19.9037196324616,16.6788896018491,21.2864738112275,20.1594767432605,21.2864738112275,19.5818909728691,19.8080037884645,20.1683272935097,18.3042694363715,18.3042694363715,21.2864738112275,21.2864738112275,14.0048882280394,21.2864738112275,8.95240836137858,10.6265245149707,19.8362087710223,21.2864738112275,17.0585527642234,20.2305438008877,4.20402489361373,14.0048882280394,14.0048882280394,8.29465291948606,7.20201136974608,21.2864738112275,20.0420905037844,21.2864738112275,20.0776577382722,20.0797172476586,13.6802768465835,21.2864738112275,21.2864738112275,21.1621180375761,10.3700934624169,3.35476746684516,21.2864738112275,21.2864738112275,21.2864738112275,9.99740518045164,20.7529161548486,21.2864738112275,21.2864738112275,18.3042694363715,18.3042694363715,20.631713066247,21.2864738112275,8.29465291948606,8.29465291948606,1.55016387575441,1.46602994044066,21.2864738112275,21.2864738112275,21.2864738112275,21.2864738112275,14.0048882280394,14.0048882280394,21.2864738112275,21.2864738112275,21.2864738112275,21.2864738112275,13.7797243055179,21.2864738112275,21.2864738112275,18.3042694363715,18.3042694363715,21.2864738112275,4.20402489361373,4.20402489361373,10.3700934624169,10.3700934624169,21.2864738112275,21.2864738112275,0.774346480423498,14.0048882280394,14.0048882280394,21.1886101477612,21.0429081018657,21.2864738112275,21.0422566169863,21.2864738112275,4.20402489361373,4.20402489361373,21.2864738112275,21.2864738112275,21.2864738112275,21.2864738112275,21.2864738112275,21.2864738112275,21.2864738112275,21.2864738112275,21.2864738112275,14.5799466049201,14.5799466049201,14.5799466049201,14.5799466049201,10.3700934624169,10.3700934624169,21.2864738112275,21.2864738112275,21.2864738112275,21.2864738112275,21.2864738112275,21.2864738112275,0,2.10891250979617,2.10891250979617,21.2864738112275,21.2864738112275,0.0574985804767649,0.0574985804767649
"t194",15.5370683219304,11.6974595560195,12.3178292932185,12.7206842283496,15.8068599464594,11.1043865230836,15.0528504693194,14.7610063163345,11.0880264911238,8.00226547566699,14.7578039127328,15.1530096140703,16.0298080617046,15.7904912985876,16.7562458461778,16.3406048334879,17.6529520889549,16.2047855693474,16.9675501353759,8.33620603826011,16.0918159272493,17.4945488654755,16.1060135207419,16.945061082381,10.3929704207208,17.0238632047285,16.9869708732877,5.85602179900669,16.96369977262,17.4294789841163,21.2672333903716,17.6093556908289,19.1649354494516,18.6906607712945,18.254671179393,17.6940783727388,18.080463662123,8.81315010008519,5.23814653550016,5.82121386711355,20.4872098057244,17.0129580356157,19.8010252728091,17.4898051248377,17.1711372117199,17.1552674450765,19.2848307373806,14.5799466049201,7.65430713385702,7.33720559075519,20.5829078142656,17.4892118042095,8.29465291948606,18.1461526816373,14.6047753797268,7.17479005113984,18.2606207824442,21.8787833506558,5.59542912763655,21.2864738112275,15.8177834196669,16.691439614209,19.3072604830882,17.2456464135156,18.3042694363715,20.3923722558362,18.5020746847749,19.6209701293143,19.7121510963688,20.1859957746094,20.0853474030087,22.0901201539204,18.7982543390725,17.2193465801447,19.7032643936513,19.5903703835987,21.2864738112275,18.8448640845008,3.29862573002248,21.2864738112275,16.0618991560047,18.3042694363715,4.73657305442757,19.6056640572661,21.2864738112275,21.2864738112275,19.4045894782556,21.2864738112275,19.9037196324616,16.6788896018491,21.2864738112275,20.1594767432605,21.2864738112275,19.5818909728691,19.8080037884645,20.1683272935098,18.3042694363715,18.3042694363715,21.2864738112275,21.2864738112275,14.0048882280394,21.2864738112275,8.95240836137858,10.6265245149707,19.8362087710223,21.2864738112275,17.0585527642234,20.2305438008877,4.20402489361373,14.0048882280394,14.0048882280394,8.29465291948606,7.20201136974608,21.2864738112275,20.0420905037844,21.2864738112275,20.0776577382722,20.0797172476586,13.6802768465835,21.2864738112275,21.2864738112275,21.1621180375761,10.3700934624169,3.35476746684516,21.2864738112275,21.2864738112275,21.2864738112275,9.99740518045164,20.7529161548486,21.2864738112275,21.2864738112275,18.3042694363715,18.3042694363715,20.631713066247,21.2864738112275,8.29465291948606,8.29465291948606,2.10891250979617,2.10891250979617,21.2864738112275,21.2864738112275,21.2864738112275,21.2864738112275,14.0048882280394,14.0048882280394,21.2864738112275,21.2864738112275,21.2864738112275,21.2864738112275,13.7797243055179,21.2864738112275,21.2864738112275,18.3042694363715,18.3042694363715,21.2864738112275,4.20402489361373,4.20402489361373,10.3700934624169,10.3700934624169,21.2864738112275,21.2864738112275,2.10891250979617,14.0048882280394,14.0048882280394,21.1886101477612,21.0429081018657,21.2864738112275,21.0422566169863,21.2864738112275,4.20402489361373,4.20402489361373,21.2864738112275,21.2864738112275,21.2864738112275,21.2864738112275,21.2864738112275,21.2864738112275,21.2864738112275,21.2864738112275,21.2864738112275,14.5799466049201,14.5799466049201,14.5799466049201,14.5799466049201,10.3700934624169,10.3700934624169,21.2864738112275,21.2864738112275,21.2864738112275,21.2864738112275,21.2864738112275,21.2864738112275,2.10891250979617,0,0.0467918547964784,21.2864738112275,21.2864738112275,2.10891250979617,2.10891250979617
"t195",15.5370683219304,11.6974595560195,12.3178292932185,12.7206842283496,15.8068599464594,11.1043865230836,15.0528504693194,14.7610063163345,11.0880264911238,8.00226547566699,14.7578039127328,15.1530096140703,16.0298080617046,15.7904912985876,16.7562458461778,16.3406048334879,17.6529520889549,16.2047855693474,16.9675501353759,8.33620603826011,16.0918159272493,17.4945488654755,16.1060135207419,16.945061082381,10.3929704207208,17.0238632047285,16.9869708732877,5.85602179900669,16.96369977262,17.4294789841163,21.2672333903716,17.6093556908289,19.1649354494516,18.6906607712945,18.254671179393,17.6940783727388,18.080463662123,8.81315010008519,5.23814653550016,5.82121386711355,20.4872098057244,17.0129580356157,19.8010252728091,17.4898051248377,17.1711372117199,17.1552674450765,19.2848307373806,14.5799466049201,7.65430713385702,7.33720559075519,20.5829078142656,17.4892118042095,8.29465291948606,18.1461526816373,14.6047753797268,7.17479005113984,18.2606207824442,21.8787833506558,5.59542912763655,21.2864738112275,15.8177834196669,16.691439614209,19.3072604830882,17.2456464135156,18.3042694363715,20.3923722558362,18.5020746847749,19.6209701293143,19.7121510963688,20.1859957746094,20.0853474030087,22.0901201539204,18.7982543390725,17.2193465801447,19.7032643936513,19.5903703835987,21.2864738112275,18.8448640845008,3.29862573002248,21.2864738112275,16.0618991560047,18.3042694363715,4.73657305442757,19.6056640572661,21.2864738112275,21.2864738112275,19.4045894782556,21.2864738112275,19.9037196324616,16.6788896018491,21.2864738112275,20.1594767432605,21.2864738112275,19.5818909728691,19.8080037884645,20.1683272935098,18.3042694363715,18.3042694363715,21.2864738112275,21.2864738112275,14.0048882280394,21.2864738112275,8.95240836137858,10.6265245149707,19.8362087710223,21.2864738112275,17.0585527642234,20.2305438008877,4.20402489361373,14.0048882280394,14.0048882280394,8.29465291948606,7.20201136974608,21.2864738112275,20.0420905037844,21.2864738112275,20.0776577382722,20.0797172476586,13.6802768465835,21.2864738112275,21.2864738112275,21.1621180375761,10.3700934624169,3.35476746684516,21.2864738112275,21.2864738112275,21.2864738112275,9.99740518045164,20.7529161548486,21.2864738112275,21.2864738112275,18.3042694363715,18.3042694363715,20.631713066247,21.2864738112275,8.29465291948606,8.29465291948606,2.10891250979617,2.10891250979617,21.2864738112275,21.2864738112275,21.2864738112275,21.2864738112275,14.0048882280394,14.0048882280394,21.2864738112275,21.2864738112275,21.2864738112275,21.2864738112275,13.7797243055179,21.2864738112275,21.2864738112275,18.3042694363715,18.3042694363715,21.2864738112275,4.20402489361373,4.20402489361373,10.3700934624169,10.3700934624169,21.2864738112275,21.2864738112275,2.10891250979617,14.0048882280394,14.0048882280394,21.1886101477612,21.0429081018657,21.2864738112275,21.0422566169863,21.2864738112275,4.20402489361373,4.20402489361373,21.2864738112275,21.2864738112275,21.2864738112275,21.2864738112275,21.2864738112275,21.2864738112275,21.2864738112275,21.2864738112275,21.2864738112275,14.5799466049201,14.5799466049201,14.5799466049201,14.5799466049201,10.3700934624169,10.3700934624169,21.2864738112275,21.2864738112275,21.2864738112275,21.2864738112275,21.2864738112275,21.2864738112275,2.10891250979617,0.0467918547964784,0,21.2864738112275,21.2864738112275,2.10891250979617,2.10891250979617
"t196",15.5370683219304,11.1144306720837,11.3113821489508,12.7206842283496,15.2238310625236,14.0865908979396,14.4698215853836,14.1779774323986,14.0702308659798,14.3592015173282,21.1147399543939,11.4012316705556,12.27803011819,15.2074624146518,12.105083729435,7.28775878570225,17.6529520889549,15.6217566854116,16.38452125144,18.2158172109121,15.5087870433135,6.81558605656234,8.27215278128391,7.89221503459543,21.2864738112275,9.19000246527053,16.4039419893518,17.5344767055491,9.12983903316205,7.59903968875938,20.6842045064358,9.77549495137096,11.3310747099936,18.1076318873586,8.42423188403611,9.86021763328084,17.4974347781871,18.6927612727371,16.9166014420426,17.4996687736559,19.9041809217885,16.4299291516799,19.2179963888732,9.65594438537969,9.33727647226193,16.5722385611407,18.7018018534447,21.2864738112275,17.533918306509,17.2168167634071,10.7524685189087,7.65877250885263,21.2864738112275,10.3122919421793,17.5869797545828,18.0911703999504,13.6294225700645,21.8787833506558,18.5872500193779,20.7034449272916,18.7999877945229,19.673643989065,4.13175414348298,20.2278507883716,21.2864738112275,15.7412101390934,13.850912568032,11.7871093898563,19.7121510963688,20.1859957746094,20.0853474030087,22.0901201539204,14.1670561266928,20.2015509550007,19.1202355097155,19.0073414996628,9.93534556586805,7.49373583914138,19.5326444981578,4.96221823536356,19.0441035308607,21.2864738112275,21.2864738112275,14.9545019405233,16.6353116944846,20.7034449272916,18.8215605943198,20.7034449272916,15.2525575157188,19.6610939767051,13.4526130717695,8.84943343677361,9.97643050474053,8.27184766638217,15.1768055760848,19.5852984095739,21.2864738112275,21.2864738112275,20.7034449272916,20.7034449272916,21.2864738112275,9.93534556586805,19.6123576576353,21.2864738112275,8.52616546453537,9.97643050474053,20.0407571390794,11.1776977531021,21.2864738112275,21.2864738112275,21.2864738112275,21.2864738112275,20.1938322614875,20.7034449272916,19.4590616198486,20.7034449272916,12.2437969988142,12.2458565082006,20.9618624297716,20.7034449272916,9.97643050474053,16.5309198251964,21.2864738112275,20.4372163844589,2.37162971450846,2.37162971450846,16.6552755988478,20.9137855292622,9.44287284836171,9.97643050474053,1.67779018242517,21.2864738112275,21.2864738112275,16.0005148538673,16.6552755988478,21.2864738112275,21.2864738112275,21.2864738112275,21.2864738112275,16.6353116944846,16.6552755988478,16.6353116944846,16.6353116944846,21.2864738112275,21.2864738112275,9.93534556586805,9.93534556586805,16.6353116944846,16.6353116944846,21.0613098887059,12.2336277634419,12.2336277634419,21.2864738112275,21.2864738112275,9.93534556586805,21.2864738112275,21.2864738112275,21.2864738112275,21.2864738112275,20.7034449272916,20.7034449272916,21.2864738112275,21.2864738112275,21.2864738112275,20.6055812638254,16.411709889486,16.6552755988478,2.32965358367955,2.57387077792069,21.2864738112275,21.2864738112275,16.6552755988478,16.6552755988478,16.6552755988478,16.6552755988478,20.7034449272916,20.7034449272916,0.385257654450386,16.6552755988478,16.6552755988478,21.2864738112275,21.2864738112275,21.2864738112275,21.2864738112275,21.2864738112275,21.2864738112275,16.6552755988478,16.6552755988478,20.7034449272916,20.7034449272916,9.93534556586805,9.93534556586805,21.2864738112275,21.2864738112275,21.2864738112275,0,0.0233273555246945,21.2864738112275,21.2864738112275
"t197",15.5370683219304,11.1144306720837,11.3113821489508,12.7206842283496,15.2238310625236,14.0865908979396,14.4698215853836,14.1779774323986,14.0702308659798,14.3592015173282,21.1147399543939,11.4012316705556,12.27803011819,15.2074624146518,12.105083729435,7.28775878570225,17.6529520889549,15.6217566854116,16.38452125144,18.2158172109121,15.5087870433135,6.81558605656234,8.27215278128391,7.89221503459543,21.2864738112275,9.19000246527053,16.4039419893518,17.5344767055491,9.12983903316205,7.59903968875938,20.6842045064358,9.77549495137096,11.3310747099936,18.1076318873586,8.42423188403611,9.86021763328084,17.4974347781871,18.6927612727371,16.9166014420426,17.4996687736559,19.9041809217885,16.4299291516799,19.2179963888732,9.65594438537969,9.33727647226193,16.5722385611407,18.7018018534447,21.2864738112275,17.533918306509,17.2168167634071,10.7524685189087,7.65877250885263,21.2864738112275,10.3122919421793,17.5869797545828,18.0911703999504,13.6294225700645,21.8787833506558,18.5872500193779,20.7034449272916,18.7999877945229,19.673643989065,4.13175414348298,20.2278507883716,21.2864738112275,15.7412101390934,13.850912568032,11.7871093898563,19.7121510963688,20.1859957746094,20.0853474030087,22.0901201539204,14.1670561266928,20.2015509550007,19.1202355097155,19.0073414996628,9.93534556586805,7.49373583914138,19.5326444981578,4.96221823536356,19.0441035308607,21.2864738112275,21.2864738112275,14.9545019405233,16.6353116944846,20.7034449272916,18.8215605943198,20.7034449272916,15.2525575157188,19.6610939767051,13.4526130717695,8.84943343677361,9.97643050474053,8.27184766638217,15.1768055760848,19.5852984095739,21.2864738112275,21.2864738112275,20.7034449272916,20.7034449272916,21.2864738112275,9.93534556586805,19.6123576576353,21.2864738112275,8.52616546453537,9.97643050474053,20.0407571390794,11.1776977531021,21.2864738112275,21.2864738112275,21.2864738112275,21.2864738112275,20.1938322614875,20.7034449272916,19.4590616198486,20.7034449272916,12.2437969988142,12.2458565082006,20.9618624297716,20.7034449272916,9.97643050474053,16.5309198251964,21.2864738112275,20.4372163844589,2.37162971450846,2.37162971450846,16.6552755988478,20.9137855292622,9.44287284836171,9.97643050474053,1.67779018242517,21.2864738112275,21.2864738112275,16.0005148538673,16.6552755988478,21.2864738112275,21.2864738112275,21.2864738112275,21.2864738112275,16.6353116944846,16.6552755988478,16.6353116944846,16.6353116944846,21.2864738112275,21.2864738112275,9.93534556586805,9.93534556586805,16.6353116944846,16.6353116944846,21.0613098887059,12.2336277634419,12.2336277634419,21.2864738112275,21.2864738112275,9.93534556586805,21.2864738112275,21.2864738112275,21.2864738112275,21.2864738112275,20.7034449272916,20.7034449272916,21.2864738112275,21.2864738112275,21.2864738112275,20.6055812638254,16.411709889486,16.6552755988478,2.32965358367955,2.57387077792069,21.2864738112275,21.2864738112275,16.6552755988478,16.6552755988478,16.6552755988478,16.6552755988478,20.7034449272916,20.7034449272916,0.385257654450386,16.6552755988478,16.6552755988478,21.2864738112275,21.2864738112275,21.2864738112275,21.2864738112275,21.2864738112275,21.2864738112275,16.6552755988478,16.6552755988478,20.7034449272916,20.7034449272916,9.93534556586805,9.93534556586805,21.2864738112275,21.2864738112275,21.2864738112275,0.0233273555246945,0,21.2864738112275,21.2864738112275
"t198",15.5370683219304,11.6974595560195,12.3178292932185,12.7206842283496,15.8068599464594,11.1043865230836,15.0528504693194,14.7610063163345,11.0880264911238,8.00226547566699,14.7578039127328,15.1530096140702,16.0298080617046,15.7904912985876,16.7562458461778,16.3406048334879,17.6529520889549,16.2047855693474,16.9675501353759,8.33620603826011,16.0918159272493,17.4945488654755,16.1060135207419,16.945061082381,10.3929704207208,17.0238632047285,16.9869708732877,5.85602179900669,16.96369977262,17.4294789841163,21.2672333903716,17.6093556908289,19.1649354494516,18.6906607712945,18.254671179393,17.6940783727388,18.080463662123,8.81315010008519,5.23814653550016,5.82121386711355,20.4872098057244,17.0129580356157,19.8010252728091,17.4898051248377,17.1711372117199,17.1552674450765,19.2848307373806,14.5799466049201,7.65430713385703,7.33720559075519,20.5829078142656,17.4892118042095,8.29465291948606,18.1461526816373,14.6047753797268,7.17479005113985,18.2606207824442,21.8787833506558,5.59542912763655,21.2864738112275,15.8177834196669,16.691439614209,19.3072604830882,17.2456464135156,18.3042694363715,20.3923722558362,18.5020746847749,19.6209701293143,19.7121510963688,20.1859957746094,20.0853474030087,22.0901201539204,18.7982543390725,17.2193465801447,19.7032643936513,19.5903703835987,21.2864738112275,18.8448640845008,3.29862573002248,21.2864738112275,16.0618991560047,18.3042694363715,4.73657305442757,19.6056640572661,21.2864738112275,21.2864738112275,19.4045894782556,21.2864738112275,19.9037196324616,16.6788896018491,21.2864738112275,20.1594767432605,21.2864738112275,19.5818909728691,19.8080037884645,20.1683272935097,18.3042694363715,18.3042694363715,21.2864738112275,21.2864738112275,14.0048882280394,21.2864738112275,8.95240836137858,10.6265245149707,19.8362087710223,21.2864738112275,17.0585527642234,20.2305438008877,4.20402489361373,14.0048882280394,14.0048882280394,8.29465291948606,7.20201136974608,21.2864738112275,20.0420905037844,21.2864738112275,20.0776577382722,20.0797172476586,13.6802768465835,21.2864738112275,21.2864738112275,21.1621180375761,10.3700934624169,3.35476746684516,21.2864738112275,21.2864738112275,21.2864738112275,9.99740518045164,20.7529161548486,21.2864738112275,21.2864738112275,18.3042694363715,18.3042694363715,20.631713066247,21.2864738112275,8.29465291948606,8.29465291948606,1.55016387575441,1.46602994044066,21.2864738112275,21.2864738112275,21.2864738112275,21.2864738112275,14.0048882280394,14.0048882280394,21.2864738112275,21.2864738112275,21.2864738112275,21.2864738112275,13.7797243055179,21.2864738112275,21.2864738112275,18.3042694363715,18.3042694363715,21.2864738112275,4.20402489361373,4.20402489361373,10.3700934624169,10.3700934624169,21.2864738112275,21.2864738112275,0.774346480423498,14.0048882280394,14.0048882280394,21.1886101477612,21.0429081018657,21.2864738112275,21.0422566169863,21.2864738112275,4.20402489361373,4.20402489361373,21.2864738112275,21.2864738112275,21.2864738112275,21.2864738112275,21.2864738112275,21.2864738112275,21.2864738112275,21.2864738112275,21.2864738112275,14.5799466049201,14.5799466049201,14.5799466049201,14.5799466049201,10.3700934624169,10.3700934624169,21.2864738112275,21.2864738112275,21.2864738112275,21.2864738112275,21.2864738112275,21.2864738112275,0.0574985804767649,2.10891250979617,2.10891250979617,21.2864738112275,21.2864738112275,0,0.0229483926017799
"t199",15.5370683219304,11.6974595560195,12.3178292932185,12.7206842283496,15.8068599464594,11.1043865230836,15.0528504693194,14.7610063163345,11.0880264911238,8.00226547566699,14.7578039127328,15.1530096140702,16.0298080617046,15.7904912985876,16.7562458461778,16.3406048334879,17.6529520889549,16.2047855693474,16.9675501353759,8.33620603826011,16.0918159272493,17.4945488654755,16.1060135207419,16.945061082381,10.3929704207208,17.0238632047285,16.9869708732877,5.85602179900669,16.96369977262,17.4294789841163,21.2672333903716,17.6093556908289,19.1649354494516,18.6906607712945,18.254671179393,17.6940783727388,18.080463662123,8.81315010008519,5.23814653550016,5.82121386711355,20.4872098057244,17.0129580356157,19.8010252728091,17.4898051248377,17.1711372117199,17.1552674450765,19.2848307373806,14.5799466049201,7.65430713385703,7.33720559075519,20.5829078142656,17.4892118042095,8.29465291948606,18.1461526816373,14.6047753797268,7.17479005113985,18.2606207824442,21.8787833506558,5.59542912763655,21.2864738112275,15.8177834196669,16.691439614209,19.3072604830882,17.2456464135156,18.3042694363715,20.3923722558362,18.5020746847749,19.6209701293143,19.7121510963688,20.1859957746094,20.0853474030087,22.0901201539204,18.7982543390725,17.2193465801447,19.7032643936513,19.5903703835987,21.2864738112275,18.8448640845008,3.29862573002248,21.2864738112275,16.0618991560047,18.3042694363715,4.73657305442757,19.6056640572661,21.2864738112275,21.2864738112275,19.4045894782556,21.2864738112275,19.9037196324616,16.6788896018491,21.2864738112275,20.1594767432605,21.2864738112275,19.5818909728691,19.8080037884645,20.1683272935097,18.3042694363715,18.3042694363715,21.2864738112275,21.2864738112275,14.0048882280394,21.2864738112275,8.95240836137858,10.6265245149707,19.8362087710223,21.2864738112275,17.0585527642234,20.2305438008877,4.20402489361373,14.0048882280394,14.0048882280394,8.29465291948606,7.20201136974608,21.2864738112275,20.0420905037844,21.2864738112275,20.0776577382722,20.0797172476586,13.6802768465835,21.2864738112275,21.2864738112275,21.1621180375761,10.3700934624169,3.35476746684516,21.2864738112275,21.2864738112275,21.2864738112275,9.99740518045164,20.7529161548486,21.2864738112275,21.2864738112275,18.3042694363715,18.3042694363715,20.631713066247,21.2864738112275,8.29465291948606,8.29465291948606,1.55016387575441,1.46602994044066,21.2864738112275,21.2864738112275,21.2864738112275,21.2864738112275,14.0048882280394,14.0048882280394,21.2864738112275,21.2864738112275,21.2864738112275,21.2864738112275,13.7797243055179,21.2864738112275,21.2864738112275,18.3042694363715,18.3042694363715,21.2864738112275,4.20402489361373,4.20402489361373,10.3700934624169,10.3700934624169,21.2864738112275,21.2864738112275,0.774346480423498,14.0048882280394,14.0048882280394,21.1886101477612,21.0429081018657,21.2864738112275,21.0422566169863,21.2864738112275,4.20402489361373,4.20402489361373,21.2864738112275,21.2864738112275,21.2864738112275,21.2864738112275,21.2864738112275,21.2864738112275,21.2864738112275,21.2864738112275,21.2864738112275,14.5799466049201,14.5799466049201,14.5799466049201,14.5799466049201,10.3700934624169,10.3700934624169,21.2864738112275,21.2864738112275,21.2864738112275,21.2864738112275,21.2864738112275,21.2864738112275,0.0574985804767649,2.10891250979617,2.10891250979617,21.2864738112275,21.2864738112275,0.0229483926017799,0
