"","t48","t49","t9","t10","t62","t63","t38","t19","t21","t54","t25","t26","t15","t23","t24","t85","t86","t58","t59","t42","t43","t67","t68","t12","t13","t51","t52","t22","t71","t72","t17","t8","t53","t91","t92","t16","t3","t39","t73","t74","t35","t36","t84","t89","t90","t64","t60","t61","t27","t33","t34","t5","t55","t56","t37","t46","t97","t98","t41","t4","t7","t11","t40","t57","t69","t70","t20","t66","t82","t83","t77","t95","t96","t99","t100","t2","t29","t32","t65","t50","t87","t30","t78","t79","t44","t45","t28","t6","t1","t80","t81","t47","t31","t75","t76","t14","t88","t93","t94","t18"
"t48",0,0.5572180204,2.05129327398,2.05129327398,2.05129327399,2.05129327399,2.05129327399,2.05129327399,2.5520463077,3.9196590261,3.9196590261,3.9196590261,6.3823659999,6.3823660002,6.3823660002,6.38236600047,6.38236600047,6.382366,6.382366,6.3823659999,6.3823659999,8.3372972485,8.3372972485,8.6813164555,8.68131645551,8.68131645551,8.68131645551,8.68131645551,8.68131645531,8.68131645531,8.68131645531,8.68131645551,8.68131645543,8.681316455424,8.681316455424,8.68131645543,8.68131645553,8.68131645616,8.68131645616,8.68131645616,8.681316456232,8.681316456232,8.68131645622,8.68131645622,8.68131645622,8.6813164562,8.6813164562,8.6813164562,8.6813164562,8.6813164558,8.6813164558,8.6813164556,8.6813164559,8.6813164559,8.6813164559,8.68131645593,8.6813164559479,8.6813164559479,8.681316456,10.7848447078,10.7848447075,10.78484470783,10.78484470773,10.78484470773,10.78484470772,10.78484470772,10.7848447075,10.7848447082,10.7848447082,10.7848447082,10.78484470821,10.784844708207,10.784844708207,12.971762168127,12.971762168127,12.9717621682,12.97176216823,12.97176216831,12.97176216831,12.97176216831,12.9717621683,12.971762168,12.97176216795,12.97176216795,12.971762168,12.971762168,12.971762168,12.9717621678,12.9717621689,12.9717621684,12.9717621684,12.9717621684,12.9717621685,12.9717621686,12.9717621686,12.97176216846,12.97176216846,12.971762168499,12.971762168499,12.9717621685
"t49",0.5572180204,0,2.05129327398,2.05129327398,2.05129327399,2.05129327399,2.05129327399,2.05129327399,2.5520463077,3.9196590261,3.9196590261,3.9196590261,6.3823659999,6.3823660002,6.3823660002,6.38236600047,6.38236600047,6.382366,6.382366,6.3823659999,6.3823659999,8.3372972485,8.3372972485,8.6813164555,8.68131645551,8.68131645551,8.68131645551,8.68131645551,8.68131645531,8.68131645531,8.68131645531,8.68131645551,8.68131645543,8.681316455424,8.681316455424,8.68131645543,8.68131645553,8.68131645616,8.68131645616,8.68131645616,8.681316456232,8.681316456232,8.68131645622,8.68131645622,8.68131645622,8.6813164562,8.6813164562,8.6813164562,8.6813164562,8.6813164558,8.6813164558,8.6813164556,8.6813164559,8.6813164559,8.6813164559,8.68131645593,8.6813164559479,8.6813164559479,8.681316456,10.7848447078,10.7848447075,10.78484470783,10.78484470773,10.78484470773,10.78484470772,10.78484470772,10.7848447075,10.7848447082,10.7848447082,10.7848447082,10.78484470821,10.784844708207,10.784844708207,12.971762168127,12.971762168127,12.9717621682,12.97176216823,12.97176216831,12.97176216831,12.97176216831,12.9717621683,12.971762168,12.97176216795,12.97176216795,12.971762168,12.971762168,12.971762168,12.9717621678,12.9717621689,12.9717621684,12.9717621684,12.9717621684,12.9717621685,12.9717621686,12.9717621686,12.97176216846,12.97176216846,12.971762168499,12.971762168499,12.9717621685
"t9",2.05129327398,2.05129327398,0,1.9498720686,1.98844016539,1.98844016539,1.98844016539,1.98844016539,2.55204630768,3.91965902608,3.91965902608,3.91965902608,6.38236599988,6.38236600018,6.38236600018,6.38236600045,6.38236600045,6.38236599998,6.38236599998,6.38236599988,6.38236599988,8.33729724848,8.33729724848,8.68131645548,8.68131645549,8.68131645549,8.68131645549,8.68131645549,8.68131645529,8.68131645529,8.68131645529,8.68131645549,8.68131645541,8.681316455404,8.681316455404,8.68131645541,8.68131645551,8.68131645614,8.68131645614,8.68131645614,8.681316456212,8.681316456212,8.6813164562,8.6813164562,8.6813164562,8.68131645618,8.68131645618,8.68131645618,8.68131645618,8.68131645578,8.68131645578,8.68131645558,8.68131645588,8.68131645588,8.68131645588,8.68131645591,8.6813164559279,8.6813164559279,8.68131645598,10.78484470778,10.78484470748,10.78484470781,10.78484470771,10.78484470771,10.7848447077,10.7848447077,10.78484470748,10.78484470818,10.78484470818,10.78484470818,10.78484470819,10.784844708187,10.784844708187,12.971762168107,12.971762168107,12.97176216818,12.97176216821,12.97176216829,12.97176216829,12.97176216829,12.97176216828,12.97176216798,12.97176216793,12.97176216793,12.97176216798,12.97176216798,12.97176216798,12.97176216778,12.97176216888,12.97176216838,12.97176216838,12.97176216838,12.97176216848,12.97176216858,12.97176216858,12.97176216844,12.97176216844,12.971762168479,12.971762168479,12.97176216848
"t10",2.05129327398,2.05129327398,1.9498720686,0,1.98844016539,1.98844016539,1.98844016539,1.98844016539,2.55204630768,3.91965902608,3.91965902608,3.91965902608,6.38236599988,6.38236600018,6.38236600018,6.38236600045,6.38236600045,6.38236599998,6.38236599998,6.38236599988,6.38236599988,8.33729724848,8.33729724848,8.68131645548,8.68131645549,8.68131645549,8.68131645549,8.68131645549,8.68131645529,8.68131645529,8.68131645529,8.68131645549,8.68131645541,8.681316455404,8.681316455404,8.68131645541,8.68131645551,8.68131645614,8.68131645614,8.68131645614,8.681316456212,8.681316456212,8.6813164562,8.6813164562,8.6813164562,8.68131645618,8.68131645618,8.68131645618,8.68131645618,8.68131645578,8.68131645578,8.68131645558,8.68131645588,8.68131645588,8.68131645588,8.68131645591,8.6813164559279,8.6813164559279,8.68131645598,10.78484470778,10.78484470748,10.78484470781,10.78484470771,10.78484470771,10.7848447077,10.7848447077,10.78484470748,10.78484470818,10.78484470818,10.78484470818,10.78484470819,10.784844708187,10.784844708187,12.971762168107,12.971762168107,12.97176216818,12.97176216821,12.97176216829,12.97176216829,12.97176216829,12.97176216828,12.97176216798,12.97176216793,12.97176216793,12.97176216798,12.97176216798,12.97176216798,12.97176216778,12.97176216888,12.97176216838,12.97176216838,12.97176216838,12.97176216848,12.97176216858,12.97176216858,12.97176216844,12.97176216844,12.971762168479,12.971762168479,12.97176216848
"t62",2.05129327399,2.05129327399,1.98844016539,1.98844016539,0,0.3236870478,0.8272253934,1.1821177926,2.55204630769,3.91965902609,3.91965902609,3.91965902609,6.38236599989,6.38236600019,6.38236600019,6.38236600046,6.38236600046,6.38236599999,6.38236599999,6.38236599989,6.38236599989,8.33729724849,8.33729724849,8.68131645549,8.6813164555,8.6813164555,8.6813164555,8.6813164555,8.6813164553,8.6813164553,8.6813164553,8.6813164555,8.68131645542,8.681316455414,8.681316455414,8.68131645542,8.68131645552,8.68131645615,8.68131645615,8.68131645615,8.681316456222,8.681316456222,8.68131645621,8.68131645621,8.68131645621,8.68131645619,8.68131645619,8.68131645619,8.68131645619,8.68131645579,8.68131645579,8.68131645559,8.68131645589,8.68131645589,8.68131645589,8.68131645592,8.6813164559379,8.6813164559379,8.68131645599,10.78484470779,10.78484470749,10.78484470782,10.78484470772,10.78484470772,10.78484470771,10.78484470771,10.78484470749,10.78484470819,10.78484470819,10.78484470819,10.7848447082,10.784844708197,10.784844708197,12.971762168117,12.971762168117,12.97176216819,12.97176216822,12.9717621683,12.9717621683,12.9717621683,12.97176216829,12.97176216799,12.97176216794,12.97176216794,12.97176216799,12.97176216799,12.97176216799,12.97176216779,12.97176216889,12.97176216839,12.97176216839,12.97176216839,12.97176216849,12.97176216859,12.97176216859,12.97176216845,12.97176216845,12.971762168489,12.971762168489,12.97176216849
"t63",2.05129327399,2.05129327399,1.98844016539,1.98844016539,0.3236870478,0,0.8272253934,1.1821177926,2.55204630769,3.91965902609,3.91965902609,3.91965902609,6.38236599989,6.38236600019,6.38236600019,6.38236600046,6.38236600046,6.38236599999,6.38236599999,6.38236599989,6.38236599989,8.33729724849,8.33729724849,8.68131645549,8.6813164555,8.6813164555,8.6813164555,8.6813164555,8.6813164553,8.6813164553,8.6813164553,8.6813164555,8.68131645542,8.681316455414,8.681316455414,8.68131645542,8.68131645552,8.68131645615,8.68131645615,8.68131645615,8.681316456222,8.681316456222,8.68131645621,8.68131645621,8.68131645621,8.68131645619,8.68131645619,8.68131645619,8.68131645619,8.68131645579,8.68131645579,8.68131645559,8.68131645589,8.68131645589,8.68131645589,8.68131645592,8.6813164559379,8.6813164559379,8.68131645599,10.78484470779,10.78484470749,10.78484470782,10.78484470772,10.78484470772,10.78484470771,10.78484470771,10.78484470749,10.78484470819,10.78484470819,10.78484470819,10.7848447082,10.784844708197,10.784844708197,12.971762168117,12.971762168117,12.97176216819,12.97176216822,12.9717621683,12.9717621683,12.9717621683,12.97176216829,12.97176216799,12.97176216794,12.97176216794,12.97176216799,12.97176216799,12.97176216799,12.97176216779,12.97176216889,12.97176216839,12.97176216839,12.97176216839,12.97176216849,12.97176216859,12.97176216859,12.97176216845,12.97176216845,12.971762168489,12.971762168489,12.97176216849
"t38",2.05129327399,2.05129327399,1.98844016539,1.98844016539,0.8272253934,0.8272253934,0,1.1821177926,2.55204630769,3.91965902609,3.91965902609,3.91965902609,6.38236599989,6.38236600019,6.38236600019,6.38236600046,6.38236600046,6.38236599999,6.38236599999,6.38236599989,6.38236599989,8.33729724849,8.33729724849,8.68131645549,8.6813164555,8.6813164555,8.6813164555,8.6813164555,8.6813164553,8.6813164553,8.6813164553,8.6813164555,8.68131645542,8.681316455414,8.681316455414,8.68131645542,8.68131645552,8.68131645615,8.68131645615,8.68131645615,8.681316456222,8.681316456222,8.68131645621,8.68131645621,8.68131645621,8.68131645619,8.68131645619,8.68131645619,8.68131645619,8.68131645579,8.68131645579,8.68131645559,8.68131645589,8.68131645589,8.68131645589,8.68131645592,8.6813164559379,8.6813164559379,8.68131645599,10.78484470779,10.78484470749,10.78484470782,10.78484470772,10.78484470772,10.78484470771,10.78484470771,10.78484470749,10.78484470819,10.78484470819,10.78484470819,10.7848447082,10.784844708197,10.784844708197,12.971762168117,12.971762168117,12.97176216819,12.97176216822,12.9717621683,12.9717621683,12.9717621683,12.97176216829,12.97176216799,12.97176216794,12.97176216794,12.97176216799,12.97176216799,12.97176216799,12.97176216779,12.97176216889,12.97176216839,12.97176216839,12.97176216839,12.97176216849,12.97176216859,12.97176216859,12.97176216845,12.97176216845,12.971762168489,12.971762168489,12.97176216849
"t19",2.05129327399,2.05129327399,1.98844016539,1.98844016539,1.1821177926,1.1821177926,1.1821177926,0,2.55204630769,3.91965902609,3.91965902609,3.91965902609,6.38236599989,6.38236600019,6.38236600019,6.38236600046,6.38236600046,6.38236599999,6.38236599999,6.38236599989,6.38236599989,8.33729724849,8.33729724849,8.68131645549,8.6813164555,8.6813164555,8.6813164555,8.6813164555,8.6813164553,8.6813164553,8.6813164553,8.6813164555,8.68131645542,8.681316455414,8.681316455414,8.68131645542,8.68131645552,8.68131645615,8.68131645615,8.68131645615,8.681316456222,8.681316456222,8.68131645621,8.68131645621,8.68131645621,8.68131645619,8.68131645619,8.68131645619,8.68131645619,8.68131645579,8.68131645579,8.68131645559,8.68131645589,8.68131645589,8.68131645589,8.68131645592,8.6813164559379,8.6813164559379,8.68131645599,10.78484470779,10.78484470749,10.78484470782,10.78484470772,10.78484470772,10.78484470771,10.78484470771,10.78484470749,10.78484470819,10.78484470819,10.78484470819,10.7848447082,10.784844708197,10.784844708197,12.971762168117,12.971762168117,12.97176216819,12.97176216822,12.9717621683,12.9717621683,12.9717621683,12.97176216829,12.97176216799,12.97176216794,12.97176216794,12.97176216799,12.97176216799,12.97176216799,12.97176216779,12.97176216889,12.97176216839,12.97176216839,12.97176216839,12.97176216849,12.97176216859,12.97176216859,12.97176216845,12.97176216845,12.971762168489,12.971762168489,12.97176216849
"t21",2.5520463077,2.5520463077,2.55204630768,2.55204630768,2.55204630769,2.55204630769,2.55204630769,2.55204630769,0,3.9196590264,3.9196590264,3.9196590264,6.3823660002,6.3823660005,6.3823660005,6.38236600077,6.38236600077,6.3823660003,6.3823660003,6.3823660002,6.3823660002,8.3372972488,8.3372972488,8.6813164558,8.68131645581,8.68131645581,8.68131645581,8.68131645581,8.68131645561,8.68131645561,8.68131645561,8.68131645581,8.68131645573,8.681316455724,8.681316455724,8.68131645573,8.68131645583,8.68131645646,8.68131645646,8.68131645646,8.681316456532,8.681316456532,8.68131645652,8.68131645652,8.68131645652,8.6813164565,8.6813164565,8.6813164565,8.6813164565,8.6813164561,8.6813164561,8.6813164559,8.6813164562,8.6813164562,8.6813164562,8.68131645623,8.6813164562479,8.6813164562479,8.6813164563,10.7848447081,10.7848447078,10.78484470813,10.78484470803,10.78484470803,10.78484470802,10.78484470802,10.7848447078,10.7848447085,10.7848447085,10.7848447085,10.78484470851,10.784844708507,10.784844708507,12.971762168427,12.971762168427,12.9717621685,12.97176216853,12.97176216861,12.97176216861,12.97176216861,12.9717621686,12.9717621683,12.97176216825,12.97176216825,12.9717621683,12.9717621683,12.9717621683,12.9717621681,12.9717621692,12.9717621687,12.9717621687,12.9717621687,12.9717621688,12.9717621689,12.9717621689,12.97176216876,12.97176216876,12.971762168799,12.971762168799,12.9717621688
"t54",3.9196590261,3.9196590261,3.91965902608,3.91965902608,3.91965902609,3.91965902609,3.91965902609,3.91965902609,3.9196590264,0,0.9884115402,1.5129050458,6.3823659996,6.3823659999,6.3823659999,6.38236600017,6.38236600017,6.3823659997,6.3823659997,6.3823659996,6.3823659996,8.3372972482,8.3372972482,8.6813164552,8.68131645521,8.68131645521,8.68131645521,8.68131645521,8.68131645501,8.68131645501,8.68131645501,8.68131645521,8.68131645513,8.681316455124,8.681316455124,8.68131645513,8.68131645523,8.68131645586,8.68131645586,8.68131645586,8.681316455932,8.681316455932,8.68131645592,8.68131645592,8.68131645592,8.6813164559,8.6813164559,8.6813164559,8.6813164559,8.6813164555,8.6813164555,8.6813164553,8.6813164556,8.6813164556,8.6813164556,8.68131645563,8.6813164556479,8.6813164556479,8.6813164557,10.7848447075,10.7848447072,10.78484470753,10.78484470743,10.78484470743,10.78484470742,10.78484470742,10.7848447072,10.7848447079,10.7848447079,10.7848447079,10.78484470791,10.784844707907,10.784844707907,12.971762167827,12.971762167827,12.9717621679,12.97176216793,12.97176216801,12.97176216801,12.97176216801,12.971762168,12.9717621677,12.97176216765,12.97176216765,12.9717621677,12.9717621677,12.9717621677,12.9717621675,12.9717621686,12.9717621681,12.9717621681,12.9717621681,12.9717621682,12.9717621683,12.9717621683,12.97176216816,12.97176216816,12.971762168199,12.971762168199,12.9717621682
"t25",3.9196590261,3.9196590261,3.91965902608,3.91965902608,3.91965902609,3.91965902609,3.91965902609,3.91965902609,3.9196590264,0.9884115402,0,1.5129050458,6.3823659996,6.3823659999,6.3823659999,6.38236600017,6.38236600017,6.3823659997,6.3823659997,6.3823659996,6.3823659996,8.3372972482,8.3372972482,8.6813164552,8.68131645521,8.68131645521,8.68131645521,8.68131645521,8.68131645501,8.68131645501,8.68131645501,8.68131645521,8.68131645513,8.681316455124,8.681316455124,8.68131645513,8.68131645523,8.68131645586,8.68131645586,8.68131645586,8.681316455932,8.681316455932,8.68131645592,8.68131645592,8.68131645592,8.6813164559,8.6813164559,8.6813164559,8.6813164559,8.6813164555,8.6813164555,8.6813164553,8.6813164556,8.6813164556,8.6813164556,8.68131645563,8.6813164556479,8.6813164556479,8.6813164557,10.7848447075,10.7848447072,10.78484470753,10.78484470743,10.78484470743,10.78484470742,10.78484470742,10.7848447072,10.7848447079,10.7848447079,10.7848447079,10.78484470791,10.784844707907,10.784844707907,12.971762167827,12.971762167827,12.9717621679,12.97176216793,12.97176216801,12.97176216801,12.97176216801,12.971762168,12.9717621677,12.97176216765,12.97176216765,12.9717621677,12.9717621677,12.9717621677,12.9717621675,12.9717621686,12.9717621681,12.9717621681,12.9717621681,12.9717621682,12.9717621683,12.9717621683,12.97176216816,12.97176216816,12.971762168199,12.971762168199,12.9717621682
"t26",3.9196590261,3.9196590261,3.91965902608,3.91965902608,3.91965902609,3.91965902609,3.91965902609,3.91965902609,3.9196590264,1.5129050458,1.5129050458,0,6.3823659996,6.3823659999,6.3823659999,6.38236600017,6.38236600017,6.3823659997,6.3823659997,6.3823659996,6.3823659996,8.3372972482,8.3372972482,8.6813164552,8.68131645521,8.68131645521,8.68131645521,8.68131645521,8.68131645501,8.68131645501,8.68131645501,8.68131645521,8.68131645513,8.681316455124,8.681316455124,8.68131645513,8.68131645523,8.68131645586,8.68131645586,8.68131645586,8.681316455932,8.681316455932,8.68131645592,8.68131645592,8.68131645592,8.6813164559,8.6813164559,8.6813164559,8.6813164559,8.6813164555,8.6813164555,8.6813164553,8.6813164556,8.6813164556,8.6813164556,8.68131645563,8.6813164556479,8.6813164556479,8.6813164557,10.7848447075,10.7848447072,10.78484470753,10.78484470743,10.78484470743,10.78484470742,10.78484470742,10.7848447072,10.7848447079,10.7848447079,10.7848447079,10.78484470791,10.784844707907,10.784844707907,12.971762167827,12.971762167827,12.9717621679,12.97176216793,12.97176216801,12.97176216801,12.97176216801,12.971762168,12.9717621677,12.97176216765,12.97176216765,12.9717621677,12.9717621677,12.9717621677,12.9717621675,12.9717621686,12.9717621681,12.9717621681,12.9717621681,12.9717621682,12.9717621683,12.9717621683,12.97176216816,12.97176216816,12.971762168199,12.971762168199,12.9717621682
"t15",6.3823659999,6.3823659999,6.38236599988,6.38236599988,6.38236599989,6.38236599989,6.38236599989,6.38236599989,6.3823660002,6.3823659996,6.3823659996,6.3823659996,0,4.7561236443,4.7561236443,6.14499649117,6.14499649117,6.1449964907,6.1449964907,6.1449964906,6.1449964906,8.337297248,8.337297248,8.681316455,8.68131645501,8.68131645501,8.68131645501,8.68131645501,8.68131645481,8.68131645481,8.68131645481,8.68131645501,8.68131645493,8.681316454924,8.681316454924,8.68131645493,8.68131645503,8.68131645566,8.68131645566,8.68131645566,8.681316455732,8.681316455732,8.68131645572,8.68131645572,8.68131645572,8.6813164557,8.6813164557,8.6813164557,8.6813164557,8.6813164553,8.6813164553,8.6813164551,8.6813164554,8.6813164554,8.6813164554,8.68131645543,8.6813164554479,8.6813164554479,8.6813164555,10.7848447073,10.784844707,10.78484470733,10.78484470723,10.78484470723,10.78484470722,10.78484470722,10.784844707,10.7848447077,10.7848447077,10.7848447077,10.78484470771,10.784844707707,10.784844707707,12.971762167627,12.971762167627,12.9717621677,12.97176216773,12.97176216781,12.97176216781,12.97176216781,12.9717621678,12.9717621675,12.97176216745,12.97176216745,12.9717621675,12.9717621675,12.9717621675,12.9717621673,12.9717621684,12.9717621679,12.9717621679,12.9717621679,12.971762168,12.9717621681,12.9717621681,12.97176216796,12.97176216796,12.971762167999,12.971762167999,12.971762168
"t23",6.3823660002,6.3823660002,6.38236600018,6.38236600018,6.38236600019,6.38236600019,6.38236600019,6.38236600019,6.3823660005,6.3823659999,6.3823659999,6.3823659999,4.7561236443,0,1.0301221406,6.14499649147,6.14499649147,6.144996491,6.144996491,6.1449964909,6.1449964909,8.3372972483,8.3372972483,8.6813164553,8.68131645531,8.68131645531,8.68131645531,8.68131645531,8.68131645511,8.68131645511,8.68131645511,8.68131645531,8.68131645523,8.681316455224,8.681316455224,8.68131645523,8.68131645533,8.68131645596,8.68131645596,8.68131645596,8.681316456032,8.681316456032,8.68131645602,8.68131645602,8.68131645602,8.681316456,8.681316456,8.681316456,8.681316456,8.6813164556,8.6813164556,8.6813164554,8.6813164557,8.6813164557,8.6813164557,8.68131645573,8.6813164557479,8.6813164557479,8.6813164558,10.7848447076,10.7848447073,10.78484470763,10.78484470753,10.78484470753,10.78484470752,10.78484470752,10.7848447073,10.784844708,10.784844708,10.784844708,10.78484470801,10.784844708007,10.784844708007,12.971762167927,12.971762167927,12.971762168,12.97176216803,12.97176216811,12.97176216811,12.97176216811,12.9717621681,12.9717621678,12.97176216775,12.97176216775,12.9717621678,12.9717621678,12.9717621678,12.9717621676,12.9717621687,12.9717621682,12.9717621682,12.9717621682,12.9717621683,12.9717621684,12.9717621684,12.97176216826,12.97176216826,12.971762168299,12.971762168299,12.9717621683
"t24",6.3823660002,6.3823660002,6.38236600018,6.38236600018,6.38236600019,6.38236600019,6.38236600019,6.38236600019,6.3823660005,6.3823659999,6.3823659999,6.3823659999,4.7561236443,1.0301221406,0,6.14499649147,6.14499649147,6.144996491,6.144996491,6.1449964909,6.1449964909,8.3372972483,8.3372972483,8.6813164553,8.68131645531,8.68131645531,8.68131645531,8.68131645531,8.68131645511,8.68131645511,8.68131645511,8.68131645531,8.68131645523,8.681316455224,8.681316455224,8.68131645523,8.68131645533,8.68131645596,8.68131645596,8.68131645596,8.681316456032,8.681316456032,8.68131645602,8.68131645602,8.68131645602,8.681316456,8.681316456,8.681316456,8.681316456,8.6813164556,8.6813164556,8.6813164554,8.6813164557,8.6813164557,8.6813164557,8.68131645573,8.6813164557479,8.6813164557479,8.6813164558,10.7848447076,10.7848447073,10.78484470763,10.78484470753,10.78484470753,10.78484470752,10.78484470752,10.7848447073,10.784844708,10.784844708,10.784844708,10.78484470801,10.784844708007,10.784844708007,12.971762167927,12.971762167927,12.971762168,12.97176216803,12.97176216811,12.97176216811,12.97176216811,12.9717621681,12.9717621678,12.97176216775,12.97176216775,12.9717621678,12.9717621678,12.9717621678,12.9717621676,12.9717621687,12.9717621682,12.9717621682,12.9717621682,12.9717621683,12.9717621684,12.9717621684,12.97176216826,12.97176216826,12.971762168299,12.971762168299,12.9717621683
"t85",6.38236600047,6.38236600047,6.38236600045,6.38236600045,6.38236600046,6.38236600046,6.38236600046,6.38236600046,6.38236600077,6.38236600017,6.38236600017,6.38236600017,6.14499649117,6.14499649147,6.14499649147,0,0.13515416834,4.77475912987,4.77475912987,5.17272333777,5.17272333777,8.33729724857,8.33729724857,8.68131645557,8.68131645558,8.68131645558,8.68131645558,8.68131645558,8.68131645538,8.68131645538,8.68131645538,8.68131645558,8.6813164555,8.681316455494,8.681316455494,8.6813164555,8.6813164556,8.68131645623,8.68131645623,8.68131645623,8.681316456302,8.681316456302,8.68131645629,8.68131645629,8.68131645629,8.68131645627,8.68131645627,8.68131645627,8.68131645627,8.68131645587,8.68131645587,8.68131645567,8.68131645597,8.68131645597,8.68131645597,8.681316456,8.6813164560179,8.6813164560179,8.68131645607,10.78484470787,10.78484470757,10.7848447079,10.7848447078,10.7848447078,10.78484470779,10.78484470779,10.78484470757,10.78484470827,10.78484470827,10.78484470827,10.78484470828,10.784844708277,10.784844708277,12.971762168197,12.971762168197,12.97176216827,12.9717621683,12.97176216838,12.97176216838,12.97176216838,12.97176216837,12.97176216807,12.97176216802,12.97176216802,12.97176216807,12.97176216807,12.97176216807,12.97176216787,12.97176216897,12.97176216847,12.97176216847,12.97176216847,12.97176216857,12.97176216867,12.97176216867,12.97176216853,12.97176216853,12.971762168569,12.971762168569,12.97176216857
"t86",6.38236600047,6.38236600047,6.38236600045,6.38236600045,6.38236600046,6.38236600046,6.38236600046,6.38236600046,6.38236600077,6.38236600017,6.38236600017,6.38236600017,6.14499649117,6.14499649147,6.14499649147,0.13515416834,0,4.77475912987,4.77475912987,5.17272333777,5.17272333777,8.33729724857,8.33729724857,8.68131645557,8.68131645558,8.68131645558,8.68131645558,8.68131645558,8.68131645538,8.68131645538,8.68131645538,8.68131645558,8.6813164555,8.681316455494,8.681316455494,8.6813164555,8.6813164556,8.68131645623,8.68131645623,8.68131645623,8.681316456302,8.681316456302,8.68131645629,8.68131645629,8.68131645629,8.68131645627,8.68131645627,8.68131645627,8.68131645627,8.68131645587,8.68131645587,8.68131645567,8.68131645597,8.68131645597,8.68131645597,8.681316456,8.6813164560179,8.6813164560179,8.68131645607,10.78484470787,10.78484470757,10.7848447079,10.7848447078,10.7848447078,10.78484470779,10.78484470779,10.78484470757,10.78484470827,10.78484470827,10.78484470827,10.78484470828,10.784844708277,10.784844708277,12.971762168197,12.971762168197,12.97176216827,12.9717621683,12.97176216838,12.97176216838,12.97176216838,12.97176216837,12.97176216807,12.97176216802,12.97176216802,12.97176216807,12.97176216807,12.97176216807,12.97176216787,12.97176216897,12.97176216847,12.97176216847,12.97176216847,12.97176216857,12.97176216867,12.97176216867,12.97176216853,12.97176216853,12.971762168569,12.971762168569,12.97176216857
"t58",6.382366,6.382366,6.38236599998,6.38236599998,6.38236599999,6.38236599999,6.38236599999,6.38236599999,6.3823660003,6.3823659997,6.3823659997,6.3823659997,6.1449964907,6.144996491,6.144996491,4.77475912987,4.77475912987,0,0.3724078854,5.1727233373,5.1727233373,8.3372972481,8.3372972481,8.6813164551,8.68131645511,8.68131645511,8.68131645511,8.68131645511,8.68131645491,8.68131645491,8.68131645491,8.68131645511,8.68131645503,8.681316455024,8.681316455024,8.68131645503,8.68131645513,8.68131645576,8.68131645576,8.68131645576,8.681316455832,8.681316455832,8.68131645582,8.68131645582,8.68131645582,8.6813164558,8.6813164558,8.6813164558,8.6813164558,8.6813164554,8.6813164554,8.6813164552,8.6813164555,8.6813164555,8.6813164555,8.68131645553,8.6813164555479,8.6813164555479,8.6813164556,10.7848447074,10.7848447071,10.78484470743,10.78484470733,10.78484470733,10.78484470732,10.78484470732,10.7848447071,10.7848447078,10.7848447078,10.7848447078,10.78484470781,10.784844707807,10.784844707807,12.971762167727,12.971762167727,12.9717621678,12.97176216783,12.97176216791,12.97176216791,12.97176216791,12.9717621679,12.9717621676,12.97176216755,12.97176216755,12.9717621676,12.9717621676,12.9717621676,12.9717621674,12.9717621685,12.971762168,12.971762168,12.971762168,12.9717621681,12.9717621682,12.9717621682,12.97176216806,12.97176216806,12.971762168099,12.971762168099,12.9717621681
"t59",6.382366,6.382366,6.38236599998,6.38236599998,6.38236599999,6.38236599999,6.38236599999,6.38236599999,6.3823660003,6.3823659997,6.3823659997,6.3823659997,6.1449964907,6.144996491,6.144996491,4.77475912987,4.77475912987,0.3724078854,0,5.1727233373,5.1727233373,8.3372972481,8.3372972481,8.6813164551,8.68131645511,8.68131645511,8.68131645511,8.68131645511,8.68131645491,8.68131645491,8.68131645491,8.68131645511,8.68131645503,8.681316455024,8.681316455024,8.68131645503,8.68131645513,8.68131645576,8.68131645576,8.68131645576,8.681316455832,8.681316455832,8.68131645582,8.68131645582,8.68131645582,8.6813164558,8.6813164558,8.6813164558,8.6813164558,8.6813164554,8.6813164554,8.6813164552,8.6813164555,8.6813164555,8.6813164555,8.68131645553,8.6813164555479,8.6813164555479,8.6813164556,10.7848447074,10.7848447071,10.78484470743,10.78484470733,10.78484470733,10.78484470732,10.78484470732,10.7848447071,10.7848447078,10.7848447078,10.7848447078,10.78484470781,10.784844707807,10.784844707807,12.971762167727,12.971762167727,12.9717621678,12.97176216783,12.97176216791,12.97176216791,12.97176216791,12.9717621679,12.9717621676,12.97176216755,12.97176216755,12.9717621676,12.9717621676,12.9717621676,12.9717621674,12.9717621685,12.971762168,12.971762168,12.971762168,12.9717621681,12.9717621682,12.9717621682,12.97176216806,12.97176216806,12.971762168099,12.971762168099,12.9717621681
"t42",6.3823659999,6.3823659999,6.38236599988,6.38236599988,6.38236599989,6.38236599989,6.38236599989,6.38236599989,6.3823660002,6.3823659996,6.3823659996,6.3823659996,6.1449964906,6.1449964909,6.1449964909,5.17272333777,5.17272333777,5.1727233373,5.1727233373,0,0.7787033052,8.337297248,8.337297248,8.681316455,8.68131645501,8.68131645501,8.68131645501,8.68131645501,8.68131645481,8.68131645481,8.68131645481,8.68131645501,8.68131645493,8.681316454924,8.681316454924,8.68131645493,8.68131645503,8.68131645566,8.68131645566,8.68131645566,8.681316455732,8.681316455732,8.68131645572,8.68131645572,8.68131645572,8.6813164557,8.6813164557,8.6813164557,8.6813164557,8.6813164553,8.6813164553,8.6813164551,8.6813164554,8.6813164554,8.6813164554,8.68131645543,8.6813164554479,8.6813164554479,8.6813164555,10.7848447073,10.784844707,10.78484470733,10.78484470723,10.78484470723,10.78484470722,10.78484470722,10.784844707,10.7848447077,10.7848447077,10.7848447077,10.78484470771,10.784844707707,10.784844707707,12.971762167627,12.971762167627,12.9717621677,12.97176216773,12.97176216781,12.97176216781,12.97176216781,12.9717621678,12.9717621675,12.97176216745,12.97176216745,12.9717621675,12.9717621675,12.9717621675,12.9717621673,12.9717621684,12.9717621679,12.9717621679,12.9717621679,12.971762168,12.9717621681,12.9717621681,12.97176216796,12.97176216796,12.971762167999,12.971762167999,12.971762168
"t43",6.3823659999,6.3823659999,6.38236599988,6.38236599988,6.38236599989,6.38236599989,6.38236599989,6.38236599989,6.3823660002,6.3823659996,6.3823659996,6.3823659996,6.1449964906,6.1449964909,6.1449964909,5.17272333777,5.17272333777,5.1727233373,5.1727233373,0.7787033052,0,8.337297248,8.337297248,8.681316455,8.68131645501,8.68131645501,8.68131645501,8.68131645501,8.68131645481,8.68131645481,8.68131645481,8.68131645501,8.68131645493,8.681316454924,8.681316454924,8.68131645493,8.68131645503,8.68131645566,8.68131645566,8.68131645566,8.681316455732,8.681316455732,8.68131645572,8.68131645572,8.68131645572,8.6813164557,8.6813164557,8.6813164557,8.6813164557,8.6813164553,8.6813164553,8.6813164551,8.6813164554,8.6813164554,8.6813164554,8.68131645543,8.6813164554479,8.6813164554479,8.6813164555,10.7848447073,10.784844707,10.78484470733,10.78484470723,10.78484470723,10.78484470722,10.78484470722,10.784844707,10.7848447077,10.7848447077,10.7848447077,10.78484470771,10.784844707707,10.784844707707,12.971762167627,12.971762167627,12.9717621677,12.97176216773,12.97176216781,12.97176216781,12.97176216781,12.9717621678,12.9717621675,12.97176216745,12.97176216745,12.9717621675,12.9717621675,12.9717621675,12.9717621673,12.9717621684,12.9717621679,12.9717621679,12.9717621679,12.971762168,12.9717621681,12.9717621681,12.97176216796,12.97176216796,12.971762167999,12.971762167999,12.971762168
"t67",8.3372972485,8.3372972485,8.33729724848,8.33729724848,8.33729724849,8.33729724849,8.33729724849,8.33729724849,8.3372972488,8.3372972482,8.3372972482,8.3372972482,8.337297248,8.3372972483,8.3372972483,8.33729724857,8.33729724857,8.3372972481,8.3372972481,8.337297248,8.337297248,0,0.275569402,8.681316455,8.68131645501,8.68131645501,8.68131645501,8.68131645501,8.68131645481,8.68131645481,8.68131645481,8.68131645501,8.68131645493,8.681316454924,8.681316454924,8.68131645493,8.68131645503,8.68131645566,8.68131645566,8.68131645566,8.681316455732,8.681316455732,8.68131645572,8.68131645572,8.68131645572,8.6813164557,8.6813164557,8.6813164557,8.6813164557,8.6813164553,8.6813164553,8.6813164551,8.6813164554,8.6813164554,8.6813164554,8.68131645543,8.6813164554479,8.6813164554479,8.6813164555,10.7848447073,10.784844707,10.78484470733,10.78484470723,10.78484470723,10.78484470722,10.78484470722,10.784844707,10.7848447077,10.7848447077,10.7848447077,10.78484470771,10.784844707707,10.784844707707,12.971762167627,12.971762167627,12.9717621677,12.97176216773,12.97176216781,12.97176216781,12.97176216781,12.9717621678,12.9717621675,12.97176216745,12.97176216745,12.9717621675,12.9717621675,12.9717621675,12.9717621673,12.9717621684,12.9717621679,12.9717621679,12.9717621679,12.971762168,12.9717621681,12.9717621681,12.97176216796,12.97176216796,12.971762167999,12.971762167999,12.971762168
"t68",8.3372972485,8.3372972485,8.33729724848,8.33729724848,8.33729724849,8.33729724849,8.33729724849,8.33729724849,8.3372972488,8.3372972482,8.3372972482,8.3372972482,8.337297248,8.3372972483,8.3372972483,8.33729724857,8.33729724857,8.3372972481,8.3372972481,8.337297248,8.337297248,0.275569402,0,8.681316455,8.68131645501,8.68131645501,8.68131645501,8.68131645501,8.68131645481,8.68131645481,8.68131645481,8.68131645501,8.68131645493,8.681316454924,8.681316454924,8.68131645493,8.68131645503,8.68131645566,8.68131645566,8.68131645566,8.681316455732,8.681316455732,8.68131645572,8.68131645572,8.68131645572,8.6813164557,8.6813164557,8.6813164557,8.6813164557,8.6813164553,8.6813164553,8.6813164551,8.6813164554,8.6813164554,8.6813164554,8.68131645543,8.6813164554479,8.6813164554479,8.6813164555,10.7848447073,10.784844707,10.78484470733,10.78484470723,10.78484470723,10.78484470722,10.78484470722,10.784844707,10.7848447077,10.7848447077,10.7848447077,10.78484470771,10.784844707707,10.784844707707,12.971762167627,12.971762167627,12.9717621677,12.97176216773,12.97176216781,12.97176216781,12.97176216781,12.9717621678,12.9717621675,12.97176216745,12.97176216745,12.9717621675,12.9717621675,12.9717621675,12.9717621673,12.9717621684,12.9717621679,12.9717621679,12.9717621679,12.971762168,12.9717621681,12.9717621681,12.97176216796,12.97176216796,12.971762167999,12.971762167999,12.971762168
"t12",8.6813164555,8.6813164555,8.68131645548,8.68131645548,8.68131645549,8.68131645549,8.68131645549,8.68131645549,8.6813164558,8.6813164552,8.6813164552,8.6813164552,8.681316455,8.6813164553,8.6813164553,8.68131645557,8.68131645557,8.6813164551,8.6813164551,8.681316455,8.681316455,8.681316455,8.681316455,0,1.74248755121,1.74248755121,1.74248755121,1.74248755121,4.51171269901,4.51171269901,4.51171269901,4.51171269921,4.51171269913,4.511712699124,4.511712699124,4.51171269913,4.51171269923,7.18903727786,7.18903727786,7.18903727786,7.189037277932,7.189037277932,7.18903727792,7.18903727792,7.18903727792,7.1890372779,7.1890372779,7.1890372779,7.1890372779,7.1890372775,7.1890372775,7.1890372773,7.1890372776,7.1890372776,7.1890372776,7.98628737703,7.9862873770479,7.9862873770479,7.9862873771,10.7848447075,10.7848447072,10.78484470753,10.78484470743,10.78484470743,10.78484470742,10.78484470742,10.7848447072,10.7848447079,10.7848447079,10.7848447079,10.78484470791,10.784844707907,10.784844707907,12.971762167827,12.971762167827,12.9717621679,12.97176216793,12.97176216801,12.97176216801,12.97176216801,12.971762168,12.9717621677,12.97176216765,12.97176216765,12.9717621677,12.9717621677,12.9717621677,12.9717621675,12.9717621686,12.9717621681,12.9717621681,12.9717621681,12.9717621682,12.9717621683,12.9717621683,12.97176216816,12.97176216816,12.971762168199,12.971762168199,12.9717621682
"t13",8.68131645551,8.68131645551,8.68131645549,8.68131645549,8.6813164555,8.6813164555,8.6813164555,8.6813164555,8.68131645581,8.68131645521,8.68131645521,8.68131645521,8.68131645501,8.68131645531,8.68131645531,8.68131645558,8.68131645558,8.68131645511,8.68131645511,8.68131645501,8.68131645501,8.68131645501,8.68131645501,1.74248755121,0,1.5431567494,1.5431567494,1.5431567494,4.51171269902,4.51171269902,4.51171269902,4.51171269922,4.51171269914,4.511712699134,4.511712699134,4.51171269914,4.51171269924,7.18903727787,7.18903727787,7.18903727787,7.189037277942,7.189037277942,7.18903727793,7.18903727793,7.18903727793,7.18903727791,7.18903727791,7.18903727791,7.18903727791,7.18903727751,7.18903727751,7.18903727731,7.18903727761,7.18903727761,7.18903727761,7.98628737704,7.9862873770579,7.9862873770579,7.98628737711,10.78484470751,10.78484470721,10.78484470754,10.78484470744,10.78484470744,10.78484470743,10.78484470743,10.78484470721,10.78484470791,10.78484470791,10.78484470791,10.78484470792,10.784844707917,10.784844707917,12.971762167837,12.971762167837,12.97176216791,12.97176216794,12.97176216802,12.97176216802,12.97176216802,12.97176216801,12.97176216771,12.97176216766,12.97176216766,12.97176216771,12.97176216771,12.97176216771,12.97176216751,12.97176216861,12.97176216811,12.97176216811,12.97176216811,12.97176216821,12.97176216831,12.97176216831,12.97176216817,12.97176216817,12.971762168209,12.971762168209,12.97176216821
"t51",8.68131645551,8.68131645551,8.68131645549,8.68131645549,8.6813164555,8.6813164555,8.6813164555,8.6813164555,8.68131645581,8.68131645521,8.68131645521,8.68131645521,8.68131645501,8.68131645531,8.68131645531,8.68131645558,8.68131645558,8.68131645511,8.68131645511,8.68131645501,8.68131645501,8.68131645501,8.68131645501,1.74248755121,1.5431567494,0,0.5417278092,1.0447795908,4.51171269902,4.51171269902,4.51171269902,4.51171269922,4.51171269914,4.511712699134,4.511712699134,4.51171269914,4.51171269924,7.18903727787,7.18903727787,7.18903727787,7.189037277942,7.189037277942,7.18903727793,7.18903727793,7.18903727793,7.18903727791,7.18903727791,7.18903727791,7.18903727791,7.18903727751,7.18903727751,7.18903727731,7.18903727761,7.18903727761,7.18903727761,7.98628737704,7.9862873770579,7.9862873770579,7.98628737711,10.78484470751,10.78484470721,10.78484470754,10.78484470744,10.78484470744,10.78484470743,10.78484470743,10.78484470721,10.78484470791,10.78484470791,10.78484470791,10.78484470792,10.784844707917,10.784844707917,12.971762167837,12.971762167837,12.97176216791,12.97176216794,12.97176216802,12.97176216802,12.97176216802,12.97176216801,12.97176216771,12.97176216766,12.97176216766,12.97176216771,12.97176216771,12.97176216771,12.97176216751,12.97176216861,12.97176216811,12.97176216811,12.97176216811,12.97176216821,12.97176216831,12.97176216831,12.97176216817,12.97176216817,12.971762168209,12.971762168209,12.97176216821
"t52",8.68131645551,8.68131645551,8.68131645549,8.68131645549,8.6813164555,8.6813164555,8.6813164555,8.6813164555,8.68131645581,8.68131645521,8.68131645521,8.68131645521,8.68131645501,8.68131645531,8.68131645531,8.68131645558,8.68131645558,8.68131645511,8.68131645511,8.68131645501,8.68131645501,8.68131645501,8.68131645501,1.74248755121,1.5431567494,0.5417278092,0,1.0447795908,4.51171269902,4.51171269902,4.51171269902,4.51171269922,4.51171269914,4.511712699134,4.511712699134,4.51171269914,4.51171269924,7.18903727787,7.18903727787,7.18903727787,7.189037277942,7.189037277942,7.18903727793,7.18903727793,7.18903727793,7.18903727791,7.18903727791,7.18903727791,7.18903727791,7.18903727751,7.18903727751,7.18903727731,7.18903727761,7.18903727761,7.18903727761,7.98628737704,7.9862873770579,7.9862873770579,7.98628737711,10.78484470751,10.78484470721,10.78484470754,10.78484470744,10.78484470744,10.78484470743,10.78484470743,10.78484470721,10.78484470791,10.78484470791,10.78484470791,10.78484470792,10.784844707917,10.784844707917,12.971762167837,12.971762167837,12.97176216791,12.97176216794,12.97176216802,12.97176216802,12.97176216802,12.97176216801,12.97176216771,12.97176216766,12.97176216766,12.97176216771,12.97176216771,12.97176216771,12.97176216751,12.97176216861,12.97176216811,12.97176216811,12.97176216811,12.97176216821,12.97176216831,12.97176216831,12.97176216817,12.97176216817,12.971762168209,12.971762168209,12.97176216821
