"","t1","t2","t3","t4","t5","t6","t7","t8","t9","t10","t11","t12","t13","t14","t15","t16","t17","t18","t19","t20","t21","t22","t23","t24","t25","t26","t27","t28","t29","t30","t31","t32","t33","t34","t35","t36","t37","t38","t39","t40","t41","t42","t43","t44","t45","t46","t47","t48","t49","t50","t51","t52","t53","t54","t55","t56","t57","t58","t59","t60","t61","t62","t63","t64","t65","t66","t67","t68","t69","t70","t71","t72","t73","t74","t75","t76","t77","t78","t79","t80","t81","t82","t83","t84","t85","t86","t87","t88","t89","t90","t91","t92","t93","t94","t95","t96","t97","t98","t99","t100","t101","t102","t103","t104","t105","t106","t107","t108","t109","t110","t111","t112","t113","t114","t115","t116","t117","t118","t119","t120","t121","t122","t123","t124","t125","t126","t127","t128","t129","t130","t131","t132","t133","t134","t135","t136","t137","t138","t139","t140","t141","t142","t143","t144","t145","t146","t147","t148","t149","t150","t151","t152","t153","t154","t155","t156","t157","t158","t159","t160","t161","t162","t163","t164","t165","t166","t167","t168","t169","t170","t171","t172"
"t1",0,1.38900266076824,2.49469775159821,2.05383372114246,1.23687565662093,1.79462963938941,2.88341935604701,5.16151366494956,4.6304328516829,7.02085537170392,5.3343826254143,6.13552523487405,6.67577555404212,5.5318726018941,5.49155628014076,6.11793024327821,8.55917315546675,6.43515804492064,8.10697536559865,6.44167489611734,9.61592669227554,7.06954249591427,7.44783539577183,11.0774501719255,7.77430398808873,8.43702649804372,9.22208832312314,8.02699071616629,8.1076609550473,7.97211371029427,9.04011707188309,8.91959597381432,8.941046593823,10.0481627638923,8.70042513257562,9.65721857314908,9.40993323388463,11.0322981186896,8.58798129217866,10.4902776606685,8.94312167819472,9.59107983001883,10.3219630113994,9.93439971365502,8.68668397839454,9.20065448648644,9.54643383215272,9.19792562998551,11.0774501719255,9.82187729042912,11.0774501719255,10.1615373722898,9.29293596540652,9.14286413914686,9.38790080558632,11.0774501719255,9.38930243505227,11.0774501719255,11.0774501719255,11.0774501719255,10.608349917581,11.0774501719255,9.66804116505481,11.0774501719255,11.0774501719255,11.0774501719255,11.0774501719255,11.0774501719255,11.0774501719255,11.0774501719255,11.0774501719255,11.0774501719255,10.6672973341657,10.4002886802595,11.0774501719255,11.0774501719255,10.12486156511,11.0774501719255,11.0774501719255,11.0774501719255,10.0310288422907,10.2735282809095,11.0774501719255,11.0774501719255,10.1103686143085,10.083165115478,10.1272528007528,11.0774501719255,10.482237938674,10.1999566454039,11.0774501719255,10.3675345249391,10.5376051618275,10.9674669237645,11.0774501719255,11.0774501719255,11.0774501719255,11.0774501719255,11.0774501719255,11.0774501719255,11.0774501719255,11.0774501719255,11.0774501719255,11.0774501719255,11.0774501719255,11.0774501719255,11.0774501719255,11.0774501719255,11.0774501719255,10.9183788285607,11.0774501719255,11.0774501719255,11.0774501719255,11.0774501719255,11.0774501719255,11.0774501719255,11.0774501719255,11.0774501719255,11.0774501719255,11.0774501719255,11.0774501719255,11.0774501719255,10.6467989527104,11.0774501719255,11.0774501719255,11.0774501719255,11.0774501719255,11.0774501719255,11.0774501719255,11.0774501719255,10.673274973791,11.0774501719255,11.0774501719255,11.0774501719255,11.0774501719255,11.0774501719255,11.0774501719255,11.0774501719255,11.0774501719255,11.0774501719255,11.0774501719255,11.0774501719255,11.0774501719255,11.0774501719255,10.9044285698662,11.0774501719255,11.0774501719255,11.0774501719255,11.0774501719255,11.0774501719255,11.0774501719255,11.0774501719255,11.0774501719255,11.0774501719255,11.0774501719255,11.0774501719255,11.0774501719255,11.0774501719255,11.0774501719255,11.0774501719255,11.0774501719255,11.0774501719255,11.0774501719255,11.0774501719255,11.0774501719255,11.0774501719255,11.0774501719255,11.0774501719255,11.0774501719255,11.0774501719255,11.0774501719255,11.0774501719255
"t2",1.38900266076824,0,3.20182835816548,2.76096432770973,1.9440062631882,2.50176024595668,3.59054996261428,5.86864427151683,5.33756345825017,7.72798597827119,6.04151323198157,6.84265584144133,7.38290616060939,6.23900320846137,6.19868688670803,6.82506084984549,9.26630376203402,7.14228865148791,8.81410597216592,7.14880550268461,10.3230572988428,7.77667310248154,8.1549660023391,11.7845807784928,8.481434594656,9.14415710461099,9.92921892969042,8.73412132273356,8.81479156161457,8.67924431686154,9.74724767845036,9.62672658038159,9.64817720039027,10.7552933704596,9.4075557391429,10.3643491797164,10.1170638404519,11.7394287252569,9.29511189874594,11.1974082672357,9.65025228476199,10.2982104365861,11.0290936179667,10.6415303202223,9.39381458496181,9.90778509305371,10.25356443872,9.90505623655278,11.7845807784928,10.5290078969964,11.7845807784928,10.868667978857,10.0000665719738,9.84999474571413,10.0950314121536,11.7845807784928,10.0964330416195,11.7845807784928,11.7845807784928,11.7845807784928,11.3154805241482,11.7845807784928,10.3751717716221,11.7845807784928,11.7845807784928,11.7845807784928,11.7845807784928,11.7845807784928,11.7845807784928,11.7845807784928,11.7845807784928,11.7845807784928,11.3744279407329,11.1074192868268,11.7845807784928,11.7845807784928,10.8319921716772,11.7845807784928,11.7845807784928,11.7845807784928,10.7381594488579,10.9806588874767,11.7845807784928,11.7845807784928,10.8174992208757,10.7902957220453,10.83438340732,11.7845807784928,11.1893685452413,10.9070872519712,11.7845807784928,11.0746651315063,11.2447357683947,11.6745975303318,11.7845807784928,11.7845807784928,11.7845807784928,11.7845807784928,11.7845807784928,11.7845807784928,11.7845807784928,11.7845807784928,11.7845807784928,11.7845807784928,11.7845807784928,11.7845807784928,11.7845807784928,11.7845807784928,11.7845807784928,11.625509435128,11.7845807784928,11.7845807784928,11.7845807784928,11.7845807784928,11.7845807784928,11.7845807784928,11.7845807784928,11.7845807784928,11.7845807784928,11.7845807784928,11.7845807784928,11.7845807784928,11.3539295592776,11.7845807784928,11.7845807784928,11.7845807784928,11.7845807784928,11.7845807784928,11.7845807784928,11.7845807784928,11.3804055803582,11.7845807784928,11.7845807784928,11.7845807784928,11.7845807784928,11.7845807784928,11.7845807784928,11.7845807784928,11.7845807784928,11.7845807784928,11.7845807784928,11.7845807784928,11.7845807784928,11.7845807784928,11.6115591764335,11.7845807784928,11.7845807784928,11.7845807784928,11.7845807784928,11.7845807784928,11.7845807784928,11.7845807784928,11.7845807784928,11.7845807784928,11.7845807784928,11.7845807784928,11.7845807784928,11.7845807784928,11.7845807784928,11.7845807784928,11.7845807784928,11.7845807784928,11.7845807784928,11.7845807784928,11.7845807784928,11.7845807784928,11.7845807784928,11.7845807784928,11.7845807784928,11.7845807784928,11.7845807784928,11.7845807784928
"t3",2.49469775159821,3.20182835816548,0,0.967573152263164,2.98946891616487,3.54722289893335,4.63601261559095,6.9141069244935,6.38302611122684,8.77344863124786,7.08697588495824,7.88811849441799,8.42836881358606,7.28446586143804,7.2441495396847,7.87052350282215,10.3117664150107,8.18775130446458,9.85956862514259,8.19426815566128,11.3685199518195,8.82213575545821,9.20042865531577,12.8300434314695,9.52689724763267,10.1896197575877,10.9746815826671,9.77958397571023,9.86025421459124,9.72470696983821,10.792710331427,10.6721892333583,10.6936398533669,11.8007560234363,10.4530183921196,11.409811832693,11.1625264934286,12.7848913782336,10.3405745517226,12.2428709202124,10.6957149377387,11.3436730895628,12.0745562709434,11.686992973199,10.4392772379385,10.9532477460304,11.2990270916967,10.9505188895294,12.8300434314695,11.5744705499731,12.8300434314695,11.9141306318337,11.0455292249505,10.8954573986908,11.1404940651303,12.8300434314695,11.1418956945962,12.8300434314695,12.8300434314695,12.8300434314695,12.3609431771249,12.8300434314695,11.4206344245988,12.8300434314695,12.8300434314695,12.8300434314695,12.8300434314695,12.8300434314695,12.8300434314695,12.8300434314695,12.8300434314695,12.8300434314695,12.4198905937096,12.1528819398035,12.8300434314695,12.8300434314695,11.8774548246539,12.8300434314695,12.8300434314695,12.8300434314695,11.7836221018346,12.0261215404534,12.8300434314695,12.8300434314695,11.8629618738524,11.8357583750219,11.8798460602967,12.8300434314695,12.2348311982179,11.9525499049479,12.8300434314695,12.120127784483,12.2901984213714,12.7200601833084,12.8300434314695,12.8300434314695,12.8300434314695,12.8300434314695,12.8300434314695,12.8300434314695,12.8300434314695,12.8300434314695,12.8300434314695,12.8300434314695,12.8300434314695,12.8300434314695,12.8300434314695,12.8300434314695,12.8300434314695,12.6709720881047,12.8300434314695,12.8300434314695,12.8300434314695,12.8300434314695,12.8300434314695,12.8300434314695,12.8300434314695,12.8300434314695,12.8300434314695,12.8300434314695,12.8300434314695,12.8300434314695,12.3993922122543,12.8300434314695,12.8300434314695,12.8300434314695,12.8300434314695,12.8300434314695,12.8300434314695,12.8300434314695,12.4258682333349,12.8300434314695,12.8300434314695,12.8300434314695,12.8300434314695,12.8300434314695,12.8300434314695,12.8300434314695,12.8300434314695,12.8300434314695,12.8300434314695,12.8300434314695,12.8300434314695,12.8300434314695,12.6570218294101,12.8300434314695,12.8300434314695,12.8300434314695,12.8300434314695,12.8300434314695,12.8300434314695,12.8300434314695,12.8300434314695,12.8300434314695,12.8300434314695,12.8300434314695,12.8300434314695,12.8300434314695,12.8300434314695,12.8300434314695,12.8300434314695,12.8300434314695,12.8300434314695,12.8300434314695,12.8300434314695,12.8300434314695,12.8300434314695,12.8300434314695,12.8300434314695,12.8300434314695,12.8300434314695,12.8300434314695
"t4",2.05383372114246,2.76096432770973,0.967573152263164,0,2.54860488570912,3.10635886847759,4.1951485851352,6.47324289403774,5.94216208077108,8.3325846007921,6.64611185450248,7.44725446396224,7.98750478313031,6.84360183098229,6.80328550922895,7.4296594723664,9.87090238455494,7.74688727400883,9.41870459468683,7.75340412520552,10.9276559213637,8.38127172500245,8.75956462486002,12.3891794010137,9.08603321717692,9.7487557271319,10.5338175522113,9.33871994525448,9.41939018413548,9.28384293938245,10.3518463009713,10.2313252029025,10.2527758229112,11.3598919929805,10.0121543616638,10.9689478022373,10.7216624629728,12.3440273477778,9.89971052126685,11.8020068897566,10.2548509072829,10.902809059107,11.6336922404876,11.2461289427432,9.99841320748272,10.5123837155746,10.8581630612409,10.5096548590737,12.3891794010137,11.1336065195173,12.3891794010137,11.473266601378,10.6046651944947,10.454593368235,10.6996300346745,12.3891794010137,10.7010316641405,12.3891794010137,12.3891794010137,12.3891794010137,11.9200791466691,12.3891794010137,10.979770394143,12.3891794010137,12.3891794010137,12.3891794010137,12.3891794010137,12.3891794010137,12.3891794010137,12.3891794010137,12.3891794010137,12.3891794010137,11.9790265632539,11.7120179093477,12.3891794010137,12.3891794010137,11.4365907941982,12.3891794010137,12.3891794010137,12.3891794010137,11.3427580713789,11.5852575099976,12.3891794010137,12.3891794010137,11.4220978433967,11.3948943445662,11.4389820298409,12.3891794010137,11.7939671677622,11.5116858744921,12.3891794010137,11.6792637540273,11.8493343909157,12.2791961528527,12.3891794010137,12.3891794010137,12.3891794010137,12.3891794010137,12.3891794010137,12.3891794010137,12.3891794010137,12.3891794010137,12.3891794010137,12.3891794010137,12.3891794010137,12.3891794010137,12.3891794010137,12.3891794010137,12.3891794010137,12.2301080576489,12.3891794010137,12.3891794010137,12.3891794010137,12.3891794010137,12.3891794010137,12.3891794010137,12.3891794010137,12.3891794010137,12.3891794010137,12.3891794010137,12.3891794010137,12.3891794010137,11.9585281817985,12.3891794010137,12.3891794010137,12.3891794010137,12.3891794010137,12.3891794010137,12.3891794010137,12.3891794010137,11.9850042028791,12.3891794010137,12.3891794010137,12.3891794010137,12.3891794010137,12.3891794010137,12.3891794010137,12.3891794010137,12.3891794010137,12.3891794010137,12.3891794010137,12.3891794010137,12.3891794010137,12.3891794010137,12.2161577989544,12.3891794010137,12.3891794010137,12.3891794010137,12.3891794010137,12.3891794010137,12.3891794010137,12.3891794010137,12.3891794010137,12.3891794010137,12.3891794010137,12.3891794010137,12.3891794010137,12.3891794010137,12.3891794010137,12.3891794010137,12.3891794010137,12.3891794010137,12.3891794010137,12.3891794010137,12.3891794010137,12.3891794010137,12.3891794010137,12.3891794010137,12.3891794010137,12.3891794010137,12.3891794010137,12.3891794010137
"t5",1.23687565662093,1.9440062631882,2.98946891616487,2.54860488570912,0,1.05619783843074,2.14498755508834,4.42308186399089,3.89200105072423,6.28242357074525,4.59595082445563,5.39709343391539,5.93734375308345,4.79344080093543,4.75312447918209,5.37949844231954,7.82074135450808,5.69672624396197,7.36854356463998,5.70324309515867,8.87749489131687,6.3311106949556,6.70940359481316,10.3390183709669,7.03587218713006,7.69859469708505,8.48365652216448,7.28855891520762,7.36922915408863,7.2336819093356,8.30168527092442,8.18116417285565,8.20261479286433,9.30973096293366,7.96199333161696,8.91878677219041,8.67150143292596,10.2938663177309,7.84954949122,9.75184585970979,8.20468987723605,8.85264802906017,9.58353121044075,9.19596791269635,7.94825217743587,8.46222268552777,8.80800203119405,8.45949382902684,10.3390183709669,9.08344548947045,10.3390183709669,9.4231055713311,8.55450416444785,8.40443233818819,8.64946900462765,10.3390183709669,8.6508706340936,10.3390183709669,10.3390183709669,10.3390183709669,9.86991811662228,10.3390183709669,8.92960936409615,10.3390183709669,10.3390183709669,10.3390183709669,10.3390183709669,10.3390183709669,10.3390183709669,10.3390183709669,10.3390183709669,10.3390183709669,9.928865533207,9.66185687930086,10.3390183709669,10.3390183709669,9.3864297641513,10.3390183709669,10.3390183709669,10.3390183709669,9.29259704133201,9.53509647995079,10.3390183709669,10.3390183709669,9.3719368133498,9.34473331451933,9.38882099979409,10.3390183709669,9.74380613771532,9.46152484444527,10.3390183709669,9.62910272398041,9.79917336086881,10.2290351228058,10.3390183709669,10.3390183709669,10.3390183709669,10.3390183709669,10.3390183709669,10.3390183709669,10.3390183709669,10.3390183709669,10.3390183709669,10.3390183709669,10.3390183709669,10.3390183709669,10.3390183709669,10.3390183709669,10.3390183709669,10.1799470276021,10.3390183709669,10.3390183709669,10.3390183709669,10.3390183709669,10.3390183709669,10.3390183709669,10.3390183709669,10.3390183709669,10.3390183709669,10.3390183709669,10.3390183709669,10.3390183709669,9.90836715175168,10.3390183709669,10.3390183709669,10.3390183709669,10.3390183709669,10.3390183709669,10.3390183709669,10.3390183709669,9.93484317283229,10.3390183709669,10.3390183709669,10.3390183709669,10.3390183709669,10.3390183709669,10.3390183709669,10.3390183709669,10.3390183709669,10.3390183709669,10.3390183709669,10.3390183709669,10.3390183709669,10.3390183709669,10.1659967689075,10.3390183709669,10.3390183709669,10.3390183709669,10.3390183709669,10.3390183709669,10.3390183709669,10.3390183709669,10.3390183709669,10.3390183709669,10.3390183709669,10.3390183709669,10.3390183709669,10.3390183709669,10.3390183709669,10.3390183709669,10.3390183709669,10.3390183709669,10.3390183709669,10.3390183709669,10.3390183709669,10.3390183709669,10.3390183709669,10.3390183709669,10.3390183709669,10.3390183709669,10.3390183709669,10.3390183709669
"t6",1.79462963938941,2.50176024595668,3.54722289893335,3.10635886847759,1.05619783843074,0,1.97871569926288,4.25681000816543,3.72572919489876,6.11615171491979,4.42967896863017,5.23082157808992,5.77107189725799,4.62716894510997,4.58685262335663,5.21322658649408,7.65446949868262,5.53045438813651,7.20227170881452,5.5369712393332,8.7112230354914,6.16483883913013,6.5431317389877,10.1727465151414,6.8696003313046,7.53232284125959,8.31738466633901,7.12228705938216,7.20295729826316,7.06741005351014,8.13541341509896,8.01489231703018,8.03634293703887,9.14345910710819,7.79572147579149,8.75251491636495,8.50522957710049,10.1275944619055,7.68327763539453,9.58557400388433,8.03841802141059,8.6863761732347,9.41725935461528,9.02969605687088,7.7819803216104,8.2959508297023,8.64173017536859,8.29322197320137,10.1727465151414,8.91717363364499,10.1727465151414,9.25683371550564,8.38823230862238,8.23816048236273,8.48319714880219,10.1727465151414,8.48459877826814,10.1727465151414,10.1727465151414,10.1727465151414,9.70364626079682,10.1727465151414,8.76333750827068,10.1727465151414,10.1727465151414,10.1727465151414,10.1727465151414,10.1727465151414,10.1727465151414,10.1727465151414,10.1727465151414,10.1727465151414,9.76259367738154,9.4955850234754,10.1727465151414,10.1727465151414,9.22015790832584,10.1727465151414,10.1727465151414,10.1727465151414,9.12632518550654,9.36882462412533,10.1727465151414,10.1727465151414,9.20566495752434,9.17846145869387,9.22254914396863,10.1727465151414,9.57753428188985,9.29525298861981,10.1727465151414,9.46283086815494,9.63290150504334,10.0627632669804,10.1727465151414,10.1727465151414,10.1727465151414,10.1727465151414,10.1727465151414,10.1727465151414,10.1727465151414,10.1727465151414,10.1727465151414,10.1727465151414,10.1727465151414,10.1727465151414,10.1727465151414,10.1727465151414,10.1727465151414,10.0136751717766,10.1727465151414,10.1727465151414,10.1727465151414,10.1727465151414,10.1727465151414,10.1727465151414,10.1727465151414,10.1727465151414,10.1727465151414,10.1727465151414,10.1727465151414,10.1727465151414,9.74209529592622,10.1727465151414,10.1727465151414,10.1727465151414,10.1727465151414,10.1727465151414,10.1727465151414,10.1727465151414,9.76857131700683,10.1727465151414,10.1727465151414,10.1727465151414,10.1727465151414,10.1727465151414,10.1727465151414,10.1727465151414,10.1727465151414,10.1727465151414,10.1727465151414,10.1727465151414,10.1727465151414,10.1727465151414,9.99972491308207,10.1727465151414,10.1727465151414,10.1727465151414,10.1727465151414,10.1727465151414,10.1727465151414,10.1727465151414,10.1727465151414,10.1727465151414,10.1727465151414,10.1727465151414,10.1727465151414,10.1727465151414,10.1727465151414,10.1727465151414,10.1727465151414,10.1727465151414,10.1727465151414,10.1727465151414,10.1727465151414,10.1727465151414,10.1727465151414,10.1727465151414,10.1727465151414,10.1727465151414,10.1727465151414,10.1727465151414
"t7",2.88341935604701,3.59054996261428,4.63601261559095,4.1951485851352,2.14498755508834,1.97871569926288,0,4.40890675754223,3.87782594427557,6.26824846429659,4.58177571800697,5.38291832746672,5.92316864663479,4.77926569448677,4.73894937273343,5.36532333587088,7.80656624805942,5.68255113751331,7.35436845819132,5.68906798871001,8.86331978486821,6.31693558850694,6.6952284883645,10.3248432645182,7.0216970806814,7.68441959063639,8.46948141571582,7.27438380875896,7.35505404763997,7.21950680288694,8.28751016447576,8.16698906640699,8.18843968641567,9.295555856485,7.9478182251683,8.90461166574175,8.6573263264773,10.2796912112823,7.83537438477133,9.73767075326113,8.19051477078739,8.8384729226115,9.56935610399209,9.18179280624769,7.93407707098721,8.44804757907911,8.79382692474539,8.44531872257818,10.3248432645182,9.06927038302179,10.3248432645182,9.40893046488244,8.54032905799919,8.39025723173953,8.63529389817899,10.3248432645182,8.63669552764494,10.3248432645182,10.3248432645182,10.3248432645182,9.85574301017362,10.3248432645182,8.91543425764749,10.3248432645182,10.3248432645182,10.3248432645182,10.3248432645182,10.3248432645182,10.3248432645182,10.3248432645182,10.3248432645182,10.3248432645182,9.91469042675834,9.6476817728522,10.3248432645182,10.3248432645182,9.37225465770264,10.3248432645182,10.3248432645182,10.3248432645182,9.27842193488334,9.52092137350213,10.3248432645182,10.3248432645182,9.35776170690114,9.33055820807068,9.37464589334543,10.3248432645182,9.72963103126666,9.44734973799661,10.3248432645182,9.61492761753174,9.78499825442015,10.2148600163572,10.3248432645182,10.3248432645182,10.3248432645182,10.3248432645182,10.3248432645182,10.3248432645182,10.3248432645182,10.3248432645182,10.3248432645182,10.3248432645182,10.3248432645182,10.3248432645182,10.3248432645182,10.3248432645182,10.3248432645182,10.1657719211534,10.3248432645182,10.3248432645182,10.3248432645182,10.3248432645182,10.3248432645182,10.3248432645182,10.3248432645182,10.3248432645182,10.3248432645182,10.3248432645182,10.3248432645182,10.3248432645182,9.89419204530302,10.3248432645182,10.3248432645182,10.3248432645182,10.3248432645182,10.3248432645182,10.3248432645182,10.3248432645182,9.92066806638363,10.3248432645182,10.3248432645182,10.3248432645182,10.3248432645182,10.3248432645182,10.3248432645182,10.3248432645182,10.3248432645182,10.3248432645182,10.3248432645182,10.3248432645182,10.3248432645182,10.3248432645182,10.1518216624589,10.3248432645182,10.3248432645182,10.3248432645182,10.3248432645182,10.3248432645182,10.3248432645182,10.3248432645182,10.3248432645182,10.3248432645182,10.3248432645182,10.3248432645182,10.3248432645182,10.3248432645182,10.3248432645182,10.3248432645182,10.3248432645182,10.3248432645182,10.3248432645182,10.3248432645182,10.3248432645182,10.3248432645182,10.3248432645182,10.3248432645182,10.3248432645182,10.3248432645182,10.3248432645182,10.3248432645182
"t8",5.16151366494956,5.86864427151683,6.9141069244935,6.47324289403774,4.42308186399089,4.25681000816543,4.40890675754223,0,4.5486557194033,4.5126975120708,2.89602058318261,6.05374810259446,6.59399842176253,5.45009546961451,5.40977914786117,6.03615311099862,8.47739602318716,6.35338091264105,8.02519823331906,6.35989776383774,9.53414955999594,6.98776536363467,7.36605826349224,10.9956730396459,5.26614612845562,5.99866445581203,9.14031119084355,7.9452135838867,8.0258838227677,7.89033657801468,6.53195921224998,6.4114381141812,8.85926946154341,9.96638563161273,8.61864800029603,9.57544144086949,6.90177537425151,8.59393607645793,8.50620415989907,7.98211980103534,6.4349638185616,9.50930269773924,10.2401858791198,9.85262258137542,8.60490684611494,9.11887735420684,9.46465669987312,9.11614849770591,8.63908812969384,9.74010015814953,10.9956730396459,10.0797602400102,9.21115883312692,9.06108700686727,6.87974294595321,10.9956730396459,6.88114457541916,10.9956730396459,8.56929231229241,8.56929231229241,10.5265727853014,10.9956730396459,9.58626403277522,8.63908812969384,8.56929231229241,10.9956730396459,10.9956730396459,10.9956730396459,8.56929231229241,10.9956730396459,10.9956730396459,10.9956730396459,10.5855202018861,10.3185115479799,10.9956730396459,10.9956730396459,7.61670370547686,8.56929231229241,8.56929231229241,8.56929231229241,9.94925171001108,10.1917511486299,8.56929231229241,10.9956730396459,10.0285914820289,7.64480307324631,7.68889075852107,8.63908812969384,10.4004608063944,10.1181795131243,10.9956730396459,10.2857573926595,10.4558280295479,8.5291048815328,10.9956730396459,10.9956730396459,8.63908812969384,10.9956730396459,10.9956730396459,10.9956730396459,10.9956730396459,10.9956730396459,10.9956730396459,10.9956730396459,10.9956730396459,10.9956730396459,10.9956730396459,10.9956730396459,8.56929231229241,8.48001678632906,8.63908812969384,8.56929231229241,10.9956730396459,8.56929231229241,8.56929231229241,8.63908812969384,8.63908812969384,8.56929231229241,8.56929231229241,8.56929231229241,8.56929231229241,10.9956730396459,10.5650218204308,8.63908812969384,10.9956730396459,10.9956730396459,10.9956730396459,8.63908812969384,8.63908812969384,8.56929231229241,8.16511711415784,10.9956730396459,10.9956730396459,10.9956730396459,10.9956730396459,10.9956730396459,10.9956730396459,10.9956730396459,10.9956730396459,10.9956730396459,8.63908812969384,8.63908812969384,10.9956730396459,8.63908812969384,10.8226514375866,10.9956730396459,10.9956730396459,10.9956730396459,8.63908812969384,8.63908812969384,10.9956730396459,10.9956730396459,10.9956730396459,10.9956730396459,10.9956730396459,10.9956730396459,8.56929231229241,8.56929231229241,10.9956730396459,10.9956730396459,10.9956730396459,10.9956730396459,10.9956730396459,10.9956730396459,8.56929231229241,8.56929231229241,8.63908812969384,8.63908812969384,8.56929231229241,8.56929231229241,10.9956730396459,10.9956730396459
"t9",4.6304328516829,5.33756345825017,6.38302611122684,5.94216208077108,3.89200105072423,3.72572919489876,3.87782594427557,4.5486557194033,0,6.40799742615767,4.72152467986804,3.10313215704934,2.6462097307941,2.49947952406939,1.46199045689273,2.08836442003019,4.52960733221872,3.40276496709593,5.07458228777394,3.40928181829263,5.58636086902751,3.03997667266624,4.41544231794712,8.04505709410082,7.16144604254248,7.82416855249746,5.19252249987512,3.99742489291827,5.07526787722259,4.93972063246956,8.42725912633684,8.30673802826806,5.90865351599829,7.01576968606761,5.66803205475092,6.62482549532437,8.79707528833837,10.4194401731434,5.55558821435395,9.8774197151222,8.33026373264847,6.55868675219412,7.2895699335747,5.90483389040699,4.65711815514651,6.16826140866173,6.51404075432801,6.1655325521608,10.4645922263793,6.78948421260441,8.04505709410082,7.12914429446506,5.26337014215849,6.11047106132215,8.77504286004007,7.0478843486775,8.77644448950602,8.04505709410082,10.4645922263793,10.4645922263793,7.57595683975624,8.04505709410082,6.63564808723011,10.4645922263793,10.4645922263793,7.0478843486775,8.04505709410082,8.04505709410082,10.4645922263793,8.04505709410082,8.04505709410082,8.04505709410082,7.63490425634096,6.3707228570115,7.0478843486775,7.0478843486775,9.51200361956372,10.4645922263793,10.4645922263793,10.4645922263793,6.99863576446596,7.24113520308475,10.4645922263793,7.0478843486775,6.08080279106045,9.47030716993175,9.51439485520651,10.4645922263793,7.44984486084927,7.16756356757923,8.04505709410082,7.33514144711437,7.50521208400277,10.3546089782182,8.04505709410082,8.04505709410082,10.4645922263793,8.04505709410082,8.04505709410082,8.04505709410082,7.0478843486775,7.0478843486775,8.04505709410082,8.04505709410082,8.04505709410082,8.04505709410082,8.04505709410082,8.04505709410082,10.4645922263793,10.3055208830145,10.4645922263793,10.4645922263793,7.0478843486775,10.4645922263793,10.4645922263793,10.4645922263793,10.4645922263793,10.4645922263793,10.4645922263793,10.4645922263793,10.4645922263793,8.04505709410082,7.61440587488564,10.4645922263793,8.04505709410082,8.04505709410082,8.04505709410082,10.4645922263793,10.4645922263793,10.4645922263793,10.0604170282447,7.0478843486775,8.04505709410082,8.04505709410082,8.04505709410082,8.04505709410082,8.04505709410082,8.04505709410082,8.04505709410082,8.04505709410082,10.4645922263793,10.4645922263793,8.04505709410082,10.4645922263793,6.87486274661817,7.0478843486775,8.04505709410082,8.04505709410082,10.4645922263793,10.4645922263793,8.04505709410082,8.04505709410082,7.0478843486775,7.0478843486775,8.04505709410082,8.04505709410082,10.4645922263793,10.4645922263793,8.04505709410082,8.04505709410082,8.04505709410082,8.04505709410082,8.04505709410082,8.04505709410082,10.4645922263793,10.4645922263793,10.4645922263793,10.4645922263793,10.4645922263793,10.4645922263793,8.04505709410082,8.04505709410082
"t10",7.02085537170392,7.72798597827119,8.77344863124786,8.3325846007921,6.28242357074525,6.11615171491979,6.26824846429659,4.5126975120708,6.40799742615767,0,4.75536228993697,7.91308980934882,8.45334012851689,7.30943717636887,7.26912085461553,7.89549481775298,10.3367377299415,8.21272261939541,9.88453994007342,8.2192394705921,11.3934912667503,8.84710707038903,9.2253999702466,12.8550147464003,5.88881374338395,7.85800616256639,10.9996528975979,9.80455529064106,9.88522552952207,9.74967828476904,7.15462682717831,7.03410572910954,10.7186111682978,11.8257273383671,10.4779897070504,11.4347831476239,7.52444298917985,10.4532777832123,10.3655458666534,8.60478741596368,7.05763143348994,11.3686444044936,12.0995275858742,11.7119642881298,10.4642485528693,10.9782190609612,11.3239984066275,10.9754902044603,10.4984298364482,11.5994418649039,12.8550147464003,11.9391019467645,11.0705005398813,10.9204287136216,7.50241056088154,12.8550147464003,7.50381219034749,12.8550147464003,9.19195992722075,9.19195992722075,12.3859144920557,12.8550147464003,11.4456057395296,10.4984298364482,9.19195992722075,12.8550147464003,12.8550147464003,12.8550147464003,9.19195992722075,12.8550147464003,12.8550147464003,12.8550147464003,12.4448619086404,12.1778532547343,12.8550147464003,12.8550147464003,8.23937132040519,9.19195992722075,9.19195992722075,9.19195992722075,11.8085934167654,12.0510928553842,9.19195992722075,12.8550147464003,11.8879331887832,9.50414478000068,9.54823246527543,10.4984298364482,12.2598025131488,11.9775212198787,12.8550147464003,12.1450990994138,12.3151697363022,10.3884465882872,12.8550147464003,12.8550147464003,10.4984298364482,12.8550147464003,12.8550147464003,12.8550147464003,12.8550147464003,12.8550147464003,12.8550147464003,12.8550147464003,12.8550147464003,12.8550147464003,12.8550147464003,12.8550147464003,9.19195992722075,10.3393584930834,10.4984298364482,9.19195992722075,12.8550147464003,9.19195992722075,9.19195992722075,10.4984298364482,10.4984298364482,9.19195992722075,9.19195992722075,9.19195992722075,9.19195992722075,12.8550147464003,12.4243635271851,10.4984298364482,12.8550147464003,12.8550147464003,12.8550147464003,10.4984298364482,10.4984298364482,9.19195992722075,8.78778472908618,12.8550147464003,12.8550147464003,12.8550147464003,12.8550147464003,12.8550147464003,12.8550147464003,12.8550147464003,12.8550147464003,12.8550147464003,10.4984298364482,10.4984298364482,12.8550147464003,10.4984298364482,12.681993144341,12.8550147464003,12.8550147464003,12.8550147464003,10.4984298364482,10.4984298364482,12.8550147464003,12.8550147464003,12.8550147464003,12.8550147464003,12.8550147464003,12.8550147464003,9.19195992722075,9.19195992722075,12.8550147464003,12.8550147464003,12.8550147464003,12.8550147464003,12.8550147464003,12.8550147464003,9.19195992722075,9.19195992722075,10.4984298364482,10.4984298364482,9.19195992722075,9.19195992722075,12.8550147464003,12.8550147464003
"t11",5.3343826254143,6.04151323198157,7.08697588495824,6.64611185450248,4.59595082445563,4.42967896863017,4.58177571800697,2.89602058318261,4.72152467986804,4.75536228993697,0,6.2266170630592,6.76686738222727,5.62296443007925,5.58264810832591,6.20902207146336,8.6502649836519,6.52624987310579,8.1980671937838,6.53276672430248,9.70701852046068,7.16063432409941,7.53892722395698,11.1685420001107,5.50881090632178,4.26734646042122,9.31318015130829,8.11808254435144,8.19875278323244,8.06320553847942,6.77462399011614,6.65410289204736,9.03213842200815,10.1392545920775,8.79151696076077,9.74831040133423,7.14444015211768,6.86261808106712,8.67907312036381,8.22478457890151,6.67762859642777,9.68217165820398,10.4130548395846,10.0254915418402,8.77777580657968,9.29174631467158,9.63752566033786,9.28901745817065,6.90777013430303,9.91296911861427,11.1685420001107,10.2526292004749,9.38402779359166,9.23395596733201,7.12240772381937,11.1685420001107,7.12380935328532,11.1685420001107,8.81195709015858,8.81195709015858,10.6994417457661,11.1685420001107,9.75913299323996,6.90777013430303,8.81195709015858,11.1685420001107,11.1685420001107,11.1685420001107,8.81195709015858,11.1685420001107,11.1685420001107,11.1685420001107,10.7583891623508,10.4913805084447,11.1685420001107,11.1685420001107,7.85936848334302,8.81195709015858,8.81195709015858,8.81195709015858,10.1221206704758,10.3646201090946,8.81195709015858,11.1685420001107,10.2014604424936,5.91348507785551,5.95757276313027,6.90777013430303,10.5733297668591,10.2910484735891,11.1685420001107,10.4586263531242,10.6286969900126,6.797786886142,11.1685420001107,11.1685420001107,6.90777013430303,11.1685420001107,11.1685420001107,11.1685420001107,11.1685420001107,11.1685420001107,11.1685420001107,11.1685420001107,11.1685420001107,11.1685420001107,11.1685420001107,11.1685420001107,8.81195709015858,6.74869879093825,6.90777013430303,8.81195709015858,11.1685420001107,8.81195709015858,8.81195709015858,6.90777013430303,6.90777013430303,8.81195709015858,8.81195709015858,8.81195709015858,8.81195709015858,11.1685420001107,10.7378907808955,6.90777013430303,11.1685420001107,11.1685420001107,11.1685420001107,6.90777013430303,6.90777013430303,8.81195709015858,8.40778189202401,11.1685420001107,11.1685420001107,11.1685420001107,11.1685420001107,11.1685420001107,11.1685420001107,11.1685420001107,11.1685420001107,11.1685420001107,6.90777013430303,6.90777013430303,11.1685420001107,6.90777013430303,10.9955203980513,11.1685420001107,11.1685420001107,11.1685420001107,6.90777013430303,6.90777013430303,11.1685420001107,11.1685420001107,11.1685420001107,11.1685420001107,11.1685420001107,11.1685420001107,8.81195709015858,8.81195709015858,11.1685420001107,11.1685420001107,11.1685420001107,11.1685420001107,11.1685420001107,11.1685420001107,8.81195709015858,8.81195709015858,6.90777013430303,6.90777013430303,8.81195709015858,8.81195709015858,11.1685420001107,11.1685420001107
"t12",6.13552523487405,6.84265584144133,7.88811849441799,7.44725446396224,5.39709343391539,5.23082157808992,5.38291832746672,6.05374810259446,3.10313215704934,7.91308980934882,6.2266170630592,0,5.14847485940857,1.8034913351888,3.96425558550721,4.59062954864466,7.0318724608332,3.23301416912395,4.90483148980196,2.71329362941203,8.08862599764198,5.54224180128071,4.24569151997514,7.34906890522022,8.66653842573363,9.32926093568862,7.69478762848959,6.49969002153274,4.37927968834199,4.24373244358896,9.932351509528,9.81183041145922,5.2126653271177,6.31978149718702,4.97204386587032,5.92883730644378,10.3021676715295,11.9245325563345,4.85960002547336,11.3825120983134,9.83535611583962,6.38893595422214,7.11981913560272,8.40709901902146,7.15938328376098,5.47227321978113,5.81805256544741,5.4695443632802,11.9696846095704,8.10913419718565,7.34906890522022,6.43315610558446,7.76563527077297,5.41448287244156,10.2801352432312,9.55014947729197,10.2815368726972,7.34906890522022,11.9696846095704,11.9696846095704,6.87996865087565,7.34906890522022,5.93965989834951,11.9696846095704,11.9696846095704,9.55014947729197,9.36470707868205,9.36470707868205,11.9696846095704,7.34906890522022,7.34906890522022,7.34906890522022,6.93891606746037,8.87298798562598,9.55014947729197,9.55014947729197,11.0170960027549,11.9696846095704,11.9696846095704,11.9696846095704,6.30264757558537,6.54514701420415,11.9696846095704,9.55014947729198,8.58306791967492,10.9753995531229,11.0194872383977,11.9696846095704,6.75385667196868,6.47157537869864,7.34906890522022,6.63915325823377,6.80922389512217,11.8597013614094,7.34906890522022,7.34906890522022,11.9696846095704,7.34906890522022,7.34906890522022,7.34906890522022,9.55014947729198,9.55014947729198,7.34906890522022,7.34906890522022,7.34906890522022,7.34906890522022,7.34906890522022,7.34906890522022,11.9696846095704,11.8106132662057,11.9696846095704,11.9696846095704,9.55014947729198,11.9696846095704,11.9696846095704,11.9696846095704,11.9696846095704,11.9696846095704,11.9696846095704,11.9696846095704,11.9696846095704,7.34906890522022,6.91841768600505,11.9696846095704,7.34906890522022,7.34906890522022,7.34906890522022,11.9696846095704,11.9696846095704,11.9696846095704,11.5655094114359,9.55014947729198,7.34906890522022,7.34906890522022,7.34906890522022,7.34906890522022,7.34906890522022,7.34906890522022,7.34906890522022,7.34906890522022,11.9696846095704,11.9696846095704,7.34906890522022,11.9696846095704,9.37712787523265,9.55014947729197,7.34906890522022,7.34906890522022,11.9696846095704,11.9696846095704,7.34906890522022,7.34906890522022,9.55014947729197,9.55014947729197,7.34906890522022,7.34906890522022,11.9696846095704,11.9696846095704,7.34906890522022,7.34906890522022,7.34906890522022,7.34906890522022,7.34906890522022,7.34906890522022,11.9696846095704,11.9696846095704,11.9696846095704,11.9696846095704,11.9696846095704,11.9696846095704,7.34906890522022,7.34906890522022
"t13",6.67577555404212,7.38290616060939,8.42836881358606,7.98750478313031,5.93734375308345,5.77107189725799,5.92316864663479,6.59399842176253,2.6462097307941,8.45334012851689,6.76686738222727,5.14847485940857,0,4.54482222642862,3.03485244417781,2.44463453734873,4.88587744953726,5.44810766945516,7.11992499013316,5.45462452065185,5.94263098634605,3.39624678998478,6.46078502030635,10.09039979646,9.2067887449017,9.86951125485669,5.54879261719366,4.35369501023681,7.12061057958181,6.98506333482878,10.4726018286961,10.3520807306273,7.95399621835752,9.06111238842684,7.71337475711014,8.6701681976836,10.8424179906976,12.4647828755026,7.60093091671318,11.9227624174814,10.3756064350077,8.60402945455335,9.33491263593393,6.26110400772553,5.01338827246505,8.21360411102095,8.55938345668723,8.21087525452002,12.5099349287385,8.83482691496364,10.09039979646,9.17448699682428,6.83623212944357,8.15581376368137,10.8203855623993,8.62074633596258,10.8217871918652,10.09039979646,12.5099349287385,12.5099349287385,9.62129954211547,10.09039979646,8.68099078958933,12.5099349287385,12.5099349287385,8.62074633596258,10.09039979646,10.09039979646,12.5099349287385,10.09039979646,10.09039979646,10.09039979646,9.68024695870018,7.94358484429658,8.62074633596258,8.62074633596258,11.5573463219229,12.5099349287385,12.5099349287385,12.5099349287385,9.04397846682519,9.28647790544398,12.5099349287385,8.62074633596258,7.65366477834552,11.515649872291,11.5597375575657,12.5099349287385,9.4951875632085,9.21290626993846,10.09039979646,9.38048414947359,9.55055478636199,12.3999516805775,10.09039979646,10.09039979646,12.5099349287385,10.09039979646,10.09039979646,10.09039979646,8.62074633596258,8.62074633596258,10.09039979646,10.09039979646,10.09039979646,10.09039979646,10.09039979646,10.09039979646,12.5099349287385,12.3508635853737,12.5099349287385,12.5099349287385,8.62074633596258,12.5099349287385,12.5099349287385,12.5099349287385,12.5099349287385,12.5099349287385,12.5099349287385,12.5099349287385,12.5099349287385,10.09039979646,9.65974857724487,12.5099349287385,10.09039979646,10.09039979646,10.09039979646,12.5099349287385,12.5099349287385,12.5099349287385,12.1057597306039,8.62074633596258,10.09039979646,10.09039979646,10.09039979646,10.09039979646,10.09039979646,10.09039979646,10.09039979646,10.09039979646,12.5099349287385,12.5099349287385,10.09039979646,12.5099349287385,8.44772473390325,8.62074633596258,10.09039979646,10.09039979646,12.5099349287385,12.5099349287385,10.09039979646,10.09039979646,8.62074633596258,8.62074633596258,10.09039979646,10.09039979646,12.5099349287385,12.5099349287385,10.09039979646,10.09039979646,10.09039979646,10.09039979646,10.09039979646,10.09039979646,12.5099349287385,12.5099349287385,12.5099349287385,12.5099349287385,12.5099349287385,12.5099349287385,10.09039979646,10.09039979646
