"","t1","t2","t3","t4","t5","t6","t7","t8","t9","t10","t11","t12","t13","t14","t15","t16","t17","t18","t19","t20","t21","t22","t23","t24","t25","t26","t27","t28","t29","t30","t31","t32","t33","t34","t35","t36","t37","t38","t39","t40","t41","t42","t43","t44","t45","t46","t47","t48","t49","t50","t51","t52","t53","t54","t55","t56","t57","t58","t59","t60","t61","t62","t63","t64","t65","t66","t67","t68","t69","t70","t71","t72","t73","t74","t75","t76","t77","t78","t79","t80","t81","t82","t83","t84","t85","t86","t87","t88","t89","t90","t91","t92","t93","t94","t95","t96","t97","t98","t99","t100","t101","t102","t103","t104","t105","t106","t107","t108","t109","t110","t111","t112","t113","t114","t115","t116"
"t1",0,7.31650587639288,8.79368411479988,8.16319040459535,8.79368411479988,4.57756027380294,4.56957264954931,8.09499848395657,10.2329917161654,10.2329917161654,10.2329917161654,10.2329917161654,9.49496993561048,8.5025590894932,8.08504999444577,10.2329917161654,10.2329917161654,9.80290917314161,9.69930562282872,10.2329917161654,10.2329917161654,8.41248783982809,9.32334728483729,6.61399758690718,10.2329917161654,10.2329917161654,10.2329917161654,10.2329917161654,10.2329917161654,8.41248783982809,10.2329917161654,10.2329917161654,10.2329917161654,7.28231802185343,10.2329917161654,10.2329917161654,10.2329917161654,7.28231802185343,10.2329917161654,8.41248783982809,6.21811985833089,10.2329917161654,10.2329917161654,10.2329917161654,6.95412915624721,7.28231802185343,7.28231802185343,6.81465184511483,7.28231802185343,7.28231802185343,10.2329917161654,10.2329917161654,10.2329917161654,8.36462937298574,7.28231802185343,10.2329917161654,10.2329917161654,8.41248783982809,8.41248783982809,7.28231802185343,10.2329917161654,10.2329917161654,10.2329917161654,10.2329917161654,10.2329917161654,10.2329917161654,7.28231802185343,7.28231802185343,8.41248783982809,8.41248783982809,7.28231802185343,7.28231802185343,7.28231802185343,7.28231802185343,10.2329917161654,10.2329917161654,10.2329917161654,10.2329917161654,10.2329917161654,8.79368411479988,8.79368411479988,10.0829771523314,10.2329917161654,7.28231802185343,7.28231802185343,7.28231802185343,7.28231802185343,10.2329917161654,10.2329917161654,10.2329917161654,10.2329917161654,10.2329917161654,10.2329917161654,10.2329917161654,10.2329917161654,6.61399758690718,6.61399758690718,8.41248783982809,8.41248783982809,10.2329917161654,10.2329917161654,7.28231802185343,7.28231802185343,10.2329917161654,10.2329917161654,7.28231802185343,7.28231802185343,7.28231802185343,7.28231802185343,10.2329917161654,10.2329917161654,10.2329917161654,10.2329917161654,10.2329917161654,10.2329917161654,10.2329917161654
"t2",7.31650587639288,0,7.31650587639288,1.79087440538375,7.31650587639288,5.28006856328864,5.27208093903501,2.27726693969218,4.41526017190099,4.41526017190099,4.41526017190099,3.86067571695379,3.12265393639889,2.13024309028161,6.98906803101056,4.70780784301769,4.70780784301769,4.12702460021704,3.32698962361713,3.86067571695379,4.55710714324081,7.31650587639288,3.5056157405729,7.31650587639288,4.55710714324081,3.86067571695379,3.86067571695379,3.86067571695379,4.55710714324081,7.31650587639288,3.86067571695379,3.86067571695379,3.86067571695379,7.31650587639288,3.86067571695379,3.86067571695379,4.55710714324081,7.31650587639288,4.41526017190099,7.31650587639288,6.92062814781659,3.44394377184864,4.55710714324081,4.55710714324081,6.98831701078666,7.31650587639288,7.31650587639288,6.84883969965429,7.31650587639288,7.31650587639288,4.55710714324081,3.86067571695379,3.86067571695379,7.26864740955053,7.31650587639288,4.55710714324081,4.55710714324081,7.31650587639288,7.31650587639288,7.31650587639288,4.55710714324081,4.55710714324081,4.55710714324081,4.55710714324081,4.41526017190099,4.41526017190099,7.31650587639288,7.31650587639288,7.31650587639288,7.31650587639288,7.31650587639288,7.31650587639288,7.31650587639288,7.31650587639288,4.55710714324081,4.55710714324081,4.41526017190099,4.41526017190099,4.41526017190099,7.31650587639288,7.31650587639288,3.71066115311977,3.86067571695379,7.31650587639288,7.31650587639288,7.31650587639288,7.31650587639288,3.86067571695379,3.86067571695379,3.44394377184864,3.44394377184864,3.86067571695379,3.86067571695379,3.86067571695379,3.86067571695379,7.31650587639288,7.31650587639288,7.31650587639288,7.31650587639288,4.55710714324081,4.55710714324081,7.31650587639288,7.31650587639288,3.86067571695379,3.86067571695379,7.31650587639288,7.31650587639288,7.31650587639288,7.31650587639288,4.41526017190099,4.41526017190099,4.55710714324081,4.55710714324081,4.55710714324081,4.55710714324081,4.55710714324081
"t3",8.79368411479988,7.31650587639288,0,8.16319040459535,6.32912015101011,6.75724680169563,6.74925917744201,8.09499848395657,10.2329917161654,10.2329917161654,10.2329917161654,10.2329917161654,9.49496993561048,8.5025590894932,8.46624626941756,10.2329917161654,10.2329917161654,9.80290917314161,9.69930562282872,10.2329917161654,10.2329917161654,8.79368411479988,9.32334728483729,8.79368411479988,10.2329917161654,10.2329917161654,10.2329917161654,10.2329917161654,10.2329917161654,8.79368411479988,10.2329917161654,10.2329917161654,10.2329917161654,8.79368411479988,10.2329917161654,10.2329917161654,10.2329917161654,8.79368411479988,10.2329917161654,8.79368411479988,8.39780638622359,10.2329917161654,10.2329917161654,10.2329917161654,8.46549524919365,8.79368411479988,8.79368411479988,8.32601793806128,8.79368411479988,8.79368411479988,10.2329917161654,10.2329917161654,10.2329917161654,8.74582564795753,8.79368411479988,10.2329917161654,10.2329917161654,8.79368411479988,8.79368411479988,8.79368411479988,10.2329917161654,10.2329917161654,10.2329917161654,10.2329917161654,10.2329917161654,10.2329917161654,8.79368411479988,8.79368411479988,8.79368411479988,8.79368411479988,8.79368411479988,8.79368411479988,8.79368411479988,8.79368411479988,10.2329917161654,10.2329917161654,10.2329917161654,10.2329917161654,10.2329917161654,6.32912015101011,6.32912015101011,10.0829771523314,10.2329917161654,8.79368411479988,8.79368411479988,8.79368411479988,8.79368411479988,10.2329917161654,10.2329917161654,10.2329917161654,10.2329917161654,10.2329917161654,10.2329917161654,10.2329917161654,10.2329917161654,8.79368411479988,8.79368411479988,8.79368411479988,8.79368411479988,10.2329917161654,10.2329917161654,8.79368411479988,8.79368411479988,10.2329917161654,10.2329917161654,8.79368411479988,8.79368411479988,8.79368411479988,8.79368411479988,10.2329917161654,10.2329917161654,10.2329917161654,10.2329917161654,10.2329917161654,10.2329917161654,10.2329917161654
"t4",8.16319040459535,1.79087440538375,8.16319040459535,0,8.16319040459535,6.1267530914911,6.11876546723748,3.12395146789464,5.26194470010346,5.26194470010346,5.26194470010346,4.54581159503849,3.05795405078273,2.06554320466545,7.83575255921303,5.55449237122016,5.55449237122016,4.97370912841951,3.26228973800096,3.79597583133763,5.40379167144328,8.16319040459535,4.35230026877537,8.16319040459535,5.40379167144328,3.79597583133763,3.79597583133763,3.79597583133763,5.40379167144328,8.16319040459535,3.79597583133763,3.79597583133763,4.54581159503849,8.16319040459535,3.79597583133763,3.79597583133763,5.40379167144328,8.16319040459535,5.26194470010346,8.16319040459535,7.76731267601906,4.70736024515626,5.40379167144328,5.40379167144328,7.83500153898913,8.16319040459535,8.16319040459535,7.69552422785675,8.16319040459535,8.16319040459535,5.40379167144328,4.54581159503849,4.54581159503849,8.115331937753,8.16319040459535,5.40379167144328,5.40379167144328,8.16319040459535,8.16319040459535,8.16319040459535,5.40379167144328,5.40379167144328,5.40379167144328,5.40379167144328,5.26194470010346,5.26194470010346,8.16319040459535,8.16319040459535,8.16319040459535,8.16319040459535,8.16319040459535,8.16319040459535,8.16319040459535,8.16319040459535,5.40379167144328,5.40379167144328,5.26194470010346,5.26194470010346,5.26194470010346,8.16319040459535,8.16319040459535,4.39579703120448,4.5458115950385,8.16319040459535,8.16319040459535,8.16319040459535,8.16319040459535,4.54581159503849,4.54581159503849,4.70736024515626,4.70736024515626,4.54581159503849,4.54581159503849,4.54581159503849,4.54581159503849,8.16319040459535,8.16319040459535,8.16319040459535,8.16319040459535,5.40379167144328,5.40379167144328,8.16319040459535,8.16319040459535,4.5458115950385,4.5458115950385,8.16319040459535,8.16319040459535,8.16319040459535,8.16319040459535,5.26194470010346,5.26194470010346,5.40379167144328,5.40379167144328,5.40379167144328,5.40379167144328,5.40379167144328
"t5",8.79368411479988,7.31650587639288,6.32912015101011,8.16319040459535,0,6.75724680169563,6.74925917744201,8.09499848395657,10.2329917161654,10.2329917161654,10.2329917161654,10.2329917161654,9.49496993561048,8.5025590894932,8.46624626941756,10.2329917161654,10.2329917161654,9.80290917314161,9.69930562282872,10.2329917161654,10.2329917161654,8.79368411479988,9.32334728483729,8.79368411479988,10.2329917161654,10.2329917161654,10.2329917161654,10.2329917161654,10.2329917161654,8.79368411479988,10.2329917161654,10.2329917161654,10.2329917161654,8.79368411479988,10.2329917161654,10.2329917161654,10.2329917161654,8.79368411479988,10.2329917161654,8.79368411479988,8.39780638622359,10.2329917161654,10.2329917161654,10.2329917161654,8.46549524919365,8.79368411479988,8.79368411479988,8.32601793806128,8.79368411479988,8.79368411479988,10.2329917161654,10.2329917161654,10.2329917161654,8.74582564795753,8.79368411479988,10.2329917161654,10.2329917161654,8.79368411479988,8.79368411479988,8.79368411479988,10.2329917161654,10.2329917161654,10.2329917161654,10.2329917161654,10.2329917161654,10.2329917161654,8.79368411479988,8.79368411479988,8.79368411479988,8.79368411479988,8.79368411479988,8.79368411479988,8.79368411479988,8.79368411479988,10.2329917161654,10.2329917161654,10.2329917161654,10.2329917161654,10.2329917161654,5.81950862421467,5.81950862421467,10.0829771523314,10.2329917161654,8.79368411479988,8.79368411479988,8.79368411479988,8.79368411479988,10.2329917161654,10.2329917161654,10.2329917161654,10.2329917161654,10.2329917161654,10.2329917161654,10.2329917161654,10.2329917161654,8.79368411479988,8.79368411479988,8.79368411479988,8.79368411479988,10.2329917161654,10.2329917161654,8.79368411479988,8.79368411479988,10.2329917161654,10.2329917161654,8.79368411479988,8.79368411479988,8.79368411479988,8.79368411479988,10.2329917161654,10.2329917161654,10.2329917161654,10.2329917161654,10.2329917161654,10.2329917161654,10.2329917161654
"t6",4.57756027380294,5.28006856328864,6.75724680169563,6.1267530914911,6.75724680169563,0,1.45031612298862,6.05856117085233,8.19655440306114,8.19655440306114,8.19655440306114,8.19655440306114,7.45853262250624,6.46612177638896,6.04861268134153,8.19655440306114,8.19655440306114,7.76647186003737,7.66286830972447,8.19655440306114,8.19655440306114,6.37605052672384,7.28690997173305,3.59098528961859,8.19655440306114,8.19655440306114,8.19655440306114,8.19655440306114,8.19655440306114,6.37605052672384,8.19655440306114,8.19655440306114,8.19655440306114,5.24588070874918,8.19655440306114,8.19655440306114,8.19655440306114,5.24588070874919,8.19655440306114,6.37605052672384,3.19510756104231,8.19655440306114,8.19655440306114,8.19655440306114,4.91769184314296,5.24588070874919,5.24588070874919,4.77821453201059,5.24588070874919,5.24588070874919,8.19655440306114,8.19655440306114,8.19655440306114,6.32819205988149,5.24588070874918,8.19655440306114,8.19655440306114,6.37605052672385,6.37605052672385,5.24588070874919,8.19655440306114,8.19655440306114,8.19655440306114,8.19655440306114,8.19655440306114,8.19655440306114,5.24588070874919,5.24588070874919,6.37605052672385,6.37605052672385,5.24588070874919,5.24588070874919,5.24588070874919,5.24588070874919,8.19655440306114,8.19655440306114,8.19655440306114,8.19655440306114,8.19655440306114,6.75724680169563,6.75724680169563,8.04653983922712,8.19655440306114,5.24588070874919,5.24588070874919,5.24588070874918,5.24588070874918,8.19655440306114,8.19655440306114,8.19655440306114,8.19655440306114,8.19655440306114,8.19655440306114,8.19655440306114,8.19655440306114,3.59098528961859,3.59098528961859,6.37605052672384,6.37605052672384,8.19655440306114,8.19655440306114,5.24588070874919,5.24588070874919,8.19655440306114,8.19655440306114,5.24588070874919,5.24588070874919,5.24588070874919,5.24588070874919,8.19655440306114,8.19655440306114,8.19655440306114,8.19655440306114,8.19655440306114,8.19655440306114,8.19655440306114
"t7",4.56957264954931,5.27208093903501,6.74925917744201,6.11876546723748,6.74925917744201,1.45031612298862,0,6.0505735465987,8.18856677880751,8.18856677880751,8.18856677880751,8.18856677880751,7.45054499825261,6.45813415213533,6.0406250570879,8.18856677880752,8.18856677880752,7.75848423578374,7.65488068547085,8.18856677880751,8.18856677880751,6.36806290247022,7.27892234747942,3.58299766536497,8.18856677880751,8.18856677880751,8.18856677880751,8.18856677880751,8.18856677880751,6.36806290247022,8.18856677880751,8.18856677880751,8.18856677880751,5.23789308449556,8.18856677880751,8.18856677880751,8.18856677880751,5.23789308449556,8.18856677880751,6.36806290247022,3.18711993678868,8.18856677880751,8.18856677880751,8.18856677880751,4.90970421888934,5.23789308449556,5.23789308449556,4.77022690775696,5.23789308449556,5.23789308449556,8.18856677880751,8.18856677880751,8.18856677880751,6.32020443562787,5.23789308449556,8.18856677880751,8.18856677880751,6.36806290247022,6.36806290247022,5.23789308449556,8.18856677880752,8.18856677880752,8.18856677880751,8.18856677880752,8.18856677880751,8.18856677880751,5.23789308449556,5.23789308449556,6.36806290247022,6.36806290247022,5.23789308449556,5.23789308449556,5.23789308449556,5.23789308449556,8.18856677880751,8.18856677880751,8.18856677880751,8.18856677880751,8.18856677880751,6.74925917744201,6.74925917744201,8.0385522149735,8.18856677880752,5.23789308449556,5.23789308449556,5.23789308449556,5.23789308449556,8.18856677880751,8.18856677880751,8.18856677880752,8.18856677880752,8.18856677880751,8.18856677880751,8.18856677880751,8.18856677880751,3.58299766536497,3.58299766536497,6.36806290247022,6.36806290247022,8.18856677880752,8.18856677880752,5.23789308449556,5.23789308449556,8.18856677880752,8.18856677880752,5.23789308449556,5.23789308449556,5.23789308449556,5.23789308449556,8.18856677880751,8.18856677880751,8.18856677880752,8.18856677880751,8.18856677880751,8.18856677880752,8.18856677880752
"t8",8.09499848395657,2.27726693969218,8.09499848395657,3.12395146789464,8.09499848395657,6.05856117085233,6.0505735465987,0,3.39307422150953,3.39307422150953,3.39307422150953,5.19375277946468,4.45573099890978,3.4633201527925,7.76756063857425,5.48630045058138,5.48630045058138,4.90551720778073,4.66006668612802,5.19375277946468,5.3355997508045,8.09499848395657,1.80152287305338,8.09499848395657,5.3355997508045,5.19375277946468,5.19375277946468,5.19375277946468,5.3355997508045,8.09499848395657,5.19375277946468,5.19375277946468,5.19375277946468,8.09499848395657,5.19375277946468,5.19375277946468,5.3355997508045,8.09499848395657,2.71116730438147,8.09499848395657,7.69912075538028,5.19375277946468,5.3355997508045,5.3355997508045,7.76680961835035,8.09499848395657,8.09499848395657,7.62733230721798,8.09499848395657,8.09499848395657,5.3355997508045,5.19375277946468,5.19375277946468,8.04714001711422,8.09499848395657,5.3355997508045,5.3355997508045,8.09499848395657,8.09499848395657,8.09499848395657,5.3355997508045,5.3355997508045,5.3355997508045,5.3355997508045,4.75280307861416,4.75280307861416,8.09499848395657,8.09499848395657,8.09499848395657,8.09499848395657,8.09499848395657,8.09499848395657,8.09499848395657,8.09499848395657,5.3355997508045,5.3355997508045,2.71116730438147,2.71116730438147,2.71116730438147,8.09499848395657,8.09499848395657,5.04373821563066,5.19375277946468,8.09499848395657,8.09499848395657,8.09499848395657,8.09499848395657,5.19375277946468,5.19375277946468,5.19375277946468,5.19375277946468,5.19375277946468,5.19375277946468,5.19375277946468,5.19375277946468,8.09499848395657,8.09499848395657,8.09499848395657,8.09499848395657,5.3355997508045,5.3355997508045,8.09499848395657,8.09499848395657,5.19375277946468,5.19375277946468,8.09499848395657,8.09499848395657,8.09499848395657,8.09499848395657,2.71116730438147,2.71116730438147,5.3355997508045,5.3355997508045,5.3355997508045,5.3355997508045,5.3355997508045
"t9",10.2329917161654,4.41526017190099,10.2329917161654,5.26194470010346,10.2329917161654,8.19655440306114,8.18856677880751,3.39307422150953,0,4.47982439496892,4.47982439496892,7.3317460116735,6.59372423111859,5.60131338500131,9.90555387078307,7.6242936827902,7.6242936827902,7.04351043998954,6.79805991833683,7.3317460116735,7.47359298301332,10.2329917161654,4.62142302239025,10.2329917161654,7.47359298301332,7.33174601167349,7.3317460116735,7.3317460116735,7.47359298301332,10.2329917161654,7.33174601167349,7.33174601167349,7.3317460116735,10.2329917161654,7.33174601167349,7.33174601167349,7.47359298301332,10.2329917161654,5.53106745371834,10.2329917161654,9.8371139875891,7.3317460116735,7.47359298301332,7.47359298301332,9.90480285055916,10.2329917161654,10.2329917161654,9.76532553942679,10.2329917161654,10.2329917161654,7.47359298301332,7.3317460116735,7.3317460116735,10.185133249323,10.2329917161654,7.47359298301332,7.47359298301332,10.2329917161654,10.2329917161654,10.2329917161654,7.47359298301332,7.47359298301332,7.47359298301332,7.47359298301332,6.89079631082298,6.89079631082298,10.2329917161654,10.2329917161654,10.2329917161654,10.2329917161654,10.2329917161654,10.2329917161654,10.2329917161654,10.2329917161654,7.47359298301332,7.47359298301332,5.53106745371834,5.53106745371834,5.53106745371834,10.2329917161654,10.2329917161654,7.18173144783948,7.3317460116735,10.2329917161654,10.2329917161654,10.2329917161654,10.2329917161654,7.3317460116735,7.3317460116735,7.3317460116735,7.3317460116735,7.3317460116735,7.3317460116735,7.3317460116735,7.3317460116735,10.2329917161654,10.2329917161654,10.2329917161654,10.2329917161654,7.47359298301332,7.47359298301332,10.2329917161654,10.2329917161654,7.3317460116735,7.3317460116735,10.2329917161654,10.2329917161654,10.2329917161654,10.2329917161654,5.53106745371834,5.53106745371834,7.47359298301332,7.47359298301332,7.47359298301332,7.47359298301332,7.47359298301332
"t10",10.2329917161654,4.41526017190099,10.2329917161654,5.26194470010346,10.2329917161654,8.19655440306114,8.18856677880751,3.39307422150953,4.47982439496892,0,4.09891020983111,7.3317460116735,6.59372423111859,5.60131338500131,9.90555387078307,7.6242936827902,7.6242936827902,7.04351043998954,6.79805991833683,7.33174601167349,7.47359298301332,10.2329917161654,4.62142302239025,10.2329917161654,7.47359298301332,7.33174601167349,7.33174601167349,7.33174601167349,7.47359298301332,10.2329917161654,7.33174601167349,7.33174601167349,7.3317460116735,10.2329917161654,7.33174601167349,7.33174601167349,7.47359298301332,10.2329917161654,5.53106745371834,10.2329917161654,9.8371139875891,7.3317460116735,7.47359298301332,7.47359298301332,9.90480285055916,10.2329917161654,10.2329917161654,9.76532553942679,10.2329917161654,10.2329917161654,7.47359298301332,7.3317460116735,7.3317460116735,10.185133249323,10.2329917161654,7.47359298301332,7.47359298301332,10.2329917161654,10.2329917161654,10.2329917161654,7.47359298301332,7.47359298301332,7.47359298301332,7.47359298301332,6.89079631082298,6.89079631082298,10.2329917161654,10.2329917161654,10.2329917161654,10.2329917161654,10.2329917161654,10.2329917161654,10.2329917161654,10.2329917161654,7.47359298301332,7.47359298301332,5.53106745371834,5.53106745371834,5.53106745371834,10.2329917161654,10.2329917161654,7.18173144783948,7.3317460116735,10.2329917161654,10.2329917161654,10.2329917161654,10.2329917161654,7.3317460116735,7.3317460116735,7.3317460116735,7.3317460116735,7.3317460116735,7.3317460116735,7.3317460116735,7.3317460116735,10.2329917161654,10.2329917161654,10.2329917161654,10.2329917161654,7.47359298301332,7.47359298301332,10.2329917161654,10.2329917161654,7.3317460116735,7.3317460116735,10.2329917161654,10.2329917161654,10.2329917161654,10.2329917161654,5.53106745371834,5.53106745371834,7.47359298301332,7.47359298301332,7.47359298301332,7.47359298301332,7.47359298301332
"t11",10.2329917161654,4.41526017190099,10.2329917161654,5.26194470010346,10.2329917161654,8.19655440306114,8.18856677880751,3.39307422150953,4.47982439496892,4.09891020983111,0,7.3317460116735,6.59372423111859,5.60131338500131,9.90555387078307,7.6242936827902,7.6242936827902,7.04351043998954,6.79805991833683,7.33174601167349,7.47359298301332,10.2329917161654,4.62142302239025,10.2329917161654,7.47359298301332,7.33174601167349,7.33174601167349,7.33174601167349,7.47359298301332,10.2329917161654,7.33174601167349,7.33174601167349,7.3317460116735,10.2329917161654,7.33174601167349,7.33174601167349,7.47359298301332,10.2329917161654,5.53106745371834,10.2329917161654,9.8371139875891,7.3317460116735,7.47359298301332,7.47359298301332,9.90480285055916,10.2329917161654,10.2329917161654,9.76532553942679,10.2329917161654,10.2329917161654,7.47359298301332,7.3317460116735,7.3317460116735,10.185133249323,10.2329917161654,7.47359298301332,7.47359298301332,10.2329917161654,10.2329917161654,10.2329917161654,7.47359298301332,7.47359298301332,7.47359298301332,7.47359298301332,6.89079631082298,6.89079631082298,10.2329917161654,10.2329917161654,10.2329917161654,10.2329917161654,10.2329917161654,10.2329917161654,10.2329917161654,10.2329917161654,7.47359298301332,7.47359298301332,5.53106745371834,5.53106745371834,5.53106745371834,10.2329917161654,10.2329917161654,7.18173144783948,7.3317460116735,10.2329917161654,10.2329917161654,10.2329917161654,10.2329917161654,7.3317460116735,7.3317460116735,7.3317460116735,7.3317460116735,7.3317460116735,7.3317460116735,7.3317460116735,7.3317460116735,10.2329917161654,10.2329917161654,10.2329917161654,10.2329917161654,7.47359298301332,7.47359298301332,10.2329917161654,10.2329917161654,7.3317460116735,7.3317460116735,10.2329917161654,10.2329917161654,10.2329917161654,10.2329917161654,5.53106745371834,5.53106745371834,7.47359298301332,7.47359298301332,7.47359298301332,7.47359298301332,7.47359298301332
"t12",10.2329917161654,3.86067571695379,10.2329917161654,4.54581159503849,10.2329917161654,8.19655440306114,8.18856677880751,5.19375277946468,7.3317460116735,7.3317460116735,7.3317460116735,0,5.87759112605363,4.88518027993635,9.90555387078307,7.6242936827902,7.6242936827902,7.04351043998954,6.08192681327187,6.61561290660853,7.47359298301332,10.2329917161654,6.4221015803454,10.2329917161654,7.47359298301332,6.61561290660853,6.61561290660853,6.61561290660853,7.47359298301332,10.2329917161654,6.61561290660853,6.61561290660853,4.66271816331527,10.2329917161654,6.61561290660853,6.61561290660853,7.47359298301332,10.2329917161654,7.3317460116735,10.2329917161654,9.8371139875891,6.7771615567263,7.47359298301332,7.47359298301332,9.90480285055916,10.2329917161654,10.2329917161654,9.76532553942679,10.2329917161654,10.2329917161654,7.47359298301332,4.66271816331527,4.66271816331527,10.185133249323,10.2329917161654,7.47359298301332,7.47359298301332,10.2329917161654,10.2329917161654,10.2329917161654,7.47359298301332,7.47359298301332,7.47359298301332,7.47359298301332,7.3317460116735,7.3317460116735,10.2329917161654,10.2329917161654,10.2329917161654,10.2329917161654,10.2329917161654,10.2329917161654,10.2329917161654,10.2329917161654,7.47359298301332,7.47359298301332,7.3317460116735,7.3317460116735,7.3317460116735,10.2329917161654,10.2329917161654,4.51270359948126,4.66271816331527,10.2329917161654,10.2329917161654,10.2329917161654,10.2329917161654,4.66271816331527,4.66271816331527,6.7771615567263,6.7771615567263,3.9746345330693,3.9746345330693,3.9746345330693,3.9746345330693,10.2329917161654,10.2329917161654,10.2329917161654,10.2329917161654,7.47359298301332,7.47359298301332,10.2329917161654,10.2329917161654,3.9746345330693,3.9746345330693,10.2329917161654,10.2329917161654,10.2329917161654,10.2329917161654,7.3317460116735,7.3317460116735,7.47359298301332,7.47359298301332,7.47359298301332,7.47359298301332,7.47359298301332
"t13",9.49496993561048,3.12265393639889,9.49496993561048,3.05795405078273,9.49496993561048,7.45853262250624,7.45054499825261,4.45573099890978,6.59372423111859,6.59372423111859,6.59372423111859,5.87759112605363,0,1.30598204468972,9.16753209022817,6.88627190223529,6.88627190223529,6.30548865943464,2.98881762064364,4.31392714231664,6.73557120245841,9.49496993561048,5.6840797997905,9.49496993561048,6.73557120245841,3.52250371398031,3.52250371398031,3.52250371398031,6.73557120245841,9.49496993561048,3.52250371398031,3.52250371398031,5.87759112605363,9.49496993561048,4.31392714231664,4.31392714231664,6.73557120245841,9.49496993561048,6.59372423111859,9.49496993561048,9.0990922070342,6.03913977617139,6.73557120245841,6.73557120245841,9.16678107000426,9.49496993561048,9.49496993561048,9.02730375887189,9.49496993561048,9.49496993561048,6.73557120245841,5.87759112605363,5.87759112605363,9.44711146876813,9.49496993561048,6.73557120245841,6.73557120245841,9.49496993561048,9.49496993561048,9.49496993561048,6.73557120245841,6.73557120245841,6.73557120245841,6.73557120245841,6.59372423111859,6.59372423111859,9.49496993561048,9.49496993561048,9.49496993561048,9.49496993561048,9.49496993561048,9.49496993561048,9.49496993561048,9.49496993561048,6.73557120245841,6.73557120245841,6.59372423111859,6.59372423111859,6.59372423111859,9.49496993561048,9.49496993561048,5.72757656221961,5.87759112605363,9.49496993561049,9.49496993561049,9.49496993561048,9.49496993561048,5.87759112605363,5.87759112605363,6.03913977617139,6.03913977617139,5.87759112605363,5.87759112605363,5.87759112605363,5.87759112605363,9.49496993561048,9.49496993561048,9.49496993561048,9.49496993561048,6.73557120245841,6.73557120245841,9.49496993561048,9.49496993561048,5.87759112605363,5.87759112605363,9.49496993561048,9.49496993561048,9.49496993561048,9.49496993561048,6.59372423111859,6.59372423111859,6.73557120245841,6.73557120245841,6.73557120245841,6.73557120245841,6.73557120245841
"t14",8.5025590894932,2.13024309028161,8.5025590894932,2.06554320466545,8.5025590894932,6.46612177638896,6.45813415213533,3.4633201527925,5.60131338500131,5.60131338500131,5.60131338500131,4.88518027993635,1.30598204468972,0,8.17512124411089,5.89386105611801,5.89386105611801,5.31307781331736,1.99640677452636,3.32151629619936,5.74316035634114,8.5025590894932,4.69166895367322,8.5025590894932,5.74316035634113,2.53009286786303,2.53009286786303,2.53009286786303,5.74316035634113,8.5025590894932,2.53009286786303,2.53009286786303,4.88518027993635,8.5025590894932,3.32151629619936,3.32151629619936,5.74316035634113,8.5025590894932,5.60131338500131,8.5025590894932,8.10668136091692,5.04672893005412,5.74316035634113,5.74316035634113,8.17437022388698,8.50255908949321,8.50255908949321,8.03489291275461,8.5025590894932,8.5025590894932,5.74316035634114,4.88518027993635,4.88518027993635,8.45470062265085,8.5025590894932,5.74316035634113,5.74316035634113,8.5025590894932,8.5025590894932,8.5025590894932,5.74316035634113,5.74316035634113,5.74316035634113,5.74316035634113,5.60131338500131,5.60131338500131,8.50255908949321,8.50255908949321,8.50255908949321,8.50255908949321,8.5025590894932,8.5025590894932,8.5025590894932,8.5025590894932,5.74316035634113,5.74316035634113,5.60131338500131,5.60131338500131,5.60131338500131,8.5025590894932,8.5025590894932,4.73516571610233,4.88518027993635,8.50255908949321,8.50255908949321,8.5025590894932,8.5025590894932,4.88518027993635,4.88518027993635,5.04672893005412,5.04672893005412,4.88518027993635,4.88518027993635,4.88518027993635,4.88518027993635,8.5025590894932,8.5025590894932,8.50255908949321,8.50255908949321,5.74316035634114,5.74316035634114,8.50255908949321,8.50255908949321,4.88518027993635,4.88518027993635,8.50255908949321,8.50255908949321,8.5025590894932,8.5025590894932,5.60131338500131,5.60131338500131,5.74316035634114,5.74316035634113,5.74316035634113,5.74316035634114,5.74316035634114
"t15",8.08504999444577,6.98906803101056,8.46624626941756,7.83575255921303,8.46624626941756,6.04861268134153,6.0406250570879,7.76756063857425,9.90555387078307,9.90555387078307,9.90555387078307,9.90555387078307,9.16753209022817,8.17512124411089,0,9.90555387078307,9.90555387078307,9.4754713277593,9.3718677774464,9.90555387078307,9.90555387078307,3.40869433960587,8.99590943945498,8.08504999444577,9.90555387078307,9.90555387078307,9.90555387078307,9.90555387078307,9.90555387078307,4.39059745594556,9.90555387078307,9.90555387078307,9.90555387078307,8.08504999444577,9.90555387078307,9.90555387078307,9.90555387078307,8.08504999444577,9.90555387078307,3.40869433960587,7.68917226586948,9.90555387078307,9.90555387078307,9.90555387078307,7.75686112883955,8.08504999444577,8.08504999444577,7.61738381770717,8.08504999444577,8.08504999444577,9.90555387078307,9.90555387078307,9.90555387078307,3.36083587276352,8.08504999444577,9.90555387078307,9.90555387078307,4.39059745594556,4.39059745594556,8.08504999444577,9.90555387078307,9.90555387078307,9.90555387078307,9.90555387078307,9.90555387078307,9.90555387078307,8.08504999444577,8.08504999444577,3.40869433960587,3.40869433960587,8.08504999444577,8.08504999444577,8.08504999444577,8.08504999444577,9.90555387078307,9.90555387078307,9.90555387078307,9.90555387078307,9.90555387078307,8.46624626941756,8.46624626941756,9.75553930694905,9.90555387078307,8.08504999444577,8.08504999444577,8.08504999444577,8.08504999444577,9.90555387078307,9.90555387078307,9.90555387078307,9.90555387078307,9.90555387078307,9.90555387078307,9.90555387078307,9.90555387078307,8.08504999444577,8.08504999444577,4.39059745594556,4.39059745594556,9.90555387078307,9.90555387078307,8.08504999444577,8.08504999444577,9.90555387078307,9.90555387078307,8.08504999444577,8.08504999444577,8.08504999444577,8.08504999444577,9.90555387078307,9.90555387078307,9.90555387078307,9.90555387078307,9.90555387078307,9.90555387078307,9.90555387078307
"t16",10.2329917161654,4.70780784301769,10.2329917161654,5.55449237122016,10.2329917161654,8.19655440306114,8.18856677880752,5.48630045058138,7.6242936827902,7.6242936827902,7.6242936827902,7.6242936827902,6.88627190223529,5.89386105611801,9.90555387078307,0,3.72192517298746,7.19421113976642,7.09060758945353,7.6242936827902,7.6242936827902,10.2329917161654,6.71464925146211,10.2329917161654,7.6242936827902,7.62429368279019,7.6242936827902,7.6242936827902,7.6242936827902,10.2329917161654,7.6242936827902,7.6242936827902,7.6242936827902,10.2329917161654,7.6242936827902,7.6242936827902,7.6242936827902,10.2329917161654,7.6242936827902,10.2329917161654,9.8371139875891,7.6242936827902,7.6242936827902,7.6242936827902,9.90480285055917,10.2329917161654,10.2329917161654,9.76532553942679,10.2329917161654,10.2329917161654,7.6242936827902,7.6242936827902,7.6242936827902,10.185133249323,10.2329917161654,7.6242936827902,7.6242936827902,10.2329917161654,10.2329917161654,10.2329917161654,7.6242936827902,7.6242936827902,7.6242936827902,7.6242936827902,7.6242936827902,7.6242936827902,10.2329917161654,10.2329917161654,10.2329917161654,10.2329917161654,10.2329917161654,10.2329917161654,10.2329917161654,10.2329917161654,7.6242936827902,7.6242936827902,7.6242936827902,7.62429368279019,7.62429368279019,10.2329917161654,10.2329917161654,7.47427911895618,7.6242936827902,10.2329917161654,10.2329917161654,10.2329917161654,10.2329917161654,7.6242936827902,7.6242936827902,7.6242936827902,7.6242936827902,7.6242936827902,7.6242936827902,7.6242936827902,7.6242936827902,10.2329917161654,10.2329917161654,10.2329917161654,10.2329917161654,7.6242936827902,7.6242936827902,10.2329917161654,10.2329917161654,7.6242936827902,7.6242936827902,10.2329917161654,10.2329917161654,10.2329917161654,10.2329917161654,7.6242936827902,7.6242936827902,7.6242936827902,7.6242936827902,7.6242936827902,7.6242936827902,7.6242936827902
"t17",10.2329917161654,4.70780784301769,10.2329917161654,5.55449237122016,10.2329917161654,8.19655440306114,8.18856677880752,5.48630045058138,7.6242936827902,7.6242936827902,7.6242936827902,7.6242936827902,6.88627190223529,5.89386105611801,9.90555387078307,3.72192517298746,0,7.19421113976642,7.09060758945353,7.6242936827902,7.6242936827902,10.2329917161654,6.71464925146211,10.2329917161654,7.6242936827902,7.62429368279019,7.6242936827902,7.6242936827902,7.6242936827902,10.2329917161654,7.6242936827902,7.6242936827902,7.6242936827902,10.2329917161654,7.6242936827902,7.6242936827902,7.6242936827902,10.2329917161654,7.6242936827902,10.2329917161654,9.8371139875891,7.6242936827902,7.6242936827902,7.6242936827902,9.90480285055917,10.2329917161654,10.2329917161654,9.76532553942679,10.2329917161654,10.2329917161654,7.6242936827902,7.6242936827902,7.6242936827902,10.185133249323,10.2329917161654,7.6242936827902,7.6242936827902,10.2329917161654,10.2329917161654,10.2329917161654,7.6242936827902,7.6242936827902,7.6242936827902,7.6242936827902,7.6242936827902,7.6242936827902,10.2329917161654,10.2329917161654,10.2329917161654,10.2329917161654,10.2329917161654,10.2329917161654,10.2329917161654,10.2329917161654,7.6242936827902,7.6242936827902,7.6242936827902,7.62429368279019,7.62429368279019,10.2329917161654,10.2329917161654,7.47427911895618,7.6242936827902,10.2329917161654,10.2329917161654,10.2329917161654,10.2329917161654,7.6242936827902,7.6242936827902,7.6242936827902,7.6242936827902,7.6242936827902,7.6242936827902,7.6242936827902,7.6242936827902,10.2329917161654,10.2329917161654,10.2329917161654,10.2329917161654,7.6242936827902,7.6242936827902,10.2329917161654,10.2329917161654,7.6242936827902,7.6242936827902,10.2329917161654,10.2329917161654,10.2329917161654,10.2329917161654,7.6242936827902,7.6242936827902,7.6242936827902,7.6242936827902,7.6242936827902,7.6242936827902,7.6242936827902
"t18",9.80290917314161,4.12702460021704,9.80290917314161,4.97370912841951,9.80290917314161,7.76647186003737,7.75848423578374,4.90551720778073,7.04351043998954,7.04351043998954,7.04351043998954,7.04351043998954,6.30548865943464,5.31307781331736,9.4754713277593,7.19421113976642,7.19421113976642,0,6.50982434665288,7.04351043998954,3.54187491659908,9.80290917314161,6.13386600866145,9.80290917314161,3.54187491659908,7.04351043998954,7.04351043998954,7.04351043998954,3.2385518235715,9.80290917314161,7.04351043998954,7.04351043998954,7.04351043998954,9.80290917314161,7.04351043998954,7.04351043998954,6.51001058125298,9.80290917314161,7.04351043998954,9.80290917314161,9.40703144456533,7.04351043998954,3.2385518235715,3.2385518235715,9.47472030753539,9.80290917314161,9.80290917314161,9.33524299640302,9.80290917314161,9.80290917314161,6.51001058125298,7.04351043998954,7.04351043998954,9.75505070629926,9.80290917314161,6.51001058125298,6.51001058125298,9.80290917314161,9.80290917314161,9.80290917314161,3.23855182357151,3.23855182357151,6.51001058125298,3.23855182357151,7.04351043998954,7.04351043998954,9.80290917314161,9.80290917314161,9.80290917314161,9.80290917314161,9.80290917314161,9.80290917314161,9.80290917314161,9.80290917314161,3.54187491659908,3.54187491659908,7.04351043998954,7.04351043998954,7.04351043998954,9.80290917314161,9.80290917314161,6.89349587615552,7.04351043998954,9.80290917314162,9.80290917314162,9.80290917314161,9.80290917314161,7.04351043998954,7.04351043998954,7.04351043998954,7.04351043998954,7.04351043998954,7.04351043998954,7.04351043998954,7.04351043998954,9.80290917314161,9.80290917314161,9.80290917314161,9.80290917314161,3.23855182357151,3.23855182357151,9.80290917314161,9.80290917314161,7.04351043998954,7.04351043998954,9.80290917314161,9.80290917314161,9.80290917314161,9.80290917314161,7.04351043998954,7.04351043998954,3.23855182357151,6.51001058125298,6.51001058125298,3.23855182357151,3.23855182357151
"t19",9.69930562282872,3.32698962361713,9.69930562282872,3.26228973800096,9.69930562282872,7.66286830972447,7.65488068547085,4.66006668612802,6.79805991833683,6.79805991833683,6.79805991833683,6.08192681327187,2.98881762064364,1.99640677452636,9.3718677774464,7.09060758945353,7.09060758945353,6.50982434665288,0,4.51826282953487,6.93990688967665,9.69930562282872,5.88841548700874,9.69930562282872,6.93990688967665,3.04415112744949,2.84785028154243,2.84785028154243,6.93990688967665,9.69930562282872,3.0441511274495,3.0441511274495,6.08192681327187,9.69930562282872,4.51826282953487,4.51826282953487,6.93990688967665,9.69930562282872,6.79805991833683,9.69930562282872,9.30342789425243,6.24347546338963,6.93990688967665,6.93990688967665,9.3711167572225,9.69930562282872,9.69930562282872,9.23163944609012,9.69930562282872,9.69930562282872,6.93990688967665,6.08192681327187,6.08192681327187,9.65144715598637,9.69930562282872,6.93990688967665,6.93990688967665,9.69930562282872,9.69930562282872,9.69930562282872,6.93990688967665,6.93990688967665,6.93990688967665,6.93990688967665,6.79805991833683,6.79805991833683,9.69930562282872,9.69930562282872,9.69930562282872,9.69930562282872,9.69930562282872,9.69930562282872,9.69930562282872,9.69930562282872,6.93990688967665,6.93990688967665,6.79805991833683,6.79805991833683,6.79805991833683,9.69930562282872,9.69930562282872,5.93191224943785,6.08192681327187,9.69930562282872,9.69930562282872,9.69930562282872,9.69930562282872,6.08192681327187,6.08192681327187,6.24347546338963,6.24347546338963,6.08192681327187,6.08192681327187,6.08192681327187,6.08192681327187,9.69930562282872,9.69930562282872,9.69930562282872,9.69930562282872,6.93990688967665,6.93990688967665,9.69930562282872,9.69930562282872,6.08192681327187,6.08192681327187,9.69930562282872,9.69930562282872,9.69930562282872,9.69930562282872,6.79805991833683,6.79805991833683,6.93990688967665,6.93990688967665,6.93990688967665,6.93990688967665,6.93990688967665
"t20",10.2329917161654,3.86067571695379,10.2329917161654,3.79597583133763,10.2329917161654,8.19655440306114,8.18856677880751,5.19375277946468,7.3317460116735,7.33174601167349,7.33174601167349,6.61561290660853,4.31392714231664,3.32151629619936,9.90555387078307,7.6242936827902,7.6242936827902,7.04351043998954,4.51826282953487,0,7.47359298301332,10.2329917161654,6.4221015803454,10.2329917161654,7.47359298301332,5.05194892287154,5.05194892287154,5.05194892287154,7.47359298301332,10.2329917161654,5.05194892287154,5.05194892287154,6.61561290660853,10.2329917161654,3.30663675414135,3.30663675414135,7.47359298301332,10.2329917161654,7.33174601167349,10.2329917161654,9.8371139875891,6.7771615567263,7.47359298301332,7.47359298301332,9.90480285055916,10.2329917161654,10.2329917161654,9.76532553942679,10.2329917161654,10.2329917161654,7.47359298301332,6.61561290660853,6.61561290660853,10.185133249323,10.2329917161654,7.47359298301332,7.47359298301332,10.2329917161654,10.2329917161654,10.2329917161654,7.47359298301332,7.47359298301332,7.47359298301332,7.47359298301332,7.3317460116735,7.3317460116735,10.2329917161654,10.2329917161654,10.2329917161654,10.2329917161654,10.2329917161654,10.2329917161654,10.2329917161654,10.2329917161654,7.47359298301332,7.47359298301332,7.33174601167349,7.33174601167349,7.33174601167349,10.2329917161654,10.2329917161654,6.46559834277451,6.61561290660853,10.2329917161654,10.2329917161654,10.2329917161654,10.2329917161654,6.61561290660853,6.61561290660853,6.7771615567263,6.7771615567263,6.61561290660853,6.61561290660853,6.61561290660853,6.61561290660853,10.2329917161654,10.2329917161654,10.2329917161654,10.2329917161654,7.47359298301332,7.47359298301332,10.2329917161654,10.2329917161654,6.61561290660853,6.61561290660853,10.2329917161654,10.2329917161654,10.2329917161654,10.2329917161654,7.33174601167349,7.33174601167349,7.47359298301332,7.47359298301332,7.47359298301332,7.47359298301332,7.47359298301332
