"","V_1","V_2","V_3","V_4","V_5","V_6","V_7","V_8","V_9","V_10","V_11","V_12","V_13","V_14","V_15","V_16","V_17","V_18","V_19","V_20","V_21","V_22","V_23","V_24","V_25","V_26","V_27","V_28","V_29","V_30","V_31","V_32","V_33","V_34","V_35","V_36","V_37","V_38","V_39","V_40","V_41","V_42","V_43","V_44","V_45","V_46","V_47","V_48","V_49","V_50","V_51","V_52","V_53","V_54","V_55","V_56","V_57","V_58","V_59","V_60","V_61","V_62","V_63","V_64","V_65","V_66","V_67","V_68","V_69","V_70","V_71","V_72","V_73","V_74","V_75","V_76","V_77","V_78","V_79","V_80","V_81","V_82","V_83","V_84","V_85","V_86","V_87","V_88","V_89","V_90","V_91","V_92","V_93","V_94","V_95","V_96","V_97","V_98","V_99","V_100","V_101","V_102","V_103","V_104","V_105","V_106","V_107","V_108","V_109","V_110","V_111","V_112","V_113","V_114","V_115","V_116","V_117","V_118","V_119","V_120","V_121","V_122","V_123","V_124","V_125","V_126","V_127","V_128","V_129","V_130","V_131","V_132","V_133","V_134","V_135","V_136","V_137","V_138","V_139","V_140","V_141","V_142","V_143","V_144","V_145","V_146","V_147","V_148","V_149","V_150","V_151","V_152","V_153","V_154","V_155","V_156","V_157","V_158","V_159","V_160","V_161","V_162","V_163","V_164","V_165","V_166","V_167","V_168","V_169","V_170","V_171","V_172","V_173","V_174","V_175","V_176","V_177","V_178","V_179"
"t1",-0.0219547874422037,-0.019849572846244,0.00611986535997877,0.0289102854948567,-0.00288895526997355,0.0321906250509935,-0.0104934084504182,0.00704375378266049,-0.00399549942296783,0.040687874958283,-0.131903761664888,0.000733478349922256,-3.08083364949183e-05,0.0276951038586148,-0.10285908129563,0.00441342894374221,-0.0180413451278005,7.73698979059561e-05,-0.0101736400891132,0.132437305947475,-0.000519598229370261,0.000409076977115586,-0.00140528772177194,0.00610477465506391,-0.358215044117428,0.15945605566005,-0.0160989036203934,0.0200878451969841,-0.000871757184190261,-0.00888813177308341,-0.00338596024805575,0.000355995327588648,0.0160472808762899,0.0215320607011736,-0.245061007884349,0.00108604835327825,-0.0031972940722129,0.00921566073026241,-0.00149604992204595,0.129111028507323,-0.0792435696252998,0.0175147413882679,-0.0494771942131622,0.00014537603639482,-1.96058770520767e-06,0.415108977348443,-2.906044736967e-11,-0.00151343256237018,0.00395075529595059,-0.256391705433202,0.146866976668243,-0.0014110043317217,0.0385238263328859,-0.109964005690944,0.00528379373218855,-0.078010526317825,0.000585037470257307,-0.00257833921389802,-4.82792080495442e-06,0.00545518992390617,0.0501458977125387,-0.0141039491878382,-0.00446746715869179,0.000731866816376603,-0.00155361266843622,-2.58880724102755e-05,0.000165640040161826,-4.54236324076491e-05,-3.40326385421287e-05,-5.82630107710559e-05,-0.00430246001970741,0.000675255329748966,2.88229294340588e-05,7.49419356363488e-06,9.80387958938715e-05,4.46226662562473e-07,-1.64774942287715e-06,-0.000495043386363297,-1.22423386343929e-06,-1.32988897110155e-13,-7.81824073442137e-05,-0.000570004568647967,0.0266495935523059,0.000136121776940556,0.0050648430936681,2.9751564488956e-17,-0.00436914361434057,-0.000125221978637655,-1.16279003987586e-05,0.000493207084402606,0.0074754065007643,2.58141280294376e-05,-0.126640575250487,0.00286023465030398,0.0197959425013523,0.00577107924880852,-0.63328108990769,-0.0353560466575941,-0.00157621984325194,0.0151081221384512,7.68554718912352e-06,8.46883234813797e-05,0.000703628183710876,6.43751209024274e-05,8.64547243356362e-05,-0.00154023030996545,-8.33280387945124e-17,-2.98578419089138e-16,-1.52093454271887e-06,-3.41597639026378e-05,-9.27479974566163e-06,0.000143460053726465,7.2842993697973e-06,9.09297493411578e-08,4.82780831745194e-16,3.80779982385213e-16,2.47336462615254e-05,9.08141929006445e-07,-3.22252371893822e-06,-2.36532727005862e-06,-1.33490972617944e-16,-9.19735308968839e-05,0.000147955442765116,4.42277956973376e-08,1.29976279135231e-07,6.27444971215266e-09,3.04816566118795e-07,1.06080759028067e-06,0.00482001220693226,-9.60022876930188e-08,-1.8676274929938e-06,-4.20780781782355e-06,-2.33741925717281e-06,-0.000415553431803337,5.67421476580986e-14,0.00251724710536457,-2.62184273047485e-16,-2.00480007194734e-07,-5.33235554797196e-17,-4.25510814458981e-07,-2.00392025850087e-07,-4.50328159215041e-16,-2.1414018051548e-16,-6.23465961714187e-06,-7.74281605906167e-06,2.57247807365872e-06,0.000501813946520496,-3.32440863289432e-17,-1.9659695384113e-07,-1.24031388703901e-05,4.13051990630647e-06,4.05777370177831e-17,-0.0017645945060036,-2.03544065771055e-08,-1.47356303763523e-05,2.70406746351489e-06,3.71825002024457e-07,-5.09516767624114e-18,1.34285743234691e-16,4.70379384698309e-17,4.73980254220531e-17,1.60513451264268e-07,-2.10614654846013e-06,1.88876326129517e-06,3.16563783028882e-16,-4.67726888833993e-06,-3.20801322085154e-07,1.75109326102049e-06,-2.37830784892348e-17,-1.46730396649946e-16,-9.39758426412857e-07,3.94200626033211e-08,4.3301222555401e-17,-1.62934133888081e-05,3.34445635647148e-17,9.63650303730112e-18,-4.85750308536198e-17,-3.704663579774e-17,-1.23689768465353e-17
"t6",-0.0330876884896667,0.00297703768150949,0.0183650501297264,0.0996283407942086,-0.00013830704660452,0.014382876898175,-0.00303521386462242,0.00243360463360886,-0.00231467274874801,0.0157191527705416,-0.0478774004167962,-0.00777250435325946,-0.00025190731543525,0.0235482618052424,-0.056580420310899,-0.000530185133164068,-0.0106069375556975,0.00024354684410692,-0.0100519219722367,0.163210602726181,-0.00340214368923152,-0.00020364437873239,-9.78205933108887e-05,0.00077135485230607,-0.0535287740899953,0.0196185292639988,-0.00056956313501107,-0.000212299997792074,0.00123962236904519,0.00427180412070263,0.00192574134731177,-0.00010436340348609,0.00426451726259403,0.0093168452619347,-0.0667363572530907,4.67335129820395e-05,0.000982259307451144,-0.010375761501563,-0.00858156652866172,0.0530206452402261,0.0715925921797562,-0.0251657358584477,0.0915757238028253,-0.000297090736141587,-0.000221630753143493,-0.0191952336372493,2.88178813814786e-12,-0.000184797221659179,-0.000898815182843688,0.0260962267808052,-0.0236138831600384,-0.000730109324507925,-0.0234183425512694,0.111566216372529,-0.00158641552436585,0.238781005670688,0.000114135206516439,-0.000366894232987158,-5.65923981131548e-06,0.00488513078289186,0.0377154412657685,-0.00853993472659443,0.00669218196026041,0.000147195967661105,0.00280023757625724,-1.00138137760498e-07,-0.00043885572258377,1.91469740757603e-05,0.00011425610238349,3.70819934031012e-05,0.0151293212502935,-0.000351608224636954,-0.000103985382234545,-5.93322787863424e-06,-8.65994117842267e-05,-1.34820603148986e-07,8.8945923810262e-06,0.00276704858266042,1.998098876105e-06,8.20113022532846e-13,9.78530770016387e-05,0.00397180170510533,-0.310904337960021,0.000187045089334882,0.00507077088008173,1.05922867587901e-15,0.0503299681123313,2.51687740675722e-05,8.26965677653119e-06,-0.000731113230929475,-0.0122340500774766,-0.000155133160553834,0.774046413457321,0.00395361418049137,0.0138642560486602,-0.00026278393289186,-0.119988532421129,-0.00455414273427281,0.000126652787491782,-0.00904989164837538,-9.68392772918822e-06,-0.000180486373383228,0.020150462996291,-0.00326707963260795,-0.00434896491614685,0.00780985676119096,-9.32167220287041e-16,4.86963429041335e-17,1.49933745840103e-05,0.000106901823799837,0.000152703363852331,-0.00265434663062404,0.00206826796222271,-6.49645440908107e-06,4.50369184907547e-15,1.57818797005323e-15,0.000300370886127357,3.87175895068755e-05,-2.33362019557735e-05,-1.23785127783216e-05,-3.56019417192688e-16,-0.00118678945083075,0.000120742336079802,5.64946112314311e-08,-1.18825736736411e-07,-3.84242856593561e-08,-2.1105666471274e-06,-2.34629817564292e-05,-0.370740559101839,-1.8864560228657e-05,-5.17315399362686e-05,-0.00091117516889159,-2.03154316329171e-05,-0.000938966612742996,1.08015923659603e-13,0.00482903183437151,-4.20363520902306e-16,-9.40913336596228e-07,3.63103248901154e-17,-1.6386339510967e-06,-2.34481721270827e-07,-4.03364638674777e-16,-4.06186264883037e-17,-8.41926412756554e-05,-2.52124021780675e-05,7.43281270986933e-06,0.000505474905123825,1.52670241823718e-17,-5.35257812062641e-07,-1.12973293160886e-05,3.61555305835319e-06,5.64000558312205e-17,-0.00151527797328708,-4.83876948388449e-08,-0.000130978917846507,6.2693263236812e-06,3.19724704065642e-06,-1.35539425675058e-16,2.97094312068428e-16,1.16932235392562e-16,-1.41530370533986e-16,-3.89273089310153e-05,-4.29924713326499e-06,3.70925467676963e-06,2.72118282321879e-17,-3.14535429768272e-05,-6.05337153786036e-07,3.27274497693303e-06,9.73477585445332e-18,-2.45784817811596e-16,-1.74244231884289e-06,7.25307591258821e-08,1.53412356201503e-16,-9.92743687952334e-05,-1.83135740321678e-17,-1.1063722939704e-15,1.32096448916216e-16,1.36864259080821e-16,7.14118059115663e-17
"t15",-0.0379825391774221,0.00366262650101967,0.031602887995597,0.175351397898373,0.00250221593874703,-0.0192843513075921,0.00142450622056195,-0.000471881287452576,8.82221613038674e-05,0.00316974641829837,-0.0123316481088699,-0.0143267086120483,-6.67585324379786e-05,0.0102152285816871,-0.0295883336729771,-0.000323337180111519,-0.00687879847776128,0.000161745809332206,-0.0121422759862708,0.218072364738067,-0.00551143438964986,-0.000600713297010605,0.000552190509329152,-0.00165060218427065,0.0777322093493624,-0.0132814527862465,0.000196732428325564,5.81329298005567e-05,0.00218058762895292,-0.000344316175139737,-0.000138064709321469,4.63017053051892e-06,7.43922482008413e-07,0.000134934380053965,-0.00267105918550931,5.27133339827269e-06,0.00011605306200035,-0.00165331770087819,-0.00866237473226406,0.00824520534406332,0.0153968150163923,-0.00551860291185826,0.0202553982178736,-6.59111826922467e-05,-5.34901774658411e-05,-0.00511352637977572,7.81454975313367e-13,-5.79737487811182e-05,-0.0002868347912964,0.00860474812778152,-0.00828152997463134,-0.000263171994865414,-0.0112014850330132,0.0616583499575278,-0.000909872744470327,0.167418298361068,0.000108714832747925,-0.000632556292006997,-1.06983520674738e-05,0.0147112687170382,0.195107536947824,-0.0516641128148788,-0.00336786871872023,-6.21268964459325e-05,-0.000746966400210184,1.78191650738393e-08,-1.05192457726528e-05,1.75936335926686e-06,1.4758121938559e-05,5.26746504967068e-06,0.00223047296806279,-5.31637769307772e-05,-1.63104240486283e-05,-1.16929009614741e-06,-1.87652292960624e-05,-3.49609058082659e-08,2.84425540801991e-06,0.000928526995697309,6.9824563431179e-07,3.13041637135211e-13,5.01936286041321e-05,0.00237463817023715,-0.197479167500343,0.00022578009512672,0.00712458078835086,5.76515371662007e-16,0.0295764203021358,-1.28761288134059e-05,-3.68987168488588e-06,-0.000138859799224878,-0.00239120255076093,-3.08134446120104e-05,0.177482557429343,0.00119132320765681,0.00430075211040308,-8.36434886075307e-05,-0.0382818295002585,-0.00145844903237964,4.11191792168711e-05,-0.00305475415350015,-3.4661755493313e-06,-7.02623856765338e-05,-0.00625741791399062,-0.00134293234676705,-0.00179844113733242,0.00365343101703049,-1.24463278107744e-16,3.08816351087025e-16,8.30419185152861e-06,6.07672366765058e-05,9.20384953840497e-05,-0.00162439558083908,-0.00129314589299516,-4.38785294016366e-06,1.64568018279325e-15,-2.48264673130242e-15,0.000276035257818399,4.13260266775158e-05,-2.68372732419863e-05,-1.79779980317949e-05,4.53520700493605e-16,-0.00326314421392681,0.000390199766803577,4.23280441476384e-07,1.7189790215133e-06,1.50262501719196e-07,7.8247267123903e-06,8.58981865856218e-05,0.870949124040258,4.10158354921118e-05,9.74994490159211e-05,0.00155643801781019,2.50054260928067e-05,0.000969868811114318,-9.15982760358462e-14,-0.00415733944078292,6.4068805101673e-16,6.01608803827168e-07,-3.09625768646148e-16,7.52739284104041e-07,8.33811985252348e-08,-3.8417625776672e-15,1.36286485406805e-16,2.72751891526805e-05,8.15912652665867e-06,-1.7793366291427e-06,-0.000116833896498338,1.62729814832444e-17,1.07442728371993e-07,1.78381923302228e-06,-4.74149751311395e-07,-1.18807625388187e-16,0.000179809721470224,5.61121526574469e-09,1.49442163115324e-05,-6.7553494067543e-07,-3.32091433891887e-07,4.89707900891646e-16,-2.6652834696589e-16,-8.11803708754485e-17,1.86907543437436e-16,-0.00100309968570693,2.05132926347955e-07,-1.14015305349454e-07,6.43035707277412e-16,6.1656104858721e-07,8.40285792115745e-09,-3.25236088375777e-08,1.60142393325021e-16,-2.70711255016294e-17,1.16451627362361e-08,-2.58796451058924e-10,3.41508241428548e-17,-9.67125577343424e-07,3.04548986298699e-17,-2.44277424103331e-16,2.0025162752533e-16,5.67727865839367e-17,-4.94890233676859e-17
"t20",-0.0392908421827556,0.00384693825449611,0.0352365850583801,0.196158997176283,0.00325812046025493,-0.0292037922612334,0.0027813497482822,-0.00138169065697586,0.000863718161030667,-0.00131375298097779,0.000925313404073938,-0.0144702290900911,4.97683843929232e-06,0.00385897845986972,-0.0140427399689858,-0.000172435684428648,-0.0038005908430723,9.04768376137209e-05,-0.00806561992655822,0.146970376843513,-0.003797260181013,-0.000430892760032383,0.000419522481121891,-0.00128625746687585,0.061606064342732,-0.0110417575211315,0.000173213503223186,5.2344560103992e-05,-0.0046161446694289,-0.000347342674726983,-0.000141295799016016,5.05122113818426e-06,-2.40582458766857e-05,8.1403471692474e-05,-0.00236098435262311,5.6795220497574e-06,0.000126543862827016,-0.00214870575515597,-0.0324959099780175,0.00831646309233668,0.0195162802709299,-0.00706032790486524,0.0260215094022692,-8.47972219751513e-05,-7.17511480318165e-05,-0.00722703725219559,1.11563237350555e-12,-8.99754391134727e-05,-0.000449715820284738,0.0137574015903953,-0.0137417147254799,-0.000443974263452335,-0.0222746082986356,0.132143795006289,-0.00198528821457639,0.398766780044968,0.00028757760998796,-0.00190309680019222,-3.26306503358699e-05,0.047273161356524,0.649985611340397,-0.173359979136564,-0.0181699040599691,-0.000359219107992413,-0.00538589369197988,1.63865666312667e-07,0.000458561108301856,-1.70498591703942e-05,-9.4199174357362e-05,-2.98708044467155e-05,-0.0120774006525175,0.000278972173713437,8.1785083488075e-05,4.45215071523375e-06,6.41832821372665e-05,9.95911947754353e-08,-6.82709871120237e-06,-0.00215677900489755,-1.58042081361144e-06,-6.71565333001889e-13,-9.39420729057179e-05,-0.00417423792992961,0.338594665194149,-0.000261134643847184,-0.00689351771369633,-1.98468473245408e-14,-0.310780765240097,2.45203994442478e-05,6.94535982420246e-06,0.000158356938486417,0.00269611635604023,3.45116457344545e-05,-0.185490056079327,-0.00104059809317525,-0.00367482124420712,7.00667759405184e-05,0.0320097477571404,0.00121594568069881,-3.39183868054841e-05,0.00244384923522356,2.64677458061898e-06,5.01956595709955e-05,0.00405072293806047,0.000831690578782302,0.00111371699265518,-0.00222480089892467,-1.63623380159386e-16,2.45269691222496e-16,-4.54717175955112e-06,-3.27253700006239e-05,-4.78019771420862e-05,0.00083607894916096,0.00332517731336764,2.13050546360074e-06,-1.0302225872095e-15,-7.83565903935133e-17,-0.000115706064846547,-1.63647739983097e-05,1.03622986381909e-05,6.48802116377178e-06,-2.80271811071776e-16,0.00104483181879559,-0.000122496867954509,-1.24709476474768e-07,-4.7126879159173e-07,-3.85922673153202e-08,-1.99989462141482e-06,-2.19284166618909e-05,-0.210960707026658,-9.81919361293437e-06,-2.27869912134943e-05,-0.0003570716725477,-5.31705813592596e-06,-0.000195917254934451,1.69915312576251e-14,0.000788624356676144,-1.24090847808605e-16,-1.00408473049537e-07,1.13966363407066e-16,-1.0400515014478e-07,-9.52489035964141e-09,3.01470350498614e-15,6.10709628996499e-17,-2.87297884537712e-06,-8.58590452230793e-07,1.36030425855984e-07,8.54635401677508e-06,2.11875916493262e-16,-6.45593985677113e-09,-6.94159919281122e-08,1.12520527512191e-08,8.13514647549219e-17,-2.88713727341087e-06,-8.04752490382494e-11,-1.96439045241172e-07,6.08423001577578e-09,2.13099473474129e-09,-1.45410138013357e-17,-9.76053937301011e-17,6.59402063186933e-18,1.71524590355328e-16,-0.000715554617402329,7.45439233773248e-09,-5.87309942501116e-09,-9.79452830312674e-16,3.82939101324491e-08,5.69403437835787e-10,-2.3334419712128e-09,8.59570466686274e-17,-8.1055863554782e-16,8.74396493041857e-10,-2.02715742909834e-11,-1.65915861955699e-17,-8.96610614356571e-08,1.45513320295187e-16,8.28237389889525e-16,-1.92603972167784e-16,5.11880447092145e-18,2.89769069747111e-16
"t175",-0.0418831603608095,0.00421495596506655,0.042690140933504,0.238898008575711,0.00489152700446092,-0.0513932084674522,0.00593538426259119,-0.00357206003327612,0.00280387838204248,-0.0145931939137748,0.0453200346497686,0.309785025113724,-0.000360289687117667,-0.00845919595342435,0.0228886117141179,0.000222150104655197,0.004504469642288,-0.000104008689878596,0.00558659064280988,-0.0968291873671527,0.00231316987031491,0.000225931872438988,-0.000175018791377817,0.000482530344692792,-0.0214939120103262,0.00311162846145126,-3.71556980735179e-05,-1.00519194228422e-05,0.000928293603474226,3.36582518251716e-05,1.27880137276706e-05,-3.46553121665088e-07,5.45469868580908e-07,-3.09470312763113e-07,-9.01269800550331e-05,2.00865427778891e-06,5.26937403946097e-05,-0.0066305968952874,-0.562044983244605,-0.0321599213909261,-0.00874899194326357,0.00298865459641672,-0.0107494081359325,3.47360862800547e-05,2.37933670620838e-05,0.00195478188584636,-2.92094051970252e-13,1.86094856954666e-05,9.07884964475724e-05,-0.00265626894952836,0.00245357002564781,7.67369495998287e-05,0.00295093403407859,-0.0158945837920885,0.000233727611236863,-0.0426081305242948,-2.77624168330037e-05,0.000165025259453223,2.80006911234687e-06,-0.00390379712334876,-0.0523382621804982,0.0138908265160555,0.00113067264153887,2.17457725844859e-05,0.000302146575081064,-8.59984730715975e-09,-1.78451712217678e-05,5.47957497160572e-07,2.64885360896806e-06,7.98469175017032e-07,0.000315892484680956,-7.184774392886e-06,-2.05756644127033e-06,-9.41854260437786e-08,-1.24633033982026e-06,-1.61973150580714e-09,9.01631681939158e-08,2.72490244866641e-05,1.92689886292191e-08,7.41926916849191e-15,9.05535535540503e-07,3.88446550906063e-05,-0.0031379416138066,3.48532143088007e-06,0.000116072383666954,-6.86713159273605e-17,-0.00150413950260961,-3.97417301039769e-08,-1.08095724536924e-08,1.00652101735148e-06,1.79397741904941e-05,2.35662485357119e-07,-0.00160228086522468,-1.38993722534721e-05,-5.12227002526554e-05,1.01337084906935e-06,0.00046449466016496,1.77383749064442e-05,-5.04368589566442e-07,3.83171066407027e-05,4.47548405120217e-08,9.36820385101943e-07,9.0108322602796e-05,1.85748993550874e-05,2.48785683164402e-05,-5.07585732384646e-05,6.08147902988378e-17,-4.89498387507769e-17,-1.16124401806851e-07,-8.49529764630425e-07,-1.28482985746617e-06,2.26666219254659e-05,0.000153867824037259,6.07235654055433e-08,9.33422960354824e-16,-2.98918813689364e-16,-3.70813440676135e-06,-5.46078479557246e-07,3.51768752141424e-07,2.30101476535914e-07,2.49779642681621e-17,3.97582394341802e-05,-4.71196795091628e-06,-4.95980872654299e-09,-1.94177074726003e-08,-1.63848366011896e-09,-8.50913046745215e-08,-9.33496836172306e-07,-0.0091861029116234,-4.29662051573637e-07,-1.00697460972143e-06,-1.58973289258832e-05,-2.43721398907765e-07,-9.14802215820375e-06,8.10558980110095e-16,3.76218568915994e-05,3.50057857256315e-16,-4.98476180612968e-09,1.12163932412887e-16,-5.43072739071615e-09,-5.18864006331091e-10,-2.16095883207649e-16,9.89660769420591e-19,-1.58999975687162e-07,-4.75258421137295e-08,7.92749975662248e-09,5.01025162524856e-07,4.75921928043924e-16,-3.87504267295928e-10,-4.330068771749e-09,7.21719483264654e-10,-8.0745041396779e-17,-1.87830256360289e-07,-5.25198019611779e-12,-1.2849114471241e-08,4.01049087981071e-10,1.41151618726459e-10,-5.87982907187705e-16,-1.47507535713083e-15,-1.2306228971864e-16,2.22660690242248e-15,-0.00244146536460639,5.29716777657581e-10,-4.32356443529541e-10,-5.7737237980949e-15,2.87855973744086e-09,4.32724931217566e-11,-1.78739499042614e-10,6.71820445940773e-15,0.707106781186547,6.74075937826797e-11,-1.57237717692736e-12,1.67342246033286e-16,-7.15466443208886e-09,-4.92046194306546e-16,-2.09288196560324e-16,-4.32721571543446e-17,-1.11455268866522e-16,1.70261707754324e-16
"t176",-0.0418831603608095,0.00421495596506649,0.042690140933504,0.238898008575711,0.00489152700446052,-0.0513932084674517,0.00593538426259145,-0.00357206003327613,0.00280387838204273,-0.014593193913775,0.0453200346497694,0.309785025113723,-0.000360289687117462,-0.00845919595342398,0.0228886117141183,0.000222150104655747,0.00450446964228806,-0.000104008689878666,0.00558659064281011,-0.0968291873671525,0.00231316987031483,0.000225931872438971,-0.000175018791377816,0.000482530344692633,-0.0214939120103266,0.00311162846145151,-3.7155698073442e-05,-1.00519194231644e-05,0.000928293603473795,3.36582518250571e-05,1.27880137273623e-05,-3.4655312177527e-07,5.45469868459478e-07,-3.09470312822094e-07,-9.01269800558935e-05,2.00865427811764e-06,5.26937403945243e-05,-0.00663059689528739,-0.562044983244604,-0.0321599213909256,-0.00874899194326335,0.00298865459641661,-0.0107494081359323,3.47360862802123e-05,2.37933670621341e-05,0.00195478188584583,-2.91845910123921e-13,1.86094856953873e-05,9.07884964477801e-05,-0.00265626894952922,0.00245357002564832,7.67369496000945e-05,0.00295093403407887,-0.0158945837920889,0.000233727611236855,-0.0426081305242959,-2.77624168328283e-05,0.000165025259453039,2.80006911236192e-06,-0.00390379712334873,-0.0523382621804993,0.0138908265160558,0.00113067264154042,2.17457725842652e-05,0.000302146575081446,-8.5998473041494e-09,-1.78451712216071e-05,5.47957497058362e-07,2.64885360944433e-06,7.98469174996703e-07,0.000315892484681253,-7.18477439273595e-06,-2.05756644123542e-06,-9.41854263492827e-08,-1.24633034005344e-06,-1.61973141665449e-09,9.01631679482329e-08,2.72490244877705e-05,1.92689892646464e-08,7.5014761931619e-15,9.05535535788925e-07,3.88446550902579e-05,-0.00313794161380561,3.48532143057653e-06,0.000116072383667146,-1.74898947239917e-16,-0.00150413950260862,-3.97417296295774e-08,-1.08095718198017e-08,1.00652101765847e-06,1.7939774190429e-05,2.35662484937453e-07,-0.0016022808652246,-1.38993722533754e-05,-5.12227002525912e-05,1.01337084898196e-06,0.000464494660166848,1.77383749060296e-05,-5.04368588574288e-07,3.83171066410731e-05,4.47548414893334e-08,9.36820385119131e-07,9.01083226013268e-05,1.85748993557053e-05,2.4878568316924e-05,-5.07585732380437e-05,-1.0098251885374e-16,1.25109084319931e-16,-1.16124402103437e-07,-8.49529764507764e-07,-1.28482985668363e-06,2.26666219249859e-05,0.000153867824037324,6.07235652323681e-08,-5.97910484120835e-16,8.30252455141236e-17,-3.70813440707787e-06,-5.46078478563243e-07,3.51768751646832e-07,2.30101476329258e-07,3.03308660925183e-17,3.97582394320853e-05,-4.7119679508578e-06,-4.95980835629107e-09,-1.94177083665952e-08,-1.63848359530752e-09,-8.50913045275859e-08,-9.33496836011157e-07,-0.00918610291162317,-4.29662051250607e-07,-1.00697460937518e-06,-1.58973289306501e-05,-2.43721398710331e-07,-9.14802215808125e-06,8.26956390299799e-16,3.76218568911126e-05,-3.80621262632901e-16,-4.98476146012708e-09,-8.51502255192034e-17,-5.43072727247075e-09,-5.18864202777526e-10,-3.88705305870605e-16,-4.20425290205713e-17,-1.58999975937532e-07,-4.75258420129296e-08,7.9274996627699e-09,5.01025161137687e-07,-3.96764476251078e-16,-3.87503414320039e-10,-4.33006792409941e-09,7.21720084051782e-10,5.00094515081323e-17,-1.87830257431345e-07,-5.25253872774442e-12,-1.28491162013079e-08,4.01049061057811e-10,1.41145981458668e-10,5.80592695624967e-16,1.38638104814031e-15,2.18779426953072e-16,-2.25764751993622e-15,-0.00244146536459789,5.29719817993672e-10,-4.32360594401211e-10,6.58968392615581e-15,2.87856731028683e-09,4.3281450707478e-11,-1.78726470749204e-10,-6.75209926291165e-15,-0.707106781186547,6.74177436461179e-11,-1.57288956856521e-12,-1.32420041103228e-17,-7.15466072636524e-09,5.00147397075659e-16,2.02597379248347e-15,-4.13768891575024e-18,3.04403939633869e-16,-1.75179183824157e-16
"t166",-0.0420993174233023,0.00424576823285277,0.0433230635541231,0.242529756570022,0.00503391328944003,-0.0533596061399343,0.00621973269679924,-0.00377242005305364,0.00298394737636021,-0.0158845837307561,0.049729796887738,0.345413522900174,-0.000402583078106587,-0.00966579396967471,0.026701647565183,0.00026428730067931,0.00540259239753173,-0.000125140906736504,0.00721978302004528,-0.126339863864113,0.00306731725580886,0.000310370253777615,-0.000257145595199832,0.000736196501993459,-0.0337383458664218,0.00538390391834814,-7.52006872453501e-05,-2.19092588800394e-05,0.00271805109433267,0.000128150152814817,5.18661487948644e-05,-1.8275384557552e-06,8.58807368423918e-06,-2.9088889553287e-05,0.000855661929856488,-2.79264586921141e-06,-6.64126557419321e-05,0.00448449064883564,0.342547232659604,0.0171410202241676,0.00123830897484892,-0.0003615526383191,0.00120483209399787,-3.78625118429077e-06,-6.89652542709445e-07,9.88017754297299e-05,-1.83086472619786e-14,2.83368838173762e-06,1.46181497327992e-05,-0.000469737948223109,0.000499861831045417,1.64624914389251e-05,0.000867572617391798,-0.00506594024432949,7.5707331977874e-05,-0.0147448964703828,-1.01887757670896e-05,6.38349195822016e-05,1.08819429020061e-06,-0.00154238830238732,-0.0208936135796664,0.00555619485179221,0.000491919399144718,9.53149852231578e-06,0.000134988599121577,-3.9007330574662e-09,-8.53795487168907e-06,2.68721844518076e-07,1.31737480199488e-06,3.98998613004949e-07,0.00015816106423153,-3.60215253234099e-06,-1.03365163632207e-06,-4.79458107125105e-08,-6.38028658098589e-07,-8.3755617548572e-10,4.70752103701276e-08,1.42530101666914e-05,1.00932622597885e-08,4.09049074479565e-15,4.78688988645628e-07,2.05777104277254e-05,-0.00166343336313736,1.85501622099307e-06,6.18049563195677e-05,1.59360072972572e-15,-0.000802382028145885,-2.13199239344498e-08,-5.80114649174724e-09,5.52355524326251e-07,9.85191104092321e-06,1.29471239589303e-07,-0.00088397789717401,-7.74672003404746e-06,-2.85823040123232e-05,5.66054449862609e-07,0.000259484841918012,9.91086222879023e-06,-2.81959761484567e-07,2.14543242271527e-05,2.51172593790151e-08,5.27432650805756e-07,5.10325097188465e-05,1.05212630991003e-05,1.40919060648935e-05,-2.87718746736818e-05,7.67040358580927e-16,-1.00561332033817e-16,-6.60764178925367e-08,-4.83657430991196e-07,-7.32313818004064e-07,1.29228158911714e-05,8.77879692135038e-05,3.46752236764276e-08,4.02270316029852e-16,7.61761630946893e-16,-2.12417760399542e-06,-3.13079977460524e-07,2.01738424649903e-07,1.32040108511923e-07,1.41986464610521e-16,2.28197755146795e-05,-2.70431833298768e-06,-2.84537350064051e-09,-1.11301136276143e-08,-9.38097907947593e-10,-4.87133761872246e-08,-5.34398565166092e-07,-0.00525244928454247,-2.45599495481252e-07,-5.75222672247984e-07,-9.0762904053735e-06,-1.38799536913022e-07,-5.19948706361169e-06,6.34595898290619e-16,2.13244588674214e-05,-4.18168737117506e-17,-2.80646623494718e-09,-1.22324524566403e-16,-3.01874564095037e-09,-2.8372410830188e-10,1.28194673932855e-15,-6.03033811829304e-16,-8.62416617314286e-08,-2.57754297907937e-08,4.13697712977326e-09,2.59860208312552e-07,1.4893147753889e-16,-1.95094232331687e-10,-2.01593327024695e-09,3.02592088708809e-10,3.26797699205965e-16,-7.21645019114911e-08,-1.96828593578018e-12,-4.72429925850417e-09,1.36374067011558e-10,4.51167462924025e-11,6.42315945990427e-17,-1.46494893176551e-15,2.95965987280718e-16,-1.62197658572291e-14,0.818870592230465,1.89837553833858e-09,-5.65830369441121e-10,-6.21591513124682e-15,3.1140188687344e-09,4.39772253993314e-11,-1.75417969000812e-10,-2.83153408158933e-16,5.10373631608869e-15,6.45350427919473e-11,-1.47634989344172e-12,1.46236681718281e-16,-6.26244299416762e-09,-5.86742007115471e-16,8.88965421570826e-16,9.29759254151348e-17,-1.04045567991894e-16,1.99410477522828e-16
"t167",-0.0421092042774063,0.0042471711996772,0.0433514389683307,0.242692452220727,0.00504011954959779,-0.053443853800722,0.00623170407853939,-0.0037807353612049,0.00299131803754674,-0.0159354267405233,0.0499011155457543,0.346762702564194,-0.000404179330930564,-0.00970982136873455,0.0268367122537958,0.000265740592308772,0.0054332387127188,-0.000125859043160802,0.00727074370762373,-0.127251126557316,0.00309020869921361,0.00031284372515764,-0.000259408697207422,0.00074297304365589,-0.0340583283556816,0.00543939975529986,-7.60510958406685e-05,-2.21651858944485e-05,0.00275272331981525,0.000129862846840776,5.25652761713323e-05,-1.8528731991033e-06,8.71349372354841e-06,-2.95216602091309e-05,0.000868851639200113,-2.84103331872528e-06,-6.75741319977921e-05,0.00456792924908653,0.348986975609631,0.0174675145224836,0.00126438781720058,-0.000369225425865351,0.00123048825634828,-3.86697391565366e-06,-7.04869243942868e-07,0.000101074174179927,-1.88687488721715e-14,2.90347921095722e-06,1.49806873163006e-05,-0.000481541143404152,0.000512725868285602,1.68905264550861e-05,0.00089225534408658,-0.0052151540161398,7.79546857340519e-05,-0.0151984176824207,-1.05141103712796e-05,6.59553946268389e-05,1.12448111350533e-06,-0.00159454799990388,-0.0216067092880079,0.00574616642185699,0.000510315585109073,9.89132095304218e-06,0.000140216682891502,-4.05514834355066e-09,-8.9081325358554e-06,2.80989578504414e-07,1.37952537446131e-06,4.18045716744109e-07,0.000165748720682436,-3.77556532726419e-06,-1.08367293818832e-06,-5.03515823885542e-08,-6.70573533116533e-07,-8.81632327777672e-10,4.96341877954592e-08,1.50327937512093e-05,1.0648277584736e-08,4.24163608507336e-15,5.0593056134968e-07,2.17585793409953e-05,-0.00175915062834965,1.96352894588058e-06,6.54269724594458e-05,-8.66466120760547e-16,-0.000849772817672563,-2.26107948085916e-08,-6.15300611947658e-09,5.90017787173474e-07,1.0526576330988e-05,1.38360111792841e-07,-0.000946315682228582,-8.33493973843337e-06,-3.07734824990576e-05,6.09829499628213e-07,0.000279567912644219,1.06789142420727e-05,-3.03914364252391e-07,2.31479888591606e-05,2.71429030774536e-08,5.71327308620804e-07,5.55789184295179e-05,1.14602400037507e-05,1.53496575111899e-05,-3.13644066264916e-05,-2.64603407860478e-16,-5.99432313244148e-17,-7.23762128901329e-08,-5.30190321350756e-07,-8.04197179201655e-07,1.41977924059928e-05,9.65728887936069e-05,3.82083155753107e-08,-5.04450815477629e-16,-1.40890251720788e-16,-2.36009293459072e-06,-3.49071936455319e-07,2.25293418543112e-07,1.48121160925879e-07,-3.24850420212639e-17,2.58208464157817e-05,-3.06459426756884e-06,-3.24070992615424e-09,-1.27533838016013e-08,-1.08116669062168e-09,-5.61675937739844e-08,-6.16240227872373e-07,-0.00608673271391802,-2.84930381847637e-07,-6.68906947251015e-07,-1.05739696848057e-05,-1.62973483545167e-07,-6.139070817948e-06,6.7026812655162e-16,2.53578019834444e-05,2.45048834774063e-18,-3.38970448879791e-09,7.29738103170255e-17,-3.74147651148443e-09,-3.6222259342653e-10,-6.12533114465161e-18,5.98960804248315e-16,-1.11630511522017e-07,-3.33691599258394e-08,5.69366930490699e-09,3.60987266235903e-07,-9.64443029277862e-17,-2.83193228748403e-10,-3.26579754734925e-09,5.63318467499366e-10,-6.17453785420589e-16,-1.5018923284622e-07,-4.22599157171577e-12,-1.03876464850765e-08,3.30076822484518e-10,1.17675121815078e-10,7.1810045234548e-16,4.60634577816443e-16,5.59259835107346e-17,7.17056100064428e-15,-0.405855531316801,-4.04515852158129e-10,-1.56150542539485e-10,-0.707106781186545,1.36957884235486e-09,2.20555170163936e-11,-9.4350759560781e-11,-4.79198292521938e-16,-8.44344911960701e-15,3.64519616624811e-11,-8.65366513744397e-13,-1.65537773732896e-17,-4.19336128186467e-09,7.28201368284197e-17,-1.71923303728204e-15,2.682442913755e-16,-7.33299360873121e-17,-5.01822704480296e-16
"t168",-0.0421092042774063,0.0042471711996772,0.0433514389683309,0.242692452220727,0.0050401195495976,-0.0534438538007221,0.00623170407853929,-0.00378073536120505,0.00299131803754671,-0.0159354267405233,0.0499011155457542,0.346762702564194,-0.000404179330930616,-0.00970982136873476,0.026836712253796,0.000265740592308546,0.00543323871271877,-0.000125859043160705,0.00727074370762342,-0.127251126557316,0.00309020869921356,0.000312843725157747,-0.000259408697207104,0.000742973043656161,-0.0340583283556816,0.00543939975529989,-7.60510958404074e-05,-2.21651858946671e-05,0.00275272331981502,0.000129862846841106,5.25652761714083e-05,-1.85287319929805e-06,8.71349372348791e-06,-2.95216602092582e-05,0.000868851639199808,-2.84103331920504e-06,-6.7574131997893e-05,0.0045679292490865,0.348986975609632,0.0174675145224833,0.0012643878172006,-0.000369225425864979,0.00123048825634838,-3.86697391618002e-06,-7.048692442415e-07,0.000101074174180112,-1.89953673073304e-14,2.90347921114094e-06,1.49806873163388e-05,-0.00048154114340462,0.000512725868285319,1.68905264549571e-05,0.000892255344086595,-0.00521515401613931,7.79546857342574e-05,-0.0151984176824206,-1.05141103713613e-05,6.59553946265709e-05,1.12448111319897e-06,-0.00159454799990333,-0.0216067092880075,0.00574616642185696,0.000510315585108774,9.89132095348096e-06,0.000140216682891429,-4.05514846982294e-09,-8.9081325355973e-06,2.80989578855939e-07,1.37952537433553e-06,4.18045716747935e-07,0.000165748720682487,-3.77556532887261e-06,-1.0836729379309e-06,-5.03515822653558e-08,-6.70573533462861e-07,-8.81632422017552e-10,4.96341878920706e-08,1.50327937512837e-05,1.06482768278542e-08,4.30073921609433e-15,5.05930561433753e-07,2.17585793403642e-05,-0.00175915062834839,1.96352894561277e-06,6.54269724589037e-05,-8.36975664240709e-16,-0.000849772817672894,-2.26107948529219e-08,-6.15300540315691e-09,5.90017787128398e-07,1.05265763308731e-05,1.38360111767074e-07,-0.000946315682228617,-8.33493973752763e-06,-3.07734824979318e-05,6.09829500571035e-07,0.000279567912645495,1.06789142418802e-05,-3.03914364111553e-07,2.31479888581866e-05,2.71429035090833e-08,5.71327309358672e-07,5.55789184298728e-05,1.14602400032628e-05,1.5349657512467e-05,-3.13644066268263e-05,-6.00299877792558e-16,1.58395698288121e-16,-7.23762123174252e-08,-5.30190321047562e-07,-8.04197178790219e-07,1.41977924064154e-05,9.65728887926651e-05,3.82083141038694e-08,-1.79037575740453e-16,-3.49597155976412e-16,-2.36009293646571e-06,-3.49071936404851e-07,2.25293418522466e-07,1.4812116040854e-07,-1.2587365981782e-16,2.58208464152401e-05,-3.06459426729315e-06,-3.24071052274985e-09,-1.27533829453326e-08,-1.08116647193699e-09,-5.61675937217594e-08,-6.16240228391981e-07,-0.00608673271391912,-2.84930381941326e-07,-6.68906947565251e-07,-1.05739696864137e-05,-1.62973484075893e-07,-6.13907081843657e-06,3.98064925320572e-16,2.53578019834855e-05,-2.44698260637507e-17,-3.38970359730807e-09,-1.10010183861831e-16,-3.74147693317219e-09,-3.62222847088625e-10,-4.92076060088322e-16,-1.00999463170263e-16,-1.11630511515105e-07,-3.33691614326066e-08,5.69366956500402e-09,3.60987265993462e-07,-8.01598424201959e-17,-2.8319392637878e-10,-3.26579832259192e-09,5.63318423455241e-10,2.96504846933263e-16,-1.50189234494696e-07,-4.22634983083636e-12,-1.03876490511251e-08,3.30076959724184e-10,1.17677259968435e-10,-9.80047911615951e-16,1.10548986942759e-15,-2.7632605118633e-16,9.04532911497543e-15,-0.40585553131679,-4.04513192754248e-10,-1.56135199209475e-10,0.707106781186551,1.36959347357191e-09,2.20578529702513e-11,-9.43456639611304e-11,8.1856846155437e-16,4.11264481867038e-15,3.6447887584684e-11,-8.66900447525455e-13,-1.09521120717904e-16,-4.19336241335902e-09,7.18754826502222e-16,1.28699063811769e-15,-3.53037328671695e-16,1.3340507741955e-16,2.27888836601971e-16
"t50",-0.0412605200587132,0.00412597931248744,0.040842733309711,0.228290857479812,0.00446307421626946,-0.0453068906744748,0.00501995917369005,-0.00289844758066612,0.00216427913231949,-0.00848109305133596,0.0199678453163621,-0.21235828189273,0.000488593965850423,-0.0131401783494428,0.0265287727350014,0.000228958495524362,0.00448593317294878,-0.000102345373712582,0.0045725082326763,-0.0777805308207397,0.00180270427050501,0.000165473205973237,-0.000114756129087878,0.000297562496081161,-0.0126449142551146,0.00153260242607944,-1.15741321122225e-05,-1.88346817761587e-06,-0.096757312309521,4.22856366115252e-05,1.46003207302631e-05,-3.28211884269096e-07,6.10024835494619e-07,-1.22316068435629e-06,-4.77366333453966e-06,2.56659358390389e-07,6.08979388449626e-06,-0.000146677862679135,-0.00271345795868722,0.000568608049384856,0.00186078413155575,-0.000685158401948271,0.00254476853596763,-8.31503130115443e-06,-7.56065343697737e-06,-0.000822050035976504,1.2827036231799e-13,-1.1389589045472e-05,-5.7486321472802e-05,0.00179044000088977,-0.00184533443202048,-6.03948684060609e-05,-0.00335473705534588,0.0206044718568187,-0.000311890433572798,0.0647543042316253,4.82696172176878e-05,-0.000330262020599829,-5.6806512526851e-06,0.00832478279512492,0.115317114632258,-0.0308010059026442,-0.00346415552390621,-6.89909895220914e-05,-0.00105532994388877,3.26691048516851e-08,9.87611685902678e-05,-3.86743896726289e-06,-2.22185387731413e-05,-7.15715012774567e-06,-0.00291391108226902,6.76447639609362e-05,1.99842747798052e-05,1.15786881632768e-06,1.72918730557745e-05,2.92644630368546e-08,-2.30798903224654e-06,-0.000757737368262381,-5.74546994986911e-07,-2.69218697957459e-13,-5.09285662695744e-05,-0.00275420347465166,0.242881608730343,-0.00059301451448645,-0.0227220119518439,6.04833240349386e-14,0.808875891852354,-4.85790682299867e-06,-1.21873600652479e-06,1.9916906576079e-05,0.000345494950140563,4.46864162460394e-06,-0.0262283076066408,-0.000168512387777848,-0.000601919385010892,1.15873057452763e-05,0.00529812241555627,0.000201530781934117,-5.64890914019674e-06,0.000412335971430797,4.54437739101932e-07,8.79614836294813e-06,0.000726560085040566,0.000149195592854744,0.000199788936570046,-0.00039913607140348,-6.2152912119093e-16,-1.50416949533236e-15,-7.79797440783177e-07,-5.45503755537944e-06,-6.57784991575034e-06,9.7324307799021e-05,-0.372909397427029,5.63611852999989e-07,2.44163096037504e-15,5.24329956182618e-15,-2.50641570673863e-05,-3.52951083640843e-06,2.23427255018135e-06,1.40142333847262e-06,2.98678308431939e-16,0.000227359622867409,-2.6694399268489e-05,-2.73080863822524e-08,-1.03776216706798e-07,-8.54143590584481e-09,-4.42792628969681e-07,-4.85556910719117e-06,-0.0468999992683715,-2.18488953767285e-06,-5.07948084771685e-06,-7.97044876982978e-05,-1.19336138013453e-06,-4.41281961243064e-05,4.60588144444919e-15,0.000178375754344072,1.93666940910744e-16,-2.28932349602769e-08,1.45038095169809e-16,-2.39628836987327e-08,-2.21450651199226e-09,-7.66941260571612e-16,1.38002111509942e-16,-6.70263184986754e-07,-2.00316308344531e-07,3.21020327709591e-08,2.01957343655534e-06,-2.10862851746152e-16,-1.53380182198379e-09,-1.66395161677529e-08,2.71495664691213e-09,-6.74480841623322e-17,-6.98977849843455e-07,-1.94981895479195e-11,-4.76194127903384e-08,1.47761829352659e-09,5.1813530306351e-10,3.44184898139077e-16,3.97959958307508e-16,1.99681922102424e-16,3.29983754553593e-18,-0.000266342021007845,1.8485672736247e-09,-1.46729488481253e-09,-6.424890742141e-16,9.61754290426885e-09,1.43413246918792e-10,-5.88902111013642e-10,1.0740993517718e-16,7.48955883860545e-16,2.2105197923945e-10,-5.13323679664498e-12,1.03396006736627e-16,-2.28752576052234e-08,-2.06479720357585e-16,1.05668721792757e-15,-9.76819222375237e-17,1.30531802672121e-16,-1.90235273974546e-16
"t188",-0.0418447560311643,0.00420870586547731,0.0425017647293621,0.237798770154816,0.00481830099687719,-0.0500409833992088,0.00567587951925053,-0.00334138498226277,0.00254256836715666,-0.0105175561161264,0.0252342090292035,-0.27842000417041,0.000643686871687491,-0.0181938017764417,0.0384133330409716,0.000345453669449256,0.00688272084382389,-0.000158045314755713,0.00812089959557704,-0.140630268997641,0.00335774398748831,0.000328363853106201,-0.000255356218793987,0.000703956371087832,-0.0312872841793314,0.00438975728745893,-4.1115235196198e-05,-7.35429011314466e-06,-0.531122357986661,0.000302278353685053,0.000110707751100892,-3.12470191100265e-06,1.15620976554771e-05,-3.66836567230848e-05,0.000958817386478877,-1.78780861063543e-06,-3.91722576390317e-05,0.000615771538934298,0.0107397005030591,-0.00209640556612994,-0.00438635007067046,0.0015689711653779,-0.00575347476675397,1.87158479780103e-05,1.50581666553175e-05,0.00142825369897687,-2.18191384878996e-13,1.6137742735255e-05,7.98810767039151e-05,-0.00239953099957387,0.00231877729833905,7.38656181512894e-05,0.00328025900161952,-0.018583001931276,0.000276325016078902,-0.0529749282457127,-3.63928852817202e-05,0.000228949128218137,3.90647905707933e-06,-0.00555974645023314,-0.0755639208728134,0.0201086687064059,0.00188801916879441,3.69098825910993e-05,0.000537031858424685,-1.59344422553477e-08,-4.05047190596661e-05,1.43995494815081e-06,7.7814441906477e-06,2.45228969746387e-06,0.000989274347045536,-2.28176772006823e-05,-6.67622549148544e-06,-3.6172586973371e-07,-5.240262422924e-06,-8.37112775839471e-09,6.21725229873893e-07,0.000201699643679661,1.5150312023498e-07,6.94293820712415e-14,1.25997672680295e-05,0.000670878632991092,-0.058863058035919,0.000139371037414388,0.00532193811219751,-1.39607656458529e-14,-0.186712033596005,1.07031054259584e-06,2.6763606795583e-07,-3.49785315574319e-06,-6.01677030679587e-05,-7.74361554626461e-07,0.00431262643113108,2.38939664792309e-05,8.3693345031742e-05,-1.58252516466997e-06,-0.000722386470264624,-2.74051512105349e-05,7.60680602131442e-07,-5.39614568509893e-05,-5.68635906034963e-08,-1.02919949134658e-06,-7.31098726087118e-05,-1.49526062401945e-05,-2.0019147672368e-05,3.91326187881613e-05,-7.11464845075866e-17,1.42761489396588e-16,6.69121688626911e-08,4.57831958816559e-07,5.25307233244138e-07,-7.67339597751695e-06,0.0283610107049685,-4.0907591330818e-08,-2.95502763621754e-16,-2.07364416547185e-16,1.43126174057396e-06,1.81372032269237e-07,-1.09250509268312e-07,-5.93988935356362e-08,-5.16966080828097e-17,-7.13733866649067e-06,7.91378787451803e-07,6.59743210354344e-10,1.88609586222222e-09,1.10777633219066e-10,5.57478336583401e-09,6.06837462240143e-08,0.000397478470566306,1.65979770819179e-08,2.95325684649837e-08,3.5520719743706e-07,-1.10693647313126e-09,-1.9461784370303e-07,7.32630068975783e-17,1.51855857304052e-06,1.0480142607219e-16,-3.7359500746203e-10,-2.74938895287339e-17,-6.36477118767323e-10,-7.85198102655755e-11,-1.54490684261251e-16,3.51883848681498e-17,-2.60418526343811e-08,-7.79080641072972e-09,1.61217757510523e-09,1.0411730753723e-07,-4.91888147559524e-17,-8.72809819252893e-11,-1.09540490636563e-09,1.9665326018549e-10,1.653315588134e-16,-5.30079118399871e-08,-1.49320145895919e-12,-3.67332852546396e-09,1.16735991772923e-10,4.15421090683307e-11,-1.21229801644198e-16,-5.50249760597256e-17,1.45556045068543e-16,4.16526531417754e-16,-2.61560930688757e-05,1.85472575269986e-10,-1.58263082843867e-10,-1.5756011475211e-15,1.0891223210454e-09,1.6658670229758e-11,-6.96256953570234e-11,2.29216446023209e-16,1.3446019230825e-15,2.65216594507649e-11,-6.24659909504394e-13,-3.18562951582723e-16,-2.9597782716259e-09,8.26531965246624e-16,0.707106781186548,3.2896656352615e-16,-1.21627949453273e-16,9.20576208949334e-17
"t189",-0.0418447560311643,0.00420870586547729,0.0425017647293621,0.237798770154816,0.00481830099687727,-0.0500409833992088,0.00567587951925058,-0.00334138498226286,0.00254256836715682,-0.0105175561161266,0.0252342090292034,-0.278420004170409,0.000643686871687515,-0.0181938017764416,0.0384133330409713,0.000345453669449394,0.00688272084382396,-0.000158045314755734,0.00812089959557707,-0.140630268997641,0.00335774398748823,0.000328363853106227,-0.000255356218793912,0.000703956371087958,-0.0312872841793312,0.00438975728745916,-4.11152351963203e-05,-7.35429011290787e-06,-0.53112235798666,0.000302278353685212,0.000110707751100768,-3.12470191103211e-06,1.15620976556654e-05,-3.66836567230674e-05,0.000958817386478877,-1.78780861095993e-06,-3.91722576390972e-05,0.000615771538934324,0.0107397005030577,-0.00209640556613064,-0.00438635007067131,0.00156897116537811,-0.00575347476675427,1.87158479780245e-05,1.50581666553082e-05,0.0014282536989767,-2.18303819713249e-13,1.61377427352943e-05,7.98810767038082e-05,-0.00239953099957374,0.0023187772983391,7.3865618151473e-05,0.00328025900161932,-0.0185830019312761,0.000276325016079161,-0.0529749282457134,-3.63928852818161e-05,0.000228949128217985,3.90647905683611e-06,-0.00555974645023294,-0.0755639208728123,0.0201086687064057,0.00188801916879462,3.69098825912793e-05,0.00053703185842441,-1.5934442503273e-08,-4.05047190596838e-05,1.43995494821842e-06,7.78144419123259e-06,2.45228969757044e-06,0.000989274347046005,-2.28176772001566e-05,-6.67622549085331e-06,-3.61725869651647e-07,-5.24026242320279e-06,-8.37112769359211e-09,6.21725230290325e-07,0.000201699643678568,1.51503120378511e-07,6.97706856718728e-14,1.25997672684004e-05,0.000670878632991606,-0.0588630580359182,0.000139371037414506,0.00532193811219736,-1.39859410687757e-14,-0.186712033596005,1.07031054287206e-06,2.67636067831811e-07,-3.49785315513257e-06,-6.01677030679718e-05,-7.74361554781895e-07,0.00431262643112927,2.38939664789939e-05,8.36933450320265e-05,-1.58252516404807e-06,-0.000722386470263792,-2.74051512102261e-05,7.6068060182277e-07,-5.39614568513414e-05,-5.68635906234083e-08,-1.02919949112943e-06,-7.31098726072153e-05,-1.49526062393833e-05,-2.00191476731619e-05,3.91326187877056e-05,3.9482837544013e-17,4.84237553788279e-17,6.69121688488422e-08,4.57831958917044e-07,5.25307233717759e-07,-7.67339597727436e-06,0.0283610107049679,-4.09075917947828e-08,-2.92361589144702e-16,-5.5898189377558e-17,1.43126174036449e-06,1.81372032625714e-07,-1.09250509385888e-07,-5.93988934038013e-08,-9.1788817681777e-17,-7.13733866681936e-06,7.91378787289579e-07,6.59743079409837e-10,1.88609634971306e-09,1.10777811222185e-10,5.57478345678129e-09,6.06837462492792e-08,0.000397478470566267,1.65979771129202e-08,2.95325690520963e-08,3.55207198125561e-07,-1.10693646372199e-09,-1.94617844032573e-07,-1.72412079545467e-16,1.51855857355898e-06,-1.6816353315149e-16,-3.73594711697183e-10,5.9826807749211e-17,-6.36477175134613e-10,-7.85198271608255e-11,4.45416053096874e-16,-6.80723494478385e-17,-2.60418524898722e-08,-7.79080631505312e-09,1.61217702707873e-09,1.04117308395539e-07,1.76175826755708e-16,-8.72811418288705e-11,-1.09540545308813e-09,1.96653730815418e-10,-6.24925475983252e-17,-5.30079107580617e-08,-1.49373584178196e-12,-3.67332867730394e-09,1.16735249753427e-10,4.15418104561825e-11,4.23839263993415e-17,1.00917161863669e-16,-1.76617859108774e-16,-5.92024164597277e-16,-2.61560930675914e-05,1.85471914185864e-10,-1.58262642411828e-10,1.36646620679489e-15,1.08912135831072e-09,1.66585855729707e-11,-6.96262153968189e-11,-1.77460050408849e-16,-5.6813828444955e-16,2.65218266985056e-11,-6.24466632386635e-13,3.1445583912971e-16,-2.95977720851570e-09,-7.06689778124961e-16,-0.707106781186548,-2.83083472719382e-16,1.55796361226053e-16,-1.22932132198372e-16
"t89",-0.0416774999647923,0.00418508426555819,0.0420323922783597,0.23511004916362,0.00471959795364365,-0.0487412035264518,0.00549810763166564,-0.00322268258723246,0.00244234732541576,-0.00999709918395075,0.023906668243576,-0.26224068820291,0.000605854402876329,-0.0170147675469755,0.0357654922783526,0.000320727206683054,0.00638492464484156,-0.000146577252303235,0.00755408304432073,-0.13103467923943,0.0031397341426961,0.000310415528408983,-0.000249694776464557,0.000707506990102198,-0.0322539090571899,0.00513754161731436,-7.62247947799985e-05,-2.38388845772257e-05,0.260297988251002,-4.18908753229731e-06,3.37110733252812e-06,-4.25157704272679e-07,2.81107828202162e-06,-9.75746696120668e-06,0.000284380053960698,-5.8998616860525e-07,-1.29253767638166e-05,0.000199021993400935,0.00344881134056256,-0.000666973651479967,-0.00124701802916411,0.00044088183057824,-0.00160809221133939,5.22111177638473e-06,3.95745575397482e-06,0.00034404951533179,-5.14629373426474e-14,3.21525008939645e-06,1.5547675485398e-05,-0.00044575371420541,0.000391685624421045,1.19241503885008e-05,0.000291585832070781,-0.00106932254861894,1.38783581792256e-05,-0.000824485089982264,8.51100041239516e-07,-1.54279032792957e-05,-2.80576612322678e-07,0.000490964326796676,0.00750490068468169,-0.00204065874479966,-0.000413378147765765,-8.57809366921943e-06,-0.000145060551245307,4.83965297574108e-09,1.85790175672107e-05,-8.0481150351905e-07,-4.88781993410681e-06,-1.60399731767229e-06,-0.000658022250750464,1.53563718425583e-05,4.57222237883712e-06,2.78799927330163e-07,4.25458896149874e-06,7.48400016809008e-09,-6.12663853722937e-07,-0.000202575355812429,-1.54452931740085e-07,-7.38258990450009e-14,-1.41925264612385e-05,-0.000774014293554942,0.0684425034784472,-0.0001698325180908,-0.00651885510905622,1.8039037296725e-14,0.233808928930729,-1.43733071026522e-06,-3.6117409199909e-07,6.54108518737673e-06,0.000113890032707006,1.47628619606353e-06,-0.00886833017467323,-6.098304830537e-05,-0.000219928775414022,4.27196138744874e-06,0.0019549361222447,7.4463058495346e-05,-2.09772320897058e-06,0.000155451059041124,1.75712044488634e-07,3.55026752195268e-06,0.00033756879242206,6.96823576232337e-05,9.33367920457358e-05,-0.000192277737491553,2.51041206690992e-15,2.6360194460665e-15,-5.39175458708646e-07,-4.30415203790919e-06,-9.64734231881469e-06,0.00020979223753043,0.846330252538763,-1.66251141495823e-07,-3.58511672472209e-15,-1.06425746475638e-14,-5.30763153319636e-06,-8.74268909347991e-07,5.79124610882681e-07,3.95758892731274e-07,-3.41420820731177e-16,7.02160485482859e-05,-8.33286639607759e-06,-8.78178272221196e-09,-3.42968461702519e-08,-2.88165974355872e-09,-1.49597554440578e-07,-1.64101482849618e-06,-0.0160783664701956,-7.51255627954734e-07,-1.75683370591653e-06,-2.76875580556322e-05,-4.21372496045155e-07,-1.5736107205171e-05,8.90318471880447e-16,6.43148330187044e-05,-7.17707057199061e-16,-8.41715691827945e-09,-3.26182887462367e-16,-9.01840562488484e-09,-8.49112702529053e-10,-1.03785332607006e-15,-3.88804827844792e-16,-2.58753224583915e-07,-7.73375646642538e-08,1.26645237906284e-08,7.98692092489372e-07,5.15325776307187e-17,-6.12462539795265e-10,-6.7483119838727e-09,1.11335168517694e-09,2.22104411786844e-16,-2.88246414159891e-07,-8.05076858982839e-12,-1.96791643496342e-08,6.12485176584471e-10,2.15178053745051e-10,-9.77731847843711e-16,-5.66516581512446e-17,-1.8171845196969e-17,2.43341282339277e-16,-0.000113759831527483,7.92095942859768e-10,-6.35798785730408e-10,4.83476305971376e-16,4.20029506567026e-09,6.28976394298592e-11,-2.59046776680519e-10,-8.30586444579509e-17,4.87913414721423e-16,9.74799012955401e-11,-2.26942028213325e-12,2.00240878053274e-16,-1.02221917360027e-08,-2.06674111680798e-17,1.19362995722391e-16,6.64876619369027e-17,-5.96417673272824e-16,7.58222458403757e-17
"t142",-0.041963370669432,0.00422559981327401,0.0428475073697327,0.2397822246283,0.00489519950050546,-0.0510907205893767,0.00582501040004149,-0.00344423193469168,0.00263224236730014,-0.0110305656599236,0.0265900005102371,-0.296176938030929,0.000685614780109378,-0.019644940286645,0.042023173126699,0.000382775732492969,0.00766781978979517,-0.00017644883668165,0.00955102669956032,-0.166658762531407,0.00403223794548049,0.000406693360460793,-0.000338389565671644,0.000975177998539595,-0.0449885329810766,0.00742885930053636,-0.000115394983779143,-3.67341356915657e-05,0.423008251542946,-7.02599281469929e-06,5.68853979137762e-06,-7.32373203520421e-07,5.04634271933369e-06,-1.77937862343297e-05,0.000535294252115404,-1.25558546158083e-06,-2.7817204352857e-05,0.000464561164106468,0.00817053622030685,-0.00161099419393645,-0.0035846626887075,0.0012871574652307,-0.00472803448065857,1.53891951101845e-05,1.25813624381577e-05,0.00121437023016591,-1.85640814557756e-13,1.40746117173165e-05,6.98356614547728e-05,-0.00210710535813916,0.00205226927834257,6.5591246528578e-05,0.00299289105629204,-0.0171225716137602,0.000255163559723145,-0.0493996725949672,-3.42835495192724e-05,0.000217986788348042,3.72327088064363e-06,-0.00531902560744859,-0.0724709960344906,0.0192948688943321,0.00185618726851634,3.63820425274207e-05,0.000533136511733801,-1.59167769692496e-08,-4.15574099648038e-05,1.501532662753e-06,8.20259865723194e-06,2.59536435173389e-06,0.00104876891911674,-2.42189225864458e-05,-7.09900933088793e-06,-3.89627498640225e-07,-5.67891071181401e-06,-9.18115153980735e-09,6.90884075866211e-07,0.000224739385572692,1.69171335533554e-07,7.81665310582033e-14,1.42821113786479e-05,0.000763354229046652,-0.0670607848541288,0.000160012788748302,0.0061154977107623,-1.61592976959073e-14,-0.215362381686308,1.2499737218621e-06,3.12842618754589e-07,-4.38480879013977e-06,-7.56540620313308e-05,-9.75431343908967e-07,0.00554167856805458,3.27944925350138e-05,0.000116032834008849,-2.21513073014727e-06,-0.00101207108185783,-3.84509313691248e-05,1.07308893954972e-06,-7.73905699096005e-05,-8.38857830172125e-08,-1.59428733958346e-06,-0.00013298084280889,-2.73582165245171e-05,-3.66391297781962e-05,7.41207698724957e-05,-1.15681487243093e-15,-5.27123754798789e-16,1.86705550795246e-07,1.4650456291376e-06,3.16153763320432e-06,-6.80918530461673e-05,-0.267429393359742,5.07733846151766e-08,5.58188517214925e-16,2.76764939671575e-15,1.37699232981686e-06,2.12399323516859e-07,-1.36582000960789e-07,-8.6071637558631e-08,-3.91292417727832e-16,-1.31455617746106e-05,1.52064288310484e-06,1.47333780546009e-09,5.21172552616046e-09,3.98833283859542e-10,2.05581132433085e-08,2.25121497000784e-07,0.00203944831881929,9.3607023832398e-08,2.10930375821341e-07,3.22894372980913e-06,4.34373710140976e-08,1.48592546175727e-06,7.83104339077447e-16,-5.4233432579872e-06,-5.41417168593609e-15,5.50383136981164e-10,2.43226967176379e-15,3.70561054566517e-10,1.73873112608055e-11,-0.707106781186547,3.96487727317631e-13,3.29093951234809e-09,9.76755217983222e-10,1.61850288910984e-10,1.25604808938733e-08,1.9735502713115e-15,-1.68142775811999e-11,-3.15114326976108e-10,6.75460468519518e-11,-9.16947072961795e-16,-1.95398134031528e-08,-5.58339604346582e-13,-1.3873784459953e-09,4.55460520161279e-11,1.65258149625496e-11,7.59085241527805e-16,2.79171808900639e-16,-9.45867971916735e-17,-1.13266711014908e-16,-1.28812614778014e-05,9.30205989654712e-11,-8.40200398417389e-11,-2.00088277398171e-16,5.98626470607202e-10,9.31399731584304e-12,-3.93796093786000e-11,-1.26021394527754e-16,-6.21999738460193e-17,1.51412692966281e-11,-3.59685706091224e-13,-6.25239234126737e-18,-1.76738463157146e-09,-2.08603650140028e-16,-2.24831031086224e-16,-4.62057531475462e-17,2.21784016092213e-16,-1.0432066471408e-16
"t143",-0.041963370669432,0.00422559981327404,0.0428475073697327,0.2397822246283,0.00489519950050546,-0.0510907205893767,0.00582501040004134,-0.00344423193469162,0.00263224236729986,-0.0110305656599237,0.0265900005102373,-0.296176938030929,0.000685614780109312,-0.0196449402866452,0.0420231731266986,0.000382775732493124,0.00766781978979494,-0.000176448836681713,0.0095510266995605,-0.166658762531407,0.00403223794548056,0.000406693360460821,-0.000338389565671625,0.000975177998539691,-0.0449885329810769,0.00742885930053618,-0.00011539498377891,-3.67341356915553e-05,0.423008251542946,-7.02599281503929e-06,5.68853979110093e-06,-7.32373203641201e-07,5.04634271937185e-06,-1.77937862342395e-05,0.000535294252115459,-1.25558546207913e-06,-2.78172043526254e-05,0.000464561164106353,0.00817053622030591,-0.00161099419393661,-0.00358466268870748,0.00128715746523051,-0.00472803448065818,1.53891951105882e-05,1.25813624380898e-05,0.00121437023016589,-1.85867694647048e-13,1.40746117173531e-05,6.98356614544484e-05,-0.00210710535813974,0.00205226927834255,6.55912465289724e-05,0.00299289105629223,-0.0171225716137602,0.000255163559723335,-0.0493996725949672,-3.4283549519276e-05,0.00021798678834812,3.72327088050504e-06,-0.00531902560744785,-0.0724709960344912,0.0192948688943323,0.00185618726851651,3.63820425273802e-05,0.00053313651173313,-1.59167769410705e-08,-4.15574099653189e-05,1.50153266257306e-06,8.20259865762519e-06,2.59536435167444e-06,0.00104876891911705,-2.42189225867177e-05,-7.0990093310897e-06,-3.89627499081063e-07,-5.67891071193564e-06,-9.18115130629381e-09,6.90884075991432e-07,0.000224739385574035,1.6917133502746e-07,7.83606524582649e-14,1.4282111378394e-05,0.000763354229047714,-0.0670607848541332,0.000160012788748424,0.0061154977107623,-1.6513774574152e-14,-0.215362381686305,1.24997372179405e-06,3.12842618631263e-07,-4.38480879015596e-06,-7.56540620311626e-05,-9.75431344109364e-07,0.00554167856805526,3.27944925354398e-05,0.000116032834008163,-2.21513072898956e-06,-0.0010120710818589,-3.845093136862e-05,1.07308893984565e-06,-7.73905699107411e-05,-8.38857831353687e-08,-1.59428734066918e-06,-0.000132980842808327,-2.73582165247553e-05,-3.66391297770936e-05,7.41207698732501e-05,-5.70091700805656e-16,-8.85417870938191e-16,1.86705550729193e-07,1.46504562923511e-06,3.16153763247584e-06,-6.80918530456893e-05,-0.267429393359742,5.07733850232026e-08,1.57269503100811e-15,3.18064502506351e-15,1.37699233282823e-06,2.1239932540307e-07,-1.36582001187714e-07,-8.60716366289088e-08,5.25604007199774e-16,-1.31455617768782e-05,1.52064288305378e-06,1.47333789782258e-09,5.21172514054105e-09,3.98832292605848e-10,2.05581165596262e-08,2.25121497536701e-07,0.00203944831882444,9.36070255802591e-08,2.10930375659887e-07,3.22894372608433e-06,4.34373691862962e-08,1.48592546104836e-06,-7.98592832061158e-16,-5.42334326217439e-06,5.74489684744733e-15,5.50382161232031e-10,-2.36243735023492e-15,3.70563245821323e-10,1.73791304285596e-11,0.707106781186548,-3.96464901095517e-13,3.29098764847154e-09,9.76647440019388e-10,1.61848088158027e-10,1.25604869854632e-08,-1.92125096536393e-15,-1.68155369300659e-11,-3.15113544287172e-10,6.75459749024322e-11,6.81061277966673e-16,-1.95398085788868e-08,-5.58868805524703e-13,-1.38737975090546e-09,4.55459349070467e-11,1.65196804686777e-11,-1.74852607112735e-16,-3.81425664062124e-16,1.96500009254679e-16,-1.63880704121951e-16,-1.28812614797147e-05,9.30214359998298e-11,-8.40199630988598e-11,1.52893319689846e-16,5.98625041891742e-10,9.31425584424811e-12,-3.93798795804162e-11,1.29064708709659e-16,9.31634594633036e-17,1.51407513790737e-11,-3.59516390372527e-13,-4.96773786738075e-17,-1.76738522063883e-09,3.69403387494102e-16,5.14745670158475e-16,2.99709342830736e-18,2.50398232588402e-16,1.0697759693635e-16
"t30",-0.0386953326039919,0.00376012384276013,0.0333189382993231,0.185117808017997,0.00277340745739631,-0.0220821720102432,0.0016928850570612,-0.000584239979284557,0.00012470092791933,0.00406157980849306,-0.0162768900627077,-0.0201733797846791,-9.28377886954685e-05,0.0152337843062206,-0.0467309961307871,-0.000537986379733419,-0.0116894787583093,0.000277106116372475,-0.0247770507863369,0.454998155043803,-0.011932844183126,-0.001407176590976,0.00149162711479395,-0.00481266810479626,0.239720908339296,-0.0492427392734449,0.000961487907372361,0.000321700654152342,0.0184711695538494,-0.00458648331617242,-0.00202996708219647,0.000103904208403537,-0.00385898672252934,-0.00817266380182636,0.055378174560001,-3.34356906929183e-05,-0.000696317470955625,0.00727367587371081,0.0375770366547822,-0.0327393573558662,-0.0433937082626165,0.0152102681158291,-0.0552821935365186,0.000179272909925314,0.000132474139609489,0.011420420744317,-1.71465735182324e-12,0.000111388344637087,0.000543430088592415,-0.0158854670032242,0.0146088127222872,0.000455584578389908,0.0167172525648227,-0.0875717950923304,0.00127868186141142,-0.224803519361729,-0.000139791582439966,0.000781242150555365,1.31655166758131e-05,-0.0178755290755633,-0.235212124360679,0.0621907996558315,0.00383660568328083,7.05615757409528e-05,0.000844896860641348,-2.0217326877736e-08,8.41273124633357e-06,-1.82032262182236e-06,-1.60200998936343e-05,-5.81772940321791e-06,-0.00248212575579729,5.9483506701127e-05,1.84018500801001e-05,1.41093989947517e-06,2.35107842991276e-05,4.78444088550979e-08,-4.4068201782743e-06,-0.00148224784283887,-1.14294215708526e-06,-5.38745144099916e-13,-0.000101767584097688,-0.00515165548521134,0.438732369136061,-0.000592857764521212,-0.0191158650942186,-3.94633646685728e-15,-0.0868199756990795,5.98601151383655e-05,1.79238866384802e-05,-0.000219748642185556,-0.0035572766045185,-4.42574772115026e-05,0.184031297429269,0.000650005804526306,0.00220175419065736,-4.05532252466034e-05,-0.0184706204098776,-0.000698282519897947,1.91509506704144e-05,-0.00132164336171512,-1.36729084794048e-06,-2.60254532322909e-05,-0.566801757194811,0.00619014919643031,0.00786318194089905,-0.00203241579589732,1.84005249822646e-14,5.23619802097152e-15,-8.45017641005647e-08,-1.23326562822857e-07,7.16187802162327e-07,-1.4849826287593e-05,-1.51483462321625e-05,-5.3807367310284e-08,4.85405395916626e-15,6.60900744028734e-16,1.40753167373892e-06,5.0611697959067e-08,1.19997608008104e-08,8.30907245582209e-08,4.98541312048975e-17,3.4834587950736e-05,-4.48841260535524e-06,-5.8636075437231e-09,-2.74742349379899e-08,-2.62580701137589e-09,-1.37485871436025e-07,-1.51127204251167e-06,-0.0161135007438532,-7.65929690025002e-07,-1.85226472199015e-06,-2.99147007252125e-05,-4.97616323190045e-07,-1.95665846875331e-05,1.36118027189405e-15,8.45473949961789e-05,2.18694120460883e-17,-1.2146563142609e-08,-1.91572735355585e-16,-1.44197864257603e-08,-1.46353250217986e-09,1.31506378512315e-15,1.39344796968837e-16,-4.57672515495091e-07,-1.36831521167172e-07,2.42000329999713e-08,1.5388037354941e-06,4.74865673154631e-17,-1.21777058156633e-09,-1.40722526390763e-08,2.39656687424113e-09,-5.54968690669828e-17,-6.30061286395825e-07,-1.76568489709951e-11,-4.32614706143516e-08,1.35725204272608e-09,4.79188219186644e-10,4.10366065143956e-16,-2.6528920827619e-16,-1.94771548308299e-17,-1.59777440565677e-16,-9.62332749894454e-06,1.90152319058459e-09,-1.56264244540796e-09,-2.23014924350334e-16,1.0487264512115e-08,1.58327294322709e-10,-6.55765715985724e-10,-2.54339332322848e-17,1.43383976229231e-15,2.47918675227332e-10,-5.79693896357179e-12,3.9387824204071e-17,-2.66189036906626e-08,1.52792572655179e-17,-5.21478097613892e-16,-8.92264160101411e-17,5.86111135076895e-17,6.30082909983982e-17
"t31",-0.0386381436835873,0.00375229817432842,0.0331811032228357,0.184333359907791,0.0027517024565654,-0.02186019038392,0.00167207651124661,-0.000575995672772472,0.000122724399885477,0.00397762107466809,-0.0159139675437568,-0.0196612951330054,-9.04442973509092e-05,0.0147802171471336,-0.045178901469961,-0.000518484285459723,-0.0112516685234686,0.00026660034073715,-0.0236076799686176,0.433023685617357,-0.0113351739097786,-0.0013315621743883,0.0014024277975172,-0.00451052551147369,0.224173607448478,-0.0457447852624122,0.00088584298615588,0.000295463581278944,0.0168089795062645,-0.00415150959414373,-0.00183557962561564,9.36332110163961e-05,-0.00345419767021601,-0.00729697719126807,0.0491975442827577,-2.91600504961999e-05,-0.000606294654287042,0.0062617848910111,0.0322845717570025,-0.0280555099867607,-0.0363845802011738,0.0127303645735026,-0.0462311502018995,0.000149878397572562,0.000109817033043669,0.0093639700790655,-1.40364200550844e-12,8.95280268962283e-05,0.000435835985607355,-0.012687441362005,0.0115764087190879,0.000359760919666856,0.0127624853580127,-0.0658760068295691,0.000958561947959528,-0.165757350243819,-0.000101144220129246,0.000553065258213855,9.29952991282581e-06,-0.0125217916531252,-0.163844842762031,0.0432732151761001,0.00250825692374488,4.57884533691672e-05,0.000536731917907908,-1.25960609924602e-08,4.75974688399488e-06,-9.60999349111592e-07,-8.03221162401603e-06,-2.85852911831353e-06,-0.00120891748165409,2.87899136935555e-05,8.82153567458571e-06,6.28740551774478e-07,1.0091977115511e-05,1.89562956451503e-08,-1.58131702370047e-06,-0.000520298603983131,-3.94030325764823e-07,-1.80462151314455e-13,-3.05238345136682e-05,-0.00148546686755179,0.124825213821239,-0.00015450885539409,-0.00492976391502947,4.3637210506354e-16,-0.0213650303960771,1.23629691830076e-05,3.64989458370691e-06,7.79545448921406e-06,0.000165074650754483,2.34198486018098e-06,-0.0231116316860764,-0.000243469596700715,-0.000910185683878729,1.8263739762219e-05,0.0083830558739468,0.0003208572226309,-9.20194787581803e-06,0.000719464595184624,8.93140240855881e-07,2.18352945897372e-05,0.789779904887294,-0.00873778806340461,-0.0111065316002284,0.00307897901253844,-2.60027164281951e-14,-6.60892270285805e-15,1.96602913551632e-07,3.08617429399733e-07,-2.11841865085379e-06,4.59078276114558e-05,5.31829057260898e-05,2.24626175301172e-07,-5.17656638120711e-15,-2.43970319978372e-15,-2.05132253204462e-05,-3.19638656515918e-06,2.09716834864772e-06,1.42184401690449e-06,-1.87073317378699e-16,0.000254306494479892,-3.02445233732591e-05,-3.21047899089513e-08,-1.26407781340013e-07,-1.0694965733124e-08,-5.55491232960094e-07,-6.09421277716291e-06,-0.0600191134194117,-2.80746040917676e-06,-6.57981752286525e-06,-0.000103868662808084,-1.59074272780133e-06,-5.96355729099271e-05,5.92310120716573e-15,0.000244791852530278,-1.77168733507899e-16,-3.22810046512836e-08,1.21367162421657e-16,-3.48912653843089e-08,-3.30688520617547e-09,5.4017279480881e-16,-2.52504359751979e-16,-1.01002912029248e-06,-3.01890774833838e-07,4.97735120153622e-08,3.141240087846e-06,6.77720969487881e-17,-2.4153722634347e-09,-2.67200738527745e-08,4.41959022123784e-09,8.93805812025864e-17,-1.14558671469259e-06,-3.20041211666845e-11,-7.82452466632501e-08,2.43671851387177e-09,8.56373292576292e-10,-8.80211582849736e-16,1.97797073321071e-16,3.36852905068052e-17,1.8584603173972e-17,-1.61436504905575e-05,3.16861947562257e-09,-2.54583975636096e-09,-4.56014132549458e-16,1.68290717317802e-08,2.52076926025472e-10,-1.03836814129857e-09,7.11868212679775e-17,1.27743392328979e-17,3.90789074017943e-10,-9.09809804268234e-12,9.64849872873745e-17,-4.09969556979443e-08,1.00333892138643e-16,8.27396715100272e-16,8.9049432391504e-17,1.57095443401607e-17,4.08888145009189e-18
"t24",-0.0384685996009763,0.00372910036101398,0.0327726602512938,0.182008866342639,0.00268742559921191,-0.0212030707847982,0.00161050207493835,-0.000551607706468026,0.000116879284725646,0.00372954156785707,-0.0148419162731536,-0.0181494453357221,-8.33783808143994e-05,0.013442162671469,-0.0406028871479982,-0.000461017402176425,-0.00996184608335599,0.000235652035542379,-0.0201685764053083,0.36840974032013,-0.00957833966099819,-0.00110944074994484,0.00114068499385382,-0.0036244063753019,0.17859378773264,-0.0355013380938206,0.00066463117332162,0.000218777717408372,0.0119582271404191,-0.00288326442652517,-0.00126890395800011,6.37084611075542e-05,-0.00227615966639686,-0.00474957797832036,0.0312328664358461,-1.67704308625044e-05,-0.00034550307007047,0.00333586825443696,0.0169862819077455,-0.014522235563744,-0.0162047859904256,0.00559264738910838,-0.020183686535415,6.528963149664e-05,4.47064575446735e-05,0.00346475987328343,-5.09087402930245e-13,2.70198969712457e-05,0.000128284643699973,-0.00355216663381404,0.00292512972089212,8.65335007768919e-05,0.00154628709982868,-0.00448657627751919,5.32563384565803e-05,0.000796019770970602,7.55099604671326e-06,-8.6534254098691e-05,-1.53347577695326e-06,0.0024610582873995,0.0357119050923853,-0.00961514106955733,-0.0011709377148261,-2.27515273197288e-05,-0.000313218119002839,8.36492319465296e-09,-5.15128230992002e-06,1.34867690349986e-06,1.32925407972227e-05,5.02091015298347e-06,0.00217743946052404,-5.27806973576231e-05,-1.66080067518612e-05,-1.42880723767152e-06,-2.5047708344799e-05,-5.59945860096655e-08,5.67042448884649e-06,0.00194285666338536,1.52003563965193e-06,7.38122589515865e-13,0.000149076941089524,0.00772304511612702,-0.662667912187503,0.00093673202313253,0.0303541350732889,5.35232142000946e-15,0.140804107282364,-0.000103750661284993,-3.12099778300649e-05,0.000513115737458481,0.00839009113086078,0.000104998402332596,-0.463504747996701,-0.00187295713091568,-0.00641930437400078,0.000119287398682586,0.0543703960102186,0.00205776617350464,-5.66432669056419e-05,0.00393389819966165,4.03968447674915e-06,7.09703112603662e-05,-0.232666704828983,0.00381711692471443,0.00493197183561467,-0.00405476285005802,8.09345731646296e-15,1.1776795477239e-15,-6.15498947204611e-06,-4.36827711694313e-05,-6.21883739243137e-05,0.00108141293647805,0.000847053544546848,2.6755050633637e-06,-1.51563652061879e-15,2.72548565540392e-15,-0.000137183492283055,-1.90742091930478e-05,1.19945934571107e-05,7.38453881516833e-06,1.01142920507509e-16,0.0011599489789557,-0.000135504190702624,-1.36475682292503e-07,-5.10174822694811e-07,-4.14151979800184e-08,-2.14486792317503e-06,-2.35145252561897e-05,-0.224799621222247,-1.04494175787722e-05,-2.4185291822719e-05,-0.000378234146295079,-5.59008990275426e-06,-0.00020503759807793,1.80685479993562e-14,0.000821117674108782,-1.78443958194329e-16,-1.03607638533154e-07,1.43777467853707e-16,-1.06199096864576e-07,-9.64822372509112e-09,-1.18123117386794e-15,4.40850020919238e-17,-2.90201088861779e-06,-8.67239102064486e-07,1.36241723108594e-07,8.5518309474418e-06,-1.14881110665593e-16,-6.43759166285341e-09,-6.88566861491982e-08,1.11229465036829e-08,7.9999118700985e-17,-2.84931606795921e-06,-7.93924689119367e-11,-1.93748008626017e-07,5.99580109206818e-09,2.09893126791905e-09,1.92830692964284e-16,1.17667591516079e-16,1.800741357005e-16,-9.43859732529609e-17,-3.7372570454116e-05,7.28892002045114e-09,-5.72961599853259e-09,3.27848856808158e-16,3.73075085295042e-08,5.54364215523817e-10,-2.27078812971323e-09,-1.87333774142392e-16,-2.97555289761003e-16,8.50609405445181e-10,-1.97133761110975e-11,1.22351095311689e-17,-8.70737640859456e-08,-5.20139874630301e-17,2.28809021143087e-16,1.30925052735558e-17,-4.21416762256813e-17,-1.95920376544227e-16
"t59",-0.0630528205556749,0.0407928981437966,0.00335916714981988,0.0189179739885742,-0.00385919263397185,0.364009132593985,0.0243476720791216,-0.00863055350844488,0.0330233737410477,-0.0174129590040272,0.0456672131086873,0.00145378087331108,0.000200894649996693,-0.0402128290340168,0.0191701814331433,0.000172232625246925,0.00329825962238903,-0.000498123905714506,0.00165422956859065,-0.0230062722317084,0.000316330237247957,-2.15444502553383e-05,0.000105457530580612,-0.00045936929747443,0.0274674604996138,0.00576160455340778,-0.00221627800859663,0.00345872576462703,-3.47633193494813e-05,-0.00375742248110532,-0.00158202623132446,1.58329298269618e-05,-0.000620929071412632,-0.00132400542744543,0.0089978958087687,-4.95789904797185e-06,-0.000355924865685961,0.000834371801333291,0.00034306560901765,-0.00372072832055648,0.00154248330022755,-0.000890620805671444,0.00386834654051185,-1.32977583195703e-05,-3.45065171555387e-05,-0.0138441832865954,1.29150743034119e-12,0.000117147331719286,-0.000239606565485178,-0.0128417971324949,0.00959076888490023,-0.00127886030492761,0.00675471447706234,-0.0304167300161556,-0.00384817515785288,-0.0578089842182796,-2.15086076447201e-05,-1.61208248007083e-05,-5.72965863575403e-07,0.00251129310939013,0.0514930808283156,-0.0133850774753372,0.00337146407298642,-0.000265011933925947,0.00213687648292996,1.28403614981076e-06,-0.00103754097327796,2.11671031257132e-05,0.00158767818547772,0.000208046530606853,0.72969600994905,0.00344620834443639,0.032058263748955,2.27841885396132e-06,1.9786229016127e-05,1.33468793424049e-08,-0.000660439325160346,0.115270375781932,-1.47169808808054e-07,5.02549818209825e-12,-1.81294570288342e-06,-5.08903837787701e-05,0.00339465683776932,1.22534457939474e-06,5.71993332872008e-05,-2.09357562919659e-15,-0.000377032490952632,-5.34191654688978e-07,-1.62821087078282e-07,8.76488147321525e-07,1.31821421843811e-05,-3.88599756683586e-06,-0.000376360101300044,-1.44369792074881e-08,9.59502173833796e-08,-1.10901019716426e-05,-1.54630555262991e-06,-5.79049404128909e-08,1.66510785980798e-09,-9.8350494853218e-08,-1.72463296780196e-11,2.23413215390874e-10,-0.000258115473298511,-0.357467171875063,0.263093225865624,-1.02601487624813e-06,-6.21680252513714e-15,2.06082853088757e-15,5.19864488370368e-09,4.77215980912655e-08,1.08153183195905e-07,-2.08494691256243e-06,-1.3138178408625e-06,-9.08919014583764e-09,-1.02211963266349e-15,1.34170322019336e-15,1.50329021786523e-06,4.00026565872132e-05,-2.45449105781049e-07,-2.75637784413047e-07,2.12567248339242e-15,-0.311112026489776,-3.54249845968991e-05,-8.21550801385467e-09,-1.42290884308476e-08,-5.85444644073713e-10,-2.85559798618015e-08,-1.27637051824198e-05,-0.00115554467055076,-3.66587253354218e-08,-5.31172801268004e-09,0.00896402895395133,6.55842020083161e-08,3.75699438220824e-06,-4.4003329149252e-16,-2.19289287928665e-05,4.62090307375343e-19,4.71441306559107e-09,9.25568375549441e-17,8.41268799060902e-09,1.18264441189203e-09,-1.09478669388084e-15,1.14916733906396e-16,1.78709718201988e-05,1.25229259461068e-07,-3.49223901451869e-08,-2.35503975607072e-06,-5.801043081553e-17,2.40343239968555e-09,4.71447305881994e-08,-1.41464024587632e-08,-1.14343834379336e-16,5.7140338680442e-06,1.80945258677647e-10,1.51893752752872e-05,-2.27773453231417e-08,-0.000998755118574279,-2.19808400026802e-16,-3.43167313755465e-16,2.28482920090852e-16,2.18889530193795e-17,-3.22973084388313e-09,1.11205698591406e-08,-8.04663512897987e-09,-4.48365246178057e-16,1.45432438915049e-06,1.01710715037459e-09,-5.08382516800924e-09,-5.00068160284206e-17,1.01721758429414e-15,2.51747281763523e-09,-9.70036867739316e-11,9.46542243203966e-17,1.89999787298918e-06,-2.55663729053995e-17,2.9004267574131e-16,1.1036134956152e-16,9.885494954642e-17,-9.59539056480723e-17
"t70",-0.0633488105753343,0.041063624739304,0.00340408254629537,0.0191772576557581,-0.00395925339672885,0.376317689396863,0.0253700850452799,-0.00905196205809668,0.0348570515993597,-0.0187189280421213,0.0494064735948454,0.00159250227752059,0.000220423590665801,-0.0448698210124825,0.0217159255081008,0.000197826656575931,0.00380977220004314,-0.000576625385681653,0.00200627587136779,-0.0280672563292903,0.00038970688456659,-2.70954824603689e-05,0.000137580485685427,-0.000610904951233691,0.0370379201260347,0.00811761968346447,-0.00331716121525984,0.00530709651745531,-5.78072448235616e-05,-0.0065838852224579,-0.00280138961647379,2.90875573042081e-05,-0.00123508204255923,-0.00272065021238176,0.0198282858180993,-1.5430471407156e-05,-0.00115255919511635,0.00385696403905336,0.00172318327988174,-0.0210893979024074,-0.0439594801780656,0.0163251282951612,-0.0609833797927996,0.000199726541447366,0.000211514392250174,0.0461812596317658,-3.95115727101114e-12,-0.000198636226100615,0.000383364052682002,0.0184749632838749,-0.0114605609103769,0.00141486052234109,-0.00390629131198292,0.0136380505331811,0.00162669375435936,0.0184428288984125,4.9220674958857e-06,2.41489002832801e-06,8.18535518027778e-08,-0.000297497076991133,-0.00531846354869495,0.00134387718016089,6.73338160263014e-05,-8.03768001641884e-06,0.000121105924724906,9.92306712801322e-08,-0.00015289684852933,3.76584115724079e-06,0.000308753175510553,4.15883989409571e-05,0.147473185657111,0.000701726213219813,0.00659942069495636,5.01345172645804e-07,4.46612912026315e-06,3.13935671771183e-09,-0.000160685633137241,0.0282052099576681,-3.61640770072495e-08,1.24676110627987e-12,-4.56053466813466e-07,-1.28568453786589e-05,0.000858718733759534,3.11985874607338e-07,1.45721076681912e-05,-9.35238842570238e-16,-9.62635265998255e-05,-1.36870865183433e-07,-4.17198574045966e-08,2.07173307284654e-07,3.09261995130178e-06,-9.07478089619878e-07,-8.2729257293912e-05,-2.14924715698228e-09,1.28614301431185e-08,-1.3176975366404e-06,-1.81412721234064e-07,-6.65230044227111e-09,1.75772015378103e-10,-7.346455917559e-09,-2.04317860441378e-13,-3.01509525896596e-11,0.000417379864777196,0.62772816190882,-0.463947442711979,3.08959567809058e-06,8.32431941602687e-15,-4.94959398542265e-15,1.08619534459236e-08,8.57952307962355e-08,1.54726505382762e-07,-2.85576419101143e-06,-1.62697534946142e-06,-1.02132129553426e-08,-6.22462470233295e-15,-4.0283997740906e-15,1.33293477081549e-06,3.39433187208634e-05,-2.05250799561988e-07,-2.24333974464041e-07,1.85583559490787e-15,-0.250458093190478,-2.86013817136998e-05,-6.77411540469709e-09,-1.2421024248636e-08,-5.76182608493318e-10,-2.85062766126811e-08,-1.27878366823158e-05,-0.00153150440990656,-5.51947859535435e-08,-1.35904901238601e-08,0.364128818750251,9.52179218443119e-09,1.29219042933719e-06,-1.07194017504962e-15,-9.62707660306927e-06,7.70536202710749e-16,2.42318684807332e-09,-1.04354808274702e-15,4.65784106655476e-09,6.75730064757044e-10,7.78514333700719e-16,-1.89656468102844e-16,1.02985210536454e-05,7.21725677207963e-08,-2.05592561018268e-08,-1.38924613888453e-06,7.04759892556918e-16,1.42838214201051e-09,2.83200794392517e-08,-8.55834979442268e-09,-6.34199513834015e-17,3.46954113947251e-06,1.09965788896256e-10,9.23717548367625e-06,-1.38974886170493e-08,-0.00377599685622556,-4.37648511008645e-17,-1.95515423372962e-16,-3.19337765569007e-16,-2.80059778771905e-16,-1.99869340288652e-09,6.8941257407723e-09,-5.0192867678589e-09,9.50327662135074e-16,9.11089966089298e-07,6.38659325091447e-10,-3.19743629240577e-09,-1.38798590577402e-16,-6.11734906816017e-16,1.58552028145899e-09,-6.11746833768502e-11,-8.89609676485705e-17,1.20540252112277e-06,3.09474247850577e-16,1.1099151045019e-15,3.32919584022941e-16,-1.58653028727147e-17,4.34462233800312e-18
"t91",-0.0634884914047702,0.0411913777012273,0.00342527432292644,0.0192995907407597,-0.00400644999289,0.382122343280414,0.0258521614133136,-0.00925062959761063,0.0357213876471521,-0.0193342608632415,0.051168043100162,0.0016578356866549,0.000229620768548357,-0.0470622139842399,0.0229139983131578,0.000209868044575345,0.00405039768303095,-0.000613552296183374,0.0021717167560727,-0.0304453350408184,0.000424178686699218,-2.97022558530895e-05,0.000152654962772409,-0.000681991688512985,0.041526390704663,0.00922173289304844,-0.0038325704476695,0.00617213434992469,-6.85794641507101e-05,-0.0079042559153279,-0.00337093549646784,3.52758322504603e-05,-0.00152156034121876,-0.00337190960702692,0.0248750875594226,-2.02978309251337e-05,-0.00152272580089691,0.00525909684120013,0.00236320493451118,-0.0291408661959514,-0.0649811046282643,0.0242763942534088,-0.0909318777535469,0.000298096519275289,0.000324965360991331,0.0738115050710879,-6.36433991786799e-12,-0.000343501886837301,0.000669044431015117,0.032825717547889,-0.0210938751340791,0.00264677228998548,-0.00875184244417088,0.0336057603179006,0.00410652157792982,0.0528706598759731,1.68112385414565e-05,1.07162879892393e-05,3.74988118796519e-07,-0.00155273950237865,-0.0306782544273291,0.00791715955930428,-0.00138803971675187,0.000104970839021082,-0.000761289380137002,-4.17213516123381e-07,0.000224505981057856,-3.5420150480046e-06,-0.00022206304567223,-2.71819406218897e-05,-0.0925843387714011,-0.000428237624440771,-0.00385969457897416,-2.16722894164694e-07,-1.67239086888607e-06,-8.7845235199517e-10,3.18417644855139e-05,-0.005179541045575,6.23899272417847e-09,-1.88486434864127e-13,4.77134855626045e-08,1.15474437098213e-06,-7.30991857213203e-05,-1.80981837014701e-08,-8.03323942796808e-07,-5.97353966699011e-16,4.15057534006169e-06,1.04731110025721e-09,2.21463365007724e-10,2.42154690470626e-08,3.72116107427711e-07,-1.10999215237703e-07,-1.17485440808696e-05,-3.99059930716525e-10,2.44767105195276e-09,-2.56092112857183e-07,-3.53232475214238e-08,-1.29914737821701e-09,3.46957639485099e-11,-1.49279152754367e-09,-4.23605141036069e-14,-6.68580701869079e-12,9.90992370627835e-05,0.149222313335184,-0.110295211045225,7.38943284867011e-07,5.17172463721223e-15,-9.10445695887156e-16,2.6509100923266e-09,2.09545617080417e-08,3.77579550093571e-08,-6.9634540597152e-07,-3.95355535339246e-07,-2.46407499107502e-09,1.14069201949512e-15,4.05400002622972e-16,2.94620097982586e-07,6.99665853438736e-06,-4.06004543853706e-08,-3.79209606480817e-08,8.00827573293651e-16,-0.020810493864696,-1.78256988904359e-06,1.70565934667683e-10,2.32796705607134e-09,2.64667554697862e-10,1.39222805116726e-08,6.33937753427346e-06,0.00149898637492948,6.37761248436968e-08,2.292800665799e-08,-0.872483070913953,1.02956108821692e-07,4.05693782308189e-06,1.94556536208841e-15,-1.84990577986044e-05,-8.61619514221956e-16,3.09169385187232e-09,-1.23279110572982e-17,4.69050449586876e-09,6.1090387270556e-10,-2.41016570507206e-15,-4.2966983563014e-16,9.04517472603324e-06,6.33696660153711e-08,-1.68758267964574e-08,-1.13375646331251e-06,-7.47898480009859e-16,1.14263047084331e-09,2.21160833472744e-08,-6.60559612038333e-09,2.48098861671554e-16,2.66890973248113e-06,8.45779084958462e-11,7.10597008849682e-06,-1.07701284660392e-08,-0.0183879460024028,-1.14036683180724e-15,5.88618597221193e-16,1.92040065344233e-16,-2.70552618673691e-16,-1.50005452341246e-09,5.1704619552582e-09,-3.75797498681889e-09,-7.74202294916338e-16,6.81799597997883e-07,4.77906040543592e-10,-2.39274474794207e-09,-1.00804958621543e-16,2.91374815494816e-15,1.18660607571373e-09,-4.57896626270733e-11,1.23177497547962e-16,9.03226236629163e-07,1.37236034411379e-16,-2.46968743031904e-16,-6.02496463775689e-16,7.6483473330251e-17,2.55737202846715e-16
"t115",-0.0636883289496524,0.0413740944835998,0.00345555202043155,0.0194743649243159,-0.00407375651937165,0.390391019609944,0.0265381026276269,-0.00953305368348904,0.0369490511833401,-0.020206151074941,0.0536620650979282,0.00175019275337412,0.000242619587119318,-0.0501547164719922,0.0246010893687794,0.000226799087775342,0.00438853452461285,-0.000665431837507684,0.00240309844329694,-0.0337694834346635,0.000472322570090528,-3.33364987380733e-05,0.000173609811111828,-0.000780667357861623,0.047750664667977,0.0107483314176638,-0.00454262520718253,0.00736223751713602,-8.33412001161049e-05,-0.0097095425340062,-0.0041493179869399,4.37210469221459e-05,-0.00191142985988119,-0.00425729199811389,0.0317221419408587,-2.68527306786676e-05,-0.0020209144892593,0.00713783937307022,0.00322011979934454,-0.0399101678059437,-0.0928701245971652,0.0348181835376506,-0.130625722631799,0.000428462690104079,0.000474854860453759,0.110173383293422,-9.53701244312384e-12,-0.000532828810714603,0.00104212803430864,0.0515405867997106,-0.0336235125382922,0.00424720597958846,-0.0149785291083166,0.0591475580394546,0.00727524198884204,0.0966437077673716,3.18442084939346e-05,2.11480964088947e-05,7.43122348434077e-07,-0.0031255237811094,-0.0624047963527802,0.0161382422458705,-0.00317913665763675,0.000243794027303039,-0.00183973423568752,-1.04555037214287e-06,0.000674298637866643,-1.21376894898326e-05,-0.000840817725999286,-0.000107076036799606,-0.371072250721599,-0.00173776602173084,-0.0159623479734957,-1.03850024368025e-06,-8.66062679562632e-06,-5.40493291021322e-09,0.000246259296758778,-0.0422720162373308,5.32622273106284e-08,-1.77345018961954e-12,5.98984959086931e-07,1.64359145460495e-05,-0.00108821948211765,-3.75230878925403e-07,-1.74257698742353e-05,1.31447871336815e-15,0.000112346099451561,1.48023718631388e-07,4.48818155972827e-08,-1.59067446347562e-07,-2.3461841926857e-06,6.83615725949454e-07,5.78921797625975e-05,1.23043959266225e-09,-7.17499446488412e-09,7.17970379841165e-07,9.86308589523421e-08,3.60412114128877e-09,-9.40162468276301e-11,3.78578057964873e-09,9.94210563079164e-14,1.3451276821997e-11,-0.000153835963660028,-0.230196089643549,0.170092690234045,-1.10201414123441e-06,-4.78267956126947e-15,2.07223729959358e-15,-3.27261515454784e-09,-2.51294442842444e-08,-4.25192813737982e-08,7.71895119335312e-07,4.19652102980566e-07,2.4774547514649e-09,1.43742735067728e-15,6.81344692970292e-16,-2.31270661777121e-07,-4.99455361233607e-06,2.77853279115792e-08,2.31748692157226e-08,-3.61838763455174e-16,0.0103844047546403,8.5985476773378e-07,-7.36889197795888e-11,-8.85093414790649e-10,-8.9327595619159e-11,-4.65667047724534e-09,-2.11570743321946e-06,-0.000453120429676518,-1.88502748748052e-08,-6.46805795342486e-09,0.237307212291845,-2.39936141616613e-08,-8.47056654075529e-07,-2.24469415380902e-16,3.35007029303447e-06,7.22335921186694e-16,-4.04362592710853e-10,-1.54551458421042e-16,-3.2308896099416e-10,-1.10366438058252e-11,-2.23890731340812e-15,5.67167286151218e-16,7.41942292206785e-09,6.5768969046906e-11,-1.06983205015168e-09,-8.03114046654674e-08,3.89849992688454e-16,1.16100768633872e-10,3.58675047171589e-09,-1.57769232671679e-09,1.55499580062546e-15,8.99633466028282e-07,3.2251620143943e-11,3.01781004112892e-06,-9.29269718959831e-09,-0.694716433857781,-2.44602886897055e-15,7.43649593990774e-16,6.66337361738037e-16,5.85901758942062e-17,-2.64272168371319e-10,9.72880153824948e-10,-8.40649611689526e-10,1.07458935817336e-15,1.67207974627456e-07,1.22375985870716e-10,-6.30427943626877e-10,5.78287950527902e-17,1.97024317143386e-15,3.19869177233803e-10,-1.26101671486143e-11,2.97321819234198e-16,2.71196890734549e-07,4.42972451244663e-16,3.75271887880537e-16,1.30031702678071e-16,-4.18589220500559e-17,-5.44781248765107e-17
"t116",-0.0636780350204883,0.0413646849163955,0.00345399415298714,0.0194653727195811,-0.00407029887319481,0.389966645451127,0.0265029312857846,-0.00951858359106009,0.0368861972705486,-0.0201616015743044,0.0535347179254354,0.00174548290276577,0.000241956806036347,-0.049997293492686,0.0245153281298883,0.000225939470586536,0.00437137503707541,-0.000662799581510208,0.00239140176654284,-0.0336015154754625,0.000469891581539736,-3.3153250822203e-05,0.000172555680943444,-0.00077570914446557,0.0474381566268677,0.0106718624472551,-0.00450715877487862,0.00730285629927681,-8.26069101522841e-05,-0.00961989911652133,-0.00411067931473938,4.33022908508164e-05,-0.00189213943470213,-0.00421351860554762,0.0313841486482375,-2.65309540082265e-05,-0.00199647023894978,0.00704595782406858,0.0031782354551347,-0.039384168920511,-0.0915160362162649,0.0343065965516453,-0.128699818725834,0.000422137940371325,0.000467599027909807,0.10841809431129,-9.38436486682666e-12,-0.000523734113926617,0.00102421549129507,0.0506429319685229,-0.0330236359476578,0.00417064428729019,-0.0146828742069264,0.0579385226957079,0.00712535535534562,0.0945800162878207,3.11380538583453e-05,2.06600430319222e-05,7.25906044846817e-07,-0.00305207917732939,-0.0609247107493874,0.015754791509363,-0.00309644070660352,0.000237391736204482,-0.00179015409302681,-1.01674296077705e-06,0.000653928563154857,-1.17513511567223e-05,-0.00081314840662112,-0.000103510043068743,-0.358652099398111,-0.00167939577144507,-0.0154233462223559,-1.00212165781493e-06,-8.3521438067196e-06,-5.20622106678159e-09,0.000236902539417462,-0.0406553405475217,5.12147000988661e-08,-1.7044761987919e-12,5.75141332086375e-07,1.5776078647613e-05,-0.00104441098484861,-3.59870280531926e-07,-1.67110940924482e-05,1.12692542616535e-15,0.000107701821232334,1.41748018991309e-07,4.29755967596219e-08,-1.5145610783487e-07,-2.2334231329843e-06,6.5067474786962e-07,5.50252617486091e-05,1.16472689804491e-09,-6.78803998600819e-09,6.78902679704689e-07,9.32595312190532e-08,3.40758558219426e-09,-8.88646688786826e-11,3.57539539381363e-09,9.41477662974241e-14,1.26624589177719e-11,-0.000144159748576335,-0.215690649027135,0.159373606112597,-1.0318850996319e-06,-3.57766778397749e-15,1.69201432498109e-15,-3.05192023776733e-09,-2.34189080260616e-08,-3.95647327081517e-08,7.17976222379098e-07,3.8990747939975e-07,2.29856414378039e-09,5.7737607383789e-17,-1.08412176463018e-16,-2.13019176252701e-07,-4.58608804018204e-06,2.54761997046626e-08,2.11629747254495e-08,-3.43678210484364e-16,0.00940813905240774,7.77924749861304e-07,-6.63546656839699e-11,-7.92423369063899e-10,-7.95272890049048e-11,-4.14403051952124e-09,-1.88259579917252e-06,-0.000401252608367431,-1.66739426085808e-08,-5.70798085307181e-09,0.209035564407796,-2.09683038661829e-08,-7.36023983798767e-07,-6.56207918063575e-16,2.88928237583697e-06,-5.86928748258785e-16,-3.42906847075532e-10,5.36721625878559e-16,-2.6597696644432e-10,-8.75378453026791e-12,3.72062126497248e-15,-1.87233765083757e-16,5.77929018703849e-09,5.12188464926212e-11,-7.59684244086871e-10,-5.61335663992746e-08,1.99194995318125e-17,7.47212979831198e-11,1.72977531538894e-09,-3.39515968128274e-10,-1.60377830847816e-15,-6.59099047561895e-08,-5.49939535489391e-12,-7.54746825988584e-07,5.92064907438904e-09,0.719036816731526,3.46013186122835e-15,-1.06442707133217e-15,-5.27844935565212e-16,1.18009725623176e-16,-4.55247712006799e-10,1.57713632431555e-09,-1.18815105407881e-09,-1.06001655007493e-15,2.22830209928933e-07,1.59160337172152e-10,-8.07697539276578e-10,1.93619934757188e-17,-3.69690143866564e-15,4.05149028123155e-10,-1.58087910577907e-11,-2.64589263084732e-16,3.27576150342874e-07,-6.19645461516497e-16,-4.63311950714462e-18,2.41943227004529e-16,1.76546074678265e-17,-1.30896834758216e-16
"t40",-0.0616660761717729,0.0395283083787295,0.00315149530477989,0.0177197445813624,-0.00340497406018931,0.308753160567814,0.0198089682637811,-0.00677682020369749,0.0250273500379446,-0.0118547572733558,0.0298831416173112,0.000877303457071488,0.000119902744325534,-0.021287449112654,0.00900489700367833,7.16141949252402e-05,0.00129974397157503,-0.000192137228436933,0.000346441012262548,-0.00431319881993406,4.78332325229754e-05,-1.61747819021722e-06,-6.21972586772879e-06,5.9164525893456e-05,-0.00492032994467173,-0.00195092727833934,0.00124079879465967,-0.00225451174423283,3.32084426527962e-05,0.00435541839637878,0.00189975390849699,-2.13556966351496e-05,0.00104349570475196,0.00241202453702453,-0.0192296651827346,1.98064148937251e-05,0.00151171141070256,-0.00583189073785566,-0.00266775124165326,0.033639164265192,0.0882515608346889,-0.0333613246581491,0.12561812587874,-0.000412564199268399,-0.000473651554050424,-0.11431175173839,9.96122632082005e-12,0.000585288638404863,-0.00115071683705589,-0.0574566347183925,0.0381037572644131,-0.00484521876306348,0.0179119545165809,-0.07160732118257,-0.00882786774997978,-0.118200712116312,-3.9089573351254e-05,-2.59067954177603e-05,-9.09834857073214e-07,0.00381678347312363,0.076038715794895,-0.0196546703756289,0.003693029336106,-0.000280915740738594,0.00206596721943883,1.14301306858278e-06,-0.000616664939117434,9.28916012586152e-06,0.000544784116223239,6.4354252992004e-05,0.215413116073663,0.000983263340384728,0.00867337277181033,3.85347020295018e-07,2.44816753443994e-06,5.14557061251503e-10,3.21985921092303e-05,-0.00760012807371688,1.16951374530359e-08,-5.31264730381387e-13,3.0864404776103e-07,9.77855494299694e-06,-0.000676435065113876,-2.96782093522403e-07,-1.4125759289693e-05,9.62614046094017e-16,0.000100738041533404,1.76931605101526e-07,5.46574255559117e-08,-5.49067087266106e-07,-8.39319422662847e-06,2.49762637288227e-06,0.000265286056496034,1.23976884527791e-08,-8.40076700356351e-08,9.86843413342773e-06,1.37792774864906e-06,5.17163075881583e-08,-1.49909666277703e-09,9.03742146422457e-08,1.61946549750893e-11,-2.09214077214869e-10,5.93017684609107e-05,0.0538596308943537,-0.0385299524755165,-5.96109195413405e-07,1.77771611895426e-15,-2.59171707249892e-18,-1.38340461623735e-08,-1.1981606681512e-07,-2.5373561691562e-07,4.84511442042155e-06,3.00226210722877e-06,2.06116888433715e-08,7.60422917814292e-15,2.43391967107774e-15,-3.56920663629134e-06,-9.80717766062234e-05,6.11012333245155e-07,7.16118591636644e-07,-6.41547153948887e-15,0.874226923868319,0.000100840557302763,2.4364969709961e-08,4.41016998043955e-08,1.87701414445812e-09,9.17376504687899e-08,4.10233444205529e-05,0.00373666730479388,1.17527591509401e-07,1.56414360241475e-08,0.0755979663918749,-2.55056481769704e-07,-1.48478328537115e-05,1.32461131741453e-15,8.93964900690047e-05,-3.3528213452142e-16,-2.06204165945805e-08,8.42536980507267e-16,-4.07874144956396e-08,-6.31752163375828e-09,1.52684274190622e-15,-4.59953851333218e-17,-9.92478337400201e-05,-6.95788096077214e-07,2.22741445274344e-07,1.52810313471807e-05,-3.1487888385046e-16,-1.67443549478959e-08,-3.73136373037555e-07,1.24099348138441e-07,3.04344948563318e-17,-5.30338948541154e-05,-1.70144926970544e-09,-0.000144147165223152,2.2324122189092e-07,-0.00132061768186738,3.55260398584606e-16,4.29351763691946e-16,-8.00456296483173e-17,5.46763478708727e-16,4.72112082001075e-08,-1.71550064791387e-07,1.53745192264473e-07,4.49010736780462e-16,-3.33627625027079e-05,-2.61356749740117e-08,1.42725227669002e-07,4.23855500113691e-16,-9.44827086041276e-16,-7.66300267658962e-08,3.21596218231486e-09,5.89816812531455e-17,-0.000104307458837501,-3.65868433241063e-17,2.8714324202188e-16,-3.25117689545691e-16,-7.15734411858156e-17,-7.83605774098808e-17
"t19",-0.0594445032797761,0.0374998337805737,0.00281691942944132,0.0157888877668369,-0.00266740904553912,0.218598896172077,0.01236800430845,-0.00372577901275392,0.0118172113363343,-0.0025754348215206,0.00343823074069319,-9.50936876079611e-05,-1.68330214170252e-05,0.0109461638138575,-0.00844122112957645,-0.000102245802002576,-0.00216283719848428,0.000338554263426941,-0.00196988368208506,0.0288788426931262,-0.000430878326794833,3.42107101987191e-05,-0.000209864329636794,0.0010113535159357,-0.0646862561802553,-0.0163939249407718,0.00783544136241082,-0.013230120246576,0.000166548897587614,0.0204664288074784,0.00883031179457415,-9.59680211324847e-05,0.00443555086599315,0.010071044487029,-0.0777843412569264,7.35131220724224e-05,0.00557815580272165,-0.0207620325527727,-0.00944516375139506,0.118290820406949,0.296217050148715,-0.111620759952217,0.419702148924178,-0.00137773591453896,-0.00156021373281207,-0.370711183629276,3.22181192259014e-11,0.00185305071126362,-0.00363467777074944,-0.180687373917846,0.118877187501215,-0.0150649711571393,0.0540322049279755,-0.213328935803276,-0.026222797944042,-0.346201962267629,-0.000112597558618268,-7.30990367854931e-05,-2.5615011063918e-06,0.0106542773520353,0.210995831453127,-0.0544735013453472,0.00942150155890206,-0.00070772868910126,0.00500078987766179,2.64991471937259e-06,-0.000970945425578735,5.99400990160281e-06,-0.000238353702903543,-6.4590888808936e-05,-0.276331294306302,-0.00147144742556662,-0.0160228097481559,-2.3406271486301e-06,-2.53553445045199e-05,-2.39739220568488e-08,0.00157756531803738,-0.28987752401222,3.85088820660049e-07,-1.41832734552316e-11,6.10452448309134e-06,0.000181627917872085,-0.0123449752561769,-4.9846382856847e-06,-0.000235569333790452,3.00576596268331e-15,0.0016362120835974,2.7363532955928e-06,8.43830842903488e-07,-1.1170368191349e-05,-0.000175472004621428,5.31044868231004e-05,0.00705570545446838,7.65683322857661e-06,2.00251537011392e-05,-0.00101262924932586,-0.000134166255383941,-4.65196635793513e-06,1.05029154533795e-07,-3.78575490486092e-06,-4.02949269312889e-10,3.08005211223703e-09,-0.000187353685021294,-0.030264055935923,0.0134243864118628,5.40187531267405e-06,-6.23596916095977e-16,3.69284848714525e-16,6.05583317611756e-08,4.88472690145651e-07,8.90125039799282e-07,-1.63785764463483e-05,-9.1708420522352e-06,-5.55007184719814e-08,-4.88975636596026e-16,-7.11231346166897e-16,5.31192169417566e-06,0.000113825920164294,-6.3068241979326e-07,-5.23132474882743e-07,1.96325646215381e-15,-0.272722195872904,-2.56105387487198e-05,-2.05375685481667e-09,3.62604506690521e-09,4.04303583884661e-10,2.06294471795321e-08,9.31964366384795e-06,0.00123791698092235,4.20842527704095e-08,6.9944897487025e-09,-0.019146478942677,-1.20909896584475e-07,-8.0723683749187e-06,1.45022815928982e-15,5.51025826336093e-05,1.58727442010893e-16,-1.52387956727251e-08,-3.52864499742836e-16,-3.57897655562387e-08,-6.20041021059912e-09,-3.39450897426316e-16,1.22077572125046e-17,-0.000101011429682799,-7.08437626476162e-07,2.51153574704489e-07,1.74106380008421e-05,1.15771257746901e-16,-1.98368343550133e-08,-4.67773240890677e-07,1.61306161000239e-07,4.92567973998814e-17,-7.01207880781651e-05,-2.25799789559161e-09,-0.000191790147864957,2.99642812608418e-07,0.000126010219577192,-1.10585679002982e-16,-7.89387492615582e-17,8.41741752722879e-17,-2.63953518540429e-16,6.83758506002291e-08,-2.50231145853901e-07,2.29584541891589e-07,-5.98665916359987e-17,-5.05870360068199e-05,-3.99391684909191e-08,2.19276167023148e-07,-1.30679955449486e-16,1.10759945638978e-15,-1.18250188764415e-07,4.98353892898778e-09,3.2946645267149e-17,-0.000164533978328414,-7.35436286919607e-17,4.81119733975304e-16,1.12114427211356e-16,7.11481019315748e-17,-2.16605576422939e-17
"t7",-0.0622706623867903,0.0422471103818692,0.000350053626478713,0.00304995964446439,-0.00115246730370032,0.0663643515525002,0.00122051163400397,0.000547376243890397,-0.0116148139517798,0.00842122209734315,-0.0272023002267113,-0.00120036070703494,-0.000172473732532472,0.0624675729881317,-0.0198807490993283,-0.000231437559527148,-0.00474798840790822,0.00120057661249078,-0.00354691826665993,0.0511613529177026,-0.000744910391203134,5.66561150598839e-05,-0.00033010776574427,0.00157109006248494,-0.100628102576081,-0.0460289612697998,0.0150957088422737,-0.0240661702360911,0.000180816221633786,0.0303081914032271,0.0129014103426516,-9.40874471865992e-05,0.0042350297036747,0.00946819066851497,-0.0707244646395419,5.81562389594923e-05,0.00550122454351704,-0.0146807125688025,-0.00655801556022432,0.0801871410304591,0.160221639826275,-0.0591138147606028,0.220136937583937,-0.000720161253601186,-0.000733263679769678,-0.149098391506485,1.17785579898806e-11,0.000518223549768621,-0.000387827885554174,-0.0435191199863715,0.0229243967475313,-0.000810039485735987,-0.00193830884857238,0.0273810142697717,0.0101973937667514,0.0863619016544941,4.14061551447092e-05,3.69832301402363e-05,1.33251396261515e-06,-0.00611481699793693,-0.129099744403122,0.0321639307637943,-0.0213618340651498,0.000750262202572381,-0.0113889395449559,-3.67876990875692e-06,0.00334162087719483,-3.16723623271149e-05,-0.00136987416078299,-8.22496346644464e-05,-0.177368322896564,-0.00045470016249095,0.0033185519133082,3.40134846417695e-06,4.59569242828978e-05,5.70671784220295e-08,-0.00467084399856853,0.879810796579426,-1.20222436476448e-06,4.54346772373406e-11,-2.28155132217831e-05,-0.000707910861229132,0.0487725394674057,2.13642076173236e-05,0.00101877575232394,-9.23862623464598e-15,-0.00735238727635458,-1.3890929204173e-05,-4.32069531907655e-06,0.000107436161273941,0.00173373680535719,-0.000287328692310237,-0.0846742060476641,-0.000176048097163238,-0.00051748186480495,0.00733900507557165,0.00371988740142293,0.000135440551858023,-3.32302824319138e-06,0.000151358266198462,2.65210713591745e-08,-2.95503477705442e-06,-0.000320316139534716,0.0397358030843084,0.0572086710322227,0.000528589792883483,7.92130952413157e-16,-5.30530897897348e-16,1.35054113340284e-06,1.0087385598567e-05,1.58593587231652e-05,-0.000282106735351394,-0.00014461961961467,-7.90068953139447e-07,-3.58273349262073e-14,3.90270286258949e-16,4.9874474180466e-05,-0.00165052313592006,-4.61921056935743e-06,-2.89326430878071e-06,3.5335043419633e-16,-0.0341932773771572,4.41872659284505e-05,4.21817957721301e-08,1.25876865780555e-07,6.86042025680984e-09,3.40146353817225e-07,-0.00151371222412467,0.0160814753751674,5.23656062342088e-07,7.83174885142605e-08,-0.00269734868432191,-1.23798429705534e-06,-7.65318834094093e-05,1.10578110585131e-14,0.000485684763436189,-2.85320101516018e-16,-1.2029817565625e-07,-1.81773817562918e-16,-2.52430270632834e-07,-4.03583055151742e-08,-6.75406166629963e-16,2.00409444021452e-17,-0.00442745882847167,-4.4087909848525e-06,1.46211675719558e-06,0.000100445673351157,-1.34115375920219e-17,-1.10516091390622e-07,-2.46913763241041e-06,8.20593908680274e-07,-1.92479320481532e-16,-0.000350463662074363,-1.1252499449478e-08,-0.00387983535019593,1.47114394661468e-06,2.30674126945129e-05,4.94862771786183e-17,1.26486697262735e-16,-4.6767630184316e-17,-4.14564593457251e-16,3.06444237451682e-07,-1.11100736248761e-06,9.87136468978732e-07,-1.46578077352042e-16,-0.000683484238680011,-1.66046294591273e-07,9.04272593536316e-07,3.51115533401282e-17,1.31985243866393e-15,-4.84361751461446e-07,2.02798509276552e-08,-4.61220550409281e-17,-0.00194130220110351,2.18571403127677e-16,-6.20471488857524e-16,-8.42037252793682e-17,-1.11381881237211e-17,1.89679931988356e-16
"t37",-0.0893791015962789,0.0760893414248215,-0.00784957883495579,-0.0379502784631048,0.00049626394891698,-0.00791507934487578,6.87649286878285e-05,0.000108696238494981,-0.0355460725732656,0.0024742095820194,-0.0103305194703928,-0.000731214346565985,-0.000112629072718445,0.145243881135681,0.0251812021437942,8.5400111317635e-05,0.00114054005498147,0.00328228474454575,-0.000649915929730509,0.0110388178813419,-0.000200527737565298,2.1986211679155e-05,-0.000222401326078828,0.00144139216720142,-0.119544482094904,-0.3065283133647,0.0828660443400347,-0.134829890479782,-5.44782302736718e-05,0.223410161599762,0.0978992502634788,0.000122219646151302,-0.00300731104003213,-0.00596032850987559,0.037052333505846,-2.19312546218811e-05,-0.0479013576535861,0.00399346175617238,0.00174047560223723,-0.0206212402461967,-0.0325449061993188,0.0118006327875312,-0.0436063961011367,0.000142268334766934,0.000134130025686365,0.0248846665312529,3.63700408690519e-12,-7.50289306153957e-05,-0.00314321527960894,0.00597992892882859,-0.00307314446885767,-0.00803284365656586,0.000199103346574046,-0.00335194402804383,-0.0171342859349071,-0.0052725578851197,-2.04611661393608e-06,-1.01996615433676e-06,-3.30327307604317e-08,7.99104551167454e-05,0.000493696375742508,1.08899246179933e-05,-0.393098565250013,-0.00079340873391279,0.0558329969818449,7.61697373253086e-07,-0.00324482052583008,3.3171879047707e-06,0.0005589475202656,7.79260353858294e-06,0.0166879771694939,4.27428749857741e-05,-0.00403888778364648,-2.90197737177424e-07,-3.81453435947454e-06,-4.51053236782162e-09,0.000422284370928046,-0.0658436601623989,8.937856104629e-08,-1.79926848939999e-12,1.62689546030157e-06,5.00096937381669e-05,-0.00343527778626612,-1.47907426992046e-06,-7.04020504764084e-05,9.53487256239761e-16,0.000504219067332235,9.31652159921249e-07,2.89367463684227e-07,-6.84510595029726e-06,-0.000110514629079187,-0.000119603479010965,0.00544705030250639,1.24803352200904e-05,3.7864755022272e-05,0.00528927990333029,-0.000222846759681435,-9.29976656302307e-06,2.44168615684613e-07,-1.18629825375631e-05,-2.30923289774268e-09,3.26539035868333e-07,0.00478663378991424,0.153055342911076,0.207272391457906,0.000246264538483104,6.62517856530121e-15,9.38993947959092e-16,7.46703109414487e-08,4.65213681184539e-07,5.10625146698412e-07,-8.34471495667576e-06,-3.41250123463255e-06,-1.41959320396801e-08,1.51269306611825e-14,7.45754118290685e-16,2.55532763089508e-07,0.000264816536112427,-9.9014850501688e-09,-2.03495786216414e-09,-1.214204646027e-16,2.0245016119945e-05,-3.10169413353248e-08,-3.86924705391758e-11,-1.21412487977696e-10,-6.0973281068426e-12,-3.17009328054161e-10,-0.000259908998671308,-1.15691607138445e-05,-3.57080418365329e-10,-4.68789992972917e-11,1.42705363968616e-06,2.55968291962267e-10,-2.82668255469076e-09,2.96884455403155e-17,1.72283950508612e-07,1.54519084097317e-16,-1.24735129290951e-10,-2.09316666948241e-16,-5.18752219369337e-10,-1.23568631806272e-10,3.135467458041e-16,-2.44842242835336e-17,-0.00155567773088428,1.53440261134972e-08,6.7450338103747e-09,4.78716611060359e-07,-7.11585681479972e-17,-5.93600897958385e-10,-1.5672602840305e-08,5.79080759309947e-09,2.3740910963079e-17,-2.67971860945515e-06,-9.31765287832164e-11,-0.00153460851538173,1.06180433606792e-08,1.70964103813338e-07,6.77344446954543e-16,-6.6329519930839e-16,-3.53735276734825e-17,1.43728612091035e-15,2.41499771481984e-09,-8.55350954398915e-09,6.09058126382987e-09,1.7998926413219e-16,-8.94741092234935e-05,-1.11692310212968e-10,-2.10266348359437e-09,-5.90255532134112e-16,1.72876837411061e-15,2.91467035240262e-09,-2.30945928603421e-10,5.34791673723508e-16,0.725235377029766,-5.67979285971602e-16,7.55885807346829e-16,-6.59600721993789e-17,2.78309350909156e-17,-8.17906738447832e-16
"t38",-0.0894191647665415,0.0761373209860849,-0.00785938326907454,-0.0379988257463229,0.000497429355197375,-0.00793886604614156,6.90166771922621e-05,0.000109151701127149,-0.0357128939221226,0.00248923376398234,-0.0103980023257571,-0.000736625025043767,-0.000113474976910832,0.146495545693334,0.0254219385480542,8.62868771747405e-05,0.00115275265307764,0.0033178353737205,-0.00065855115321467,0.0111886468615231,-0.000203342487734882,2.23154307294748e-05,-0.000226072826113907,0.00146625926257807,-0.121668297458388,-0.31243713648342,0.0846150021645872,-0.137767187225238,-5.577149652552e-05,0.228959965305186,0.100351510036404,0.000125365759319408,-0.00308874257259343,-0.00612465512278355,0.0381096196141044,-2.26320312859052e-05,-0.049445785111086,0.00413014202357923,0.00180064181974281,-0.0213431421863506,-0.0337996305817419,0.0122589383790225,-0.0453055069938018,0.000147818159278065,0.000139537160791527,0.0259284439492615,3.79044259052972e-12,-7.83882413831526e-05,-0.00328488099695765,0.00625282274208222,-0.00321661089599315,-0.00841152067687046,0.000209324950480462,-0.00352975405229259,-0.0180499095438241,-0.0055638953673716,-2.16322231255651e-06,-1.08054585114085e-06,-3.50017370563323e-08,8.47367385150496e-05,0.000523771156250075,1.15544223606989e-05,-0.419174359240358,-0.000846501328226578,0.0596589466804242,8.14960388410585e-07,-0.00349156962966892,3.5816538939094e-06,0.000604868042486665,8.4397262951339e-06,0.0180800644119345,4.63197365305054e-05,-0.00437848066206982,-3.15413556578535e-07,-4.15096028337145e-06,-4.91972287590186e-09,0.000461729728171996,-0.0720297707084623,9.78142389406652e-08,-1.9707617880739e-12,1.78524635763793e-06,5.4913815740528e-05,-0.00377297304013378,-1.62662535109324e-06,-7.74367711111265e-05,1.05766919336174e-15,0.000554953474757229,1.02749187101887e-06,3.19181159237286e-07,-7.62720818792226e-06,-0.000123189764163607,-0.000133351685876051,0.00608803769811325,1.40465175504432e-05,4.26559990049872e-05,0.00596362451841254,-0.000251277852058692,-1.048756723581e-05,2.75482584253476e-07,-1.34025195948628e-05,-2.61447144545406e-09,3.70879473763697e-07,0.00547534900884127,0.175110253758193,0.237142063115625,0.000282039656299011,7.61967528014592e-15,9.92649228170613e-16,8.60450160993692e-08,5.36620668778183e-07,5.90324440618529e-07,-9.65271116336579e-06,-3.95373493504012e-06,-1.64813573999181e-08,1.74661043367202e-14,-1.7883429029555e-16,2.9968835394751e-07,0.000311876785452139,-1.16832926644645e-08,-2.41378102500535e-09,1.33818541681909e-16,2.42508420208861e-05,-3.72169029210119e-08,-4.66849861057439e-11,-1.47452470028303e-10,-7.45068896693701e-12,-3.87547702185934e-10,-0.000317777786793586,-1.42172565047449e-05,-4.39319167513088e-10,-5.78135166015526e-11,1.763185215156e-06,3.18725313882325e-10,-3.53872101586938e-09,2.05100872808181e-16,2.17142368995338e-07,2.26508052021086e-16,-1.59462935238012e-10,-2.04903810111791e-16,-6.77916253533678e-10,-1.65249493965109e-10,-2.40354507931103e-16,-8.55660466855183e-17,-0.00210138548861197,2.07289753607778e-08,9.48290886313157e-09,6.76732232009203e-07,-2.22134928205675e-16,-8.59601479608429e-10,-2.38500862054583e-08,9.23838612836188e-09,5.71134874237909e-17,-4.40162604320449e-06,-1.54143657574764e-10,-0.00255174730331416,1.79886334726641e-08,2.93294908264142e-07,-6.14413666393769e-16,3.72539465506858e-16,-4.79323662245294e-17,-1.30685180929222e-15,5.76096733148336e-09,-2.19139429384792e-08,2.35606871957107e-08,-1.00702392830614e-15,-0.000742214457943802,-5.32165192178324e-09,3.22499402507495e-08,5.16043866517001e-16,-2.01942115238402e-15,-1.92847296748701e-08,9.2361036013909e-10,-3.80839143748274e-16,-0.688193969448769,6.26718829583529e-16,-3.75412574573492e-16,-1.02176613021546e-16,-9.13170049607398e-17,8.66490193257153e-16
"t28",-0.089559173678663,0.076305580217056,-0.0078941771844908,-0.0381712104258808,0.000501654462275764,-0.008026225358502,6.99533772211831e-05,0.000110864447569059,-0.0363466218503214,0.00254794393220779,-0.0106642387535363,-0.000758363706345928,-0.000116881585315642,0.15165689457175,0.0264351758982306,9.00875920990252e-05,0.00120547546220947,0.00347173412399385,-0.000698092343111936,0.0118793406494195,-0.000216460958244053,2.38845669782856e-05,-0.000244242113870072,0.00159163320668716,-0.132516496908036,-0.343822977691854,0.0943724666363457,-0.154464584354001,-6.35435989002845e-05,0.263415585161071,0.115671302035761,0.000145437780658236,-0.00363036466415671,-0.00723494795196851,0.0454814321622315,-2.81341962632699e-05,-0.0617011738897418,0.00530006135927449,0.00232269478271902,-0.0277186248583415,-0.0467254614985729,0.0170434590190725,-0.0631505957634287,0.000206229872305652,0.000200188650494603,0.0386794483598498,5.6982065151659e-12,-0.000126833984552372,-0.00536704916203454,0.0104152569879797,-0.00556942488273017,-0.0148314168013878,0.000459353353318363,-0.00882120503646106,-0.04671344469931,-0.0175673586283554,-9.48887384417453e-06,-9.72398494609138e-06,-3.56512843871919e-07,0.00176608136372223,0.042055891924651,0.00218994039501104,0.803943331902303,0.00139696537663957,-0.0674107033316398,-6.77136990709392e-07,0.000637359625311473,8.2946582523509e-09,5.37513789087283e-05,9.76578461987267e-07,0.00228568357523166,6.19552823438382e-06,-0.000632506453993199,-6.64641774646222e-08,-9.82926492294192e-07,-1.38118533443946e-09,0.000147790713979488,-0.0235703318085441,3.25464657107093e-08,-6.7599576408964e-13,6.55279426311313e-07,2.05766126555942e-05,-0.00142296091269414,-6.36636825129128e-07,-3.04259284276027e-05,-1.05639419180725e-16,0.000221600524271434,4.30048101852302e-07,1.34002135331018e-07,-3.75101819277571e-06,-6.08577731538943e-05,-6.60506085897097e-05,0.00309547557746374,7.59759192758684e-06,2.32374514491577e-05,0.00326951562510717,-0.000137841449798098,-5.75843636496762e-06,1.51774120419831e-07,-7.45561909814858e-06,-1.47563641153862e-09,2.13657406606847e-07,0.00329096959405096,0.10536520043445,0.142697960203295,0.000170718677881354,4.56881982188586e-15,-5.49136965906462e-17,5.40073159341945e-08,3.38910897754153e-07,3.78191829148217e-07,-6.2074872769699e-06,-2.57056816100904e-06,-1.08774679634198e-08,1.25967292685158e-14,8.67438603332937e-16,2.1984156775459e-07,0.000248158544638991,-9.82749616091434e-09,-2.8416721571862e-09,8.72132522504272e-17,4.23220039991266e-06,-1.00732496840367e-08,-1.92425605195259e-11,-7.03685199430069e-11,-3.79343983270527e-12,-1.98022608156355e-10,-0.000162512021568687,-7.50718364794789e-06,-2.33329423932474e-10,-3.10398442382063e-11,9.53721845570909e-07,1.76657580789252e-10,-1.98594459106805e-09,1.69373894434369e-16,1.2336029252269e-07,1.08893089505075e-16,-9.2227661133013e-11,-2.60122501967144e-16,-3.98354049357234e-10,-9.79362546478938e-11,-1.26828564395731e-16,-1.04543851595622e-17,-0.001248078066289,1.23118447527379e-08,5.64804222929181e-09,4.03012724924795e-07,-1.81548969335674e-16,-5.11125770139985e-10,-1.40858573444581e-08,5.40658970122222e-09,2.72313750981548e-17,-2.5594672269369e-06,-8.94853800133718e-11,-0.00147961384196155,1.03845871688552e-08,1.68802639202771e-07,9.2718364904461e-17,1.17803004612629e-16,-5.95456026764236e-17,1.1309898381105e-17,3.04922088225262e-09,-1.14003660314083e-08,1.12424450229983e-08,-8.38089948081343e-17,-0.000319305982846926,-2.10528133451739e-09,1.17819504672238e-08,-6.63053329060146e-17,1.08932407162569e-15,-6.45890117664761e-09,2.76819361287188e-10,3.4544598002134e-17,-0.00646975472873868,-4.3915212148003e-17,3.46547700959387e-16,-2.77694745124865e-17,6.05595852189417e-17,-1.05683872060503e-16
"t29",-0.0891113552245744,0.0757683298172872,-0.00778373141740571,-0.0376241701357218,0.000488383708234406,-0.00775358298475449,6.70487464695843e-05,0.000105581085017018,-0.0344015086199975,0.00237023478000608,-0.00986215300448263,-0.000693455726753448,-0.000106721764387696,0.136441542704876,0.0234780565336001,7.90934623620676e-05,0.00105350445239147,0.00302872595715145,-0.000587346864327265,0.00995117754625299,-0.000180033441389942,1.95745313847709e-05,-0.000195235372355544,0.00125649832793824,-0.10369994705952,-0.262004789490104,0.0695265458827573,-0.112325092960924,-4.44389961864067e-05,0.180007632529227,0.0786943363277687,9.74651164534677e-05,-0.00236074682758759,-0.0046512008404681,0.0285737054559839,-1.6178099300556e-05,-0.0351968338972969,0.00285359041050431,0.00123751439948595,-0.0145680896165102,-0.0217617852187077,0.00785418253349389,-0.0289624883822636,9.44218950543545e-05,8.70908661574243e-05,0.015701539620414,2.28239195843002e-12,-4.48992591619963e-05,-0.00187008559667102,0.00351823044771335,-0.00177002388392754,-0.00458309386483197,0.000103647431730511,-0.00167860278564214,-0.00850552200648636,-0.00251794435771112,-9.48975032452745e-07,-4.98300077199235e-07,-1.65181747405709e-08,4.96177096372527e-05,0.000669362390561659,2.96170143107323e-05,-0.0935750585813205,-0.000183423716490588,0.0116695617363627,1.42494624968086e-07,-0.000244449897608835,-4.11841929060398e-09,-3.09105698021322e-05,-5.90456745603977e-07,-0.00141084328304021,-3.87970659823308e-06,0.000404644995069966,4.90696315385306e-08,7.72327034114211e-07,1.21669807563697e-09,-0.000145951934986403,0.0237995507577992,-3.34407182367034e-08,7.18643452174476e-13,-7.55882831520198e-07,-2.44015300657546e-05,0.00170267347274347,8.04022135291512e-07,3.86552587993277e-05,-3.95739535110431e-17,-0.00028876163538016,-6.07052980869491e-07,-1.90216167818098e-07,7.69819611785337e-06,0.000126603813469248,0.000138507200918206,-0.00706110665646028,-2.19396263032645e-05,-6.92258564646922e-05,-0.0100219840057119,0.000423640539090812,1.77731555860904e-05,-4.7580970897741e-07,2.44628465703453e-05,5.2018979107137e-09,-8.39216889674904e-07,-0.0165693202413448,-0.534080125574794,-0.723557059163283,-0.000898015005320016,-2.30442412501016e-14,-2.0943800414297e-15,-3.58043809502025e-07,-2.33789945268121e-06,-2.85696549018311e-06,4.80237613627011e-05,2.12864185667303e-05,9.8614445797213e-08,-1.41254740790048e-13,-2.01535906619625e-15,-3.37160956568748e-06,-0.00504939028071021,2.32603571864181e-07,1.16071997886586e-07,-6.41792753250757e-17,0.000911415677470485,-1.09799697646257e-06,-8.27952590407611e-10,-1.83726580343584e-09,-7.41385027395203e-11,-3.8012082507387e-09,-0.00310608857451435,-0.000120883719079368,-3.63318869367251e-09,-4.53106374252374e-10,1.32922056910341e-05,2.09092837182424e-09,-2.14435040800376e-08,-2.90072613101917e-16,1.20854509250146e-06,-4.12415209254521e-16,-7.70199907035974e-10,6.37829938059743e-16,-2.79932610324621e-09,-6.07009976820371e-10,7.4687239436567e-16,2.72874449992831e-17,-0.00740793276184908,7.30409497694923e-08,2.94393026486906e-08,2.07155509013464e-06,6.93690295852239e-16,-2.49033801540909e-09,-6.32423427027792e-08,2.29698631652774e-08,8.17729621325379e-17,-1.0584777480005e-05,-3.67880643444325e-10,-0.00605773756421372,4.1918416847234e-08,6.75439181483176e-07,-1.15590353511949e-16,1.87026046353154e-16,3.1505466219385e-16,-4.48680932330784e-16,1.0790286824942e-08,-3.98139536605122e-08,3.75450059699736e-08,5.46544321280957e-16,-0.0010345400019845,-6.71378363060332e-09,3.71603473892698e-08,1.51199699221476e-16,-2.48866703820653e-16,-2.01852302690467e-08,8.57487968116213e-10,-1.95600872727294e-17,-0.0192848700545797,1.59779031405195e-17,3.20129060580871e-16,3.0577646910324e-16,1.57545363545447e-17,-3.44616496106505e-17
"t169",-0.103262879343572,0.0938547586044868,-0.0125687079478545,-0.0616624191918334,0.00166860335379242,-0.0712953742137456,-0.00124253431473234,-0.000710075689667115,0.229867196021484,-0.00129424580974012,0.00616410164875926,0.00041626762489239,6.33245731323645e-05,-0.0719769961687784,-0.0116215608694708,-3.99920493323325e-05,-0.000566956206265502,-0.000185544560181489,6.5659632114079e-05,-0.0012801480411269,2.58374490701558e-05,-2.99984305836623e-06,2.95657058126189e-05,-0.00018721304322987,0.0153049346800543,0.0388730545708762,-0.00430405779010018,0.0135823248861844,2.84406851173162e-05,0.107400873647184,-0.165582032080393,4.32159364461161e-07,-1.12694004599095e-05,-1.11525732274381e-05,1.81473594226128e-06,-1.00108498449214e-07,-0.000649330962300073,3.52046388660543e-05,1.68888034573281e-05,-0.000223266312386727,-0.000574909217970432,0.000209861864226672,-0.000775998750953757,2.5313540519479e-06,2.08100121170015e-06,-2.37232894146622e-05,-1.74356437309379e-13,7.0355741251226e-05,0.474310640306142,0.00455222024057772,-0.00136139102508145,-0.0112480678914021,0.000153038663271968,-0.0103492727212402,-0.160019943938465,0.00657522964346802,1.40524988118573e-06,7.56238953718985e-07,2.62208328643929e-08,-0.000107182378058304,-0.00255244795640239,-0.00154952805845238,-0.00234645723095561,1.52714939819615e-06,-0.00133012927612735,-1.44415879240778e-08,0.0230043175283933,-7.3630127785248e-08,-0.17594038483807,2.0032186661171e-07,0.000260334501804335,4.93451310046474e-07,-4.54952665588193e-05,-8.27992294410822e-12,7.36567886978207e-10,-8.65836446796767e-12,0.290426854367316,0.00168271698223476,-1.34815005046099e-09,-1.56256721053912e-14,-7.14760073100996e-09,-1.83144664061934e-07,1.18717412203317e-05,3.57116975726289e-09,1.6296697699647e-07,6.36523738513247e-17,-9.65574245594125e-07,-7.75212711514803e-10,-2.21038405108639e-10,-2.12583710145842e-08,-4.68997015031294e-07,-0.00427803601362018,1.59001387583513e-05,4.7457526017162e-08,1.47331327866006e-07,5.52802915092915e-05,-5.35917851825218e-07,-3.09555701896377e-08,8.95068598448859e-10,-4.43221896189935e-08,-8.41845243655084e-12,1.07456847619255e-09,7.12824925913451e-06,0.000217222708499558,0.000293441462624078,2.49515725371172e-07,-3.85009048457729e-15,-5.31725628049676e-16,-1.81167639765246e-10,-1.4845149592024e-09,-2.63357450053952e-09,4.7786552481114e-08,2.55299553080044e-08,1.4399946690219e-10,0.707106781197677,-1.23571925493565e-14,-9.13859734641507e-09,-5.02747940516495e-05,7.90145699276724e-10,4.64590295610177e-10,-9.55689623359468e-17,4.6090926050851e-06,-5.74317395030111e-09,-4.79155615856606e-12,-1.17970062378866e-11,-5.32051078016546e-13,-3.02242113579603e-11,-6.2935302118301e-05,-8.9917586021393e-07,-2.73975755920957e-11,-3.51044784603974e-12,1.0509567496315e-07,1.78594470213057e-11,-1.92195578896381e-10,6.55054120009007e-16,1.14482177071551e-08,9.05187075808089e-17,-8.08053535582688e-12,-4.05697958470051e-16,-3.34647768141807e-11,-8.18154687742953e-12,-5.69477892291069e-16,2.9396100819418e-16,-0.000150438254197646,1.9436503202264e-09,4.80968690039446e-10,3.45927701744103e-08,-5.45783907312947e-16,-4.5858304665165e-11,-1.4892357765809e-09,8.53178991648204e-10,2.36745776414681e-16,-9.75447315143541e-07,-6.9449479194318e-11,-0.00892770589962938,-1.80246661042952e-09,-1.32098772901362e-08,-2.49291727865328e-16,4.08546444556964e-16,-1.15461990122559e-16,-1.13180605168693e-16,1.42864129272328e-10,-5.56222870063197e-10,6.02370323976933e-10,-3.07481879533707e-16,-4.62568468645127e-05,-1.192312443438e-10,6.74334165329943e-10,5.35551316973093e-17,-4.74843413839955e-16,-3.72369317455309e-10,1.60482398583236e-11,1.58061585416352e-16,-5.89138039465611e-05,8.86153886254883e-17,3.05563121223256e-16,7.93068845283486e-17,2.34620554982053e-17,-2.96295690341121e-16
"t119",-0.10326287934359,0.0938547586045099,-0.0125687079478606,-0.0616624191918643,0.00166860335379396,-0.0712953742138304,-0.00124253431473414,-0.000710075689668323,0.229867196021916,-0.0012942458097433,0.00616410164877556,0.000416267624893588,6.33245731325033e-05,-0.0719769961690327,-0.0116215608695166,-3.99920493325823e-05,-0.000566956206268156,-0.000185544560182344,6.56596321146757e-05,-0.00128014804113423,2.58374490702262e-05,-2.99984305807133e-06,2.95657058125842e-05,-0.000187213043231327,0.0153049346801727,0.0388730545712056,-0.00430405779014104,0.0135823248863165,2.84406851176894e-05,0.107400873648403,-0.16558203208229,4.32159364479809e-07,-1.12694004604785e-05,-1.11525732280904e-05,1.81473594215026e-06,-1.00108498705953e-07,-0.000649330962310079,3.52046388666441e-05,1.68888034572095e-05,-0.000223266312390615,-0.000574909217981839,0.000209861864230873,-0.000775998750969245,2.53135405191556e-06,2.08100121199061e-06,-2.37232894149987e-05,-1.74367275073795e-13,7.03557412531237e-05,0.474310640317532,0.00455222024068892,-0.00136139102511598,-0.0112480678916896,0.000153038663276053,-0.0103492727215531,-0.160019943943359,0.00657522964367976,1.40524988125068e-06,7.56238954263688e-07,2.62208327896592e-08,-0.000107182378062912,-0.00255244795649751,-0.00154952805851011,-0.00234645723105568,1.52714939859536e-06,-0.00133012927618773,-1.44415885166248e-08,0.0230043175296465,-7.36301281240069e-08,-0.17594038484916,2.00321865683525e-07,0.000260334501821363,4.93451310657964e-07,-4.54952665609598e-05,-8.27879849093008e-12,7.3656862705461e-10,-8.65869772122231e-12,0.290426854391341,0.00168271698237613,-1.34814954407589e-09,-1.56696056637875e-14,-7.14760225024825e-09,-1.83144663258757e-07,1.18717412223301e-05,3.57117011992852e-09,1.62966976420542e-07,-1.75549205132622e-15,-9.6557424434339e-07,-7.75212926674724e-10,-2.21038075172366e-10,-2.12583697318646e-08,-4.68997017296843e-07,-0.0042780360142376,1.59001387668167e-05,4.74575274831118e-08,1.47331326298249e-07,5.52802915184417e-05,-5.3591785438567e-07,-3.09555699220566e-08,8.95070075782739e-10,-4.43221890699536e-08,-8.41572567825144e-12,1.07456850953177e-09,7.12824925272124e-06,0.000217222708583771,0.000293441462747297,2.49515724763151e-07,3.41703056619231e-15,5.23896136905045e-16,-1.81168611315425e-10,-1.48451662483509e-09,-2.63357961842778e-09,4.77865517773042e-08,2.55299488176144e-08,1.43971195640449e-10,-0.707106781175418,1.10646709083444e-14,-9.13860125250412e-09,-5.02747939958617e-05,7.90140292048782e-10,4.64578054025749e-10,-1.35588349773355e-16,4.60909261860661e-06,-5.74318192005444e-09,-4.79230396732102e-12,-1.17947862221301e-11,-5.29580066280729e-13,-3.02244808736798e-11,-6.29353021033792e-05,-8.99175860158419e-07,-2.74007895484997e-11,-3.51148889696576e-12,1.05095671920581e-07,1.78600444167027e-11,-1.92198465476245e-10,-5.30575002381504e-16,1.14482190671783e-08,-2.0816791600811e-16,-8.07875816550706e-12,-6.66550090726807e-17,-3.3465079801254e-11,-8.1821836801874e-12,9.64367660459713e-16,-3.95065308026015e-16,-0.000150438254178768,1.94364993761145e-09,4.80968502519904e-10,3.45927692740888e-08,4.59974194492731e-16,-4.5857561090516e-11,-1.48923506838004e-09,8.53179378383119e-10,-1.72679797387726e-17,-9.75447314505162e-07,-6.94498567185966e-11,-0.00892770589885908,-1.80246614042787e-09,-1.32098788812368e-08,-5.12581910472029e-17,-1.36097374627402e-16,9.32912585443656e-17,-1.61997154079968e-16,1.42864984274162e-10,-5.56222009640353e-10,6.02370383391213e-10,4.03462000771315e-17,-4.62568468615697e-05,-1.19230827955955e-10,6.74334566918428e-10,-1.91140800256632e-16,8.81896100479427e-16,-3.72369181279517e-10,1.6047972446634e-11,5.3339323299176e-17,-5.89138039429025e-05,1.29229877038173e-16,4.53426834673317e-16,2.78589411773637e-17,-3.59985603448522e-17,1.13981434242661e-16
"t92",-0.103042772848891,0.0935728383486778,-0.0124934787855901,-0.0612843107436541,0.0016496247339875,-0.070250952324742,-0.00122021679223392,-0.000695401464105207,0.22452005399607,-0.00125474823217065,0.00596078853881106,0.000400576762791872,6.08990567399775e-05,-0.0687773141420283,-0.0110427699520344,-3.78099185882047e-05,-0.00053494558417471,-0.000174934083073481,6.09301982378179e-05,-0.00118565806365246,2.38551156441257e-05,-2.75176189943509e-06,2.68233481432499e-05,-0.000168912030770005,0.0137551695449444,0.0345267960273124,-0.00376567884972432,0.0118143531213912,2.43095711589017e-05,0.0908516513614396,-0.139787871521279,3.62371718227197e-07,-9.32222943588867e-06,-9.17808398885785e-06,1.47800716638962e-06,-7.83340628033073e-08,-0.000506255582043278,2.6739228594505e-05,1.27670205172791e-05,-0.00016773938007034,-0.000409038431387222,0.000148605955686473,-0.000548313870823834,1.78727231000561e-06,1.43612615815527e-06,-1.5876084657131e-05,-1.15687941639683e-13,4.43464295576606e-05,0.296929368078645,0.002812063807052,-0.000819435526069738,-0.00669073524738563,8.022784455336e-05,-0.00509413238349011,-0.0775444549638171,0.00294296422069137,5.67871237830567e-07,2.66419552073625e-07,9.09594624330064e-09,-3.50009737855586e-05,-0.000798154894908874,-0.000480283992932521,-0.000344172648458704,1.92400725589824e-07,-8.7130578894063e-05,-1.19033863761123e-10,-0.00705272985522061,4.19416748983248e-08,0.13893479040858,-1.76734772202046e-07,-0.000240468572773869,-4.70645715792495e-07,4.55145073089993e-05,1.14968194522692e-11,-1.18809201692254e-09,1.87113259041641e-11,-0.875731304384596,-0.00544738354659085,4.623407122208e-09,5.89349231264814e-14,3.81182551789073e-08,1.10892882100339e-06,-7.50915573556896e-05,-3.03951725786298e-08,-1.43970437487651e-06,3.12551549629002e-15,1.0129208511834e-05,1.80851293868489e-08,5.60844997661453e-09,-1.51286293360445e-07,-3.21974806257129e-06,-0.0287794660379035,8.9107394166683e-05,1.91717771614701e-07,5.77052999533979e-07,0.00021083244285673,-2.03905829332602e-06,-1.17332672929242e-07,3.3464546514003e-09,-1.5958460353989e-07,-2.87399485651713e-11,3.42803429798332e-09,2.02297057374096e-05,0.000614872133509682,0.00083051071610742,6.96591706505219e-07,7.65018439657534e-16,3.99895567991013e-16,-4.70806902655448e-10,-3.81874404106769e-09,-6.63111665872881e-09,1.19697017963807e-07,6.30568606958554e-08,3.49660249868635e-10,-1.29388808695063e-11,-1.86088558447416e-16,-2.07108939083258e-08,-0.000111327171151411,1.73270448376229e-09,9.94078978091795e-10,1.09751616603077e-16,9.48879324124264e-06,-1.17548206154055e-08,-9.63450747015798e-12,-2.32795442717463e-11,-1.03167997066237e-12,-5.8664731681128e-11,-0.000122121226419514,-1.72469999277884e-06,-5.24240586347529e-11,-6.68403106927423e-12,1.99329355917094e-07,3.33828148331688e-11,-3.55979441670623e-10,-9.34481739124143e-17,2.09822082351992e-08,-1.67426184284248e-16,-1.4525533405884e-11,5.03952968070199e-16,-5.8748968787554e-11,-1.40853298601531e-11,-1.08637057683048e-16,-4.30685127670048e-17,-0.000257144794126111,3.3220166503509e-09,8.03421011080967e-10,5.76343904210843e-08,3.55189277065135e-16,-7.56238033698174e-11,-2.41587968485313e-09,1.36802422356773e-09,1.54768779438527e-16,-1.55495956423272e-06,-1.10565789578124e-10,-0.0142002238571017,-2.85799277754711e-09,-2.09046411754903e-08,3.36311510925037e-16,-1.47695900770018e-16,1.98598708638262e-16,-1.57469347820329e-16,2.19695639881289e-10,-8.52608600010501e-10,9.13149029650826e-10,1.4734307524078e-16,-6.95842426202779e-05,-1.78628075565919e-10,1.00736880499736e-09,3.70129795467281e-17,4.58834359395865e-16,-5.54937013325473e-10,2.3860452418663e-11,-1.28352350331909e-16,-8.67000076069233e-05,1.68976851480604e-16,1.60461921527855e-17,-8.47674074647351e-17,1.28588880206433e-16,1.21655206179362e-16
"t78",-0.102968497136101,0.093477785233932,-0.0124681904652591,-0.0611572285154174,0.00164328132680616,-0.0699031333255048,-0.00121281283721629,-0.000690548908583292,0.222757472593874,-0.00124185115276058,0.00589462626827065,0.000395505092161685,6.01157778366176e-05,-0.0677537959930747,-0.0108592552498319,-3.71238019771987e-05,-0.000524915491077013,-0.000171613911820431,5.94946575071882e-05,-0.00115709325905486,2.32599240231959e-05,-2.67837435063848e-06,2.60343914116525e-05,-0.0001637272334384,0.0133211038139885,0.0333551026750386,-0.0036287013683736,0.011375952103709,2.33748788770232e-05,0.0873517254497811,-0.134410802224234,3.48572644157899e-07,-8.98372076971014e-06,-8.85465414980115e-06,1.43027381858821e-06,-7.77712837144872e-08,-0.000504533043280645,2.76926713914679e-05,1.33494910058545e-05,-0.000177864843882548,-0.000562123805504122,0.000213392153711904,-0.000804832429265007,2.64474922639998e-06,3.07588978371654e-06,0.000771720452838249,7.31843692064079e-13,-1.47037205050487e-05,-0.0778720158847815,-0.000465141728316413,4.9055648329961e-05,0.00021871623567919,-1.98937440531034e-06,0.000492217494336211,0.00916797147130519,-0.00072453672448843,-2.54510492752262e-07,-2.0739714994003e-07,-7.45699505673754e-09,3.46511691728442e-05,0.000894291005479752,0.000551303889289158,0.00166160034279626,-1.15597805931504e-06,0.00120423387413372,1.52240661234535e-08,-0.0474974567412429,2.45843360118942e-07,0.896286337847552,-1.24795382502639e-06,-0.00178874546137947,-3.65511139148445e-06,0.000381739971454016,3.38391007274098e-09,1.21199804360131e-08,-3.56346407723483e-11,0.252114489718156,0.000664521106821887,-4.278244267027e-11,2.71444750661433e-16,1.86382210604618e-08,6.28125325548816e-07,-4.42472213426004e-05,-2.14939475154482e-08,-1.03430784476294e-06,-2.79421962067335e-15,7.72930996281392e-06,1.58495108710168e-08,4.95250941892804e-09,-2.26998526935513e-07,-6.28484091810506e-06,-0.0962112601972824,8.47733413420213e-05,2.0940946829877e-07,6.33790516992068e-07,0.000232580822083011,-2.25024913276647e-06,-1.29562734387624e-07,3.703079922999e-09,-1.77554351570394e-07,-3.21957688022705e-11,3.86914588687385e-09,2.30600089072379e-05,0.000701022359877149,0.000946882523596906,7.94918681161339e-07,-3.89345571480218e-18,-6.58052458547329e-17,-5.39368556359188e-10,-4.37676541703027e-09,-7.60639264297433e-09,1.37326481374473e-07,7.23766915704553e-08,4.01526873867031e-10,-3.0594086292135e-12,5.48460644965065e-16,-2.38069117011079e-08,-0.000127969272473112,1.99161898254295e-09,1.14231423582911e-09,-5.99933816600268e-17,1.08945616306757e-05,-1.34939726227222e-08,-1.10534568761677e-11,-2.66873265879064e-11,-1.1816752956814e-12,-6.71993425811028e-11,-0.000139887421509643,-1.97440653243756e-06,-6.0005396004665e-11,-7.64851629538321e-12,2.2804254224372e-07,3.81573140817529e-11,-4.06640727980325e-10,3.30237976562518e-16,2.39504487236676e-08,9.42273382657825e-17,-1.65563433195763e-11,1.74799552272038e-17,-6.68238238973438e-11,-1.59921155465063e-11,-3.96817995129695e-16,-2.38090211086691e-17,-0.000291733292694167,3.76882870230283e-09,9.09230036411497e-10,6.52054205298094e-08,-3.19160612748308e-16,-8.54560603236254e-11,-2.72447232923073e-09,1.54044601425078e-09,1.44108592183754e-16,-1.74957529881737e-06,-1.24381849288769e-10,-0.015972712002293,-3.21335285945423e-09,-2.34975540724155e-08,2.25972461768136e-16,9.41073481874733e-18,-4.48446590617054e-17,-4.13784164749694e-16,2.45918608773096e-10,-9.53904613977912e-10,1.0198585003105e-09,-2.12503625807159e-17,-7.7619065797961e-05,-1.99120433708185e-10,1.12239646119357e-09,2.00503540715332e-16,6.85757874097082e-16,-6.18054105629346e-10,2.65637630402144e-11,1.18431601760358e-16,-9.63525209910057e-05,1.55911867463974e-16,3.76706044830089e-16,-1.9275917070474e-16,4.01605562394192e-17,2.78654767876543e-16
"t99",-0.103305582698367,0.0939099013782751,-0.0125838346549527,-0.0617385500455152,0.00167261202276709,-0.0715225847940253,-0.00124753504781362,-0.000713443400154504,0.231122666069396,-0.00130412225046789,0.00621602744351973,0.000420439067286883,6.39727343271681e-05,-0.0728774738274538,-0.0117918759860914,-4.06599634429329e-05,-0.000576908396750632,-0.000188863119493605,6.73293059433027e-05,-0.00131399212444791,2.65644093488365e-05,-3.09531926872674e-06,3.0710321551752e-05,-0.000195166133073554,0.0159977573311703,0.0409895103945312,-0.00459634147641575,0.0145833761696715,3.10963560465616e-05,0.118881078474853,-0.183741333177339,4.8382392509196e-07,-1.28657366928742e-05,-1.28364261717502e-05,2.12601993603012e-06,-1.28175307207291e-07,-0.000839831950200727,4.96790540385686e-05,2.42909924079147e-05,-0.000329792797884551,-0.0012526771082241,0.000484069112676845,-0.00184068483963868,6.06622839088964e-06,7.72944383517531e-06,0.00222547341926972,2.17449465390145e-12,-5.94466047616125e-05,-0.32992436774394,-0.00217357517891834,0.000286513558780179,0.00144106642368908,3.74455916647887e-05,-0.00321943734959498,-0.0517011281345766,0.00241824307478225,5.63701689466488e-07,3.21642483317347e-07,1.12008955093409e-08,-4.64436742931676e-05,-0.00111493233783468,-0.00067783027061395,-0.0010629533023209,6.91881671126011e-07,-0.00060110648263048,-6.49267663491977e-09,0.00990677376280967,-3.12217340238593e-08,-0.077569716216532,9.23142312463142e-08,0.000123398524420742,2.39719948998444e-07,-2.31525730598314e-05,-1.06459860790918e-10,-2.56455437811778e-10,2.47938591077117e-13,-5.11213398458306e-05,1.77433318013817e-09,2.92624305528332e-15,-2.02708972065694e-16,-1.6460415531995e-10,-8.41855363782477e-09,6.69837432564662e-07,6.15119060013916e-10,3.15121138970247e-08,-1.07397178145695e-15,-3.0331560609562e-07,-1.2558760124784e-09,-4.10536585469624e-10,8.07575321754622e-07,3.64398413007905e-05,0.859714890879436,0.000209692621212005,1.81779699500125e-07,5.24609383788206e-07,0.000185448835926854,-1.7885014982898e-06,-1.0245694811004e-07,2.87683551847007e-09,-1.31858337847632e-07,-2.26289594926118e-11,2.56607993375522e-09,1.42342078600453e-05,0.000432185275183654,0.000583724372605863,4.86984873426691e-07,-2.59469592716039e-16,-4.85640686974479e-16,-3.21808184918324e-10,-2.60371659950135e-09,-4.50018637130998e-09,8.11486393696324e-08,4.26404757403794e-08,2.35817818712478e-10,-1.78816857154818e-12,-5.86942841433508e-15,-1.38777504872756e-08,-7.45493165518224e-05,1.16023619449248e-09,6.65944737273223e-10,3.11151752308922e-16,6.37144278310562e-06,-7.89711221490673e-09,-6.48421885215987e-12,-1.57056604337928e-11,-6.96918330030847e-13,-3.96775906694644e-11,-8.25990736669465e-05,-1.16879220021186e-06,-3.55413422806046e-11,-4.53644630286763e-12,1.35356397340525e-07,2.27331642703774e-11,-2.42894367379759e-10,-4.86387863313427e-16,1.4350321762488e-08,-9.99818541794147e-17,-9.98075291741415e-12,-4.89085928735464e-17,-4.06238251837083e-11,-9.79544164632275e-12,7.71951946809679e-17,-2.89518246288115e-16,-0.000179221332799159,2.31539393000512e-09,5.64165975175447e-10,4.05070180788678e-08,3.80456963672538e-16,-5.33404547106553e-11,-1.71421860018839e-09,9.7500583873831e-10,-1.24293520380558e-16,-1.1107674972202e-06,-7.90216028589584e-11,-0.0101526281340415,-2.04590963145007e-09,-1.49764576149098e-08,8.88854486141833e-17,-1.92257767832746e-17,1.28966565752249e-16,-1.32403461009615e-16,1.59296586501028e-10,-6.19078657129436e-10,6.6633408471082e-10,-2.53378047709862e-16,-5.09555691099723e-05,-1.31055489317279e-10,7.40080761078973e-10,9.51255077273948e-17,2.31368743608407e-16,-4.08157065755882e-10,1.75688018626805e-11,2.0822667718353e-16,-6.41555408864781e-05,6.60530334556048e-17,4.42733957134456e-16,-2.62098744228003e-16,9.05388503409241e-18,3.70405157632456e-17
"t120",-0.103433738043991,0.0940741098936387,-0.0126277110236558,-0.0619590911048494,0.00168370851184366,-0.0721341960198015,-0.00126062538481502,-0.000722062277525847,0.234267494764294,-0.0013274425824743,0.00633623379422027,0.000429741274014709,6.54111981766233e-05,-0.0747821409586904,-0.0121375849315328,-4.19674632564717e-05,-0.000596113522606341,-0.000195232179406628,7.01994969770523e-05,-0.0013714171599958,2.7771989246512e-05,-3.24720511590826e-06,3.24046431807124e-05,-0.000206527920267389,0.0169632895324502,0.0437281107875075,-0.00494102479786902,0.0157228321899455,3.38176980225878e-05,0.129941547734647,-0.201031017187378,5.31085205794364e-07,-1.42141858891758e-05,-1.42164249431077e-05,2.36607224275449e-06,-1.45275964574224e-07,-0.000953419816931012,5.70488747243767e-05,2.79516565735345e-05,-0.000380498774368737,-0.0014783775057532,0.000572380686838991,-0.00217837395293957,7.18131994127232e-06,9.23343798270483e-06,0.00269019081578598,2.63501225779416e-12,-7.34604729062426e-05,-0.408691785478324,-0.00270515190349275,0.000359787653967024,0.00181685876029857,4.91286642273865e-05,-0.00430075494565056,-0.0693633368505277,0.00331264137906045,7.91301926259523e-07,4.64852475479409e-07,1.62372370884557e-08,-6.81007282434053e-05,-0.0016476147353894,-0.0010032257643638,-0.00172464736643397,1.13575959795076e-06,-0.00102104304478638,-1.13920452432258e-08,0.0208227621897848,-7.66644802322924e-08,-0.217993347437114,2.75060390192128e-07,0.000377578387114103,7.4791002822156e-07,-7.44659962155374e-05,-4.48217014152569e-10,-1.28337357186331e-09,2.063647981706e-12,-0.00261087884497461,-7.21713511945594e-07,-2.64954413065729e-13,1.45307933732228e-15,1.03945826664963e-09,4.27618475219959e-08,-3.19136023094858e-06,-2.08978648541378e-09,-1.03527655829615e-07,1.39604809700141e-15,8.69837083601404e-07,2.46523551147128e-09,7.86552130011387e-10,-3.6416277779137e-07,-1.55237605846792e-05,-0.354031521755357,-5.86175871272535e-05,-4.91265100612489e-09,-1.28904421627796e-09,3.47314620179085e-06,-3.68966836010931e-08,-2.42439366713166e-09,9.95418088725614e-11,-8.53404103915085e-09,-2.42638520279024e-12,4.15259618323047e-10,3.63914113082897e-06,0.000111390596750545,0.000150508017516162,1.30893865757132e-07,-3.92445458466248e-16,-1.81873086352716e-15,-1.04873976059135e-10,-8.6958456299999e-10,-1.57928809301153e-09,2.88127135444231e-08,1.56128959634926e-08,8.94944172944412e-11,-7.16305487147295e-13,0.70710678118655,-6.01815113511479e-09,-3.36727558185446e-05,5.32829882925132e-10,3.1846501486287e-10,-1.59359684135316e-15,3.23574040929706e-06,-4.04573691425113e-09,-3.41195478278962e-12,-8.48221862147737e-12,-3.84432661441667e-13,-2.19256061979398e-11,-4.56608011926489e-05,-6.56300882994655e-07,-2.00243185774333e-11,-2.57205503131962e-12,7.71483076975228e-08,1.32060666625991e-11,-1.42751270765067e-10,-3.57705803924363e-16,8.54609366780779e-09,-4.93321499978945e-16,-6.0868971608876e-12,-7.73410153253363e-16,-2.54848075416349e-11,-6.28516923049432e-12,-2.98372437868011e-16,-1.34559298157631e-17,-0.000115931786015831,1.49788316295638e-09,3.74359868206103e-10,2.69551605773435e-08,1.14424122255343e-15,-3.58894828396524e-11,-1.17361519760213e-09,6.75643039968627e-10,-9.71821019710649e-17,-7.74349312503662e-07,-5.51615015412026e-11,-0.00709367832120955,-1.4340461545231e-09,-1.05183305545791e-08,-9.36596892167494e-16,-3.76818021987998e-17,1.99350461676872e-16,-6.24154778973977e-16,1.15104692541713e-10,-4.48736342690685e-10,4.88178618931562e-10,3.65918233213858e-16,-3.76058879962472e-05,-9.70944287511912e-11,5.49779212972545e-10,-3.57185153026783e-17,1.88868018446975e-16,-3.03886979246886e-10,1.31091183891729e-11,-3.86522305844567e-17,-4.83265454570126e-05,-2.08373654432025e-16,3.6873715886232e-16,2.30782803842445e-16,-1.09082205080804e-18,-1.98990731798436e-16
"t121",-0.103433738043991,0.0940741098936388,-0.0126277110236558,-0.0619590911048495,0.00168370851184366,-0.0721341960198015,-0.00126062538481501,-0.000722062277525877,0.234267494764294,-0.00132744258247431,0.00633623379422029,0.000429741274014745,6.54111981766722e-05,-0.0747821409586904,-0.0121375849315328,-4.19674632563433e-05,-0.000596113522606289,-0.000195232179407065,7.01994969771313e-05,-0.00137141715999588,2.77719892463478e-05,-3.24720511519008e-06,3.24046431808816e-05,-0.00020652792026731,0.0169632895324501,0.0437281107875075,-0.00494102479786882,0.0157228321899454,3.38176980217577e-05,0.129941547734646,-0.201031017187378,5.31085205568254e-07,-1.42141858890891e-05,-1.42164249431779e-05,2.36607224294813e-06,-1.4527596398992e-07,-0.000953419816931299,5.70488747242128e-05,2.79516565738777e-05,-0.000380498774368253,-0.00147837750575265,0.000572380686838777,-0.0021783739529392,7.18131994148419e-06,9.23343798278778e-06,0.0026901908157859,2.63408445952147e-12,-7.34604729063445e-05,-0.408691785478325,-0.00270515190349314,0.000359787653967413,0.00181685876029836,4.91286642271228e-05,-0.00430075494564934,-0.0693633368505279,0.00331264137906004,7.91301926098655e-07,4.64852475495997e-07,1.62372372120146e-08,-6.81007282435339e-05,-0.00164761473538853,-0.00100322576436316,-0.00172464736643278,1.13575959747447e-06,-0.00102104304478592,-1.13920452814151e-08,0.0208227621897812,-7.66644795669311e-08,-0.217993347437114,2.75060390933085e-07,0.00037757838711557,7.47910028240208e-07,-7.44659962166678e-05,-4.48217865705284e-10,-1.28337387888226e-09,2.06380959125129e-12,-0.0026108788449744,-7.21713511170661e-07,-2.64809649258753e-13,-2.13514386199309e-16,1.03945895540431e-09,4.27618464332875e-08,-3.19136023366277e-06,-2.08978538027973e-09,-1.03527658308969e-07,1.35290249786461e-15,8.69837084941261e-07,2.465236246806e-09,7.8655177990927e-10,-3.64162776761954e-07,-1.55237605850842e-05,-0.354031521755367,-5.86175871279539e-05,-4.9126487990484e-09,-1.28904177540683e-09,3.47314620150213e-06,-3.68966846243631e-08,-2.42439338565923e-09,9.95426403904061e-11,-8.53404506247603e-09,-2.42623267043382e-12,4.15261472938955e-10,3.6391411269189e-06,0.000111390596748906,0.000150508017521249,1.30893873107278e-07,4.32285404880578e-16,2.4492915384222e-15,-1.0487289231628e-10,-8.69585958255531e-10,-1.57928522467643e-09,2.8812717372431e-08,1.56128780938892e-08,8.94938754287739e-11,-7.37791772120744e-13,-0.707106781186544,-6.01815528452041e-09,-3.36727558534286e-05,5.3282454678083e-10,3.18463801965899e-10,1.38425940245652e-15,3.23574041341854e-06,-4.04573843153786e-09,-3.40888521945679e-12,-8.4806144614863e-12,-3.85567208084435e-13,-2.19245874515618e-11,-4.56608011925208e-05,-6.56300887561315e-07,-2.00239035156455e-11,-2.57235778461189e-12,7.71483051667781e-08,1.32064092213577e-11,-1.4275157206485e-10,6.37539915779669e-16,8.54609610335955e-09,5.0779736415349e-16,-6.08552743740818e-12,6.90762361538874e-16,-2.54853237868286e-11,-6.28504703228034e-12,3.25260651745651e-18,2.0590033364413e-16,-0.000115931786016454,1.49788339650708e-09,3.74360013901699e-10,2.69551617239957e-08,-1.42668158773576e-15,-3.58891595393261e-11,-1.17361512056277e-09,6.75642781778585e-10,3.50771155988926e-16,-7.74349312602108e-07,-5.51618782798317e-11,-0.00709367832120851,-1.43404612269838e-09,-1.05183312150751e-08,3.12355147842361e-16,-3.38202536699416e-17,-1.86456001634696e-16,8.44200679783922e-16,1.1510590381238e-10,-4.4873606731011e-10,4.88178700456789e-10,-9.56808417218458e-17,-3.760588799379e-05,-9.70941342378354e-11,5.49778149803895e-10,-1.49427622620413e-16,-5.87637577487143e-17,-3.03886522882475e-10,1.3109167531801e-11,-8.6150481913474e-17,-4.83265454560623e-05,-1.83741220390163e-16,3.71989765379777e-16,4.05747705002716e-17,1.42083805059927e-17,1.82092149102636e-17
"t77",-0.102064605056839,0.0923166209736679,-0.0121551491888785,-0.0595830545886514,0.00156278722782151,-0.0654200911951196,-0.00111582216573482,-0.000626111219874917,0.199037362503634,-0.0010613896090251,0.00495596111841588,0.000321559238216972,4.86540396586418e-05,-0.0522003379883698,-0.00797204521851998,-2.59726692526838e-05,-0.000359703419537853,-0.000116640655622208,3.28119210499835e-05,-0.000618012299081816,1.17367165373109e-05,-1.17680063404374e-06,8.14233619194672e-06,-3.93154207511057e-05,0.00245901017658691,-0.000378817266104158,0.00125704200296741,-0.00584546925988135,-2.90360143889731e-05,-0.172375383693505,0.290384748100174,-1.03789092373725e-06,5.94747040827577e-05,9.14444550536879e-05,-0.000263416073948604,-3.4449617191079e-07,-0.00208888650406755,8.05005730463985e-05,3.69487084336084e-05,-0.000463718626333155,-0.000942076326263725,0.0003444128387047,-0.00127674114227412,4.16978002614822e-06,3.97962669360909e-06,0.000707967338162444,6.18805331384823e-13,-1.85838246565333e-06,-0.00311541711667584,4.57224551938047e-05,4.77316574746162e-06,0.000230642287507366,-4.8493339921215e-05,0.0049815129632676,0.0835309878278541,-0.00477616550628897,-1.37918579470678e-06,-9.89732296972857e-07,-3.52537781502515e-08,0.000158872722206699,0.00403041812953892,0.00247696265033645,0.00703395125905752,-4.91991713726157e-06,0.00528115851810511,7.01360943542896e-08,-0.892156858436513,-4.90268564546873e-07,-0.0835932806392615,-2.69246928294937e-07,-0.000570435158413253,-1.40340023564397e-06,0.000179956058219597,2.88390881319745e-09,1.13251186302705e-08,-3.3636699197364e-11,0.0147864156451594,-0.00100008430564565,1.49180071919637e-09,2.49096834514369e-14,3.70175584713596e-08,1.19517803294826e-06,-8.33153241877917e-05,-3.87768717073233e-08,-1.85983937148844e-06,5.28336541802421e-16,1.37323161428536e-05,2.74562841086222e-08,8.56764261332232e-09,-2.3737712970731e-07,-3.95608379098145e-06,-0.00452364539608075,0.000183112859552765,3.87951017217503e-07,1.16861896221781e-06,0.000427267088480972,-4.13255897870003e-06,-2.37822021404441e-07,6.78539017848956e-09,-3.23890712760645e-07,-5.84008337968478e-11,6.97336242984744e-09,4.11495690901299e-05,0.00125067562722685,0.00168929038871874,1.41657864916777e-06,4.86932058908685e-16,-7.31761548139868e-17,-9.55454707761686e-10,-7.74641827776548e-09,-1.34376586775355e-08,2.42494069669026e-07,1.27645805664094e-07,7.0706602678728e-10,-6.73312100518686e-13,2.36786512731411e-15,-4.16454966999753e-08,-0.000223318215638006,3.47192542556117e-09,1.98592540072601e-09,1.65659749450674e-16,1.88531491072185e-05,-2.3334317930066e-08,-1.90695003938528e-11,-4.592603555153e-11,-2.02899280924442e-12,-1.15369309425278e-10,-0.0002401515047899,-3.3837533236292e-06,-1.02799083859064e-10,-1.30934809685559e-11,3.9015003128846e-07,6.51310323439991e-11,-6.93058115237843e-10,4.60072525379563e-17,4.07475596779852e-08,-1.57688734594973e-16,-2.80720719282132e-11,-2.196344537313e-16,-1.12794925076276e-10,-2.68870959243814e-11,-2.26815094483968e-16,-3.95146725704284e-17,-0.00048975001188925,6.32684532501853e-09,1.51860865479168e-09,1.08841461735109e-07,2.82916796934446e-17,-1.42298785304493e-10,-4.51828945189888e-09,2.54696562651002e-09,2.92702589073134e-16,-2.88820936921244e-06,-2.05257847050391e-10,-0.0263520015135134,-5.2968726628349e-09,-3.87122343374277e-08,-4.84272826877474e-16,-3.14509470004387e-16,5.19046646393208e-17,-6.5047692180008e-16,4.01761808608951e-10,-1.55685768147591e-09,1.65861178451029e-09,6.09321620936853e-17,-0.000125912265093924,-3.22562702307331e-10,1.8164292885366e-09,-6.95188170833882e-17,-3.14418630020796e-18,-9.99396245159712e-10,4.29189324973436e-11,1.57375627825361e-16,-0.000155104675000154,-7.85947231482051e-18,2.80591522239249e-16,3.3296150071062e-17,-2.55573139150726e-17,7.92488264375234e-17
"t164",-0.102563760442323,0.0929542734482491,-0.0123237249887467,-0.0604299327858989,0.00160454992190475,-0.0676910761228137,-0.0011637300129681,-0.000657263644095059,0.210262232406351,-0.00114147654826839,0.00536286715094406,0.000352127730747604,5.33619439125998e-05,-0.0581650680098772,-0.00900834375279272,-2.97231815438876e-05,-0.000413750585839132,-0.000134429515066706,3.94035681520201e-05,-0.000745940970786205,1.42850596375238e-05,-1.45745984809868e-06,1.03925420086564e-05,-5.09581170087484e-05,0.0032222735315054,-0.000513461325158511,0.00178138176121937,-0.0084312233517139,-4.42302043977322e-05,-0.271554132448601,0.4604820580172,-1.68344411505511e-06,0.000101056058669018,0.000158226084200446,-0.000473175259807546,-7.23545223624603e-07,-0.00445474954839874,0.00019284879092294,9.05199117970401e-05,-0.00117044256756541,-0.00322305300818576,0.00121529149016735,-0.00456994375211451,1.50015067379081e-05,1.68889614477002e-05,0.00394133935039715,3.65386552860986e-12,-2.52188924393285e-05,-0.0503603309002149,0.00117366734294719,-0.000944133483696207,-0.00927840880782138,0.000213989500316826,-0.0155344005242245,-0.243291131651973,0.0105054063216319,2.34412658637651e-06,1.31603225063859e-06,4.5820318533893e-08,-0.00019022057949396,-0.00457760368525239,-0.0027847255651289,-0.00484245382388393,3.21998971212134e-06,-0.00301123130091141,-3.54996775991415e-08,0.265878776075229,1.02839584279134e-07,0.0135027654936801,3.91767321478279e-08,7.9268964006781e-05,1.88657756362755e-07,-2.29874564609398e-05,-2.42830777533209e-10,-7.47487549545493e-10,1.13812184547651e-12,-4.96853808361758e-05,-2.36151017200115e-06,1.01554035835032e-11,-7.85907489016921e-17,1.30665437718302e-09,5.00096851129423e-08,-3.66107695389233e-06,-2.18493882049451e-09,-1.07298361242888e-07,6.66810466741436e-17,8.70081875414011e-07,2.21542265068986e-09,7.01409882513651e-10,-3.57699109366017e-08,-6.04873979951801e-07,-0.000697483752012781,3.06403004970935e-05,7.75745882607697e-08,2.38204568490531e-07,8.85720359128923e-05,-8.57984563471708e-07,-4.94962510676358e-08,1.42475381495073e-09,-6.97160330849858e-08,-1.30323236648931e-11,1.63330523254201e-09,1.05368276894086e-05,0.000320912727030901,0.000433501966247798,3.67527872284273e-07,-3.32604270191312e-16,-8.22201000961573e-18,-2.63032245283866e-10,-2.15118066747879e-09,-3.80124672616912e-09,6.89092548560032e-08,3.67230650927426e-08,2.06506197158345e-10,-2.02129979420818e-13,3.84827222892448e-16,-1.2960582717603e-08,-7.10514941832828e-05,1.11507558163616e-09,6.5332241798146e-10,1.42596743582052e-16,6.44714744646435e-06,-8.02721845754011e-09,-6.68226064181105e-12,-1.64087085011481e-11,-7.37018569943378e-13,-4.19551125988857e-11,-8.73580841432654e-05,-1.24629798736384e-06,-3.79644767688181e-11,-4.86200343901471e-12,1.45463611104374e-07,2.46752396661072e-11,-2.6524517630043e-10,4.91470753135686e-16,1.57791033329746e-08,2.29475639310238e-16,-1.11102074777173e-11,4.45635903418224e-16,-4.58850275733632e-11,-1.11913559175705e-11,-9.15066633577766e-17,5.32425564871381e-17,-0.000205601032820798,2.65632159539666e-09,6.55466774912193e-10,4.71279276192168e-08,-7.25195802246654e-16,-6.2393898243567e-11,-2.02202684718028e-09,1.15665890119752e-09,-4.67361735172603e-16,-1.32139702644241e-06,-9.40638778183243e-11,-0.0120904261697249,-2.43998300107494e-09,-1.78773932217125e-08,-1.28924480493167e-15,3.43483067486314e-16,-3.33033833638094e-15,0.707106781186548,1.92589542946132e-10,-7.49408728649426e-10,8.10272597492011e-10,-1.06728861859473e-15,-6.21496318814215e-05,-1.60095760611231e-10,9.05048070924566e-10,1.92813030152517e-16,-1.96175541089527e-15,-4.99581954201567e-10,2.15229550818844e-11,-2.60496431042885e-16,-7.88814145432941e-05,4.23927931959071e-16,-2.83085187235965e-16,-1.90391957479366e-16,-6.54475671032852e-17,7.407495680504e-16
"t165",-0.102563760442323,0.0929542734482491,-0.0123237249887467,-0.0604299327858989,0.00160454992190476,-0.0676910761228136,-0.00116373001296809,-0.000657263644095094,0.210262232406351,-0.00114147654826841,0.00536286715094409,0.000352127730747702,5.33619439126556e-05,-0.0581650680098773,-0.00900834375279272,-2.97231815438883e-05,-0.000413750585839101,-0.000134429515066668,3.94035681520293e-05,-0.000745940970786178,1.42850596372302e-05,-1.4574598483693e-06,1.03925420086599e-05,-5.09581170085351e-05,0.00322227353150541,-0.000513461325158429,0.00178138176121908,-0.00843122335171375,-4.42302043977109e-05,-0.271554132448601,0.460482058017201,-1.68344411537028e-06,0.000101056058668725,0.0001582260842002,-0.000473175259807552,-7.23545223528272e-07,-0.00445474954839862,0.000192848790922992,9.05199117971389e-05,-0.0011704425675654,-0.00322305300818594,0.00121529149016734,-0.00456994375211392,1.50015067379282e-05,1.68889614477049e-05,0.0039413393503972,3.65426583039236e-12,-2.52188924392135e-05,-0.0503603309002152,0.00117366734294704,-0.000944133483696407,-0.00927840880782125,0.000213989500317278,-0.0155344005242242,-0.243291131651973,0.0105054063216323,2.3441265863497e-06,1.3160322509433e-06,4.58203184768616e-08,-0.000190220579493783,-0.00457760368525236,-0.0027847255651293,-0.00484245382388377,3.21998971221512e-06,-0.00301123130091106,-3.54996773822163e-08,0.26587877607523,1.0283958417251e-07,0.0135027654936797,3.91767316280275e-08,7.92689640072303e-05,1.88657756127484e-07,-2.29874564608131e-05,-2.42830612356702e-10,-7.47487619571401e-10,1.13809977211554e-12,-4.96853808360127e-05,-2.36151017261426e-06,1.01552762533284e-11,-8.29646393865996e-16,1.30665430617455e-09,5.00096852553252e-08,-3.66107695392497e-06,-2.1849384159719e-09,-1.07298360923699e-07,-6.32648514769758e-17,8.70081875554713e-07,2.21542256147696e-09,7.01410332475552e-10,-3.57699107456906e-08,-6.04873980148421e-07,-0.000697483752012624,3.06403004968923e-05,7.75745884344962e-08,2.3820456836719e-07,8.85720359124909e-05,-8.57984563607667e-07,-4.94962512186922e-08,1.424753942541e-09,-6.97160336451117e-08,-1.30327055407241e-11,1.63330509905555e-09,1.05368276895855e-05,0.000320912727031077,0.000433501966248536,3.67527871979104e-07,1.11667231347031e-16,-8.30071420948312e-17,-2.63032257484762e-10,-2.15118080978626e-09,-3.80124648597037e-09,6.89092552549625e-08,3.67230654782849e-08,2.06505523963035e-10,-2.02268757298896e-13,-1.31346361145783e-15,-1.29605828703315e-08,-7.10514941817801e-05,1.11507567911102e-09,6.53322855600185e-10,-1.15085630436793e-16,6.44714744745456e-06,-8.02721902758651e-09,-6.68161898600437e-12,-1.64087356105699e-11,-7.37090898329935e-13,-4.19546061377695e-11,-8.73580841421895e-05,-1.24629798705766e-06,-3.79651725208869e-11,-4.86162155759857e-12,1.45463611432237e-07,2.46751336167351e-11,-2.65245642724204e-10,-4.13910182636557e-16,1.57791042575822e-08,-1.17364639840874e-16,-1.11098931710015e-11,-3.01881905217251e-16,-4.58843146356842e-11,-1.11918913834242e-11,-6.93889390390723e-18,-1.49228109107712e-16,-0.000205601032822302,2.65632233678766e-09,6.55466823370947e-10,4.71279281073246e-08,8.57622545002702e-16,-6.23955807707552e-11,-2.02202846972557e-09,1.15665802020025e-09,5.6577579479711e-16,-1.32139702682579e-06,-9.40645800792192e-11,-0.0120904261697289,-2.43998264176187e-09,-1.78773932350482e-08,1.27778534189725e-15,-1.03450267082386e-16,3.41554773578659e-15,-0.707106781186547,1.92561584082609e-10,-7.49426807639337e-10,8.10270367640508e-10,1.16356577151144e-15,-6.21496318856193e-05,-1.60095583566099e-10,9.05049786525426e-10,-1.63285369521363e-16,2.29026866915838e-15,-4.99583301133031e-10,2.15223803840058e-11,2.80185906044955e-16,-7.88814145406021e-05,-5.94848711216744e-16,7.06357715374306e-16,3.09795461928547e-16,1.31082206562118e-16,-8.23213496586521e-16
"t65",-0.100497998709705,0.0903125619242369,-0.0116227455152762,-0.0569077490604387,0.00142964238625064,-0.0581352557963334,-0.000961128970753673,-0.000524948176476168,0.162376769260967,-0.000795158572241357,0.00359426651021739,0.000217843444081237,3.2650315973481e-05,-0.0314977254147304,-0.00429878729280335,-1.23885135900471e-05,-0.000162079407919069,-5.13489738742477e-05,6.00100736327367e-06,-8.88501330134485e-05,8.69358872007762e-07,1.16938784685064e-07,-4.67665981489533e-06,4.03460010659435e-05,-0.00389791947151778,-0.0142246415668185,0.00208158471132402,-0.0070358474756568,-1.57254256995638e-05,-0.051631796218013,0.0748784751838908,-1.28462225520347e-07,-7.42335912386032e-06,-1.9774608508914e-05,0.000105218471048708,3.97282064461797e-07,0.00256674431484148,-0.000147154243118059,-7.20126101370513e-05,0.000979969253258347,0.00380728214066281,-0.00146973922153118,0.00558452651447254,-1.83988470656713e-05,-2.29124176728942e-05,-0.00599092272494352,-5.66183069193307e-12,4.21761033058541e-05,0.0672750675970632,-0.00251282806160939,0.0020060059408624,0.0200844089969993,-0.000564123724888906,0.0441518370003885,0.70303158092269,-0.0326720436724435,-7.84220469254101e-06,-4.72233052503565e-06,-1.65457993057368e-07,0.000702274168695009,0.0171319698903145,0.0104487659510362,0.0194572098872875,-1.2885041959982e-05,0.0116671503508831,1.28962895767361e-07,0.199448273300128,1.11424651681266e-06,-0.0701100145399038,2.64154407652724e-06,0.00558002081675577,1.42355443089719e-05,-0.0019814270676431,-9.19496743878734e-08,-1.19635282726837e-06,-1.38865845765343e-09,0.0204822800091237,-0.0196489292587993,2.66468890850586e-08,3.72876064042018e-13,4.74625914790939e-07,1.45011942702537e-05,-0.000994106846912642,-4.22621398891377e-07,-2.00869669377821e-05,-3.13527352756343e-16,0.000142956850130428,2.58562035956524e-07,8.01818488715327e-08,-1.66019670553878e-06,-2.68281031049992e-05,-0.00743281522279317,0.0012419625699607,2.41651813099909e-06,7.21556807128305e-06,0.00261799124944894,-2.53038886048878e-05,-1.45458929385764e-06,4.13357848335081e-08,-1.95127762877505e-06,-3.46263870028221e-10,4.04908828790447e-08,0.000230381657439922,0.00699644726117089,0.00944974031558332,7.89072075819401e-06,-1.45078138931035e-16,-1.00404132315338e-16,-5.20799124037858e-09,-4.20986617869719e-08,-7.25824181758815e-08,1.30790029313918e-06,6.85806080451571e-07,3.78176815059758e-09,-1.26062354999235e-12,-9.21485137439244e-16,-2.19220045419308e-07,-0.00117078062019483,1.81760393193954e-08,1.03681555181308e-08,-3.22256066913526e-18,9.83300593290225e-05,-1.21738569827375e-07,-9.96746665957451e-11,-2.4094572663597e-10,-1.06975663319669e-11,-6.08474061125365e-10,-0.00126672404569158,-1.79383465032574e-05,-5.45651400911892e-10,-6.96870178862152e-11,2.08107845422914e-06,3.50981122799222e-10,-3.76463384402746e-09,-1.81132033060527e-16,2.23766896539045e-07,4.2033291090366e-17,-1.5824524585074e-10,-4.23337879233326e-16,-6.67213049515025e-10,-1.68859294698642e-10,-4.5926804026486e-16,-3.63000916854723e-16,-0.00316608760032076,4.09158605342316e-08,1.12223346183293e-08,8.2120566316583e-07,5.51234209165458e-16,-1.18556963467807e-09,-4.85336629072058e-08,3.83381166310471e-08,5.40929070318226e-15,-5.82108539513124e-05,-4.51342809998972e-09,-0.620101724386523,-1.67781607782602e-07,-1.59962135978675e-06,-3.38475948151482e-15,7.63097642384426e-16,-2.89582785612567e-16,2.02913521576191e-15,-2.32948701767068e-09,7.26063244236406e-09,-3.75501077927532e-09,-1.21186697829567e-15,0.000164567447763381,2.98178493935171e-10,-1.25884855342687e-09,3.04672479265266e-16,1.08165429738016e-15,5.18719927115749e-10,-1.56735184984569e-11,-6.90294665408958e-17,-2.76993464829281e-05,3.63418480696971e-16,4.02076375666249e-16,3.09330205041142e-16,4.78594013008274e-17,-1.24266743566281e-16
"t66",-0.100303876796716,0.0900671717863097,-0.0115602059066374,-0.0565941415614047,0.00141518554150992,-0.0573831356100902,-0.000945985070500159,-0.000515483189241822,0.15909836125286,-0.000774397456585584,0.00349333069492364,0.000210916102034402,3.15965257604549e-05,-0.0303317866208767,-0.00412232320526876,-1.18363422801136e-05,-0.000154630818845238,-4.8962095148178e-05,5.65914749260134e-06,-8.36801398108732e-05,8.17053793795769e-07,1.09436175017418e-07,-4.34606266417042e-06,3.73662937512963e-05,-0.00360153010785737,-0.013051753585838,0.00189379587460332,-0.00638085660146014,-1.41314129989072e-05,-0.0461574943240387,0.0668737651845151,-1.14353349759181e-07,-6.56618093852323e-06,-1.74501687174198e-05,9.24223700725893e-05,3.43251023347731e-07,0.00221455062908842,-0.000125736594099581,-6.14279256250735e-05,0.000834126087740649,0.00318413591980575,-0.00122744017240676,0.00466089679111344,-1.53523971801397e-05,-1.89938794434056e-05,-0.00492553965472941,-4.6482689709896e-12,3.41787563334593e-05,0.0544354309979132,-0.00202734612958472,0.00160969585448981,0.0160783516046789,-0.000441784462465773,0.0342646765438561,0.5444607584182,-0.025057514552213,-5.95053588238036e-06,-3.54121040299299e-06,-1.23929055783515e-07,0.000523730684082653,0.0127396857951935,0.0077655407385399,0.0140365855826991,-9.26463125167548e-06,0.00831225437259813,9.11413274723026e-08,0.135987561974008,7.43073003156701e-07,-0.0460659847965391,1.72615522140587e-06,0.00363788411997023,9.26562117748166e-06,-0.00128648924650055,-5.86581973232376e-08,-7.5691804137272e-07,-8.6450127397833e-10,0.012530002210129,-0.0119775201723855,1.61974144406399e-08,2.25442694924006e-13,2.8289818301696e-07,8.60105005815114e-06,-0.000588683780764001,-2.47807778420968e-07,-1.17651083460486e-05,1.33900947465256e-17,8.33333590611556e-05,1.48404625325541e-07,4.59702762109438e-08,-8.77985485315697e-07,-1.41418767740885e-05,-0.00391054140139423,0.000640074130889249,1.17130402929993e-06,3.4679896655857e-06,0.00124848501474028,-1.20583242599938e-05,-6.92361822267527e-07,1.95906799927836e-08,-9.13146199576611e-07,-1.58797808234563e-10,1.80015028145137e-08,9.5207160050975e-05,0.00288554766330762,0.00389697112270491,3.21866921187134e-06,2.33626754737026e-16,6.24707065011091e-17,-1.98300272125498e-09,-1.58423177137805e-08,-2.65946621056313e-08,4.75905276571675e-07,2.4467876094138e-07,1.31480537925059e-09,-4.12567549568088e-13,3.00137579328586e-16,-6.6399855917228e-08,-0.000332948803717582,5.01555946223685e-09,2.61995733630931e-09,-1.86651970576417e-16,2.05608115853669e-05,-2.45436166360118e-08,-1.76371438535648e-11,-3.56390185412884e-11,-1.29011312206747e-12,-7.21438010666048e-11,-0.000149549632603328,-1.7110797817751e-06,-4.92483742162996e-11,-5.54941499671054e-12,1.48478193267264e-07,1.28896340749503e-11,-4.78280512525471e-11,1.25300557712564e-16,-3.89660337503372e-09,-5.53385187494645e-17,1.28030923769516e-11,2.57469209671961e-16,1.19599277651211e-10,4.77247010077026e-11,6.96166214952942e-16,4.20065629736154e-16,0.00103730664389715,-1.3427448962222e-08,-5.69413113307925e-09,-4.36928613129026e-07,-6.93729896545008e-16,7.59376916648336e-10,4.19341334229537e-08,-4.12817675421027e-08,-6.70689818272502e-15,7.03244521695358e-05,5.59732592854394e-09,0.783295183699323,2.2603038447757e-07,2.24507796315135e-06,4.17325706728915e-15,-5.07495374338147e-16,3.05601430466898e-16,-2.09903396108953e-15,6.65546641168374e-09,-2.29486806796429e-08,1.79888849483165e-08,1.3242445334738e-15,-0.00116678741938666,-2.78282305111447e-09,1.49624806520054e-08,-1.18477374423114e-16,-7.8425764146739e-16,-7.93728356836524e-09,3.2959108795548e-10,9.59100146571202e-17,-0.00104449800366689,1.53475242962186e-17,2.74953670942324e-16,-3.27993285833561e-16,-3.36155611549682e-17,-7.85561512361387e-17
"t181",-0.0943812922527706,0.0824223388441509,-0.0094618756648286,-0.0460322834933363,0.000852511637647766,-0.0248849673927811,-0.000203649497001771,1.46876935125988e-05,-0.0631754932702294,-0.000565276769703674,-5.3172256733501e-06,-0.000166970938598664,-2.80392963160408e-05,0.0598752318910685,0.013479029800895,5.85043192759356e-05,0.000911940281264411,-0.00297279837205444,-0.000175019402502714,0.00359001700897232,-7.85045752084712e-05,1.06492300822117e-05,-0.000133803698039309,0.000950558531349746,-0.0841280322249445,-0.271520583547656,-0.00652583716015109,-0.122506797800379,-0.000330342337880034,-0.503977173533515,-0.338825117987951,-0.000120009732334005,0.00106035452376772,0.00145025372178729,-0.00361598504076203,-3.75649635336612e-06,-0.0225404401731117,0.000826765020573162,0.000377616973843723,-0.00471652282652792,-0.00983685544641211,0.00362502129715973,-0.0134908677604222,4.41239170425327e-05,4.45165510575788e-05,0.0089291014736956,-0.707106781219768,-3.16562307627556e-05,-0.00517117244238655,0.0026083828091849,-0.00167175145385835,-0.0296595595225323,0.000109985705105457,-0.00307835835378309,-0.0305968466376723,-0.00221100278116846,-1.35022396538802e-06,-1.28939746175862e-06,-4.68103845633401e-08,0.000227763431637216,0.00722590719104629,0.00948978713422145,0.00973131366474814,-6.66372597215355e-06,0.00657501945530687,7.80691091998166e-08,-0.00184520281204292,6.91754465374761e-07,0.000324504487644303,1.72787362134983e-06,0.00372586949530079,9.60733209363603e-06,-0.00135483425534111,-6.66796067693478e-08,-8.84562047184063e-07,-1.05870221906092e-09,0.000132898535806142,-0.0155620651252952,2.11309644447924e-08,1.48084891619202e-12,3.84078389341867e-07,1.17915338514865e-05,-0.000809595348949402,-3.47279237349079e-07,-1.65218127680319e-05,3.78736803075975e-16,0.000118055352185424,2.16074305199688e-07,6.7058880007628e-08,-1.44135202596658e-06,-2.31449544489677e-05,-7.59503705596431e-05,0.00109398683559939,2.18888821562345e-06,6.68317021957065e-06,0.00467311198507617,-1.78943232807122e-06,-1.00130310364693e-06,3.45793580867873e-08,-1.70548874798334e-06,-3.06205473251051e-10,3.60156017116825e-08,0.000205674739784896,0.00624622326526386,0.0084364574349052,7.04483593185466e-06,3.25276120029672e-16,-6.23205562526622e-17,-4.64307037583217e-09,-3.75148856849351e-08,-6.46008130987425e-08,1.16366609604895e-06,6.09527216366423e-07,3.35602914491071e-09,-2.1316282072803e-14,7.63566345115873e-16,-1.92982829777203e-07,-0.00209378096050022,1.56605854458826e-08,8.91965822471189e-09,5.87421267526978e-17,8.3255978444702e-05,-1.02756881983825e-07,-8.32464753560618e-11,-1.9877063755217e-10,-9.03034500659108e-12,-5.82193525622626e-10,-0.00205201716474083,-1.42634594518937e-05,-4.33011834967414e-10,-5.50276303879936e-11,1.63622550345549e-06,2.70514004012607e-10,-2.85861725957126e-09,-1.82265202249012e-16,1.66611386749616e-07,-1.14451515356421e-16,-1.12704717429846e-10,2.08831134226449e-17,-4.40112182749746e-10,-1.01654611086492e-10,-2.91433543964104e-16,-2.29144660014567e-17,-0.00182477046974429,2.35690863364957e-08,5.28831309765701e-09,3.74916009711693e-07,1.24568736019422e-17,-4.63988138275647e-10,-1.235887162354e-08,4.6913603162814e-09,1.57311007337753e-17,-2.32721825964288e-06,-8.93643307540494e-11,-0.00327965979248924,8.01274865535261e-09,1.33437036357008e-07,-9.94996555150664e-17,-1.19805209218008e-16,4.05959653972371e-17,-1.3005703161754e-16,2.36871128007216e-09,-8.81175562389164e-09,8.54326129485399e-09,3.46944695195361e-18,-0.00118758573906013,-1.5585725532711e-09,8.68474724969627e-09,2.08477746763903e-17,1.92554305833426e-16,-4.7378441463586e-09,2.0188011231451e-10,1.47677009428226e-18,-0.000708064045546617,1.19855120850101e-16,1.4137996329211e-16,4.54930352555563e-18,-2.51456756578848e-17,-1.25473531751591e-16
"t36",-0.0943812922528478,0.0824223388442461,-0.00946187566485061,-0.0460322834934459,0.000852511637651601,-0.0248849673929264,-0.000203649497003247,1.46876935127211e-05,-0.0631754932708316,-0.000565276769710863,-5.31722567338367e-06,-0.000166970938601397,-2.80392963165179e-05,0.0598752318922387,0.0134790298011956,5.85043192775567e-05,0.000911940281287996,-0.00297279837213259,-0.000175019402508806,0.0035900170091019,-7.85045752114653e-05,1.06492300829403e-05,-0.000133803698045193,0.000950558531400414,-0.0841280322296019,-0.271520583565038,-0.00652583716064817,-0.122506797810329,-0.000330342337912752,-0.503977173588393,-0.338825118025602,-0.000120009732348553,0.00106035452391155,0.0014502537219945,-0.00361598504133617,-3.75649635468798e-06,-0.0225404401786538,0.000826765020841318,0.000377616973973569,-0.00471652282826913,-0.0098368554542584,0.0036250213003155,-0.0134908677726527,4.41239170853861e-05,4.45165511280593e-05,0.00892910156962091,0.707106781153328,-3.16562307196565e-05,-0.00517117243609486,0.00260838280651491,-0.00167175145252053,-0.0296595595007647,0.000109985705059181,-0.00307835835263244,-0.0305968466265329,-0.0022110027804515,-1.35022396478712e-06,-1.28939746063582e-06,-4.68103850944298e-08,0.000227763431579285,0.0072259071892464,0.00948978713186728,0.00973131366270393,-6.66372597081695e-06,0.0065750194539985,7.80691087934847e-08,-0.0018452028117242,6.91754464765928e-07,0.000324504487594475,1.72787362110702e-06,0.00372586949472469,9.60733209213549e-06,-0.00135483425513314,-6.6679605813915e-08,-8.84562046554629e-07,-1.05870266669242e-09,0.000132898535788364,-0.0155620651231393,2.11309644589519e-08,1.48023474307639e-12,3.84078389399845e-07,1.17915338501481e-05,-0.000809595348841112,-3.47279237491028e-07,-1.65218127655912e-05,-3.38916957562925e-16,0.000118055352170476,2.16074304996766e-07,6.70588802126405e-08,-1.44135202555525e-06,-2.31449544460119e-05,-7.59503705506988e-05,0.00109398683546937,2.18888821566202e-06,6.68317021865005e-06,0.00467311198454263,-1.78943232759764e-06,-1.00130310327917e-06,3.45793580190789e-08,-1.70548874796599e-06,-3.06205685134437e-10,3.60156015957745e-08,0.000205674739763788,0.00624622326458936,0.00843645743399489,7.04483593155352e-06,2.2398548212946e-16,3.22697773970889e-16,-4.64307052861039e-09,-3.75148857180939e-08,-6.4600813138675e-08,1.16366609608115e-06,6.09527216244993e-07,3.35602928466146e-09,-2.15938378289593e-14,-2.80879844147678e-16,-1.92982829480629e-07,-0.00209378096029063,1.56605851710644e-08,8.91965820481848e-09,-4.94377632303193e-17,8.32559784369512e-05,-1.0275688154906e-07,-8.32464840567842e-11,-1.98770669404421e-10,-9.03033196909966e-12,-5.82193421626462e-10,-0.00205201716454802,-1.42634594502353e-05,-4.3301200505883e-10,-5.50275220016576e-11,1.63622550313977e-06,2.70513882941106e-10,-2.8586172404893e-09,1.35179762566168e-16,1.66611386950843e-07,-2.26863764627803e-17,-1.12704665208571e-10,-1.41610601858131e-17,-4.40112218055773e-10,-1.01654931776554e-10,-9.0205620750794e-17,-5.00859928201327e-17,-0.00182477046958615,2.35690864378415e-08,5.28831332342856e-09,3.7491600922597e-07,3.87796873005859e-17,-4.63988139443705e-10,-1.23588715341806e-08,4.69136043577403e-09,3.21656435568806e-17,-2.32721825937227e-06,-8.93641766385222e-11,-0.00327965979222143,8.01274853268869e-09,1.3343703657992e-07,4.0135889669617e-17,7.82726552121033e-17,6.89340996575833e-17,1.51281604057772e-16,2.36871146395284e-09,-8.81175543713782e-09,8.54326128721036e-09,2.34187669256869e-16,-0.00118758573896897,-1.55857255503293e-09,8.68474695343803e-09,-9.6275012666735e-17,4.87457296749483e-16,-4.73784396483605e-09,2.01880338330005e-10,5.91381211929967e-17,-0.000708064045493511,-5.81694359926087e-17,2.26381413614973e-16,-5.64931820780968e-17,4.99436005461895e-17,1.41014101861351e-16
"t199",-0.100320026125811,0.0899448210016235,-0.0113738613904221,-0.055614088024308,0.00126208126837458,-0.0430537481887262,-0.000426446248329965,3.7264790482248e-05,-0.201887170179652,-0.00703391481228601,0.0218008793276515,0.00107365729192345,0.000159669082287075,-0.159519107655024,-0.0255705899979341,-0.000106677066136554,-0.00273836066193961,0.294185565954749,0.000106481346167034,-0.00210135921201658,4.31867734463536e-05,-5.20556905230559e-06,5.58613944390126e-05,-0.000376700905742476,0.0326271024241762,0.113071122178065,0.266484662764196,-0.043013924241099,-4.054408780432e-06,0.00321350793834665,0.00260777464890394,1.13090729242019e-06,-6.36078188920048e-06,-5.1131847275598e-06,-8.36922843017564e-06,-1.02456079330559e-07,-0.00066484360160219,3.72090844316202e-05,1.8025289694531e-05,-0.000241751659364456,-0.000807757543647589,0.000307825622802248,-0.00116291775217719,3.82361935574211e-06,4.49965662074815e-06,0.0011103621169991,2.69348356590973e-12,-6.71809046448132e-06,-0.00120248411410108,0.000756387067157097,-0.00111274201696035,-0.0704577495908808,4.28098084920194e-07,-0.000112802926026026,-0.00128678835087699,-0.00013738101654134,-1.06848250613934e-07,-1.28082273649003e-07,-4.79242916331388e-09,2.82040435814288e-05,0.00168959461202005,0.00466432191494191,0.00109142071857878,-7.64298148843228e-07,0.000796689465808923,9.86649045955931e-09,-0.000270772547630321,1.09359665008268e-07,5.36834993191465e-05,2.9046236492636e-07,0.000630539598100356,1.63352282459705e-06,-0.000231980811437627,-1.19824723846749e-08,-1.62461173141229e-07,-2.02650190184115e-10,2.65604152781011e-05,-0.00313704751244957,4.28876685198906e-09,1.72290848751436e-12,8.16638337634952e-08,2.53604613329244e-06,-0.000174775770050534,-7.67035484094661e-08,-3.65851703318625e-06,-9.55786232396319e-17,2.6429493821259e-05,5.01182793516818e-08,1.55935979770331e-08,-4.03431893247683e-07,-6.52854983803635e-06,-2.15221287260875e-05,0.000326138212430592,8.16723798584895e-07,2.80714238807675e-06,0.00622618473485848,4.00907908655627e-05,2.26759396894449e-07,7.81116340775838e-09,-5.52251164100373e-07,-1.10898282466583e-10,1.44613544900711e-08,0.00010281597885944,0.00314199791477071,0.00424505809267261,3.66887689358347e-06,-5.89012563239957e-16,-1.14515538697205e-15,-3.06480790197068e-09,-2.59016841880033e-08,-4.97176797593075e-08,9.22783935142916e-07,5.28430325455465e-07,3.30848517930368e-09,-3.36709826687098e-14,2.0837027817876e-14,-6.26248623962769e-07,-0.849362636721741,-1.11739377142915e-07,-1.63627764300603e-08,-6.79861967359302e-16,-6.10769860119021e-05,6.789319703898e-08,4.08463690107479e-11,7.18438643954701e-11,8.7669406391523e-13,-2.92427434031303e-10,-0.00474443200807321,4.03898844400421e-06,1.16802327302051e-10,1.36128248214518e-11,-3.81309223272458e-07,-5.06308920722958e-11,4.66910618024743e-10,-1.40167468292157e-16,-2.31798652815599e-08,4.30047184817448e-16,1.14190942568971e-11,-1.31968269777745e-16,2.76602744269913e-11,3.68118663175762e-12,8.63458610167456e-16,-1.03283970992531e-16,4.97230504051007e-05,-6.39863024520668e-10,-4.20546044955237e-12,7.57821313189001e-10,1.3079044475781e-15,-5.96703671691248e-12,-3.67110202282633e-10,1.95301048469147e-10,-1.06589731928752e-16,-1.11166137231264e-07,-4.3929550627721e-12,-0.000164441637238196,4.29237586741519e-10,7.44028599955525e-09,-5.76561526580032e-16,-3.97761292569646e-16,2.08680472910956e-16,-5.61683374732987e-16,2.39028290650173e-10,-9.7412200324203e-10,1.63749516922138e-09,5.03611909119517e-16,-0.0634322616397462,2.54841482562932e-10,-5.51719915677692e-10,2.99824890193456e-16,-1.53523027623947e-16,1.24406979021881e-10,-8.50316746395314e-13,1.10336400357798e-17,-2.8807902356006e-05,4.72413368318104e-17,1.19587499625151e-16,5.05639466521875e-17,-4.36625460476646e-17,2.78097562982414e-17
"t117",-0.100249723201369,0.0898560763277268,-0.011351570273068,-0.05550244235754,0.00125740751247483,-0.0428491020151969,-0.000423969515055573,3.70164742908508e-05,-0.200376951504411,-0.00696539985156361,0.0215719482351428,0.00106083451342494,0.000157732547329437,-0.157287682776713,-0.0251720184077625,-0.00010486402700884,-0.00269029457432594,0.28895924173233,0.000104133501729366,-0.00205396247542846,4.21771540941274e-05,-5.07516109629364e-06,5.43070490056563e-05,-0.000365707244067299,0.0316440907495,0.109347235033119,0.256787998179997,-0.0413929059098149,-3.8862711316057e-06,0.00307327649348014,0.00249290498134544,1.07953402844876e-06,-6.05475035155619e-06,-4.86207264075063e-06,-7.94170554128536e-06,-9.6490044698336e-08,-0.00062572077677137,3.48602255935011e-05,1.68739286711443e-05,-0.000226077132381072,-0.00074896607519164,0.000285221160514024,-0.00107718202667464,3.54133081486979e-06,4.15390139200445e-06,0.00102078367915126,2.4741908565688e-12,-6.13032970930251e-06,-0.00109640486993155,0.000688609036744288,-0.00101013028286754,-0.0638797105806636,3.83502483456387e-07,-0.00010053832489692,-0.00114552240507811,-0.000121616388648688,-9.39961779522254e-08,-1.11882278408629e-07,-4.18329382757804e-09,2.45540896118902e-05,0.00146833926534,0.00405211182212175,0.000930380550484221,-6.50106687438061e-07,0.000673523169445824,8.2956188263903e-09,-0.000221928310112696,8.81427154666517e-08,4.27647552222838e-05,2.30365404191818e-07,0.000499136110177992,1.29136659743665e-06,-0.000183018925489564,-9.31459392792158e-09,-1.25389336565506e-07,-1.54171096865392e-10,1.98814530670876e-05,-0.00234026474180043,3.19078946165129e-09,1.27494546653795e-12,5.95933156832683e-08,1.84144773659278e-06,-0.000126697367411992,-5.50359193506461e-08,-2.62197039488973e-06,-3.01655315754069e-16,1.88458180841772e-05,3.51382584274954e-08,1.09192669825405e-08,-2.55371886253673e-07,-4.11371842167627e-06,-1.35244954142347e-05,0.000198830620582825,4.49259759740712e-07,1.51973940016802e-06,0.00332007879612277,2.13476344999924e-05,1.20467127235167e-07,4.11422085533134e-09,-2.83382506118302e-07,-5.44367009623554e-11,6.58182700197306e-09,3.73195482147167e-05,0.00113196904611171,0.00152879641255467,1.26657256280581e-06,7.7614413914733e-16,4.49534959765806e-16,-7.47759941215582e-10,-5.83705778477398e-09,-9.02062902664603e-09,1.56522268170797e-07,7.14581532299061e-08,2.90958775580585e-10,2.45636844198316e-15,-8.36603255500071e-15,1.33378975515621e-07,0.327167754590465,5.33275308097346e-08,1.29489068533232e-08,-7.55389038991745e-16,0.000111217080937745,-1.43136848876376e-07,-1.4649973800825e-10,-6.21067513788488e-10,-2.80561111384516e-10,-6.90049308922852e-08,-0.788996343225578,5.18064063165765e-05,1.26441976300428e-09,1.13123476035552e-10,-2.71197309174354e-06,-2.37792068401608e-10,1.83900515540562e-09,-2.75650417381168e-16,-7.79636776014961e-08,8.20776619716217e-16,3.10173113995044e-11,-6.26464407808169e-16,6.24233088943506e-11,7.42086241424125e-12,-2.60425361831018e-16,-2.91509434888042e-16,9.67409793687379e-05,-1.24442820084665e-09,-7.42633913382534e-12,1.32540597789534e-09,-3.28085007584931e-16,-1.00681070948158e-11,-5.88758991153249e-10,3.03315445973941e-10,-5.66827657825164e-16,-1.70071462561421e-07,-6.69976537942907e-12,-0.00025019357234016,6.48089131714363e-10,1.11811721861506e-08,7.44280467786019e-16,1.12415708831546e-16,7.92341809984168e-17,6.93255891607493e-17,3.37717115828518e-10,-1.36781773093283e-09,2.25282139988746e-09,5.8899283020275e-16,-0.0861127930254055,3.43608573508671e-10,-7.40415715033466e-10,2.52543981328235e-16,-2.94577730264312e-16,1.66312646468459e-10,-1.13250258072942e-12,-5.22686340737327e-17,-3.77726069412862e-05,2.01332582809542e-16,4.14598910758457e-16,-1.88951118250568e-17,1.10167746446561e-16,2.20556023924308e-16
"t113",-0.0999816060647059,0.0895179429091272,-0.0112669061579958,-0.0550784656554895,0.00123975642387454,-0.04207885435137,-0.000414679335254483,3.60876152834781e-05,-0.194742640978381,-0.00671163489360774,0.0207260990679864,0.00101367515799623,0.000150614610805488,-0.149134304674704,-0.0237230555784477,-9.83022485710858e-05,-0.0025166391346583,0.270089996703036,9.57701965188197e-05,-0.0018853967162793,3.8595681156473e-05,-4.61496685022966e-06,4.88689954762896e-05,-0.000327406079923631,0.028229320517994,0.0965224574011624,0.223744519691898,-0.0358907549713937,-3.32208504587794e-06,0.00260579915742327,0.00211044757539207,9.09194585699551e-07,-5.04817138148768e-06,-4.03859201085141e-06,-6.54793306929845e-06,-7.74471928944697e-08,-0.00050107118097907,2.74697838438914e-05,1.32591986303598e-05,-0.000177004390442701,-0.000569092003555736,0.000216191231965417,-0.00081558035090742,2.68025082079702e-06,3.10829784947797e-06,0.000752836121651632,1.81994018591776e-12,-4.40582068828042e-06,-0.000785802221959085,0.0004909283140131,-0.000713035525217307,-0.0448951226022178,2.58603140289174e-07,-6.66162334713736e-05,-0.000755930325520782,-7.87255666101984e-05,-5.95504353542013e-08,-6.9182585329345e-08,-2.58042440989038e-09,1.50088918072883e-05,0.00089209861848569,0.0024589489626041,0.000528998986200889,-3.66874093371729e-07,0.000372145343242225,4.497676668897e-09,-0.000110089073034703,4.12079760484738e-08,1.91723849801732e-05,1.01644544396406e-07,0.000218732170200971,5.63157867209839e-07,-7.92274316630837e-05,-3.81890758935276e-09,-5.00566131067107e-08,-5.82827158225047e-11,7.05750300612241e-06,-0.000819724150071782,1.10566705120372e-09,4.32081912709973e-13,1.90915286951567e-08,5.77809056893839e-07,-3.94810702174335e-05,-1.64176035593763e-08,-7.78214917260094e-07,2.16932332934129e-16,5.47188159755981e-06,9.45884569250637e-09,2.92271976771799e-09,-3.89380148880605e-08,-6.07269300218724e-07,-1.95755897999408e-06,2.25243168241493e-05,5.7521925075339e-09,-3.18923362129235e-09,-5.36043411235966e-05,-3.7286363844711e-07,-2.36045780489834e-09,-1.13134390108441e-10,1.45431145641764e-08,4.96903019273996e-12,-1.04259740008893e-09,-1.3451756168582e-05,-0.000415788494897808,-0.0005620754432402,-5.15352757448131e-07,1.82900517236356e-17,3.11248089124588e-16,5.7232640983344e-10,5.02035286167792e-09,1.03895487573617e-08,-1.96272504221355e-07,-1.17705482694831e-07,-7.76706111314558e-10,8.30412127950098e-15,-4.30198622395131e-15,1.71001252212696e-07,0.232097551862662,3.00226982598926e-08,3.83725119566259e-09,5.96141247339104e-16,3.7039440661346e-07,5.12710665717393e-09,2.25494891572834e-11,1.74152772124101e-10,1.1049307146554e-10,2.77635755632923e-08,0.31908506372383,-2.57847659296852e-05,-6.56127511571385e-10,-6.36929871929854e-11,1.62104376167879e-06,1.77558551455005e-10,-1.57285771147826e-09,1.15446478726251e-16,7.79407220699233e-08,-5.5107862343561e-16,-4.17701241379268e-11,1.45317847798269e-16,-1.29551874921349e-10,-2.52054509785037e-11,2.46764414457701e-16,1.33939795577392e-16,-0.000424513838825298,5.47904283647996e-09,9.80993613689401e-10,6.75184735414143e-08,-2.21476013757346e-16,-7.32951934799158e-11,-1.45008254714279e-09,3.8022225532926e-10,1.08194047808847e-16,-1.368808612086e-07,-4.76877186323785e-12,-0.000162130845703813,2.8047411816271e-10,3.36510765249192e-09,-2.04014094080233e-15,-3.1578406541521e-16,-3.68156656974499e-16,-1.84013038856025e-15,-6.97849174009346e-10,3.42503236678475e-09,-1.11864832553959e-08,-8.0551884606983e-15,0.786226099882144,-4.97102530034876e-09,1.71037402688879e-08,-3.14203272958533e-15,4.25961349526105e-15,-7.22226647882073e-09,2.55929236054563e-10,-3.32682416652233e-16,-0.000555537102648184,2.11563187590687e-16,-1.80194401067091e-16,6.43573634927842e-17,-8.85185620922092e-18,-1.98385154480298e-16
"t114",-0.100073896253352,0.0896342139156363,-0.0112959168846938,-0.0552237191502436,0.00124576677074782,-0.0423401383178689,-0.000417818782972683,3.6400537982381e-05,-0.196635187908193,-0.00679618044540357,0.0210071326878035,0.00102926236375502,0.000152965668752395,-0.151809303316446,-0.0241956941467874,-0.000100431746523733,-0.00257288192081257,0.276196581055279,9.84350359525456e-05,-0.00193900901052335,3.97313679090753e-05,-4.76000949291939e-06,5.05657331824642e-05,-0.000339297484154655,0.02928586387033,0.100450086736512,0.233737272771076,-0.037546784021577,-3.48955377672252e-06,0.00274346139422924,0.00222290332495852,9.59027200194492e-07,-5.33974718105665e-06,-4.27625322057005e-06,-6.94726674553428e-06,-8.27606979811855e-08,-0.00053577265928945,2.94947073188707e-05,1.42468445935689e-05,-0.000190364365261065,-0.00061662594218754,0.00023438875359427,-0.000884467489731482,2.90690979117147e-06,3.38042023500567e-06,0.000821566414115127,1.98725280561172e-12,-4.83685186775522e-06,-0.000863220210286962,0.000539939107566946,-0.000785961638796217,-0.0495346917186798,2.87876937916454e-07,-7.44266982122925e-05,-0.000845262281617809,-8.8369771437489e-05,-6.71276593389642e-08,-7.83454772555899e-08,-2.92352280359746e-09,1.70331436942106e-05,0.0010135439858858,0.00279430495475647,0.000608019991928121,-4.22204674601002e-07,0.000429751005646511,5.20955130160132e-09,-0.000129204672089358,4.87496429728058e-08,2.28008879057406e-05,1.21114454513864e-07,0.000260842465396621,6.71962815444174e-07,-9.46161974237321e-05,-4.58862412197841e-09,-6.03166944727154e-08,-7.06162943194624e-11,8.60138063986816e-06,-0.00100022945851105,1.35040744301715e-09,5.29278606097643e-13,2.34687164150524e-08,7.11424336893528e-07,-4.86363338886112e-05,-2.02894918606775e-08,-9.62091845523017e-07,3.22275822484942e-16,6.77516238276897e-06,1.17698925983662e-08,3.63809896778129e-09,-4.96878740428738e-08,-7.75671372084451e-07,-2.50183605763168e-06,2.89623407561624e-05,7.52675130923276e-09,-4.18290633084041e-09,-7.04572401729885e-05,-4.90187517789996e-07,-3.10418388992887e-09,-1.48955498372195e-10,1.92138725583363e-08,6.60063757019574e-12,-1.39627500580391e-09,-1.83493755682878e-05,-0.000567449712210014,-0.000767114340813059,-7.05216888922618e-07,2.2072911831434e-17,5.02685708936522e-16,7.95953527896949e-10,7.00063483817337e-09,1.45743861635065e-08,-2.75751642096077e-07,-1.66080729207835e-07,-1.10199701994365e-09,1.22280657821605e-14,-9.41462230883897e-15,2.49387571447852e-07,0.342419584186726,4.45284247545178e-08,5.77552344502545e-09,1.03686299391889e-15,5.73320086444244e-07,7.97482132285402e-09,3.56454095847177e-11,2.80659640127926e-10,1.81372337926989e-10,4.56374551467069e-08,0.524688462492194,-4.30618079115754e-05,-1.09964513976373e-09,-1.07534600163309e-10,2.75266116200575e-06,3.08941985117903e-10,-2.78409115065433e-09,3.76759062486471e-16,1.41011419968213e-07,-8.9253284580788e-16,-7.92370168691075e-11,5.12765858286648e-16,-2.6545221114494e-10,-5.63167111122623e-11,-1.44524149592318e-15,1.80312814200637e-16,-0.000986921306109219,1.27440210379312e-08,2.71203275492533e-09,1.9155535161536e-07,-6.18819738218766e-16,-2.34748478636548e-10,-6.26906537507944e-09,2.42646520627364e-09,6.18696629083595e-16,-1.22456392452055e-06,-4.72422972823112e-11,-0.00173978194482648,4.30722110141943e-09,7.24067857012017e-08,1.94531293842181e-15,7.95992969876331e-16,2.02962091311287e-16,2.47129467263584e-15,1.79793052657289e-09,-7.30381747294137e-09,1.30839771964512e-08,6.40416539243738e-15,-0.608536841023258,3.04826069601963e-09,-8.80945516894995e-09,2.54443656915591e-15,-3.18885542971437e-15,3.18305837219176e-09,-9.58682169702958e-11,5.55901354369818e-16,7.6038285777986e-05,-4.23293380469873e-16,6.10785293869709e-16,-4.56064166287232e-17,1.96127846340372e-17,-1.43123048473016e-16
"t112",-0.098598950466076,0.087766847887938,-0.0108220589622697,-0.052849190956667,0.00114452855046361,-0.0378552859696028,-0.000362885904957696,3.08379332439499e-05,-0.162475059234534,-0.0052026757735486,0.0156306291677175,0.000722332983921042,0.000106496186672122,-0.0968604536472927,-0.0141479478862462,-5.37222613005482e-05,-0.00132348131268201,0.13987825773778,3.23546265307197e-05,-0.000591629974521352,1.05440867892836e-05,-8.49594597205489e-07,5.94230847677374e-07,2.84506202889723e-05,-0.00461289689134212,-0.042892474385231,-0.227060557686739,0.0497742821608418,2.25078954814097e-05,0.016002796594168,0.00923830795688278,1.87597911389297e-06,-3.51133959876349e-06,-1.72354815510672e-06,-1.20250448792068e-07,8.28805864864232e-08,0.000581264086671687,-5.01056837355607e-05,-2.58566761844351e-05,0.000374866910122963,0.00219469106139155,-0.000872748171134081,0.00336068146118272,-1.11243163002216e-05,-1.59321500700075e-05,-0.00507087018243968,-1.29087969845988e-11,5.06061115431021e-05,0.00961929215227073,-0.00682512210323241,0.0129064053268217,0.92548537290472,0.000179565324822628,-0.00392078664274765,-0.0373396635088956,-0.0023124073993245,-1.269666161095e-06,-1.17681262176727e-06,-4.31104922293939e-08,0.000235852421312918,0.0135150346022493,0.0369990497382668,0.00619237797889768,-4.21559467706531e-06,0.00408859806291884,4.78320083875886e-08,-0.00107120759932075,3.92021715051204e-07,0.000181484989443982,9.62127137450384e-07,0.00207097230092964,5.33352038432564e-06,-0.000750772246432344,-3.6519321863554e-08,-4.82124486779744e-07,-5.72213005416185e-10,7.1276467213062e-05,-0.0083344455058133,1.13045494338994e-08,4.47220663095741e-12,2.04076230470646e-07,6.25586750933752e-06,-0.00042931627083894,-1.83647725595729e-07,-8.73447501641231e-06,3.39369045973337e-16,6.2335308326496e-05,1.13686167282394e-07,3.5274493308212e-08,-7.52174344662116e-07,-1.20797753964714e-05,-3.96437328286015e-05,0.000572403644534361,1.23965024595843e-06,4.17468426962766e-06,0.00908531495897152,5.83973937745793e-05,3.29364678988968e-07,1.12267677874266e-08,-7.69324320508402e-07,-1.46849277852234e-10,1.76709258972452e-08,0.000102350000583673,0.00310897032437656,0.00419917278534528,3.51038100817615e-06,1.27451720924228e-16,-2.1121622611651e-16,-2.32842775080852e-09,-1.88354355190932e-08,-3.25318752280615e-08,5.86510808936928e-07,3.08048951456683e-07,1.70343393038973e-09,-1.11646802913867e-14,1.71427710903024e-16,-1.05837435462467e-07,-0.0161799073044596,5.70079803381095e-09,4.10049347550956e-09,-9.4268206922985e-17,4.02813206070813e-05,-4.99876646430628e-08,-4.1338601451681e-11,-1.03969374581003e-10,-9.17908582089954e-12,-1.48831779820973e-09,-0.0148552594665509,-5.7961890487495e-06,-1.8145112902362e-10,-2.39107535210577e-11,7.22750956878154e-07,1.23355772404604e-10,-1.31621751822339e-09,1.16019633073594e-18,7.72724319808571e-08,-6.47214563138342e-17,-5.2692007251583e-11,-9.26035308577468e-17,-2.06899218054816e-10,-4.79210196376973e-11,-2.54136989230602e-16,-2.59595348431108e-17,-0.000860890377249235,1.1119519744237e-08,2.49990608582715e-09,1.77265178855079e-07,1.97275640763279e-16,-2.19535728773111e-10,-5.85396769856301e-09,2.22397328050533e-09,5.36837746613316e-17,-1.10375286625254e-06,-4.23883629530083e-11,-0.00155577635652044,3.80212497161407e-09,6.33294671749125e-08,-6.15199085231872e-17,-3.9554807470788e-16,2.16952801200556e-17,-3.85179007649151e-17,1.13091651711764e-09,-4.21426639979762e-09,4.15348717953143e-09,5.68121938382404e-17,-0.00728922135659605,-6.97839668564954e-10,3.97930145136656e-09,1.19003591233407e-16,2.51968584885631e-16,-2.1889525507403e-09,9.37175633931452e-11,-4.68034877347923e-17,-0.000331677540284482,1.59634610724296e-16,4.26091453786803e-16,-1.18438971430734e-16,2.3947904141253e-17,2.59965923931262e-17
"t190",-0.0993834734966708,0.0887556525994164,-0.0110690323548516,-0.054085799903577,0.00119569459401279,-0.0400765900720138,-0.00038950857215859,3.34835462863256e-05,-0.178415332110032,-0.0059035726712146,0.0179431626887823,0.000848343951063355,0.000125452292434239,-0.117739871097977,-0.0176988612219965,-6.90297625840076e-05,-0.00171941026376454,0.182499852693898,4.63896871245838e-05,-0.000858800243788688,1.56253138784979e-05,-1.31642582468922e-06,9.99952104181745e-07,5.00830738205116e-05,-0.00839629134514472,-0.0872586224595738,-0.547107350931427,0.129426086766536,7.75845848916155e-05,0.0690454892773345,0.0419272795432415,1.03595161917523e-05,-3.50309085490191e-05,-2.51197685391877e-05,-3.47347802187956e-05,-3.09739806349848e-07,-0.00197798605253436,0.000101715953357831,4.87413769137465e-05,-0.000645546685146233,-0.00204436170592648,0.000778379895070922,-0.00293989150220262,9.6656396572026e-06,1.14189249219358e-05,0.00288040682730624,7.03255690792627e-12,-1.92962222775328e-05,-0.00351514873115401,0.0022983560271235,-0.00371992760732933,-0.248761761998217,-2.2783187839456e-05,0.000325639556179237,0.00275817563584855,8.03021922477221e-05,-2.82556030865009e-09,-4.37461605416918e-08,-1.74030295041607e-09,1.22108945475275e-05,0.000797531430527618,0.00223468102508611,0.000757727219746087,-5.40090525670122e-07,0.000585118082305646,7.42496615990654e-09,-0.00021396309647182,8.67925472324037e-08,4.24777720725647e-05,2.29372525701666e-07,0.000497439351809133,1.28776029016415e-06,-0.000182664977699527,-9.33817607633763e-09,-1.25863862763349e-07,-1.54947138621558e-10,1.99803939561621e-05,-0.00235155240408895,3.20569629228666e-09,1.28044703794495e-12,5.9772231842024e-08,1.84594571158136e-06,-0.000126982279411905,-5.50887283910339e-08,-2.62408038043289e-06,2.44675442236891e-16,1.88480892631972e-05,3.50575607534274e-08,1.08922025529173e-08,-2.51161158102808e-07,-4.04376390865597e-06,-1.32904394393516e-05,0.000194793717163889,4.37884891572217e-07,1.48118784944499e-06,0.00323630343140368,2.08094341856936e-05,1.17434613007095e-07,4.01138537166492e-09,-2.76549208457367e-07,-5.3268939177744e-11,6.49199438330976e-09,3.85584459526855e-05,0.00117196159672679,0.00158297373552744,1.32764097546988e-06,1.26518316732973e-16,3.76956493666952e-17,-8.96876959717405e-10,-7.27532868487293e-09,-1.26411832124741e-08,2.28245494255348e-07,1.20370084333993e-07,6.68990169784056e-10,-4.08006961549745e-15,1.05011842284625e-15,-4.24998404004377e-08,-0.00654991234571213,2.31587757826416e-09,1.68100120698894e-09,-1.30592753123698e-18,1.67658065863717e-05,-2.08555271517157e-08,-1.73764463905787e-11,-4.40571632569634e-11,-3.91668730485827e-12,-6.35414981487118e-10,-0.00634301407166991,-2.48819013295293e-06,-7.7984068925166e-11,-1.03009444236187e-11,3.11917914193674e-07,5.3614845337913e-11,-5.7469089296408e-10,-3.04355122045833e-16,3.39195616733123e-08,-2.3219695044682e-16,-2.33633494342767e-11,1.00311583372606e-16,-9.29479144713208e-11,-2.17708878675433e-11,5.86336534880161e-16,-6.80658216446423e-16,-0.000392775619898176,5.07345743975401e-09,1.15674818202262e-09,8.21582001094695e-08,-2.77755966258438e-16,-1.02419247095387e-10,-2.76076191870068e-09,1.05719630831325e-09,6.61006100458436e-16,-5.26821931579047e-07,-2.025003632202e-11,-0.000743726915389833,1.82161166550475e-09,3.03835975038434e-08,0.707106781186547,1.4240183801642e-15,-5.59417597261184e-16,1.1982614767477e-15,5.54184369835203e-10,-2.0702254067387e-09,2.05815823791419e-09,8.81239525796218e-16,-0.00363431856477249,-3.49091806012953e-10,1.995320800946e-09,2.4484341366638e-16,7.46798456408015e-16,-1.09977360890552e-09,4.71761830667198e-11,3.10202330776486e-16,-0.000168416590389834,-1.70624712563664e-16,2.1467203015213e-16,7.93314113657223e-17,-3.95314014168855e-17,-1.98624800505496e-16
"t157",-0.0993834734966708,0.0887556525994164,-0.0110690323548516,-0.054085799903577,0.0011956945940128,-0.0400765900720138,-0.000389508572158593,3.34835462863016e-05,-0.178415332110032,-0.00590357267121463,0.0179431626887823,0.000848343951063296,0.000125452292434286,-0.117739871097977,-0.0176988612219965,-6.90297625840861e-05,-0.00171941026376457,0.182499852693898,4.63896871245421e-05,-0.000858800243788686,1.56253138785777e-05,-1.3164258246684e-06,9.99952104209501e-07,5.00830738205255e-05,-0.00839629134514472,-0.0872586224595738,-0.547107350931426,0.129426086766536,7.75845848917022e-05,0.0690454892773347,0.0419272795432413,1.03595161915849e-05,-3.50309085490608e-05,-2.51197685390905e-05,-3.4734780218872e-05,-3.09739806332284e-07,-0.00197798605253378,0.000101715953357691,4.87413769137152e-05,-0.000645546685146194,-0.00204436170592625,0.000778379895070942,-0.00293989150220277,9.665639657198e-06,1.14189249221474e-05,0.0028804068273063,7.03259450206314e-12,-1.92962222777065e-05,-0.00351514873115383,0.00229835602712367,-0.003719927607329,-0.248761761998217,-2.27831878392669e-05,0.000325639556179293,0.00275817563584799,8.03021922477463e-05,-2.82556040078017e-09,-4.37461605915651e-08,-1.7403028353297e-09,1.22108945473671e-05,0.000797531430527632,0.0022346810250856,0.000757727219746287,-5.40090525485808e-07,0.000585118082306229,7.42496614956597e-09,-0.000213963096471603,8.6792547235304e-08,4.24777720732447e-05,2.29372526017304e-07,0.000497439351808654,1.28776029030032e-06,-0.000182664977699637,-9.33817622206457e-09,-1.25863862676938e-07,-1.54947190716201e-10,1.99803939559332e-05,-0.00235155240408905,3.20569647325525e-09,1.28049266703924e-12,5.97722316308621e-08,1.8459457111827e-06,-0.000126982279412085,-5.50887279950833e-08,-2.62408038084576e-06,-2.01789666976254e-16,1.88480892629791e-05,3.50575601664133e-08,1.08922021296041e-08,-2.51161158013537e-07,-4.0437639088303e-06,-1.32904394389342e-05,0.000194793717163955,4.37884891548229e-07,1.48118784912461e-06,0.00323630343140441,2.08094341856545e-05,1.17434612868642e-07,4.01138569387625e-09,-2.76549208572726e-07,-5.32687780930415e-11,6.49199429475755e-09,3.85584459509369e-05,0.00117196159672672,0.00158297373552752,1.32764097627864e-06,-7.83229916672643e-17,1.21653696735806e-16,-8.96876461272946e-10,-7.27532870146545e-09,-1.26411830087144e-08,2.28245493789412e-07,1.20370082795293e-07,6.6899059396373e-10,-4.44089209850063e-15,-4.34180076797027e-16,-4.24998401452402e-08,-0.00654991234571104,2.31587722494131e-09,1.68100097867291e-09,-1.5447801381861e-16,1.67658065869949e-05,-2.0855527120057e-08,-1.73763623557518e-11,-4.40573499504365e-11,-3.91701644689292e-12,-6.35415650203959e-10,-0.00634301407166952,-2.48819013233537e-06,-7.79845724881589e-11,-1.03005199076462e-11,3.11917915744517e-07,5.36154113524334e-11,-5.74690879953654e-10,3.17976554558416e-16,3.39195618953569e-08,1.80312001458767e-16,-2.33643290232216e-11,-1.01662365969118e-16,-9.29477242700725e-11,-2.17711862645451e-11,-2.91433543964104e-16,6.15182901737246e-16,-0.000392775619897703,5.07345752022892e-09,1.15674903660432e-09,8.21581988344477e-08,3.3421147286178e-16,-1.02417713731971e-10,-2.76076197464996e-09,1.05719557734414e-09,-6.56428703615506e-16,-5.26821925819765e-07,-2.02510221166987e-11,-0.000743726915382165,1.82160624647256e-09,3.03836034834352e-08,-0.707106781186547,-1.246736433264e-15,6.29510571123987e-16,-1.20740542003777e-15,5.54184523358231e-10,-2.07022743408834e-09,2.05815860502504e-09,-6.99960922556642e-16,-0.00363431856477639,-3.4909178291267e-10,1.99532131973674e-09,-2.53904724895852e-16,-7.66747776381749e-16,-1.09977378245918e-09,4.71771922878417e-11,-1.90245779502769e-16,-0.000168416590388469,1.41115404923639e-16,2.69315819645399e-16,-3.85259248558327e-17,8.17995116703601e-17,1.9047489068224e-16
"t80",-0.0994801768925449,0.0888791042317003,-0.0111011522903588,-0.0542469295449669,0.00120276311890122,-0.0403914003207337,-0.000393333959345782,3.38632793001277e-05,-0.180667746486564,-0.00598537491443953,0.0181697987034174,0.000852663699548355,0.000125871419735632,-0.113551799259976,-0.0149423509396428,-2.39293024930473e-05,0.00104969235484469,-0.327025433821551,9.77053167976302e-05,-0.00186451725637555,3.65124257702626e-05,-4.03294615484648e-06,3.73386981960735e-05,-0.000230957560101408,0.0186394024759348,0.0472065146346396,0.0228724138160138,0.00622813938259398,1.54266760097505e-05,0.0169156070080249,0.0105544321991845,2.80427618588885e-06,-1.03334963651603e-05,-7.55351520342722e-06,-1.0694877995418e-05,-9.34733649138905e-08,-0.000592395181030426,2.82534339879658e-05,1.33076283484806e-05,-0.000172074372528106,-0.000407276553212471,0.000150050827595488,-0.00055809275554024,1.82480582935589e-06,1.79411315779181e-06,0.000329376917084945,7.47511303748173e-13,-7.64693981904798e-07,-0.000114707299140728,4.68847765707826e-05,-1.26035485095355e-05,0.000134106257735792,-7.00058779490483e-06,0.000363253922014103,0.00410734127584783,0.000531944899278801,6.43950787756195e-07,1.78830966157141e-06,7.60131447064589e-08,-0.00086319084951603,-0.123976508542604,-0.466468076027932,0.00761633411733447,-4.87982002440347e-06,0.00417891737557514,4.53782386448712e-08,-0.000871653100358855,3.09639577192168e-07,0.000142352345161584,7.54159438411919e-07,0.00162328893789704,4.18088426466594e-06,-0.00058866799806267,-2.8807106532072e-08,-3.82251337893332e-07,-4.59892201318527e-10,5.84261018616219e-05,-0.0068634611567363,9.34500804233763e-09,0.707106781175326,1.73855455593918e-07,5.37517755597464e-06,-0.000369946278840731,-1.61248368103377e-07,-7.68620441349863e-06,6.85706719041988e-15,5.53947194527743e-05,1.04641128217076e-07,3.25562741059436e-08,-9.44615151505831e-07,-1.54674844401844e-05,-5.13675480877394e-05,0.000862350787079502,6.019784960494e-06,3.50405335860387e-05,0.286736265946688,0.00252111543759811,3.53344805918475e-05,-2.59073894851001e-07,3.58316676519679e-06,2.65835112402471e-10,-1.34531053455475e-08,-1.25248115768013e-05,-0.000354690028257569,-0.000477359861779409,-2.5413313048063e-07,4.20925746304051e-16,-7.52229894940435e-16,-2.18319794445838e-10,-2.1136935640878e-09,-4.80726916533701e-09,9.138846826263e-08,5.43346848590198e-08,3.39227393449709e-10,-3.03229663600746e-15,-1.33668023340581e-15,-2.77013602527288e-08,-0.00121588534304165,2.31937531207949e-09,1.46450220553253e-09,-4.1970117669224e-16,1.50161236941445e-05,-1.8763605279579e-08,-1.57678124098404e-11,-3.92541768139582e-11,-2.18516638059902e-12,-2.1333870601002e-10,-0.00152665975157312,-2.80426201169741e-06,-8.588355498196e-11,-1.10608380661425e-11,3.31573022594334e-07,5.62136349313336e-11,-6.02037599569012e-10,-3.26475053618365e-16,3.5591208659945e-08,-2.56427635182796e-16,-2.46571583489202e-11,-3.75949506656718e-16,-9.89138825123865e-11,-2.33182085558055e-11,-1.38777878078145e-17,2.05094283312852e-16,-0.000421612701862586,5.44607710503732e-09,1.24936465629469e-09,8.87904805498083e-08,-3.63261385435933e-16,-1.1093269713322e-10,-2.99897678459466e-09,1.15017600870558e-09,3.55092239949189e-16,-5.73487394130504e-07,-2.2046730320906e-11,-0.000809753119163641,1.98376470991961e-09,3.30920705758045e-08,7.4633342919828e-16,-2.2948003859843e-16,2.618874192554e-16,-6.06372968979277e-16,6.02426079127864e-10,-2.24782444527548e-09,2.20698511185153e-09,-1.41054702640364e-16,-0.00107183436261941,-3.99706464914808e-10,2.24288897929915e-09,-3.88589434703993e-16,5.36680075380325e-17,-1.22806348302131e-09,5.24788381225771e-11,7.3076404059415e-17,-0.000185965568020087,2.20299152851225e-17,5.70236132618751e-16,-4.00632864162719e-17,2.56119382936431e-18,5.15771109828318e-17
"t98",-0.0994801768924782,0.0888791042316164,-0.0111011522903379,-0.0542469295448623,0.00120276311889689,-0.0403914003205472,-0.000393333959343551,3.38632792999113e-05,-0.180667746485238,-0.0059853749143818,0.0181697987032278,0.000852663699538095,0.000125871419734073,-0.113551799258376,-0.0149423509394067,-2.39293024928265e-05,0.00104969235482585,-0.327025433815607,9.77053167952485e-05,-0.00186451725633166,3.65124257694222e-05,-4.03294615481265e-06,3.73386981949763e-05,-0.00023095756009422,0.0186394024753293,0.0472065146329427,0.0228724138150912,0.00622813938233228,1.54266760087561e-05,0.0169156070071795,0.0105544321986503,2.80427618582662e-06,-1.03334963645393e-05,-7.55351520306292e-06,-1.06948779949908e-05,-9.34733652933613e-08,-0.000592395180987243,2.82534339855206e-05,1.33076283477128e-05,-0.000172074372514172,-0.000407276553173544,0.000150050827580835,-0.000558092755485365,1.82480582952801e-06,1.79411315712153e-06,0.000329376917048426,7.46716334501686e-13,-7.64693981675943e-07,-0.000114707299124916,4.68847765659306e-05,-1.26035485065451e-05,0.000134106257717488,-7.00058779398325e-06,0.000363253921950195,0.00410734127510404,0.000531944899173696,6.43950787490857e-07,1.7883096604652e-06,7.60131448077457e-08,-0.000863190849304235,-0.123976508511426,-0.466468075910077,0.00761633411485804,-4.87982002191523e-06,0.00417891737405365,4.53782394381938e-08,-0.000871653099871492,3.09639577900149e-07,0.000142352345030904,7.5415944106984e-07,0.00162328893627706,4.18088426565067e-06,-0.00058866799742917,-2.88071089227708e-08,-3.82251338239064e-07,-4.59893085589081e-10,5.84261014097993e-05,-0.00686346108525703,9.34496537880305e-09,-0.707106781197769,1.7385543821413e-07,5.37517757269133e-06,-0.000369946280512866,-1.61248359268404e-07,-7.68620443382221e-06,-5.10901556994911e-15,5.5394719591017e-05,1.04641124437478e-07,3.25562729884811e-08,-9.44615150648095e-07,-1.54674844532815e-05,-5.13675481309564e-05,0.000862350787719492,6.01978496473492e-06,3.50405336045572e-05,0.28673626610719,0.00252111543900647,3.53344806119856e-05,-2.59073893844908e-07,3.58316676805374e-06,2.65834082034973e-10,-1.34531052100557e-08,-1.25248115840941e-05,-0.000354690028402779,-0.00047735986198055,-2.54133127257537e-07,1.41725010447622e-15,-3.7939900381875e-17,-2.18318990287905e-10,-2.11369322384271e-09,-4.80726944011254e-09,9.13884681007687e-08,5.43346837451105e-08,3.39227587814624e-10,-3.53536644404073e-15,5.11245003119512e-16,-2.77013600933812e-08,-0.00121588534341298,2.31937601729191e-09,1.46450229335312e-09,4.25403194964815e-16,1.50161236985439e-05,-1.87636063551483e-08,-1.5767648516006e-11,-3.92545951329186e-11,-2.18531215856334e-12,-2.13338303634907e-10,-0.00152665975195069,-2.80426201179716e-06,-8.58834948233242e-11,-1.10610746759025e-11,3.31573022730293e-07,5.62139389530577e-11,-6.020379925923e-10,2.63940415771829e-16,3.55912080658022e-08,3.00123727209113e-16,-2.46569458782757e-11,2.89286296922062e-16,-9.89138142701183e-11,-2.33182506447138e-11,-5.25187532351978e-16,-1.26159243780989e-16,-0.000421612701944814,5.44607714600322e-09,1.24936458057503e-09,8.87904809190876e-08,3.86753880808463e-16,-1.10932127563332e-10,-2.99897693155321e-09,1.1501758246775e-09,-2.64403142597949e-16,-5.7348739416303e-07,-2.20466103613736e-11,-0.000809753119297687,1.98376475647932e-09,3.30920706119626e-08,-6.49248414959035e-17,1.94730921080893e-16,2.21724706712267e-17,4.87933003587132e-16,6.02425800271065e-10,-2.24782479717024e-09,2.20698517855368e-09,-5.18248638448071e-17,-0.00107183436277333,-3.99706680960725e-10,2.24288909129045e-09,5.7048985625348e-17,2.68231617472914e-16,-1.2280637721882e-09,5.24791149315679e-11,1.21838545352108e-16,-0.000185965568045155,2.67434985835073e-16,7.55146813136154e-17,-1.00414775810883e-16,-4.24606948867233e-17,-1.68883362256071e-17
"t81",-0.0993336261060249,0.088694844293963,-0.0110555114350065,-0.0540184965789412,0.00119344816720965,-0.0399906774532284,-0.000388575849177194,3.33941119686835e-05,-0.177862664759375,-0.00586499160379057,0.0177765567814109,0.000831753168795192,0.000122738218531136,-0.110308617340918,-0.0144690836551597,-2.31066350179283e-05,0.00101249116423563,-0.315303793591933,9.34285281910261e-05,-0.00178120766249049,3.48275016909887e-05,-3.83504153089916e-06,3.53321026935758e-05,-0.000218038523881606,0.0175690407991719,0.0442969124326494,0.0213553598269174,0.00580507729266232,1.43161815121197e-05,0.0156666532908924,0.00977192546778138,2.59381020746189e-06,-9.54534633480688e-06,-6.9755713801899e-06,-9.87559693396592e-06,-8.68078875749796e-08,-0.000550739549269725,2.65560435359229e-05,1.25415499419611e-05,-0.000162789782797848,-0.000407393512300258,0.000151190220454883,-0.000564280244591028,1.84734285463417e-06,1.89883920638484e-06,0.000380880659855624,8.83336921545794e-13,-1.30284150714294e-06,-0.000212857467352104,0.000108922720828445,-8.85107194226939e-05,-0.00352996891298983,-4.067974890558e-07,7.15992314760843e-05,0.000891443715916926,0.00014842588871229,2.01177619995e-07,5.85304867073774e-07,2.49278559948371e-08,-0.000284259907813068,-0.0408416177347733,-0.153648116720356,0.00231891337074016,-1.46221615339535e-06,0.00118975504670375,1.22455353316187e-08,-0.000163503096746994,3.87413087981046e-08,1.11678977965913e-05,4.54473583447251e-08,8.50324428550838e-05,1.95493731096948e-07,-2.24887781775357e-05,7.5283488397445e-10,2.23198291067825e-08,5.77419581373984e-11,-1.19644969847526e-05,0.00152218274021183,-2.20102009470932e-09,-1.16853776844503e-10,-5.85314660521585e-08,-1.95467295842237e-06,0.000137860476750388,6.9274358836162e-08,3.35281242541164e-06,-1.33891263210528e-15,-2.57578872464856e-05,-5.90332340509065e-08,-1.86086478087585e-08,1.20471345452169e-06,2.02988281111055e-05,6.85568343941047e-05,-0.00137584288525516,-1.6246172453998e-05,-0.000101892163514665,-0.894176859799248,-0.00791375292906434,-0.000112092475526672,8.54720719366885e-07,-1.33001486487101e-05,-1.20290925671904e-09,8.55255106491115e-08,0.000286188043877538,0.00861057174778764,0.0116245087244607,9.25250031649374e-06,-1.74220119001712e-15,1.29419053447562e-15,-4.88641627269774e-09,-3.83872096203105e-08,-6.24632402354794e-08,1.11027193641839e-06,5.61556488078109e-07,2.96905305945468e-09,-1.59542518085587e-14,3.78180941341485e-16,-1.48668663268862e-07,-0.0057697938470582,1.04939514846553e-08,5.92903683265731e-09,-9.47561224287421e-17,5.21325066680748e-05,-6.3767113385376e-08,-5.03329636122528e-11,-1.17822416254798e-10,-6.24698768422649e-12,-6.0782635187475e-10,-0.00434605979307342,-7.71081407407006e-06,-2.34434202692562e-10,-2.97582508595573e-11,8.82472694092428e-07,1.4363212080902e-10,-1.50062321130438e-09,4.20904435087802e-16,8.62874523369431e-08,-2.26410562323425e-16,-5.6930497676057e-11,1.19055655747744e-16,-2.15650247094686e-10,-4.86221263590859e-11,6.0433429094342e-16,-2.10714228016984e-16,-0.000865249784491953,1.1174628389901e-08,2.44072123850583e-09,1.7252147990472e-07,-1.10826624263372e-16,-2.11058289042423e-10,-5.52185151488102e-09,2.07052319392677e-09,-2.72339926038726e-16,-1.02096832018663e-06,-3.91531579118465e-11,-0.00143559031694481,3.49634833234178e-09,5.8111508056903e-08,-4.21170089683238e-16,2.52177418956579e-16,-1.34079010037878e-16,3.02861590165942e-16,1.00443303083534e-09,-3.72677338632166e-09,3.58951374613081e-09,4.5926804026486e-16,-0.00172064848203198,-6.37277685492812e-10,3.55892413229122e-09,6.01090184110874e-16,3.06395533944404e-16,-1.94089819892807e-09,8.26231853483554e-11,-1.28468047995592e-16,-0.000287926058685571,-4.18222697040787e-16,5.13911829758129e-17,1.69033893361454e-17,5.89373033128307e-17,-1.57970764658261e-16
"t151",-0.0999427897429609,0.0894627917778245,-0.011247480821652,-0.0549797404988301,0.00123329270552924,-0.0417227024148842,-0.000409362255689878,3.54618941045421e-05,-0.19033197053287,-0.00641336904858899,0.0195831354210684,0.000929412112590701,0.000137402815581349,-0.125826931452627,-0.0167787078008038,-2.71941622951418e-05,0.0011986783719773,-0.374133402650023,0.000116208722168697,-0.00222826882310327,4.39812031570919e-05,-4.93835095047648e-06,4.70385872179142e-05,-0.00029520366790647,0.0240712736968229,0.0629348291856179,0.0317972763684637,0.00880325529872635,2.29529161493808e-05,0.0259752411161644,0.0163075528391139,4.42564604664247e-06,-1.7034365236774e-05,-1.26654566736713e-05,-1.85725972826349e-05,-1.87858738672446e-07,-0.00120763192347962,6.41810048133952e-05,3.0865305740001e-05,-0.000410303195209563,-0.00128546839639675,0.000487177309813122,-0.00183580363125862,6.03056610037526e-06,6.8891773994438e-06,0.00161218287785659,3.86188885047863e-12,-7.8745253955773e-06,-0.00134866901042118,0.000760523932909673,-0.000764922790528937,-0.0340833739675587,3.25293311501196e-05,-0.00114986282548345,-0.0120663830912439,-0.00115148127672912,-1.05384377086082e-06,-2.23993069030907e-06,-9.28643248656029e-08,0.000963725693168829,0.130599191578729,0.485891597055659,-0.00456072733743226,2.75463173263321e-06,-0.00200326037581132,-1.88198797445982e-08,0.000177826850328235,-3.52203917553408e-08,-9.09488293514716e-06,-3.56001035903678e-08,-6.55352112851541e-05,-1.4896348022903e-07,1.68473430841799e-05,-5.01719569583732e-10,-1.41130675382527e-08,-3.30641516660981e-11,6.18287991866872e-06,-0.000770776510890866,1.09675158923836e-09,5.64200723127496e-11,2.61592214249048e-08,8.50692686291484e-07,-5.94809692689439e-05,-2.83578667378918e-08,-1.36447556614485e-06,2.3880751436268e-16,1.02234966959462e-05,2.16239269599447e-08,6.77778356151504e-09,-2.94916192683619e-07,-4.89247108608759e-06,-1.63726299489665e-05,0.000297744840595121,2.62012966767531e-06,1.57705604746763e-05,0.133208159853381,0.00117473819230188,1.65441337203677e-05,-1.23505119238745e-07,1.8047073624883e-06,1.47368142632493e-10,-8.90672705389457e-09,-1.9493203140826e-05,-0.000579001513384312,-0.000781165967469932,-5.78793485500708e-07,-5.6944370360697e-17,-4.84003399393098e-17,1.79025153349269e-10,1.25599162624207e-09,1.51720775499123e-09,-2.46426689202258e-08,-9.24856644783992e-09,-2.78872628939921e-11,-6.07153216591882e-16,1.50618176572897e-15,-3.1990718953197e-09,-0.000188556260436849,3.93513691762494e-10,2.96376134963165e-10,1.99284523545133e-16,3.68488516614047e-06,-4.71417012772122e-09,-4.23005665600073e-12,-1.11874705386236e-11,-6.51895307461645e-13,-6.38307404980518e-11,-0.000457114466618729,-8.66337130018754e-07,-2.6705495113091e-11,-3.484307278922e-12,1.0542233349611e-07,1.85136837327526e-11,-2.02504801122272e-10,3.4395779779027e-16,1.22545388914555e-08,5.64657294426371e-18,-8.84124010127202e-12,4.36444673812811e-16,-3.71914603718502e-11,-9.09616471573533e-12,-2.38763002424758e-15,6.82211428568855e-16,-0.000166635257909871,2.15278986609406e-09,5.14454665881776e-10,3.67276331690201e-08,-0.707106781186548,-4.67022214931117e-11,-1.2983470229079e-09,5.0771997767336e-10,6.78889283887463e-16,-2.55613991955155e-07,-9.84759264808735e-12,-0.000362238889499752,8.92010273608466e-10,1.49278753651958e-08,-5.69162327937458e-16,1.56786544295643e-16,3.98058748381243e-16,-7.25328078932244e-16,2.84676676491884e-10,-1.0677009528511e-09,1.06707515169595e-09,-2.23779328401008e-16,-0.000524618839342832,-1.96913470467232e-10,1.10999172823171e-09,-2.30060124537191e-16,3.78711818849187e-16,-6.10079149200062e-10,2.61668706154526e-11,1.73936934787766e-16,-9.42423826072784e-05,-6.93007671939875e-17,1.7802599672212e-16,1.37033813953762e-16,-4.64282565135852e-17,-1.62002123323179e-18
"t152",-0.0999427897429609,0.0894627917778245,-0.011247480821652,-0.0549797404988301,0.00123329270552924,-0.0417227024148842,-0.000409362255689877,3.54618941045421e-05,-0.19033197053287,-0.00641336904858898,0.0195831354210684,0.000929412112590713,0.000137402815581305,-0.125826931452627,-0.0167787078008038,-2.71941622950608e-05,0.00119867837197729,-0.374133402650023,0.000116208722168709,-0.00222826882310327,4.39812031570734e-05,-4.93835095048082e-06,4.70385872178491e-05,-0.000295203667906329,0.0240712736968229,0.062934829185618,0.0317972763684637,0.00880325529872618,2.29529161493718e-05,0.0259752411161642,0.0163075528391143,4.42564604680423e-06,-1.70343652368095e-05,-1.26654566738561e-05,-1.8572597282687e-05,-1.87858738860203e-07,-0.00120763192347932,6.41810048133376e-05,3.08653057400983e-05,-0.000410303195209452,-0.00128546839639667,0.00048717730981329,-0.00183580363125889,6.03056610039978e-06,6.88917739942558e-06,0.00161218287785646,3.86197716354997e-12,-7.87452539559998e-06,-0.00134866901042119,0.000760523932909771,-0.000764922790528824,-0.034083373967559,3.25293311496742e-05,-0.00114986282548338,-0.0120663830912438,-0.00115148127672905,-1.05384377065518e-06,-2.23993069001078e-06,-9.2864324919112e-08,0.00096372569316901,0.130599191578728,0.485891597055659,-0.00456072733743207,2.75463173262009e-06,-0.0020032603758117,-1.88198795646359e-08,0.000177826850328137,-3.52203916316334e-08,-9.09488293485312e-06,-3.56001034988882e-08,-6.55352112850778e-05,-1.48963480413832e-07,1.68473430839878e-05,-5.01720066416413e-10,-1.41130674567003e-08,-3.30637922067822e-11,6.18287991941292e-06,-0.00077077651089064,1.09675207200712e-09,5.64207434865641e-11,2.61592215488139e-08,8.50692686392939e-07,-5.94809692689364e-05,-2.83578668708556e-08,-1.36447556653115e-06,-3.55009110566933e-16,1.0223496696323e-05,2.16239272964302e-08,6.77778348561719e-09,-2.94916192600178e-07,-4.89247108649283e-06,-1.63726299492123e-05,0.000297744840594999,2.62012966739921e-06,1.57705604748898e-05,0.133208159853381,0.00117473819230166,1.65441337209703e-05,-1.23505119630066e-07,1.80470736258746e-06,1.47368034341064e-10,-8.90672720833112e-09,-1.9493203140728e-05,-0.000579001513383632,-0.000781165967469255,-5.7879348516243e-07,1.08052390704695e-16,-1.71064788593716e-16,1.79024647112721e-10,1.25599141859682e-09,1.51720775652447e-09,-2.46426698196283e-08,-9.24856671585469e-09,-2.78869052343797e-11,1.90819582357449e-16,-8.58264706086963e-16,-3.19907169037669e-09,-0.000188556260434788,3.93514145775648e-10,2.96375202034195e-10,-1.33162663191959e-16,3.68488516667374e-06,-4.71416971499256e-09,-4.23041079147625e-12,-1.11881570034658e-11,-6.51747500888983e-13,-6.38295997654828e-11,-0.000457114466618537,-8.66337130004877e-07,-2.67050130374445e-11,-3.48272386729414e-12,1.05422332408655e-07,1.85144150250004e-11,-2.02504457863864e-10,-5.2062377713201e-16,1.2254539669479e-08,9.85488231604172e-17,-8.84313690810234e-12,-6.10821938899902e-16,-3.71908873953542e-11,-9.09524975990425e-12,1.93226511180367e-15,-6.78366330895385e-16,-0.000166635257914046,2.15279317784041e-09,5.14448860628816e-10,3.67276254735699e-08,0.707106781186547,-4.67093956018447e-11,-1.29835864838116e-09,5.07724158984589e-10,-4.90877137429246e-16,-2.55613996236019e-07,-9.84778063679957e-12,-0.000362238889498469,8.92011634575266e-10,1.49278758769934e-08,3.04438754538672e-16,-2.44823995083914e-16,-3.5130394619018e-16,4.45242209047484e-16,2.84676461060913e-10,-1.0677012238271e-09,1.06707542846905e-09,7.32920668600201e-17,-0.000524618839342921,-1.96913444675079e-10,1.10999123466223e-09,5.75649622791673e-17,-1.8995222061946e-16,-6.10078284091431e-10,2.61672501977037e-11,-6.32182497395901e-17,-9.42423826073334e-05,3.16359914242435e-16,4.23760419115959e-16,-3.51933344781495e-17,1.34258012305692e-16,1.08489920194301e-16
"t39",-0.0922067022803317,0.079610365245811,-0.00868993032076261,-0.0421478680100521,0.000654269283729287,-0.014414344090248,-1.38486454686153e-05,9.07984656429535e-05,-0.045172379750205,0.00268305787278758,-0.0124848822237728,-0.00105213972724243,-0.000165743343213713,0.27505685118866,0.0640971073646403,0.000323723837195025,0.0054651359414043,0.0116380212498392,0.00198650971392938,-0.0274801540532685,0.000377883250681708,-2.65972551103766e-05,0.00015448067920691,-0.000797471034228225,0.0571654344601166,0.101766970491691,-0.0260453209039399,-0.041720564781039,-8.09429573251914e-08,0.00141618754368692,0.000672050099139356,1.98799136525368e-06,-7.49457958123733e-05,-0.000151498713453969,0.000742844567141102,1.91279699499073e-05,0.445904275872663,0.00127237281466203,0.000513107566595347,-0.00563619750270498,-0.00681469667314255,0.00244096444722342,-0.00897169557855739,2.92157975274615e-05,2.61244705386057e-05,0.00452312355246228,1.46400164028254e-12,-1.17018452382918e-05,-0.000829930464996243,0.000867117168405088,-0.00041049321832854,-0.00168134077740637,5.896233494559e-06,0.000147443005818637,0.00151915722191857,0.000848435100833816,8.32644387931654e-07,1.30754770848534e-06,4.9654246318871e-08,-0.000278062013796501,-0.00735987756468405,-0.00153571750766796,-0.0756579303693875,7.14554807420137e-05,-0.819281249176909,1.43763185373661e-06,-0.00375676434621447,2.19797118630196e-06,0.00049510816497232,4.87609272875717e-06,0.0106164076517965,2.82630994219184e-05,-0.0196112061769709,-1.56700147792941e-07,-2.02245455011024e-06,-2.30157369935703e-09,0.000224414897614958,-0.0320235336904912,4.31997244547059e-08,-4.87764852689451e-13,7.53858469367867e-07,2.2934973858321e-05,-0.00157014887422007,-6.62260941227229e-07,-3.1450166138149e-05,6.21977414456005e-16,0.000223030629437963,3.99050892918635e-07,1.2365788075944e-07,-2.44248426912361e-06,-3.91160577559046e-05,-6.42054940136809e-05,0.00181715832562157,3.42891671363226e-06,1.01045505946102e-05,0.00196860850728578,-5.16238256817958e-05,-2.29166966710302e-06,6.0453115360717e-08,-2.78950133215426e-06,-4.89746399938688e-10,5.66534126797065e-08,0.000315778810906068,0.00958488127132218,0.012945469832403,1.07794458981919e-05,3.77951253878304e-16,8.3788330015032e-17,-6.99682195865095e-09,-5.64058347627575e-08,-9.66665806530177e-08,1.73920984752287e-06,9.08055346233116e-07,4.97976311317982e-09,-1.53106693989713e-14,-2.42650583770418e-16,-2.80660514814518e-07,-0.000739150638918437,2.30401023796569e-08,1.29186795808675e-08,2.32975141904428e-17,0.00011921672536244,-1.46908110641828e-07,-1.18426813348374e-10,-2.80893011869747e-10,-1.203344686375e-11,-6.36438628964084e-10,-0.000750934805708877,-2.03178102967908e-05,-6.15752982802929e-10,-7.80701429394286e-11,2.31861667189244e-06,3.82348077791243e-10,-4.0384938410987e-09,-1.05978970578401e-17,2.3551453502647e-07,-4.81154014143433e-17,-1.60257483891184e-10,-3.03596433177939e-17,-6.46083599906983e-10,-1.81255947092359e-10,6.28837260041593e-16,-2.01030127757192e-16,-0.0276066715937527,5.25050585004012e-07,6.19759237492494e-09,4.44435515287839e-07,-2.30209481503957e-16,-5.64634224251603e-10,-1.52498488346418e-08,5.75490408973923e-09,1.9925450723718e-16,-2.73833925708137e-06,-9.82121732307149e-11,-0.00221687569054443,1.05580066038818e-08,1.72191223143817e-07,-2.23696505497895e-16,7.96007598665713e-17,1.26659177091833e-17,1.60950778309508e-16,2.96885792474633e-09,-1.10324002308565e-08,1.0650297829015e-08,1.13787018002354e-16,-0.000423618033061258,-1.94541288208181e-09,1.08164039060011e-08,-4.39398718086918e-17,1.02999206386123e-16,-5.89344339210876e-09,2.50864955955537e-10,1.71930726393046e-16,-0.00087646819469393,4.83818923076049e-17,3.22658566531686e-16,-4.11515007346023e-17,2.40227370400375e-17,-3.71258983718826e-17
"t75",-0.0925271189995529,0.08000091771757,-0.00877540034695386,-0.0425726876527241,0.000666635104172549,-0.0147676418105241,-1.42677351840419e-05,9.39781330714666e-05,-0.0469628811411296,0.00282477814855257,-0.0132014551046273,-0.00112186957428987,-0.000176920282593805,0.296880800236063,0.069863817762922,0.000355981071613065,0.00603109170098732,0.0128607446143547,0.00225870937555235,-0.0313552514432677,0.000433661490010786,-3.0890865537217e-05,0.000183157685303022,-0.000955474444844857,0.0690031705603857,0.125683174822043,-0.0331418227376293,-0.0537163865378119,-1.08047253380861e-07,0.00193244581513693,0.000920976751467086,2.76454287842054e-06,-0.000107381835691648,-0.000219594473786673,0.00110253819767687,3.12540516949823e-05,0.735266613087799,0.00224584470076431,0.000917337229070723,-0.0102478478988775,-0.0145557101338828,0.00529362108659503,-0.0195924486473243,6.39595124257245e-05,6.17609069325226e-05,0.0119684768258874,3.96565323640652e-12,-4.013744192808e-05,-0.0029450172010144,0.00329827804090884,-0.00181337938622348,-0.00801221596253463,0.000153525383426267,-0.00338902057740889,-0.0239485696540515,-0.00522358527679524,-2.93335569795673e-06,-2.9964935355422e-06,-1.09669421671629e-07,0.000539407161526243,0.0131646733779188,0.0027047580780429,0.0662931835277749,-5.8445404418474e-05,0.556051515269345,-8.30781581017768e-07,0.0010384691457221,-3.50536641538629e-07,-4.85416078447355e-05,-3.80335322207914e-07,-0.000741757352003479,-1.8159789968164e-06,0.00109804405218959,4.65350739786e-10,-3.80550730511562e-08,-1.30699150023441e-10,2.06822740953898e-05,-0.00316187248773791,4.48547951830155e-09,-5.63519471075742e-14,1.026706672784e-07,3.29249358867865e-06,-0.000229107899447071,-1.0581996781185e-07,-5.07245286301451e-06,-2.41667051435107e-17,3.73774024233594e-05,7.45197915719702e-08,2.32524434386816e-08,-6.40797991343656e-07,-1.03538793750461e-05,-1.70826048926529e-05,0.000508673452798782,1.0764966771696e-06,3.21272322271499e-06,0.000632946607938275,-1.66149254847072e-05,-7.38761831209193e-07,1.96032978945136e-08,-9.19664020116557e-07,-1.65429317715887e-10,1.97752828917174e-08,0.000117192441502633,0.00356226077697689,0.00481157932823641,4.03712494426795e-06,1.55898957268847e-16,-3.21452543784939e-18,-2.73122107710611e-09,-2.21529612690286e-08,-3.84620136361773e-08,6.94223194397186e-07,3.65628224573492e-07,2.02656904576514e-09,-6.30051566474776e-15,1.63549901814192e-16,-1.19495518375095e-07,-0.000319716077030029,1.00332926229372e-08,5.7235843261926e-09,-2.72218010337048e-17,5.43137194536426e-05,-6.72181926065856e-08,-5.49116000153933e-11,-1.32096010392798e-10,-5.72711289201439e-12,-3.03167543838427e-10,-0.000357782614004391,-9.76843515314817e-06,-2.96622450686906e-10,-3.77568495343994e-11,1.12469680451331e-06,1.87642502108717e-10,-1.99667232639138e-09,4.69022803185038e-17,1.17444489326421e-07,3.55357922381411e-17,-8.11990333895025e-11,-5.60822544620563e-17,-3.34017894263362e-10,-9.52986233405432e-11,6.26235174827627e-16,-1.00467399772177e-16,-0.0146060663140011,2.77812465082066e-07,3.34663379701703e-09,2.40552160442678e-07,-3.57943352385872e-17,-3.08454059458309e-10,-8.45715772627762e-09,3.2262299542491e-09,-2.76201608885552e-17,-1.54355794354522e-06,-5.54284548447551e-11,-0.00125221846910773,5.98142641703391e-09,9.7732219974658e-08,3.41183838868801e-16,-2.30485418839721e-16,8.07106034502967e-17,9.61406309299865e-17,1.73208632376146e-09,-6.45673080223953e-09,6.30153075827458e-09,1.49619899803e-17,-0.000252567265021812,-1.1646270548494e-09,6.49392513293054e-09,-2.30713159340862e-17,3.94215909915729e-16,-3.54684189192488e-09,1.5133191549499e-10,3.36313710666964e-17,-0.000534252431666281,6.83075314511429e-19,1.97758476261356e-16,1.30628301284474e-17,1.71977675328e-17,3.81222906518948e-17
"t122",-0.0930138523705201,0.0805986970971392,-0.00890968018649666,-0.0432409741864389,0.000687021505005049,-0.0153678041276778,-1.50019702841697e-05,9.96935044918308e-05,-0.0502627641202979,0.003105504177163,-0.0146572796384907,-0.00127074691220376,-0.000200940363411785,0.347076930813282,0.0839745532007694,0.000439594608212605,0.00753325476223614,0.0161360059013566,0.00315297700766914,-0.0444341731691082,0.000630662947882738,-4.76335664799819e-05,0.000318189404722114,-0.0017834483132226,0.136310439347533,0.307522657142651,-0.125312893798879,-0.266078937730745,8.02268382905883e-06,-0.0117693080304246,-0.00471139649766021,-8.98764787277619e-06,0.000190574702121632,0.000325965674143354,-0.00119690718857807,-1.32807712482253e-05,-0.289514216147811,-0.000510748981071263,-0.00018820185703162,0.00183212362733006,0.000402639445810603,-0.000100680221845346,0.000299067644385954,-8.92884669623928e-07,1.25034875761102e-06,0.000653200920973524,2.38285586800206e-13,-3.9132053692099e-06,-0.000297531268837801,0.000353970818502083,-0.000213277239293075,-0.000974080860490937,2.2342536105746e-05,-0.000507926129969127,-0.00360390398872919,-0.000791647939992102,-4.38612441608201e-07,-4.30246110710493e-07,-1.56586481008814e-08,7.52362831987537e-05,0.0018035023929236,0.000369149374911276,0.00630231079874122,-5.17081664258694e-06,0.0375826311433683,-3.78793863696554e-08,-0.000125887793849695,1.25052832447265e-07,3.41440459826735e-05,3.5513662755025e-07,0.000789747646878343,2.13273751784454e-06,-0.00151060778763753,-1.36049618394868e-08,-1.83382611817027e-07,-2.23368405170418e-10,2.29977686621427e-05,-0.00331183554448535,4.49839304692968e-09,-5.17203508687108e-14,8.16027846105686e-08,2.50156426462398e-06,-0.00017165839592157,-7.33230303482268e-08,-3.48640876282421e-06,4.12410067903748e-17,2.4848328101068e-05,4.5020776415227e-08,1.39607113809044e-08,-2.74139580777277e-07,-4.38087414017783e-06,-7.18125112820559e-06,0.000199819601965974,3.48865024687761e-07,1.01399287962365e-06,0.000194923853803284,-5.10506489960949e-06,-2.26155345363573e-07,5.9199093069726e-09,-2.66713037071753e-07,-4.49112563454915e-11,4.82849030010345e-09,2.15139586528254e-05,0.000648215856434217,0.000875165700314429,6.99022070988411e-07,-2.55903940793323e-16,7.93425899592463e-17,-3.25931496996396e-10,-2.44405119231708e-09,-3.46215259227628e-09,5.88402857729922e-08,2.55643062176537e-08,1.02473182815966e-10,3.62557206479153e-16,-1.7501143088996e-16,6.05076345107606e-09,3.06806139168718e-05,-1.17807531385791e-09,-1.02661166407382e-09,-1.23697360353003e-16,-1.67569249704866e-05,2.23624000674009e-08,2.28965261403943e-11,6.95695244556941e-11,3.67612517410553e-12,1.97427071133071e-10,0.000233808626233419,7.43511385066975e-06,2.33452869831221e-10,3.18155015012094e-11,-9.98640881655572e-07,-2.06088662454062e-10,2.53182816207999e-09,1.05986169720823e-16,-1.78019351461172e-07,2.74043416943752e-16,1.80432131264019e-10,8.69973608527506e-16,1.46202093552823e-09,1.31971659088518e-09,-2.52311192772137e-14,4.42188227313067e-15,0.747934136594187,-1.46695211815342e-05,2.4885137174196e-08,1.59722712639649e-06,2.10149206338082e-15,-1.45649347551557e-09,-2.79323793501224e-08,8.90004046697325e-09,-5.82227258747381e-17,-3.94675855268009e-06,-1.39497415025935e-10,-0.00311743450625926,1.43616082498255e-08,2.29628421739804e-07,1.30665069696727e-16,4.92000784263105e-16,-2.32528994375282e-16,-8.46990378086172e-16,3.15377693814347e-09,-1.14890038598806e-08,1.04223930421739e-08,-5.21365719693967e-17,-0.000399114326550115,-1.79902153462462e-09,9.87800614854644e-09,4.14382656833325e-16,3.27103795438877e-16,-5.3278962977945e-09,2.24640683450935e-10,1.67383570887845e-16,-0.000754957210241617,1.87449222077039e-16,4.11197226442284e-16,1.63121395930508e-18,2.11497892659659e-17,-3.2862685316891e-16
"t123",-0.0932611428579165,0.0809004743589213,-0.00897600582848828,-0.0435707112059784,0.00069670132957208,-0.0156460053236532,-1.53341370173022e-05,0.000102228178744143,-0.0516984737176372,0.00322126246168905,-0.0152467111379736,-0.00132894753291488,-0.000210287989555931,0.36573230423009,0.0890117925670219,0.000468385790462581,0.00804309740854008,0.0172415238989763,0.00342220330393057,-0.0483172852557243,0.000687832762900608,-5.22682502406187e-05,0.00035266956985744,-0.00198641831980096,0.152340566902811,0.347163770160567,-0.143220885456067,-0.305510779167431,9.33591559406402e-06,-0.0138008963471567,-0.00553265715645335,-1.06055320520856e-05,0.000227006007995801,0.000389635669804948,-0.00144056354021909,-1.63848533381248e-05,-0.357938750800937,-0.000640803791499897,-0.000236730013982627,0.00231212721855335,0.000522019407768432,-0.000130817496937917,0.000388972371451983,-1.1617037010872e-06,1.64336365305445e-06,0.000869616597750971,3.17797708560173e-13,-5.32917590783828e-06,-0.000406168550713227,0.000485443643410375,-0.000295020410135646,-0.00135251226688737,3.21383610947994e-05,-0.000741481405730578,-0.0052790284245717,-0.00117831215976178,-6.64508239973681e-07,-6.64814236546669e-07,-2.42434739194499e-08,0.00011733900200855,0.00282646920599365,0.00057908707780344,0.0104042650257821,-8.58567750029221e-06,0.0634137555645998,-6.48306181470514e-08,-0.000229841079985681,2.37882157907496e-07,6.67979311879342e-05,7.02073415250637e-07,0.00156822705805182,4.24841061712521e-06,-0.00302346404253668,-2.81795850855297e-08,-3.86081388718501e-07,-4.85724147112537e-10,5.18271196504674e-05,-0.0075185188170763,1.02723546006648e-08,-1.19323912168831e-13,1.94194909722642e-07,6.01583200013268e-06,-0.000414235671045416,-1.80751446569414e-07,-8.61525701540441e-06,5.53075837184565e-18,6.20445436600508e-05,1.16338400298538e-07,3.61656342838771e-08,-8.60530321595373e-07,-1.38654523158681e-05,-2.28400509614463e-05,0.000670518713523045,1.39011899153957e-06,4.14425939811655e-06,0.000815891182030069,-2.141610404546e-05,-9.5216307288462e-07,2.52595952322489e-08,-1.18461274449842e-06,-2.13202749628547e-10,2.55613669329429e-08,0.000153616632403879,0.00467170478434802,0.00631026925720759,5.30903329661037e-06,4.45904358960829e-16,-8.00509474785286e-18,-3.66234450148244e-09,-2.98134477668906e-08,-5.22039283828563e-08,9.44392922956623e-07,5.00632166963375e-07,2.7991709573817e-09,-9.07000169414474e-15,4.46833511419223e-16,-1.7324870043373e-07,-0.000474093489176345,1.50383531590118e-08,8.84884645120971e-09,2.35556200038602e-16,8.95043673802815e-05,-1.12076328185852e-07,-9.53163250408103e-11,-2.41217520492642e-10,-1.10069151945429e-11,-5.85018966153746e-10,-0.000691090520666622,-1.97498828799192e-05,-6.06172419225511e-10,-7.89272673711479e-11,2.39404373677415e-06,4.32845209997952e-10,-4.89388926871179e-09,-5.05962890580768e-17,3.12661593042211e-07,-3.67528721114079e-16,-2.65226677403332e-10,-8.82061870642928e-16,-1.70881340577395e-09,-1.26348821205102e-09,2.27433089722284e-14,-3.9894985699435e-15,-0.662896120144512,1.29899571369908e-05,-1.68975015396273e-08,-1.04996154577544e-06,-1.85188402865786e-15,8.37885709199184e-10,1.26632303240556e-08,-3.3234588126089e-09,2.31192264013388e-17,1.32279571393181e-06,4.55877845037243e-11,0.0010006884626011,-4.32562261508027e-09,-6.63602914356383e-08,-2.51039313869213e-16,-3.92009444323042e-16,2.51374810641298e-16,6.04038928431682e-16,-3.89616671689135e-10,1.22245249216914e-09,-5.12600892439211e-10,-4.37746627141022e-17,4.48550267032405e-06,-1.50470758175507e-11,2.16477044157485e-10,-3.59961192099645e-16,5.02094026078037e-16,-1.76458822748044e-10,9.85352915281871e-12,-1.72118864487165e-16,-6.78824323567579e-05,-1.29803901670068e-16,1.56640108869843e-16,8.76244534853127e-18,2.53193751867602e-17,3.00558280653399e-16
"t63",-0.0925116265774748,0.0799817913838728,-0.00877100513291863,-0.0425507847220056,0.000665926511643426,-0.0147457595308205,-1.42394129498805e-05,9.37460279711624e-05,-0.0468214937339634,0.00281054627501411,-0.0131229031302699,-0.00111276872089023,-0.00017542734834939,0.293172305789991,0.0686449210673148,0.000347650087924197,0.00587253422160005,0.0125072820574802,0.00210474568012113,-0.0289692629080888,0.000394117469995086,-2.67831674137502e-05,0.000135838328372096,-0.000604693326113969,0.0362061426871878,-0.0164129569618467,0.130847394183219,0.562881556680437,4.91283054555442e-05,-0.0332144840893665,-0.0122421968161929,-1.87558981248818e-05,0.00029530901965908,0.000461258464598813,-0.00142988448136732,-6.78570541725297e-06,-0.128547826542951,7.95308976362532e-05,5.63554087294749e-05,-0.000938310197831175,-0.00359015935547455,0.00134670509677354,-0.00504937726825191,1.65569707161944e-05,1.77544436131029e-05,0.00374245714265265,1.25383928297433e-12,-1.34944281542493e-05,-0.000993947043662322,0.00111957929733308,-0.000619004410011661,-0.00273651488980384,5.02904538337576e-05,-0.00106654525999953,-0.00745331773540722,-0.00152773875378601,-7.84086200698033e-07,-7.01459917004958e-07,-2.5276341080307e-08,0.000116853156873778,0.00272544230020064,0.000554765259246434,0.0057277286224372,-4.17150468741639e-06,0.015977562028474,7.15560513659286e-09,-3.1924481867818e-05,-3.62341445225657e-07,-0.000363596434360061,-7.81350836129679e-06,-0.0278164394148523,-0.000122967655918396,0.726785373279191,-1.82575445919057e-07,-1.86981177054154e-06,-1.70020828604973e-09,0.00014810392372407,-0.0208197192192204,2.77887758283808e-08,-3.068657393273e-13,4.60697664126312e-07,1.38977855126561e-05,-0.000949074994071161,-3.95174327196821e-07,-1.87436204466113e-05,-9.39605475562755e-16,0.000132288057270819,2.34002430939423e-07,7.24676044103226e-08,-1.41409185298692e-06,-2.2651024225858e-05,-3.71844319621604e-05,0.0010543172838613,2.00511034052764e-06,5.91583795582644e-06,0.00115382356181465,-3.02604234551735e-05,-1.34353440649516e-06,3.54634402647599e-08,-1.63933884970866e-06,-2.88633755746859e-10,3.35306652931644e-08,0.000188611540691825,0.00572628655057387,0.0077340892165462,6.44808883299537e-06,1.05228471600927e-16,1.89875629660805e-16,-4.2157284140022e-09,-3.40239063544195e-08,-5.84517991859395e-08,1.05229956083879e-06,5.50339422985581e-07,3.0243913372821e-09,-9.00668428727158e-15,-6.71884903925029e-16,-1.72052171382822e-07,-0.000454660844501196,1.41930440692945e-08,7.98822978187e-09,-5.01699404459015e-18,7.41698833899172e-05,-9.14830870047756e-08,-7.39561120605965e-11,-1.7591992835601e-10,-7.55351495933382e-12,-3.99560264566952e-10,-0.000471459195226267,-1.277563939368e-05,-3.87297421112284e-10,-4.91332930736466e-11,1.45981210855801e-06,2.41028079927489e-10,-2.54683256840742e-09,-1.99385616977548e-16,1.48507909001477e-07,-1.68401459716159e-16,-1.00742012685535e-10,-2.23069013278774e-20,-3.98385352936601e-10,-9.92552434423032e-11,5.06105574116233e-16,-5.00983383893031e-17,-0.00720784731649599,1.30631980592086e-07,4.45197058156326e-09,3.16794147449829e-07,3.9138266204564e-17,-3.95481275197665e-10,-1.05755726103351e-08,3.98384488694909e-09,-3.42487706738343e-16,-1.89553655994927e-06,-6.79879149277501e-11,-0.00153470975849081,7.31074953074052e-09,1.19253506812144e-07,-1.40890348058764e-16,1.9647108799205e-16,7.91098121126893e-17,1.72537383981486e-16,2.06790423153136e-09,-7.69133945153545e-09,7.45025362578053e-09,5.50774703622636e-17,-0.000297105067892995,-1.36639403827696e-09,7.60502060330741e-09,-6.65817111252297e-18,2.60208521396521e-16,-4.14737506146336e-09,1.76695155612096e-10,-6.72944095259131e-17,-0.000619826322324072,-2.37049916869053e-16,4.74446870679657e-16,-1.84556783941033e-16,-4.91926440638598e-17,1.07229213623174e-16
"t64",-0.092607572542489,0.0800987648963707,-0.00879662316602002,-0.0426781209988677,0.000669637633290032,-0.0148518622220781,-1.4365353739514e-05,9.47019752424784e-05,-0.0473599869448181,0.00285318916131386,-0.013338503897598,-0.00113373782777903,-0.000178788082689741,0.299721813193292,0.0703701401062795,0.000357258283344131,0.00604072687089406,0.0128703042437521,0.00218259858038231,-0.0300688800379269,0.000409703527254058,-2.79302915367225e-05,0.000142416686937513,-0.000635680891745202,0.0381335046577021,-0.0173860041583711,0.139621486853337,0.60232504792533,5.30187185290036e-05,-0.0360255782057309,-0.0132911801649615,-2.0430005700363e-05,0.000323786266455375,0.000507002956754954,-0.00157960801375514,-7.64245770194772e-06,-0.145031437292187,9.08652061144953e-05,6.45336935191053e-05,-0.001077665818314,-0.00423228845377715,0.00159117648144899,-0.00597213389131818,1.95898089776466e-05,2.12363944315263e-05,0.00454222950326376,1.52641671836518e-12,-1.68474739216241e-05,-0.00124490631701109,0.00141104206052048,-0.000789661254563971,-0.00351022455624264,6.83615026327898e-05,-0.00149143558950405,-0.0104952882500796,-0.00222770536854775,-1.19444985000301e-06,-1.1306509226462e-06,-4.09943832022992e-08,0.000194090891615595,0.0046033868056326,0.000940188001413366,0.0123222238591737,-9.3122824999731e-06,0.0402219744527617,2.06102152182293e-08,-0.00103881140180847,1.19732121025355e-06,0.000560251477789627,9.54427580580701e-06,0.0309049969882528,0.00012789287229287,-0.685139636844591,8.51221191002274e-08,6.03506958145216e-07,2.03532477355968e-10,4.47015898758299e-06,-0.00114084566993429,2.03583169742586e-09,-3.53538258036192e-14,8.26865394781912e-08,2.79733814150893e-06,-0.000197492621745367,-9.7459059050053e-08,-4.69784320232362e-06,1.25202658859245e-15,3.5347742481887e-05,7.36361561388828e-08,2.30263808180759e-08,-6.62048477738115e-07,-1.06964430241056e-05,-1.76466712034632e-05,0.000524743878502629,1.10230471066317e-06,3.28605250792942e-06,0.000646724361269193,-1.69749662431865e-05,-7.54654451631288e-07,2.00136864619825e-08,-9.37371821247519e-07,-1.68184246568443e-10,2.00302683531339e-08,0.000117805590820303,0.00358022848347066,0.00483580355491375,4.0533906058775e-06,2.81277252910736e-16,-1.22628140793988e-16,-2.72679453217659e-09,-2.20980417273251e-08,-3.82955251343302e-08,6.90898697619478e-07,3.63416900905043e-07,2.01115253086824e-09,-6.75154376850173e-15,4.07510196931083e-16,-1.17766479540148e-07,-0.00031428604660193,9.8518961732861e-09,5.60363930628941e-09,-2.40747653314021e-16,5.29064297578241e-05,-6.54222565780039e-08,-5.33020264189883e-11,-1.27831554696104e-10,-5.52635367548498e-12,-2.92481982435781e-10,-0.000345154068822822,-9.40115407533672e-06,-2.85313876904943e-10,-3.6275867333342e-11,1.07961041578928e-06,1.7941670190009e-10,-1.90359871832593e-09,1.85119481299537e-16,1.11525185262154e-07,2.22440082849413e-16,-7.63123363248611e-11,1.05952030852795e-16,-3.05050643944646e-10,-7.66789363291768e-11,1.96891114523368e-16,-7.66230763450066e-17,-0.00558662651682159,1.01253463930248e-07,3.48713961658671e-09,2.48434996229143e-07,1.94287005731875e-16,-3.11605469185717e-10,-8.39597406762976e-09,3.17984890446261e-09,3.64076275533037e-16,-1.51708875866137e-06,-5.44465809975389e-11,-0.00122955986180528,5.86564963576136e-09,9.57677950984195e-08,2.53789389542945e-17,-1.17841315256577e-16,1.75848065092989e-17,-1.86602255364996e-16,1.68292718693078e-09,-6.26884908050309e-09,6.10391560932559e-09,-2.75387351811318e-17,-0.000244292861431701,-1.12566052479725e-09,6.27358341315286e-09,8.85419179224996e-17,1.32706345912226e-16,-3.42513266464044e-09,1.46083966038314e-10,1.05098085382917e-16,-0.000514919472451487,2.77030553896932e-16,1.03432887255117e-16,1.79167867499666e-16,7.32219776835885e-17,-1.27887482079342e-16
"t4",-0.0366589858924329,0.0109622140279304,0.00717863556241889,0.0369623886945395,-0.00193139125764815,0.0516560931278472,-0.00427327576804306,0.00358313500636147,-0.00493154357415734,0.0215910009709311,-0.0648593497934537,-0.00249005440668339,-0.000349789170093141,0.0398884472136111,-0.0672007790649082,-0.000614075910261275,-0.0120797320429373,0.000504342447961979,-0.00772407228000923,0.110103001490553,-0.00157316110682038,0.000115056704117867,-0.000617189395041639,0.00275135792618771,-0.163865897190036,0.0299017465915776,0.00273111259513503,-0.0065475101753411,0.000387691371991636,0.0158235989205084,0.00693714811210578,-0.000210498757022642,0.0087248901637717,0.0191544354771946,-0.138672746525932,0.00010253116678864,0.00355355277665288,-0.0239160958185113,-0.0105307326178056,0.126287949203405,0.202075655252957,-0.0726558120968397,0.267288951981934,-0.000870588608113287,-0.000759537747322839,-0.111886339494562,1.17401230842324e-11,-5.52128395999504e-05,-0.00220309788459263,0.0241376438525225,-0.0312805657332263,-0.00289051365998715,-0.0468791561690287,0.234281095523778,-0.000302031611707828,0.497241405579673,0.000196253294882307,0.000153467058792147,5.47126215488464e-06,-0.0242071430927569,-0.496967562945846,0.138298668512947,0.0451121294171393,0.00269645597390059,0.017102450868932,-1.18729775998405e-05,-0.00265326116035093,-8.20016529142576e-05,0.00082865622554204,-6.71108097931338e-05,0.116868350857962,0.0017633327236218,-0.000834757816392657,1.28752554962966e-05,0.000164721057794432,2.02535601531502e-07,0.00178905859883923,-0.332936580122452,-1.84354566359969e-06,-1.67932010473971e-11,-6.02988404555685e-05,-0.00189663307882532,0.131096156695153,5.81378956479763e-05,0.00277469583586605,3.0048827573431e-15,-0.0200809784415676,-3.80789327476721e-05,-1.18450429902242e-05,0.000291420008141713,0.00470026096917201,0.000109551085121491,-0.22874901725871,-0.000472422559964841,-0.00138896195145854,-0.000834000894176344,0.00978063731381198,0.000360120230665095,-8.87686241346926e-06,0.000404711469823641,7.09376570626386e-08,-7.92928885952831e-06,-0.00428356010893291,-0.00365575730674302,-0.00488665694405221,0.00118771235534617,1.20688810312382e-16,1.25328176824715e-16,3.41753508014915e-06,2.5572392436862e-05,4.02939799500687e-05,-0.000716968457959715,-0.000367725527300416,-2.00903636936142e-06,1.65839564303383e-15,-2.91948322569467e-16,0.00012632944786128,7.92606068832355e-05,-1.16470503363774e-05,-7.24954560757436e-06,2.21332758466023e-16,-0.00393864877782574,0.000120761454052247,1.08316812446922e-07,3.19877779809306e-07,1.73534835511068e-08,8.60428582060657e-07,2.42128918159611e-05,0.040548029046684,1.31956152824925e-06,1.97055181010035e-07,-0.00031773647633029,-3.10771565431783e-06,-0.000191791951095639,2.7419336760507e-14,0.00121488948890406,-3.5818274691031e-18,-2.99919612198397e-07,-1.92528442947009e-16,-6.26763601278746e-07,-9.98496105639468e-08,3.83373888190874e-16,-1.28684594372629e-16,-0.000120613842440892,-1.11079299034553e-05,3.59864784318182e-06,0.000247100537969706,-1.32142586220649e-16,-2.71340202608793e-07,-6.04254962230808e-06,2.00316644202373e-06,3.35549538141182e-17,-0.00085387752801591,-2.73690657858536e-08,-0.000216563906652625,3.58650054368723e-06,5.32177874575579e-06,-5.69675230805057e-17,-1.37361428755604e-16,6.52191419590722e-17,4.95777575212677e-16,7.41664376445201e-07,-2.68691921700914e-06,2.38119236317303e-06,1.30321101132758e-16,-5.55593314671628e-05,-3.99427445469625e-07,2.17369456060367e-06,-7.19817619160898e-17,4.31946145518225e-16,-1.16361351576857e-06,4.86909807512369e-08,1.73829705820499e-16,-0.00017902540391535,-6.15583621351716e-17,1.84314369322536e-17,-2.84422650675059e-17,4.19285587026395e-17,-6.68795837186573e-17
"t14",0.0376977748065578,0.0031133982718611,0.00485541124598787,0.00706738023178674,-0.00857940996619277,0.016736304506301,-0.0320718553771191,0.0186966997073195,-0.00230613256791694,0.0588018912691941,-0.0867510330802035,-0.00101031363102687,-0.00531670758572919,0.0608377450211562,-0.410649091882044,-0.0575595187700483,-0.0664345539013986,-0.00211487246224744,-0.0076979727774965,-0.136395326899895,0.00102002423253334,0.00688745931275737,0.0228149541479651,-0.0146001422580057,0.120813560561352,-0.0394989637875518,0.0026852265390353,-0.00282095562197558,5.22963010407029e-05,-0.000132545985838048,-0.000129348417462061,0.00237287349098371,-0.00301929234064948,-0.0350389314561316,0.02984073465241,0.0010637827883099,2.53822639407967e-05,0.0324603306234523,0.000183852938104538,-0.0113276839095149,-0.0320187652123157,0.00242325801617662,0.00438512571988344,-2.88314581157312e-05,-0.000290113346082164,-0.0135225224496497,5.85710451805412e-13,0.000299521821802148,0.0004834965046768,-0.0542446213774471,0.0246624067857733,-0.000660608682508329,-0.00469478312436381,0.0234430655653842,-0.00161293542404558,-0.00143347185150105,-3.18072855938472e-07,5.00066457546694e-06,6.74904316280287e-06,-0.00534749312113751,-0.000282201465696345,9.19026602494181e-05,2.86773349913744e-05,-0.00735340663459925,2.04582485546084e-07,-1.05888181070466e-09,-8.21907035421406e-09,9.43027194032623e-05,3.04177492844657e-07,0.000216086026869093,6.4399736305374e-05,-0.00288160301222447,-3.37602406171381e-07,-4.64978929002314e-05,-0.000708455883684843,-7.01639296292887e-09,1.69845965309473e-07,5.81743945595688e-05,1.90646635162414e-05,2.14182492698166e-14,9.54374715872659e-06,0.00902585104979547,-0.015469969646528,-0.0106506608647558,-0.416628452085679,-6.96463878943694e-15,-0.00695958884410099,-1.57020750085773e-05,-0.00172602397166774,2.68989550006679e-05,0.000413540430274057,2.99829025916917e-06,-0.0123596088105258,0.0111539070865204,0.037035125612733,4.14155019808226e-05,-0.00417653590004387,0.0085396485698067,0.00181362535283477,-0.0580787100270364,-6.57043443751916e-05,-0.00153105312370289,-0.00131761788457069,-0.000142207798922187,-0.000192698692927479,0.23034976482045,-1.58028199138248e-14,-6.37893573677326e-15,0.000286915429011192,2.80578555956888e-05,0.0164814342884286,-0.723336433683177,0.000133528027656714,0.000225912341205359,2.0122792321331e-16,2.02110522005939e-16,-0.00261788054709363,-5.91449572831121e-07,0.000137270378339479,5.6458634051009e-05,-4.79547653934833e-16,1.25780949861319e-05,-5.72932524458945e-06,-2.37288884525101e-07,-3.82921504157131e-07,-8.84719920707324e-09,-3.99830044965507e-07,-2.35920758315706e-08,-4.32453027483116e-05,1.33909772887331e-07,2.11869737911735e-07,-9.37982830469253e-09,-2.29684244623689e-06,-2.90950665416886e-06,5.84365927934431e-16,2.37843592766317e-05,9.78623376851969e-17,-4.85427156633599e-07,-2.15998965911478e-17,-1.25759399148256e-06,-4.12787469925046e-09,2.37657116208823e-16,-1.63314536061762e-16,-3.89554920757626e-07,-2.60948220114083e-05,9.28005719193211e-06,1.25395929599175e-05,-4.18759607955519e-16,-7.2950409250925e-07,-3.49371441513495e-07,1.21785568348904e-07,1.69219381747701e-17,-5.31726550925364e-05,-8.06272455366647e-08,-1.23734612575378e-06,1.05926992387147e-05,3.15222343004549e-08,3.17863523224436e-16,5.7105432569114e-18,6.22065428756486e-17,-2.92256962882552e-16,1.46309940697153e-08,-8.34003698468046e-06,7.48571315213617e-06,-5.70290342727375e-17,-4.48300092074135e-07,-1.27054860252934e-06,6.93251059835419e-06,6.16134445165277e-18,3.8294020732188e-16,-3.71897553364014e-06,1.55930580234719e-07,8.56720585545916e-17,-1.63589746454001e-06,1.43262701788141e-16,4.40186082029115e-17,1.25391892179049e-18,4.97911902480788e-17,7.74737713873138e-17
"t16",0.0378435098650528,0.00313037154712166,0.00490828180428403,0.00714622943062473,-0.00875770143258829,0.0171854381015011,-0.0331299348711935,0.0194079418399234,-0.0024050881290249,0.0621316018717768,-0.0920709077284862,-0.00108139036307319,-0.00569697357773569,0.0659133052567224,-0.449199942451034,-0.0635029165379468,-0.0735439031804871,-0.00234423507572092,-0.0087626145595156,-0.155754625154386,0.00117088033001669,0.00799093752874686,0.0269498440280822,-0.0174007646347958,0.144890942584999,-0.048269950135976,0.00336005009535856,-0.00356196745236687,6.78308471148079e-05,-0.000174642920824938,-0.000170943254011875,0.0031679352577402,-0.004112818512629,-0.0480925825356854,0.0415830439433727,0.00156926549944723,3.76331695796769e-05,0.0498892650803482,0.000284390749254185,-0.017668523477314,-0.053644499329915,0.00408469661579619,0.00741198926482276,-4.87798478566249e-05,-0.000505192086771425,-0.0244579650768577,1.0667781984293e-12,0.000581720553769381,0.000946488505897061,-0.107826339781332,0.0504831146415943,-0.00137017896096709,-0.0111298430715579,0.0591387974826323,-0.0041302625273,-0.00395120389027406,-9.58230598531416e-07,1.68155328125251e-05,2.29626571387475e-05,-0.0190270062755858,-0.00103571241457797,0.000339389883020905,0.000159235284582389,-0.0433112215081198,1.45137864944434e-06,-9.17918903905039e-09,4.85945614656525e-06,-0.00123215009895937,-2.37986085430998e-06,-0.00147058347098935,-0.000415247237380994,0.0179142497907718,1.99111036057157e-06,0.000200181659065747,0.00270297617328765,2.18487891814284e-08,-4.39995496169521e-07,-0.000145680163945946,-4.65053055736377e-05,-4.98138338765499e-14,-1.97109838038708e-05,-0.0179472609004024,0.0303891760886572,0.0194737527322753,0.755865167226748,1.19643072155526e-14,0.0122195840871255,2.49418934322043e-05,0.0027230686991625,-2.84249126947479e-05,-0.000431421307636616,-3.10459566365572e-06,0.0118639837826768,-0.00899359347325766,-0.0293389455047477,-3.23275442709146e-05,0.00325583816500408,-0.00664345278359718,-0.00140069477143913,0.0440356359208604,4.88728523295658e-05,0.00114136443524334,0.00137199696044395,0.000151636505343292,0.000205726544838699,-0.28916303014181,1.75697204850455e-14,1.86280855967077e-15,0.000247754846623015,1.55330695410755e-05,0.00418752723843104,-0.153955148805747,1.76354111206278e-05,1.61510660597272e-05,1.14491749414469e-16,-3.22374235391379e-15,2.25397011745464e-05,5.68472112689798e-09,-1.10849488186116e-06,-1.69137092816525e-08,1.88496053849382e-16,2.56329744819034e-07,-1.38642514216396e-07,-8.7317681981099e-09,-1.96391707084985e-08,-5.68801484835408e-10,-2.60887908564264e-08,-1.54487742935503e-09,-3.27377530377239e-06,1.04376462275304e-08,1.74807046668929e-08,-8.06544817912036e-10,-2.29270215575819e-07,-3.16462050019436e-07,1.0939478477431e-16,2.83715497626739e-06,-9.46618866313862e-17,-6.75511182110925e-08,-4.0689267676987e-17,-2.07271217674771e-07,-7.70322628675983e-10,1.26851654180804e-16,-3.46590758761577e-17,-7.58867184703564e-08,-5.08583045068646e-06,2.05685591254074e-06,2.81805469670845e-06,3.37818486578386e-17,-1.72894555816673e-07,-8.97948151772124e-08,3.3059318644602e-08,-9.39927057973296e-17,-1.48232508422998e-05,-2.26089732253888e-08,-3.48383783507419e-07,3.02436102482138e-06,9.0781391101245e-09,-7.08924195025483e-17,3.043694536263e-16,3.09474734418448e-17,8.16277796636531e-17,4.75348730548993e-09,-2.74472129915713e-06,2.57325088352673e-06,2.63786388565723e-16,-1.58702327100063e-07,-4.5674350945392e-07,2.51889137474986e-06,-8.40246898492422e-17,-7.37257477290143e-17,-1.36331255567622e-06,5.76518659537619e-08,6.73776914180993e-17,-6.27659497992573e-07,-1.17611677532969e-16,1.02023424430886e-16,7.08805697699008e-17,2.57776222746029e-17,-1.21064071703775e-16
"t17",0.037761831604064,0.00312085761092176,0.00487863443102295,0.00710201354554179,-0.00865765024165093,0.0169332873755746,-0.0325356464826227,0.0190083152312995,-0.00234946848168898,0.0602582730594922,-0.0890769164422206,-0.00104136402716925,-0.00548281250128268,0.0630525165677412,-0.427456080608287,-0.0601486038327818,-0.0695305803132712,-0.00221474480296404,-0.00816042402779451,-0.14480203301513,0.00108550193882703,0.00736595080254957,0.0246050364798504,-0.0158116258353624,0.13122308178389,-0.0432846814305213,0.00297589115105971,-0.00313987925677476,5.89668190470469e-05,-0.000150598281910552,-0.000147180874186571,0.00271343994737181,-0.00348692229622362,-0.0406176289330802,0.034852764680961,0.00127855359966691,3.05853794056417e-05,0.0398418638315146,0.000226411792310215,-0.0140101222004027,-0.041118435709429,0.00312204682775765,0.00565794708213028,-3.72193294764263e-05,-0.000380361344948121,-0.0180987917237986,7.8705804220596e-13,0.000417043781396185,0.000676208557582044,-0.0765245240870876,0.0353784889807267,-0.000954845092564776,-0.0073415378385652,0.0380729644208014,-0.00264380723896948,-0.00246044722554104,-5.78022257924474e-07,9.77371303020826e-06,1.32956944731587e-05,-0.0108601502913721,-0.000585457455375929,0.000191479930232788,8.0454105270732e-05,-0.0215892321174797,6.958041177175e-07,-4.24411287314002e-09,1.86071514422857e-06,-0.000407454872854764,-7.00179491872066e-07,-0.000412427183688997,-0.000114011549794331,0.00484375649837186,5.25791751289991e-07,4.36336474646087e-05,0.000528945324751881,3.29596690492459e-09,-4.41571988141209e-08,-1.30864292005829e-05,-3.78508311401244e-06,-1.72681693599359e-15,-4.18841418473167e-07,-0.0001031922416704,1.90485163043227e-05,-0.000608515210569542,-0.0263657195673769,5.30024196319866e-16,-0.000618160342259617,-2.57028410711227e-06,-0.000291054865812449,1.18997729162058e-05,0.000186666125905405,1.36922792898426e-06,-0.00633330593276943,0.00760647518091496,0.0262170120390595,3.03533808277923e-05,-0.00307093080645917,0.00631193750467694,0.00136671168581992,-0.0463844403152466,-5.78779949401603e-05,-0.00160241463301676,-0.00278885316801501,-0.000311256210730972,-0.000422489240106347,0.626157700072056,-3.81209758650704e-14,-2.93657312912825e-15,-0.000745304861930823,-4.94170813067777e-05,-0.0151403840544372,0.575656435429294,-7.25930660316751e-05,-7.56265766754032e-05,-6.31439345255558e-16,4.96706180006277e-15,-0.000234683224954188,-9.89382048575261e-08,2.67974501349317e-05,1.44800395336517e-05,-5.22032171002867e-17,4.19913517159449e-06,-1.97117536039566e-06,-8.8595949746057e-08,-1.53713497488135e-07,-3.74387984016236e-09,-1.69797147734443e-07,-1.00275092545534e-08,-1.90416952947081e-05,5.93907646952974e-08,9.53103456179041e-08,-4.26367218440971e-09,-1.08467241001846e-06,-1.40512324912716e-06,1.65500446348421e-16,1.17704674341482e-05,-3.13970398928323e-17,-2.5042059350424e-07,-5.69058655817167e-17,-6.79818084854766e-07,-2.3111163125298e-09,-7.46798456408015e-16,6.45503945371325e-17,-2.20801886189746e-07,-1.4792748529676e-05,5.46077981988457e-06,7.40889255658158e-06,2.15107394721341e-16,-4.37841400329555e-07,-2.14832046402027e-07,7.6135655500302e-08,1.03488955152268e-16,-3.35122631946513e-05,-5.09067220069948e-08,-7.82214000621213e-07,6.72510685569571e-06,2.00660889653446e-08,1.82729126514444e-17,-1.71715608238227e-16,-3.12339447151713e-17,2.54187321926765e-17,9.66981753133464e-09,-5.53448455809861e-06,5.0367374007303e-06,-3.07696576551386e-16,-3.04488312069886e-07,-8.6723629132017e-07,4.74824224411899e-06,1.06609108613217e-16,-1.69135538907739e-17,-2.55453273711904e-06,1.07404220896883e-07,3.09635652209633e-18,-1.14047315839978e-06,1.29868400932066e-16,1.10588621593521e-16,-8.54044372507357e-17,-2.6985245905446e-17,5.74779369896585e-17
"t12",0.0374909592648464,0.00308933529310399,0.0047807126643895,0.00695599620935526,-0.00832905480784476,0.0161079793062169,-0.0305971759921765,0.0177084418384573,-0.00216903710095298,0.0542261860759915,-0.0794605056031033,-0.000913416244219414,-0.00479864865144045,0.0539698166211731,-0.358789941643137,-0.0496058460916615,-0.0569401843124441,-0.00180880546008604,-0.0062998618787038,-0.111020716458153,0.000822907947374127,0.0054547283044155,0.0175029661250644,-0.0110210484751362,0.0901558169901006,-0.0284522688718086,0.00184680303617804,-0.00190503862259095,3.33845128668187e-05,-8.1746071577897e-05,-7.92384440494237e-05,0.00142043559210021,-0.0017237446156394,-0.0196377294632801,0.0161004073397795,0.000490009086514939,1.15131688544258e-05,0.0130945847777752,7.25111326658513e-05,-0.00433530470578175,-0.00901068127868472,0.000660882258434424,0.00117868516096596,-7.70959408548166e-06,-6.55437821076769e-05,-0.00230892936534296,9.4060921976735e-14,1.95059927925304e-05,2.57239632243736e-05,-0.00162927972536471,-0.00036541733555156,2.32219649869469e-05,0.00116946428274163,-0.00829934019563226,0.000612738007538388,0.000732081008690254,2.15442632947335e-07,-4.4929912071972e-06,-6.23053884857248e-06,0.00545137799967017,0.00030705225896278,-0.000101275283735396,-6.30127553990951e-05,0.0175797546758804,-6.28960098163212e-07,4.19069588801041e-09,-2.66355184320977e-06,0.000732064185134351,1.47538890936209e-06,0.000924075522984342,0.000262338174534841,-0.0113592700602756,-1.26930987481388e-06,-0.000131702644931115,-0.00179774609212852,-1.47355007729108e-08,2.97900772806836e-07,9.85649776898099e-05,3.14357785074304e-05,3.15380472965023e-14,1.31139569836679e-05,0.0118605261056401,-0.0200334840407211,-0.0126089656466826,-0.48826537374459,-8.12404578411509e-15,-0.00780837429943563,-1.52405623737649e-05,-0.0016575946587931,8.83783201071876e-06,0.000126450675151181,8.765676644503e-07,-0.00184644275206738,-0.00311823624485544,-0.0126476555177768,-1.65589801749709e-05,0.00169279132323711,-0.00353666725218712,-0.000810668031922878,0.0317270800310487,4.69917959313906e-05,0.0015511503060092,0.00308374534802737,0.000343493033896444,0.000466196378388386,-0.678826573621173,4.33875569724323e-14,9.00500055762892e-15,0.000402935945917313,1.65106493057804e-05,-0.00537835250842758,0.346752155445037,-0.00011083327594031,-0.00026815933192528,5.27355936696949e-16,-1.84706781535364e-15,0.00680149148031164,1.90525031485869e-06,-0.000484903520112654,-0.000254975459261938,4.05014344378213e-16,-9.05475946513527e-05,4.49164771228764e-05,2.51781801352772e-06,6.23978643304904e-06,2.51454923160736e-07,1.19879454931944e-05,7.16895054168253e-07,0.00306683472470679,-1.32199317328768e-05,-9.59504156003223e-05,-2.5327296914214e-06,-8.76834376537309e-05,-7.27407660279207e-05,9.7289100730453e-15,0.000427893277157051,-1.75905658942525e-16,-5.81756368706378e-06,-3.06983886571673e-17,-1.07544706406563e-05,-2.8731212279927e-08,2.68882138776405e-16,-1.26641781712608e-17,-2.53987966595548e-06,-0.000170014068087867,5.0412034656284e-05,6.68694426699968e-05,2.78609731493283e-16,-3.62923127651102e-06,-1.57045895983645e-06,5.1261613536527e-07,-2.26871654695321e-17,-0.000216911216259994,-3.26667251585252e-07,-4.98949141423781e-06,4.20285648964244e-05,1.23830228478724e-07,-3.81352388971121e-16,-9.15856919684544e-17,2.42904152108083e-17,1.56277558229495e-16,5.02066801583677e-08,-2.82193870801026e-05,2.41627806726004e-05,-4.24790411179821e-16,-1.40227627517414e-06,-3.90998490722806e-06,2.10943554706674e-05,9.05590222599049e-19,-2.99673480474993e-16,-1.12106822351287e-05,4.65836142021526e-07,9.10760933793537e-17,-4.70125364180392e-06,-1.11824286714887e-17,4.77699477197113e-16,-2.91148987744189e-17,1.47453344404292e-17,-1.88429163664479e-17
"t11",0.0596994744298733,0.00788286756655217,0.0304862153862627,-0.010091507823807,-0.0116852375672873,0.00343269553646074,-0.0139860257397855,0.00818818035538213,-0.000550550235909556,0.0347452531831465,-0.0149057376807898,-0.000210471271918051,-0.00328158810750016,0.0120437572779432,-0.0757417548276634,-0.0102019373493192,0.000678124724443176,-0.000274829504493563,0.00681468440051945,-0.0109377666379842,6.99882645316258e-05,-0.00414245770313768,-0.0184809438308221,0.0118466404373812,-0.00659522239857565,0.00464790930665086,-0.000546009859855406,0.000673941881250562,-1.87500568570591e-05,5.90981992250883e-05,6.01933820437608e-05,-0.00311984442253298,0.0027469488011515,0.0823634507210028,-0.00883076196185547,-0.00358920704348201,-2.60623192544648e-05,-0.10857580311836,0.00163052512475107,-0.00269359753774341,0.0694674406672222,0.0021421079867918,-0.0291014057519018,9.66264059883125e-05,0.000882602077025946,0.0251292443425899,-1.14301534183922e-12,-0.000866116946260125,-0.00147462294499665,0.18744900081498,-0.0512879895546248,0.00217771962251412,0.0697953450135142,-0.312157957763048,0.0252968462473962,0.0990809930790056,-7.99547112360159e-06,3.02872769577997e-05,0.00173272115405544,0.0724875281318813,-0.00852699268906661,0.00214715752513302,-0.000196718790215444,0.115697596755544,1.32671523981535e-05,-2.73313194083558e-08,4.24460042819028e-06,-0.00102548511488174,-1.13364954418618e-06,-0.0033917633842646,-0.0003235176451935,0.0466597121155484,-3.56137023544822e-07,0.00098868256846952,0.00215238477809233,1.21156693700459e-09,-5.72400745552093e-09,-9.13093348678081e-07,-0.0173044571433069,1.42762919817937e-15,5.35786661244054e-07,0.0678241740132875,0.000340915784210581,-0.00519162480390497,-0.00949399677323581,-1.80959870090012e-15,-0.000125749849844082,2.63299446730061e-07,0.00965962085560511,-1.43257142600565e-05,-0.000234877091811833,-1.76813766782264e-06,0.0107912013055574,-0.140833284093817,-0.456706008720318,1.70787259154294e-06,0.00268047628686817,-0.0365520887240524,-0.0139446931672318,0.730250032956574,0.00172542266049948,-0.0733896828197646,-0.000851585381488738,-8.7172997548614e-05,-0.000117802905069247,0.0968825505629057,-6.89283456423013e-15,-1.40504835831907e-15,-0.00390924175097002,1.06920238218493e-05,0.0066417009453166,-0.027690526247848,-1.5180673229801e-05,-0.000412767362183188,3.88578058618805e-16,-3.3310828705238e-15,0.015592149857572,9.11530314657725e-07,0.0168594159264455,0.0125785944507279,7.23714882376145e-17,-5.22369768056878e-05,2.61818211971872e-05,6.72748749899592e-06,0.00353901008243216,4.65965367258856e-05,0.00212089443201909,4.51942554220911e-07,0.00196161334266788,-0.00150573295274155,-0.000262142785953411,-1.64076912053269e-06,-0.000239792699471568,-4.83018684038312e-05,6.23418262796189e-15,0.000286992385600419,1.41553057276487e-16,-1.59295205455414e-05,-3.32047500131121e-16,-2.93958838830501e-05,-2.02575817066989e-08,1.76941794549634e-16,3.74194923925929e-17,-1.80606152516565e-06,-0.000462801162777606,0.000136508436833408,4.8128011155783e-05,-9.13411557617513e-17,-8.97018721822637e-05,-1.14672755944001e-06,3.76429753294303e-07,-9.56373315762739e-17,-0.000159715244000835,-6.77335754749325e-06,-3.67751335708243e-06,0.000111808685111894,9.14728689525683e-08,8.91619125343219e-18,-4.1048210580746e-16,-8.06618891554073e-18,-3.38929230834822e-16,3.7510459748296e-08,-0.000494405277727588,6.2880252200185e-05,1.24032728532342e-15,-1.05518345548341e-06,-6.230645885573e-05,0.000332261355469311,1.72847136957752e-17,2.48932818802672e-16,-0.000174880807302248,1.19833448140247e-06,-9.40628905882789e-17,-3.55815677040338e-06,-1.4898992877876e-16,-1.29020058525775e-16,-9.52378490887248e-18,3.83383263270866e-17,-3.5190244503224e-17
"t41",0.0788392922549481,0.0119854424677941,0.0951896712712393,-0.0331998587713212,0.123887559702204,-0.00436955849875401,0.0134183292234601,-0.00670780918674356,0.00042190886078427,-0.093410465355127,-0.0174580645562603,-6.3274789950589e-05,-0.0399875271558957,-0.000139586603705904,0.00149112610889167,0.000176420264603014,-8.44871551212187e-05,3.21516134737589e-06,0.0286138560089484,0.00155246866807369,-4.00287536139987e-06,0.000142350897855312,0.000129455959292598,4.29581103680279e-05,-4.17908178535592e-05,7.8809873842889e-05,-1.59308846722104e-05,2.2865519725534e-05,-9.42007354033065e-07,3.76850230540855e-06,4.03679818136375e-06,-0.000253530170913814,0.000416272744691894,0.0207893005585532,0.00273363464075048,-0.0366317116142665,4.34862583133342e-07,-0.00324209225061577,5.96880539507086e-05,-0.000229692472040844,0.00313522154927359,0.000200836921940527,-0.00135532637200089,-0.000833534205710268,4.74302961786596e-05,0.00158789005122488,-7.46160111706055e-14,-8.51680136531094e-05,-0.000159308872667229,0.0266983579216732,0.0264471977420654,-0.00015511473035751,0.00406853282688486,-0.0218902740689681,0.00184279855877481,0.00866313703688237,-9.1982737359169e-07,9.0876686154348e-06,0.000730010404930344,-0.0213105291966196,0.0006681288476618,-0.000133100650172519,-3.08960067917877e-06,0.00390418304729144,7.37759652842776e-07,-1.81327294652247e-09,4.24841266736769e-07,-0.000632658380736657,-1.72197145365026e-07,-0.0246964518368464,-3.68763515053545e-05,0.00611103132227312,-5.08721934421453e-08,0.000475812610006135,0.000461984183537785,3.57733634532246e-10,-3.53727761643295e-09,-9.27409741596216e-07,-0.190879680780405,4.81053922948733e-15,6.47131203621495e-07,0.254735609974962,0.00356401686302192,0.0117677718877115,0.0097947123790901,-1.03130902268542e-14,9.44559024798094e-05,-4.96415654895838e-07,-0.436892380451981,-5.38510515225707e-07,-1.01041546858123e-05,-8.18546937067981e-08,0.000935046666185213,-0.153677466283377,-0.592973683281287,0.000420864221517576,-0.0420418385409917,0.212612599901058,0.0247631261409563,-0.439228594061566,-0.000520572033675474,0.0128184384303534,7.49437643741546e-05,7.56479821985089e-06,1.02157367879655e-05,-0.00780237291829556,2.52254132798292e-15,1.87114243995025e-15,0.0516804952293922,-5.92459515495086e-07,-0.000313088156832049,0.0012625285487956,6.33231536770217e-07,1.5435785119893e-05,1.28803218091278e-16,-1.7636864752929e-16,-0.000347449356230245,-1.63263174058625e-08,0.000320861261140536,0.000297207891627318,-5.10147815217564e-16,2.76378496592245e-07,-1.14571926897889e-07,-1.11227855172273e-08,0.000126334444353255,1.68147009862892e-06,0.00143500079181119,1.27548106706912e-09,2.07078216362224e-06,0.186526393541428,-2.33045761598066e-06,-1.38836298620854e-08,-2.32999577905816e-06,-5.24275964207497e-07,-1.42590463909283e-16,3.50620091369097e-06,2.17170095633351e-17,-2.34932440334394e-07,-2.53828928604964e-16,-5.25555325601042e-07,-4.13702305589566e-10,-1.23978518423717e-15,1.16952566095841e-18,-3.85657885242591e-08,-9.88737690236891e-06,3.32151032115692e-06,1.18731287036681e-06,2.51913348762227e-16,-0.00762995403983017,-3.21945352056738e-08,1.11335082194357e-08,4.89277002679221e-17,-4.84424730323816e-06,-0.000415442845216486,-1.12584262265557e-07,3.4682392196999e-06,2.86056104683836e-09,-3.92808537615937e-17,-3.07716312818009e-16,3.33507458286683e-16,9.80608156806936e-17,1.31280081914369e-09,-3.71008541130127e-05,2.31986343617416e-06,5.35216402447469e-16,-4.00485245283756e-08,-4.89554884375125e-06,0.00486655632702841,8.31332872808527e-17,-2.30555591979043e-16,-0.000444191865342764,4.70877874276653e-08,-5.76943544976427e-17,-1.45055201873311e-07,1.24980169803905e-16,3.36007805780414e-16,1.59619963338913e-17,6.47737049333405e-17,-9.47707347161801e-17
"t68",0.0815283619551131,0.0125698999359762,0.104922294060621,-0.0366863872003087,0.150471769489309,-0.00565919049400449,0.0186324369618251,-0.00989938493585248,0.000662732033910273,-0.179147248808446,-0.0362178511097015,-0.000155693186996648,-0.100826370504371,-0.000470013811582032,0.00711463254175244,0.00134526563531316,-0.000847288003731856,3.66734356576383e-05,-0.176004769581305,-0.00803869362227524,1.64534974518666e-05,-0.000409955263892469,-0.000246338714793622,-6.97553810115013e-05,6.14713737967417e-05,-8.9939666996338e-05,1.40680825379894e-05,-1.85400231814119e-05,6.10314797549636e-07,-2.17423793217805e-06,-2.28027510555955e-06,0.00013362562046763,-0.000192905207961324,-0.00920050156727225,-0.00110725758642536,0.0109577421191101,-1.26829727068335e-07,0.000792923075764095,-1.41503751337978e-05,5.22960332703153e-05,-0.000410523529002803,-1.27984959219741e-05,-0.000303744566804843,-0.130889783544545,-7.40421607387989e-06,-0.000200860789847442,9.33667976268644e-15,7.58826453377667e-06,1.36330047552438e-05,-0.00210980479776736,-0.00178011782607107,9.67410722720898e-06,-8.36984761069873e-05,0.000108010042032255,-2.64532186598603e-06,0.000125506792991429,-2.88233664134341e-08,4.48727539873405e-07,3.73408307775964e-05,-0.00122912185805917,4.14150624211719e-05,-8.36257615901333e-06,-3.3127755683874e-07,0.000438142777520513,9.31367263371213e-08,-2.51687549734968e-10,8.46583772288415e-08,-0.000153472665912825,-4.74511425412744e-08,-0.00713086276878586,-1.08607999591351e-05,0.00182519723057324,-1.55180063530005e-08,0.000168959556416855,0.000176452178182505,1.58352467457181e-10,-1.8568841742006e-09,-5.04950711687836e-07,-0.107049784079197,1.67161801284566e-15,4.52700636483047e-07,0.189341288721399,0.00270382315493571,0.01019273242971,0.00861844095877729,-5.57325533607974e-15,8.91231982155696e-05,-6.0662547585777e-07,-0.545107806430826,1.74073704532532e-06,2.8838183550684e-05,2.18565529060014e-07,-0.00148497950012594,0.113527906356573,0.408687214123691,-0.000273192712797069,0.0271436207650368,-0.136094174498039,-0.0153658354554549,0.250017397792674,0.000261586552516689,-0.00543430244914169,-2.15649066939265e-05,-2.14856310134896e-06,-2.89957651070403e-06,0.00204701781946647,-5.8406406466941e-15,-2.09279797151279e-15,-0.402083525483206,4.11377458830248e-07,0.000123972626076938,-0.000470396777695123,-2.08895414864456e-07,-4.58604975184385e-06,-9.64506252643105e-16,-3.14766415511185e-16,7.79803070248553e-05,3.40559829585847e-09,-6.5057557550234e-05,-5.65713776944184e-05,-1.32604245389626e-15,-4.99149326903866e-08,2.07355625612353e-08,2.09856759421994e-09,-2.80428418958252e-05,-5.80005321907461e-07,-0.000525902860344028,-4.74902139076084e-10,-1.40475162433637e-05,0.295232992287935,-9.089064598405e-07,-3.13225261613231e-09,-1.30674251200608e-07,-1.39192344601313e-08,2.42685179929779e-16,3.53139106359923e-08,-7.71898242212361e-16,2.50905834458021e-10,-2.61141489517712e-16,7.9399150042788e-10,-1.18383491206782e-12,-1.73906028466675e-16,-2.5032618730591e-16,-1.9856047163163e-10,-5.11848429796032e-08,5.19564402814615e-08,2.0966352708672e-08,-6.22974736895434e-16,-0.0683373037262816,-6.61389630582006e-10,3.01511150111071e-10,-4.49983018942781e-17,-1.45913547654197e-07,-0.000598340529055774,-3.51076036959278e-09,1.13773729639719e-07,9.66842489315972e-11,-4.62776021736347e-16,-2.76174931338276e-17,6.1325300627257e-17,-4.08845678080015e-16,6.3637859521945e-11,-1.86089023061359e-06,1.30018020190863e-07,1.06902334207071e-16,-2.4109112950661e-09,-3.05633814244745e-07,0.000311503867888134,8.63241651176758e-18,3.87277016011822e-16,-2.90220933753906e-05,3.13744628763303e-09,-4.89610237485177e-17,-1.05029475101857e-08,3.61580632293304e-17,3.78820239066435e-16,-8.30421975188451e-17,5.67459311604072e-18,1.93747957412025e-16
"t95",0.0818809843796409,0.0126466368849375,0.106205614745675,-0.0371462088141249,0.154004087080802,-0.00583134332630367,0.019331721864884,-0.0103290465939319,0.000695270368009707,-0.190848659428129,-0.0387869176601963,-0.000168431531231998,-0.109218978418574,-0.000515978805548613,0.00790257619778194,0.00151008855304544,-0.000955125817759533,4.14080331338719e-05,-0.20553208945205,-0.00942595723358031,1.94235166228384e-05,-0.000490764556565288,-0.000302032875945654,-8.65658227623342e-05,7.69401554810486e-05,-0.00011555224756416,1.86957727081674e-05,-2.49665343923331e-05,8.55597888272221e-07,-3.12294184282025e-06,-3.29070182729157e-06,0.000195957125714731,-0.000292234893215202,-0.014113558525889,-0.00174233822268769,0.0190863372111466,-2.23024399145181e-07,0.00149564023463105,-2.70412892962838e-05,0.000101664087791133,-0.000936402378294059,-2.96274918501235e-05,-0.000707898240422567,-0.305777708165889,-1.86183061563005e-05,-0.000561214192457294,2.65158267310303e-14,2.67306809565503e-05,4.94471920487669e-05,-0.00811655973695839,-0.00774546737369096,4.47131363334138e-05,-0.0010228611656941,0.00522324824227404,-0.000434576747811916,-0.00193630299779847,1.94224517852049e-07,-1.80579686418359e-06,-0.000144198794014227,0.00411850562828208,-0.000127279865476677,2.52848861334951e-05,5.07732825376188e-07,-0.000631486005440648,-1.14194020394429e-07,2.70009419126905e-10,-5.29737039832792e-08,6.99661065714747e-05,1.74181615554547e-08,0.00241110723880038,3.54469792609828e-06,-0.000580887494886062,4.75347128296049e-09,-3.87871248724874e-05,-3.49221126794248e-05,-2.25584672400341e-11,1.67680175300333e-10,4.06645778775719e-08,0.00780830496003928,2.7585674399566e-16,-1.09741719301099e-08,-0.00246461349943244,-2.54449106534275e-05,0.000121891442378803,0.000123115488388872,5.36813286779738e-16,2.14816436934427e-06,-3.29870465323773e-08,-0.0307732990370348,3.23534045989817e-07,5.49318374553921e-06,4.2227579745641e-08,-0.000329766328142099,0.0350501791816493,0.131401263486693,-9.1159847955433e-05,0.00908860910474303,-0.0458216850116275,-0.00528004436002361,0.0912309730103095,0.00010526422357268,-0.00257280775922777,-1.82438872002831e-05,-1.86388062879119e-06,-2.51859205662944e-06,0.00207771726764025,8.7861315184504e-15,8.71745003943377e-16,0.807062432152733,-4.61513888903848e-07,-5.85220759226992e-05,0.000184139005995133,4.90015379956549e-08,5.13934955732362e-07,-9.64506252643105e-16,5.67536933217308e-16,9.80109371140624e-06,5.7960727254373e-10,-1.2142313560356e-05,-1.26704870180668e-05,2.82772521031139e-16,-1.37369621593629e-08,5.85745713494205e-09,6.38706293432981e-10,-9.16999663357915e-06,-2.00758596045078e-07,-0.000182760192587212,-1.65196159171015e-10,-5.09255317784375e-06,0.107976633285782,-3.38359574378743e-07,-1.18172805395333e-09,-5.19451606663699e-08,-5.72232271853559e-09,1.67602408785251e-16,1.51105067833224e-08,1.37575794709043e-15,1.16272601191117e-10,2.0799602445117e-16,4.15663714760484e-10,-7.15247686568259e-13,4.90059381963448e-17,5.28339953201913e-17,-1.29205267758301e-10,-3.33382104085635e-08,5.45034587528688e-08,2.46953963233681e-08,-1.22132899066065e-15,-0.266681703029647,2.05940768770031e-10,1.27304147719319e-11,-2.17805557137744e-16,-1.78532185510921e-08,-8.16732371505423e-05,-5.11725547353015e-10,1.98485363236548e-08,1.8391267241763e-11,-2.79953546869885e-16,-2.25708491506635e-16,-1.43651199779215e-16,2.72928015664457e-16,2.07866837891729e-11,-6.25734135800126e-07,4.75051566726717e-08,-5.60749363609503e-16,-9.22794580115668e-10,-1.1959183221064e-07,0.0001236802733376,2.83308238522794e-17,-2.12937306676153e-16,-1.16586646748128e-05,1.27422897382107e-09,1.40109919608377e-16,-4.45856997719277e-09,5.34002156581603e-17,5.53159948402104e-16,-2.99157373706284e-16,-8.99316820009117e-18,-5.8696942377163e-17
"t109",0.0818855235707388,0.0126476493265755,0.106223947520255,-0.0371528021208242,0.154061442019627,-0.00583434056947217,0.019344719297083,-0.0103374421727293,0.000695935741572388,-0.191117300209471,-0.0388480620703608,-0.000168755023977573,-0.109433828786132,-0.000517249822459177,0.00792575055052621,0.00151519114242518,-0.00095853017280951,4.15586036834341e-05,-0.206609364191623,-0.00947733475457552,1.95361712846034e-05,-0.000493976671589054,-0.000304414051993357,-8.73092346765914e-05,7.76400037270888e-05,-0.000116788387337062,1.89362591137554e-05,-2.53094251574659e-05,8.69674959159657e-07,-3.17957455800433e-06,-3.3514595457456e-06,0.000199796198493848,-0.000298634893451201,-0.0144352943565095,-0.00178524697314769,0.0196964840333476,-2.30306757165394e-07,0.00155197483154908,-2.80847512977682e-05,0.000105709590149834,-0.000983820918569085,-3.11562284125411e-05,-0.000744732968992618,-0.3217356115018,-1.96763268918856e-05,-0.000596631024320959,2.80808659812055e-14,2.87454310992942e-05,5.32432228576435e-05,-0.00876174276151738,-0.00840203222059258,4.86104623609606e-05,-0.00113760491822816,0.0058717109961509,-0.00048979247577979,-0.00221018163949237,2.250918718914e-07,-2.13180177084595e-06,-0.00017056263745814,0.00490746535433799,-0.000152428001130515,3.03110374818222e-05,6.46725628355993e-07,-0.000810666734117293,-1.50000585700735e-07,3.62514268027693e-10,-8.0300513593352e-08,0.000117404821786012,3.18100246195913e-08,0.00456234411836349,6.81453155100716e-06,-0.00112965212968094,9.41021222389585e-09,-8.90006098646445e-05,-8.72352158699666e-05,-6.94384393862177e-11,7.18897608109614e-10,1.90714012801043e-07,0.0396483196435719,-6.27340205381444e-16,-1.46818449095181e-07,-0.0594423118343039,-0.000839891897858143,-0.00296847472390167,-0.00249199886718804,2.25421219680568e-15,-2.49897303275954e-05,1.54098710180646e-07,0.137506154366458,-2.68366612303552e-07,-4.3607827167874e-06,-3.26753201097991e-08,0.000196426365718984,-0.0104478582685048,-0.0357714358626653,2.28280437917209e-05,-0.0022583562738323,0.0112447681976004,0.00123750985424531,-0.0186718597126557,-1.7312968607387e-05,0.000298793665325843,7.9750498254566e-07,7.8835867151246e-08,1.063518244685e-07,-7.25502625746299e-05,1.87471433299085e-16,8.28763629826639e-17,-0.00135797613776921,-1.03748065158209e-09,-5.69741344223151e-07,2.0973676369695e-06,7.59162151545145e-10,1.01262142636822e-08,5.06539254985228e-16,1.79001241562887e-16,2.58532886765843e-07,1.3728351509179e-11,-2.62168706831213e-07,-1.68715117749833e-07,1.69150237812089e-16,1.48312409228857e-10,-9.33706963200491e-11,-2.21995760786407e-11,5.53917210927852e-07,1.76171675254531e-08,1.64395129060939e-05,1.49498224824557e-11,5.89573868082019e-07,-0.0131494509662872,4.55285984634291e-08,1.7115444998772e-10,9.90976568616218e-09,1.29052345849631e-09,1.4184801992146e-16,-4.11806059218145e-09,-3.44191474036336e-17,-4.47565213679826e-11,-2.74061905239354e-16,-2.49439352394818e-10,6.39787103554919e-13,9.74480912629971e-16,3.18744503355438e-17,1.36103614716796e-10,3.51858448180729e-08,-1.07195583900721e-07,-5.29650429651959e-08,4.52880033139002e-15,0.85286692972001,-2.00601188992292e-09,5.36628242279932e-10,5.71884606815576e-16,-2.20028792762006e-07,-0.000874167745786797,-5.02202062335928e-09,1.52127635306436e-07,1.24407724356665e-10,9.8952622539694e-16,5.70802314205689e-16,3.69775424259202e-17,-1.01978058542849e-15,5.70983401618902e-11,-1.62756794177923e-06,1.0556923208432e-07,3.31982705215061e-16,-1.87849854107244e-09,-2.33637140615735e-07,0.000235195692406787,-1.39106107499495e-16,6.94756752128711e-16,-2.17000567868527e-05,2.32499682384585e-09,1.53817541807273e-16,-7.5215009713147e-09,1.21944181288539e-16,-2.88397777881144e-17,4.03220228238096e-16,6.89657171216868e-17,-6.00527900036711e-17
"t110",0.0821254910539977,0.0126998526569329,0.107095960807644,-0.0374652319952059,0.156456657072331,-0.00595092934774731,0.0198177110484748,-0.0106277683998618,0.000717900983834473,-0.198995445636126,-0.0405761825045757,-0.000177309223028326,-0.115068510288729,-0.000548043341332951,0.00845264359594012,0.0016252280641301,-0.00103047723369397,4.47166522068087e-05,-0.226208188689225,-0.0103976041113369,2.15045529596202e-05,-0.000547431653895472,-0.000341140595991291,-9.8377722317862e-05,8.78143614254729e-05,-0.000133582218405858,2.19590410513275e-05,-2.95012170855573e-05,1.02900684972613e-06,-3.79439579790281e-06,-4.00599163841403e-06,0.000240113478512092,-0.000362699324916626,-0.0176006966456338,-0.00219356593169727,0.0248837909552476,-2.91654890542323e-07,0.00199816728055594,-3.62636325990885e-05,0.000137001435072884,-0.00131450057227886,-4.17317220526244e-05,-0.000998633440975442,-0.431593844398463,-2.6699754033422e-05,-0.000821480426633775,3.90540705935494e-14,4.06120003032541e-05,7.54295034524274e-05,-0.0124779472042941,-0.0120836134131854,7.02121125753907e-05,-0.00171091595598529,0.00898168899494225,-0.000752155572425193,-0.0034571579291576,3.59355085925339e-07,-3.48190754419849e-06,-0.000279220636004479,0.00810217047474354,-0.000253081476326803,5.03822183399484e-05,1.14087705722736e-06,-0.00143976911124087,-2.71476232345698e-07,6.67163112475226e-10,-1.59534266256246e-07,0.000244977443820962,6.86527839681428e-08,0.00997158197971099,1.49744437868051e-05,-0.00249181558098943,2.08771386184551e-08,-0.000205858416369119,-0.000205839869117552,-1.70493804589207e-10,1.84493773383587e-09,4.93937816278909e-07,0.103441187135601,-2.96468556839182e-15,-4.03392963270271e-07,-0.165496751876441,-0.0023486179996825,-0.00852846959333487,-0.00718158472687597,4.4734277275218e-15,-7.29781572439887e-05,4.70273285490138e-07,0.42098253357832,-1.06053831836537e-06,-1.74293991606943e-05,-1.31481455402729e-07,0.000851694158596775,-0.0582483438144147,-0.207345960756004,0.000137317995681146,-0.0136324307355503,0.0682631982559031,0.00767251112182744,-0.12344402968328,-0.000127794786624075,0.00267255196867587,1.35939343449618e-05,1.37687764225681e-06,1.85972419974837e-06,-0.00146413692047508,-4.08589647894548e-15,2.41998237227218e-16,-0.427714400054168,2.33214985083618e-07,2.65525518092259e-05,-8.12381015080088e-05,-1.99651622985811e-08,-1.88503494064328e-07,1.45716771982052e-16,-5.55675786952145e-16,-1.96853692915323e-06,-8.38976564544909e-11,1.46961265968701e-06,7.69644497150325e-07,-2.17534268412715e-16,-5.00574174992774e-10,3.01585256876243e-10,6.27853621219304e-11,-1.36543203575867e-06,-3.87275914036146e-08,-3.58437545405968e-05,-3.25298134478227e-11,-1.17746074752845e-06,0.0257802592992798,-8.59947588578262e-08,-3.14289236129361e-10,-1.62953064930205e-08,-1.97776480219056e-09,-1.25043214619503e-16,5.8124681075189e-09,-8.22446790903501e-16,5.4074963366423e-11,6.60364722516658e-17,2.45603611074506e-10,-5.25731466841035e-13,-5.28223298434938e-16,-1.11976968390429e-16,-1.04134147641411e-10,-2.68987637568684e-08,6.40630845924253e-08,3.07094016756791e-08,-2.43132293848826e-15,-0.436383324384639,8.19963200073578e-10,-1.8253230010988e-10,-2.92694570369245e-16,6.75453099580753e-08,0.00026199367934748,1.4797590731962e-09,-4.21947239695273e-08,-3.31764021636871e-11,-5.94236576051822e-16,-9.78823363420515e-17,1.1314822854705e-16,5.18232988785869e-16,-6.83195730891151e-12,1.69568340901147e-07,-5.51235655571177e-09,-2.51751744451134e-16,3.28192439045562e-11,-1.32704699808725e-10,3.07483338173296e-06,-7.05561632113723e-17,1.8474805019153e-16,-5.08561275477365e-07,7.76302155870014e-11,-1.40216960206701e-16,-5.73679762982254e-10,5.67443427291955e-17,8.91214185783085e-17,-8.35959112070901e-17,1.73137088286078e-17,-9.24778462472292e-17
"t149",0.0820357006542125,0.0126803053510536,0.106768647821283,-0.0373479466230266,0.155553764040766,-0.00590686947868814,0.0196385172261827,-0.0105175581371103,0.000709547108249893,-0.19598399179431,-0.0399145051963851,-0.000174023828594492,-0.112903567997828,-0.000536166760890564,0.00824879033206301,0.00158254206595665,-0.00100253878181768,4.34898496755351e-05,-0.218540299487689,-0.0100372837190652,2.07329421778929e-05,-0.000526430145330091,-0.000326665866791052,-9.40099178362089e-05,8.37963982828623e-05,-0.000126939977906381,2.07632310596229e-05,-2.78437844114391e-05,9.66245587184951e-07,-3.5532139377667e-06,-3.7494834884608e-06,0.000224373475262051,-0.000337942734842164,-0.016383524467296,-0.00203844988737924,0.0230832583492528,-2.70653273365005e-07,0.00186844828483779,-3.40024967371666e-05,0.000129045031220806,-0.00200797387579154,-0.000181874731472352,0.00288885465871552,0.563177972859563,-1.86273380386211e-05,-0.000639516488814865,2.89642424801088e-14,3.25954939674464e-05,6.05824266646168e-05,-0.0100291951571639,-0.00971017733583084,5.63885498679489e-05,-0.00135595307367757,0.00706189719237524,-0.000590226368742128,-0.00268663553567092,2.7604515218981e-07,-2.63817357765432e-06,-0.000211259885735223,0.00609760423857442,-0.000189782355833477,3.77541077565954e-05,8.21145420245965e-07,-0.00103128772492549,-1.9180408538863e-07,4.65511736884967e-10,-1.0473947725494e-07,0.000154167348446109,4.18980157391308e-08,0.00601401490544931,8.98536010912263e-06,-0.0014897802141491,1.24130975620975e-08,-0.000117460289151566,-0.000115067749861201,-9.13480936416784e-11,9.40442630020799e-10,2.49107245284014e-07,0.0517200437353174,-1.18622136122038e-15,-1.89286576456197e-07,-0.0763517193959619,-0.00107741804186913,-0.00377463500990012,-0.00316532553302144,2.38267273043328e-15,-3.15871151626192e-05,1.91166758179207e-07,0.170323898182245,-2.69287648456365e-07,-4.3119861810124e-06,-3.20196298610664e-08,0.000171369075551212,-0.00399294141654382,-0.0103020248228094,4.42146099433264e-06,-0.000416750392742717,0.00190818337163017,0.000140396475050648,0.00124802355749168,7.04360646608506e-06,-0.000324859065807343,-3.16231590081345e-06,-3.21926759832463e-07,-4.34922543600489e-07,0.000347366601896921,2.1273871634327e-16,3.72882354977894e-17,0.0135978990769379,1.89842834303323e-08,1.43087737718051e-05,-5.93049062167314e-05,-3.1373498179596e-08,-8.0055939928179e-07,-7.63278329429795e-16,3.96558480977945e-18,2.05819924749255e-05,1.01062679163432e-09,-2.02693069977307e-05,-1.99387763843922e-05,-4.58597828333447e-16,-2.15686745560183e-08,9.25807730093675e-09,1.04058662850858e-09,-1.56790090171805e-05,-3.62674720837381e-07,-0.000331654622862713,-3.00114765236682e-10,-9.75270144302869e-06,0.209433816087998,-6.74455794533693e-07,-2.40843861347428e-09,-1.17255739869737e-07,-1.40072515040883e-08,-2.34250788883038e-17,4.15469578428362e-08,3.01669700083067e-16,4.42134570260678e-10,-4.01982778048692e-16,4.85650799346677e-09,4.88068493595486e-12,-1.31838984174237e-16,-6.28686546023333e-17,4.73664097975037e-10,1.21480443829253e-07,-4.28930301624029e-08,-1.54208007856205e-08,-1.36006423538466e-17,0.00798125430927306,3.67703423128931e-10,-1.52777753152606e-10,-6.10716900083785e-15,1.83385415747014e-07,0.670258376440781,-4.09188559609159e-09,1.04167162396722e-08,2.41431440811679e-13,-7.84241299731026e-16,1.78827238319302e-15,1.82415698023984e-16,-3.28806885444518e-16,-6.94011471555345e-13,-3.98979440468811e-10,4.90908780875657e-09,3.43692088677905e-16,-1.5068335831479e-10,-2.29733101035722e-08,2.61256932199493e-05,1.53264402251024e-16,3.02275565688959e-16,-2.64199213903124e-06,3.07078052392663e-10,1.14729400292937e-16,-1.33311245159237e-09,-2.40863531450244e-16,-1.00180280737661e-16,-4.20954745871846e-17,-1.12705465373296e-16,-3.5518364474007e-19
"t150",0.0819671502831954,0.0126653976530036,0.1065199105654,-0.0372588326029786,0.154871939170627,-0.00587372223555674,0.019504208922906,-0.0104352021248643,0.000703322328970019,-0.193757385525351,-0.039426528287623,-0.00017161250344849,-0.111315571857319,-0.000527507689849571,0.0081009131648433,0.00155171143952654,-0.000982393831136143,4.26058317692438e-05,-0.213082220142266,-0.00978115289663013,2.01856375079369e-05,-0.000511596708237975,-0.000316507859850546,-9.09534155951498e-05,8.09898950468291e-05,-0.000122322467036311,1.99353015932907e-05,-2.66972751177296e-05,9.22835281019036e-07,-3.38604772531087e-06,-3.57158601783664e-06,0.000213428562195113,-0.000320586969447374,-0.0155265436937558,-0.00192802247116365,0.0216798474459102,-2.54046446392835e-07,0.00174658969163696,-3.17621663048703e-05,0.000120432192212695,-0.00186003672708432,-0.000168374003136827,0.00267369115977856,0.521182656418047,-1.71906949113816e-05,-0.000588141478982075,2.68227451842292e-14,2.97951319839222e-05,5.53421084308822e-05,-0.00915048386336163,-0.00883925740685688,5.12799050680993e-05,-0.00122179762237484,0.0063391326981058,-0.000529357051533104,-0.0023997970208375,2.45478113219041e-07,-2.33457763682671e-06,-0.000186857464799108,0.00538358444420747,-0.00016735947620793,3.32856727913193e-05,7.15116783474475e-07,-0.000896901849748027,-1.66182176478125e-07,4.01994991581936e-10,-8.91339525868617e-08,0.000130025222601822,3.51258613428412e-08,0.0050308474043169,7.50942352438846e-06,-0.00124424827087858,1.03570104111376e-08,-9.73154566745161e-05,-9.50193294783031e-05,-7.49489147133967e-11,7.66284521946936e-10,2.02690725967887e-07,0.0420360266031266,-8.48067789187297e-16,-1.52662438352322e-07,-0.0614605169752439,-0.000866738563996301,-0.00302485144445943,-0.00253547570119552,1.85918730632777e-15,-2.52548627446083e-05,1.51925742755195e-07,0.135303137397851,-2.07408061651584e-07,-3.31706517777753e-06,-2.46137943191345e-08,0.000130715592693672,-0.00297727956658826,-0.00765783657303324,3.27727085428401e-06,-0.000308821626543986,0.00141340715410212,0.000103830204445202,0.000918747646459463,5.14760056718518e-06,-0.000234798891778889,-2.2280594555741e-06,-2.26662241507381e-07,-3.06209820784872e-07,0.000243650758738741,1.34032232292946e-16,1.09877265362445e-16,0.009319139948351,1.29601445637504e-08,9.68317009864209e-06,-4.00427477394977e-05,-2.10489650162918e-08,-5.32683335174577e-07,-8.32667268468867e-17,3.25110288199867e-16,1.31269620602595e-05,6.32823913742506e-10,-1.25838205211375e-05,-1.20825967162982e-05,-1.48577615279768e-17,-1.24579822187443e-08,5.30157935634728e-09,5.7875398950987e-10,-8.41154450819426e-06,-1.87742568632814e-07,-0.000171207106014465,-1.54819958011332e-10,-4.87594476471405e-06,0.103947580178161,-3.29654275539124e-07,-1.1629006525099e-09,-5.3673099797783e-08,-6.16328073733269e-09,3.65469663318657e-16,1.73409852675249e-08,-7.09238864948419e-16,1.62810927656083e-10,2.83900661127733e-16,1.39853672561954e-09,9.64568048990563e-13,-5.4080004363577e-16,-1.39478049524389e-16,7.40340425886533e-11,1.89263507142885e-08,9.86109363521108e-10,7.63456142489211e-10,-2.36824857698245e-16,-0.00137511296323546,-1.69877387697367e-10,1.21561248995474e-10,6.74994083715153e-15,-1.90361148292434e-07,-0.738786367945355,4.70444744694442e-09,-1.38866948076029e-08,-3.55446358110689e-13,4.63598644287481e-16,-1.8198293139421e-15,-1.57243830879388e-16,3.73628117887884e-16,1.54775452437111e-11,-4.68767806932071e-07,3.61161357091742e-08,-1.78676518025611e-16,-7.07078828755987e-10,-9.1989569610797e-08,9.53853476383753e-05,-3.18579889468773e-17,3.37837396946483e-16,-9.01099601403242e-06,9.8690394500766e-10,-1.73381136507966e-16,-3.48437734069319e-09,9.86878178802513e-17,5.11743425413158e-16,9.81963979096939e-17,1.57632164277054e-16,-2.21337410599036e-17
"t69",0.0812818065276019,0.0125163592795111,0.104033398700931,-0.0363680045504895,0.148057107303293,-0.00554244671184612,0.0181620485351605,-0.00961226961885076,0.000641126423164583,-0.171514259504363,-0.0345521067175812,-0.000147528670112573,-0.0954552365506337,-0.000441037763731796,0.00662440492951411,0.00124391373010747,-0.000781286058384178,3.37808067328665e-05,-0.15861445561054,-0.00722525566315942,1.47245235890521e-05,-0.000363606078290673,-0.000215186063160174,-6.04694532799245e-05,5.30014195117342e-05,-7.62836358064377e-05,1.16826929546492e-05,-1.52702987039383e-05,4.90302445637671e-07,-1.72070940857375e-06,-1.79939669914275e-06,0.000104408332918327,-0.000147744541211952,-0.00699269190657093,-0.000828543476919498,0.00771402122159773,-8.87935521641688e-08,0.000534360122697599,-9.47691133019925e-06,3.4763498480881e-05,-0.000389379422125111,-3.41679843094457e-05,0.000534869072671283,0.10373325307481,-2.9128613908558e-06,-7.76921484584774e-05,3.19182763719654e-15,1.98403131604585e-06,3.30167238802442e-06,-0.000424991073471566,-0.000192597074298249,5.64052475824132e-07,0.000109113464729473,-0.000829153850942272,7.42980972660724e-05,0.000443990272210171,-5.74710567652866e-08,6.73262992237117e-07,5.48978996967878e-05,-0.00168928531471728,5.47353749482844e-05,-1.0972660051259e-05,-3.34108009800594e-07,0.000432803210823982,8.72678461000774e-08,-2.26154502839648e-10,6.50309742401475e-08,-0.000108314579929639,-3.17019415337072e-08,-0.0046695109651635,-7.05181342883915e-06,0.00117799420047267,-9.92539957541576e-09,0.0001013021303316,0.000102600058740391,8.66238552229369e-11,-9.48744251563771e-10,-2.54349556914137e-07,-0.0533099061970387,1.50202490044684e-15,2.07725601186225e-07,0.0850511002022002,0.00120600064631773,0.00434971964528679,0.00365928058531187,-2.26856498120474e-15,3.70162972713892e-05,-2.33800661542226e-07,-0.208928820658307,3.99474105802639e-07,6.43973221337528e-06,4.80085325419929e-08,-0.000267714457951533,0.00696068920088388,0.0182091060601443,-7.91357235158791e-06,0.000746764427692653,-0.00342555371382496,-0.000253751739011146,-0.00230019352463045,-1.33778205123538e-05,0.000644467596140032,6.87679146331444e-06,7.01698749481106e-07,9.48103791288191e-07,-0.000766800877169541,-8.27959374736173e-16,-4.89079455944591e-17,-0.0322991087725998,-4.56190429112356e-08,-3.52692033834727e-05,0.000147120692999618,7.9226534239335e-08,2.06753556921523e-06,2.1163626406917e-15,-2.25324337554289e-16,-5.90274997491979e-05,-3.01922213362481e-09,6.16652882564231e-05,6.36921286643954e-05,1.86693701495135e-15,7.5137310899618e-08,-3.27168852853627e-08,-3.85061207689302e-09,6.11278769244188e-05,1.48231985847674e-06,0.00136030293560678,1.23199343274362e-09,4.15807668145713e-05,-0.900475775505445,2.9503847197778e-06,1.06768305659262e-08,5.4877829123541e-07,6.79855175654207e-08,-5.77441092851083e-16,-2.10779604332967e-07,4.66519740657625e-16,-2.4514058357458e-09,2.43887799160038e-16,-3.05705353647787e-08,-3.46836373689215e-11,1.19912760276897e-15,2.64803374490454e-16,-3.5360410799826e-09,-9.07415702453468e-07,3.82028639652645e-07,1.40347994856491e-07,4.24933943570875e-17,-0.0792119614090868,-4.09626723743938e-09,1.50904208906158e-09,-6.00315051141151e-16,-6.62406755759515e-07,0.0703352002497633,-1.64250000200209e-08,5.00365595202937e-07,4.15116985057196e-10,7.22204251640609e-16,-1.11711478147197e-16,2.18897043961419e-17,4.25094185641172e-16,2.10863791488478e-10,-6.02216266142439e-06,3.89980185227796e-07,-1.69352379342236e-16,-6.89075498787675e-09,-8.52544675486657e-07,0.000854608258927661,8.606483135682e-17,-2.72134745293862e-16,-7.85461449756929e-05,8.38213818259786e-09,2.66453360767606e-16,-2.65756598342298e-08,3.00882114690248e-17,2.49474919888915e-16,3.40646816811597e-17,-4.95219510674173e-17,2.33960089089678e-17
"t62",0.0799915148018429,0.0122322248401019,0.0990828644804097,-0.0345905854149084,0.133350768779158,-0.0047905150530624,0.0149515929947842,-0.00755540595070218,0.000478807930801622,-0.105605061138054,-0.0194354224755732,-6.57170146632817e-05,-0.0409171778905111,-0.000102524180102573,8.01769589905712e-05,-0.000297231014294367,0.000279665892111486,-1.37453392666579e-05,0.343087261958956,0.0184632858044658,-4.97326502044331e-05,0.00235197397455697,0.0309515622164635,-0.0013975026486388,0.000728074400828689,-0.000532420886782481,5.52544280561463e-05,-6.47716479365797e-05,1.53270896988497e-06,-4.3148982087262e-06,-4.28566166027001e-06,0.000200790742951231,-0.000112031185427845,-0.00121366415047424,0.00117182733774754,-0.444924563997402,1.19551956223975e-05,0.0159973506521372,-0.000253375419541422,0.000833816673834034,-0.00576899199111284,-0.000357063210438912,0.00237203611518021,0.00075086540643998,-7.21831767992106e-05,-0.00209784832574845,9.61949337542643e-14,9.23972520112995e-05,0.000169728807924142,-0.0275106573682689,-0.0257004820950236,0.000147118293366702,-0.00317660187618504,0.015977652259962,-0.00132551487939274,-0.00584259254767349,5.81899800448015e-07,-5.39653355688632e-06,-0.000430949232327074,0.0123160210094633,-0.000380924205915395,7.56874748331839e-05,1.56268732366357e-06,-0.00195396817131286,-3.59534515107212e-07,8.66064762056057e-10,-1.93413866362408e-07,0.00029192120601348,8.23390146776487e-08,0.0120514216155193,1.81760781935054e-05,-0.00303510442812353,2.55803383045056e-08,-0.000271778410822116,-0.000289566068438209,-3.00889320123389e-10,6.43632002209071e-09,2.39411121781513e-06,0.765960237589405,-2.34236322801714e-14,6.59438835838539e-07,0.18432702392861,0.00233953618918785,0.00467364592519991,0.00370275347251776,7.37502097485863e-16,2.92091784105633e-05,-8.59873930162376e-08,-0.0727692393591509,-1.82838645000021e-08,-2.94820915502616e-07,-2.1865294243435e-09,8.62842547904707e-06,0.0015210433284768,0.00653628334385169,-5.0024060841951e-06,0.00050275956620503,-0.00256676459480525,-0.000308693907053265,0.00588698252725637,7.46578814656589e-06,-0.000190018400300329,-1.00388363517617e-06,-1.00804671435497e-07,-1.3609399055129e-07,0.000100824883234436,-8.64299994892368e-17,-2.85896073271062e-16,-0.00104210475266819,6.02035903820434e-09,2.67374461301561e-06,-1.0336088804049e-05,-4.56819048734458e-09,-9.21088692303326e-08,4.85722573273506e-16,-2.84470549172665e-16,-9.42496478256192e-08,-4.66045566464087e-11,1.29147432627303e-06,2.14476471303909e-06,1.18861967784273e-16,3.61048456442355e-09,-1.61054880085001e-09,-1.92984566401607e-10,2.71616552466644e-06,4.53603793356839e-08,3.96339625725632e-05,3.54422239631629e-11,3.17357166766761e-07,-0.00125590712748626,-4.02082023817509e-08,-2.95028893242816e-10,-6.49579194039794e-08,-1.60736979405805e-08,-1.03440466361876e-16,1.17846807618383e-07,-4.78610027108683e-16,-9.14401270143225e-09,-1.30139231785585e-16,-2.40570723309925e-08,-2.1418360476819e-11,-9.21571846612679e-17,-7.76574988197892e-17,-2.08580117215352e-09,-5.35016817032847e-07,2.05647536442187e-07,7.46100895596818e-08,-2.01769661300719e-16,-0.000113621813219692,-2.3506804758972e-09,8.66119844030094e-10,-6.46903359423817e-17,-3.8893098510415e-07,-9.43193347495429e-06,-9.14753526431219e-09,2.8657677863187e-07,2.38859188613112e-10,-2.52470963075022e-17,3.30474293396598e-16,-7.24175434402952e-17,-1.09987399418562e-16,1.27896579286448e-10,-3.67958337262037e-06,2.4586391329072e-07,4.42625536917207e-16,-4.52657382205761e-09,-6.0351014159735e-07,0.0136906810999481,2.51363775024034e-16,5.85252332707675e-16,-4.26058524274651e-05,4.96320585816687e-09,-7.29559355430592e-17,-1.69824541341405e-08,-2.09041612432472e-17,3.42011575310552e-16,-1.79701031528007e-17,-6.31617599308787e-17,-2.77922617758305e-17
"t83",0.0798807818086739,0.0122083611718201,0.0986976417679356,-0.0344528092463622,0.132365365169766,-0.00474491650358446,0.0147770825293305,-0.00745393650491943,0.000471569256916255,-0.103510237244871,-0.019018733187471,-6.4106764064341e-05,-0.0398983969551612,-9.95614556098638e-05,7.75812641622275e-05,-0.000286688747053697,0.000269402075705403,-1.32344068066867e-05,0.327028052904632,0.0175777122496416,-4.72533688129736e-05,0.00222561431217594,0.0290871385509834,-0.00130880145904225,0.0006802134199791,-0.000493795531917858,5.07731023486674e-05,-5.93067657195194e-05,1.38854905858761e-06,-3.88465108428805e-06,-3.85369702089435e-06,0.000179820256287226,-9.95236192261589e-05,-0.00107487624717046,0.00103148796190368,-0.382654321200678,1.02606719264128e-05,0.013528132611042,-0.000213698115265689,0.000700827124316637,-0.00470656352414681,-0.00029056532494463,0.00192805892056074,0.000610076960621216,-5.79434557035321e-05,-0.00165730140440873,7.57964331980654e-14,7.08267259401144e-05,0.000129668797441229,-0.0208813588979497,-0.0192656298000089,0.00010966670672741,-0.00223704534024214,0.0109590257452688,-0.000903420115216413,-0.00386024270285149,3.70427312652502e-07,-3.28301541449154e-06,-0.000260917402425693,0.00732239875734666,-0.00022366528697886,4.43306642755046e-05,7.84110039254169e-07,-0.000960391949219486,-1.66097201733761e-07,3.76432128642369e-10,-5.69688143954214e-08,5.52758662028543e-05,8.94239211585851e-09,0.000920975691134871,1.13310097912041e-06,-0.000158544416660496,9.40779907671269e-10,2.26090947164452e-05,4.22973587458796e-05,8.53603961075059e-11,-2.95578384944956e-09,-1.19462101206317e-06,-0.407265069902617,1.29733595564093e-14,-5.20789385682414e-07,-0.159304279515266,-0.00208145277281214,-0.00494395219702415,-0.00399215598555386,1.28243782273919e-15,-3.41444095898514e-05,1.30000534816032e-07,0.112037927731332,1.31897787016905e-07,2.32791602815976e-06,1.82590884565255e-08,-0.000162422168265294,0.0173645427107552,0.0638773785762424,-4.34290419234986e-05,0.00432119708343738,-0.0217150389031768,-0.00247117263473023,0.0409909218713243,4.37805333414031e-05,-0.000922376552487493,-3.72595862326366e-06,-3.72154343830687e-07,-5.02304561530126e-07,0.000361970428617315,-1.11029568894747e-16,1.1800020563674e-16,-0.00326790865183383,1.8541672578946e-08,7.93572522322998e-06,-3.04081693334672e-05,-1.31280815608616e-08,-2.57486807085106e-07,-1.73472347597681e-17,-5.13288279001067e-16,-2.36982887755846e-07,-1.13357369162231e-10,3.09868891722809e-06,4.97677837504847e-06,-4.26859766899775e-17,7.96924925757034e-09,-3.52911893119839e-09,-4.13775732504078e-10,5.69719136746607e-06,9.34759888241273e-08,8.15741141136869e-05,7.29260999503639e-11,6.4472313222267e-07,-0.00254458280271968,-8.10311850811509e-08,-5.92207209052648e-10,-1.28445781240708e-07,-3.14964937957836e-08,1.1174418726658e-16,2.28609907844835e-07,1.93993494907287e-16,-1.7434588921729e-08,1.55618817185709e-16,-4.50087842163705e-08,-3.95618853677937e-11,1.30104260698261e-18,-2.7177679589336e-17,-3.83753044478912e-09,-9.84301021738195e-07,3.75064903626117e-07,1.36004619869022e-07,4.46613238822081e-16,-0.000206942970925744,-4.29823521671228e-09,1.5974104619301e-09,-2.50479643995826e-17,-7.22350548760468e-07,-1.75503709911946e-05,-1.70445999073414e-08,5.36789164869045e-07,4.49073027787399e-10,2.43119898977965e-16,-7.72610806592766e-16,9.65441444304061e-17,9.23533753336458e-16,2.73660803707613e-10,-8.13505936384597e-06,6.65747303563186e-07,-2.77837648721135e-15,-1.79566997092641e-08,-4.27853357434158e-06,0.693059619857837,1.63143373917378e-14,6.52310237075904e-15,0.000318305689406703,-1.33995382764542e-08,-4.81497938960615e-16,-3.58356977675067e-09,8.95355653747906e-17,-4.55364912443912e-17,4.31701594412107e-17,1.06743656811e-16,3.86259069812131e-17
"t84",0.079852670317496,0.0122023176966184,0.0986008897362301,-0.03441821961791,0.132121526101127,-0.00473373385458793,0.0147346695384388,-0.00742945535259879,0.000469834989060483,-0.103017991765459,-0.0189214566589323,-6.37354866297919e-05,-0.0396638702166789,-9.88902835971123e-05,7.70013112014209e-05,-0.000284361872756126,0.000267147588833491,-1.31223854095925e-05,0.323636070350651,0.0173914895261421,-4.67357549167322e-05,0.00219961799748545,0.028712821835545,-0.00129120579319041,0.000670798369028339,-0.000486384520471216,4.99394497963414e-05,-5.83019552555771e-05,1.36293551618972e-06,-3.80970328065812e-06,-3.77873226868261e-06,0.000176226640406998,-9.74326664984898e-05,-0.00105188800610043,0.00100866531313205,-0.373187718473932,1.00045706418471e-05,0.0131700101517415,-0.000207985204320425,0.000681857331501481,-0.00456648179003761,-0.000281854648729652,0.00187007256663791,0.000591708149059741,-5.61415878519614e-05,-0.00160371626301116,7.30486454093906e-14,6.8385276938996e-05,0.000125169975439265,-0.0201479910311325,-0.0185737720372858,0.000105690637181547,-0.0021488797659982,0.010513070112875,-0.000866392401435843,-0.00369677499003611,3.54193550167167e-07,-3.13384773023852e-06,-0.000249020722235692,0.00698422965610873,-0.000213248972696541,4.22627782031134e-05,7.44439736731625e-07,-0.00091138832757887,-1.5742456971259e-07,3.56387197270063e-10,-5.36785488219156e-08,5.19341104055804e-05,8.38588006500662e-09,0.000863063311337835,1.06153932093438e-06,-0.000148500827520429,8.80910357971222e-10,2.11239701093178e-05,3.9478854677197e-05,7.95160418805805e-11,-2.74764625721874e-09,-1.11003088981689e-06,-0.37830033061014,1.1548980047042e-14,-4.82640631490413e-07,-0.14755107531901,-0.00192752850126155,-0.00457315727814595,-0.00369227708819868,1.00695266845451e-15,-3.15624443258392e-05,1.19959763102079e-07,0.103371665771126,1.20637570483634e-07,2.12846059773999e-06,1.66913273673359e-08,-0.000148161843674843,0.0157440805639775,0.0578694021311255,-3.93151004705538e-05,0.00391158990521786,-0.0196544929852978,-0.0022357731290685,0.0370421872771909,3.94892572353371e-05,-0.000829640785132559,-3.33036850761088e-06,-3.32586831250988e-07,-4.48895736901752e-07,0.000323191344649756,-2.10754591262547e-16,-4.22551140711631e-17,-0.0029018722350665,1.64500233002215e-08,7.02639554336519e-06,-2.69099461209362e-05,-1.1601080792626e-08,-2.27116298582386e-07,-4.02455846426619e-16,4.77439325536254e-16,-2.071276247999e-07,-9.87006361045414e-11,2.69335028487722e-06,4.30504362066167e-06,-3.98488547563184e-17,6.83143910759848e-09,-3.02052098743598e-09,-3.52320171286117e-10,4.82146651918782e-06,7.86523378664452e-08,6.86077771098733e-05,6.13269391320119e-11,5.39576785234946e-07,-0.00212726372639966,-6.7588293479849e-08,-4.93086507822454e-10,-1.06154613660855e-07,-2.58956759452639e-08,1.20103015040741e-16,1.86732160158132e-07,1.80439682072056e-16,-1.40440338797423e-08,1.1135022200457e-16,-3.54702359692264e-08,-3.04538107165517e-11,-2.83193607453214e-16,3.78508670919219e-17,-2.92349439956863e-09,-7.49762569285401e-07,2.73844511982997e-07,9.87104753509939e-08,9.94061023020171e-17,-0.000146255130192202,-2.86967712029122e-09,1.00733637463251e-09,-4.04620403993542e-17,-4.39071794645397e-07,-1.05704263442571e-05,-1.01979362795036e-08,3.13376920233289e-07,2.57805253761709e-10,-4.55191125083843e-16,1.25128706080274e-16,2.22754062593923e-17,-8.04717964746121e-16,8.96623941000659e-11,-2.25473703676626e-06,7.97343495988542e-09,2.36139233167343e-15,6.2202850711218e-09,2.90670119322528e-06,-0.720724171608341,-1.67707422826178e-14,-6.39072128549856e-15,-0.000475544800599433,2.9351241632153e-08,6.97948477552466e-16,-4.56203666468914e-08,-4.53005252360399e-17,3.65105081584494e-16,1.66803522033087e-18,2.80603340028013e-17,-8.60467259495422e-17
"t160",0.0803077188828607,0.0123007580796032,0.100211135175181,-0.0349945081091252,0.136343569794532,-0.00493216446869915,0.0155064388338822,-0.00788430277353589,0.000502715852761836,-0.112907886163981,-0.0209157600023815,-7.16526797359126e-05,-0.0446908378166149,-0.000114062078492915,9.0753593769339e-05,-0.000342018415768313,0.000324019365501295,-1.59678210806578e-05,0.423694559548336,0.0229908746176166,-6.28033326258917e-05,0.00306331384768515,0.0427802134337643,-0.00199770110484168,0.00106765218184521,-0.000852766019684977,0.00010222167970693,-0.000128369747594622,4.00917876212798e-06,-1.44891998539896e-05,-1.52866110768932e-05,0.000920820077900758,-0.00145460886007047,-0.072778768247858,-0.0099222744311713,0.502332830854426,-1.21421320086846e-05,-0.00814436692716303,0.000114410412161362,-0.000321745049620452,0.000310425437692806,1.30945793928663e-05,-6.94479538788675e-05,-2.00599074092703e-05,-2.83879078545136e-06,-0.000217861840131095,1.08491256337404e-14,1.69789263888086e-05,3.23208227268048e-05,-0.00556784666565482,-0.00571445483247784,3.38695898158046e-05,-0.000903396457356252,0.00478156237918018,-0.000400590354999407,-0.00183428145222741,1.88226252332494e-07,-1.78380546810135e-06,-0.000142677114380997,0.00409852137930928,-0.000127112940444847,2.52687358252816e-05,5.22270953633532e-07,-0.000651362814468274,-1.18684212014426e-07,2.82533217993117e-10,-5.75595973588785e-08,7.8898969244483e-05,2.0366047372199e-08,0.00286654195358649,4.24697962264978e-06,-0.000699969601597244,5.78001691814258e-09,-5.12964085482741e-05,-4.8844065367038e-05,-3.72506927907647e-11,4.19488499926041e-10,1.23872806592597e-07,0.0311319207111775,-7.89605113779449e-16,-3.15085384381344e-08,-0.0135574178450685,-0.000192706278326013,-0.000658411040982725,-0.000547900745253662,6.98559985538693e-16,-5.24941981483084e-06,2.58145177444186e-08,0.0225590463848687,4.27419424065004e-08,7.61348935420178e-07,6.00325266042224e-09,-5.61393402869388e-05,0.0066374295854964,0.0246672117035848,-1.69202937550499e-05,0.00168491913719468,-0.00847793309640978,-0.000969252343870797,0.0162846958919762,1.77140182940716e-05,-0.000382232849018939,-1.61063405948307e-06,-1.61025606961688e-07,-2.17349895589046e-07,0.000157415407540148,-3.29928649988471e-16,6.32561831872443e-17,-0.0014593668461712,8.31176203893745e-09,3.58592948050078e-06,-1.37673887475991e-05,-5.97507552452508e-09,-1.1793741239705e-07,-4.22405166400353e-16,2.8896342923349e-16,-1.11387139851131e-07,-5.3741179859633e-11,1.47432904368603e-06,2.38928504737604e-06,-1.65247682331507e-16,3.87916512453734e-09,-1.72136784778217e-09,-2.0306584300482e-10,2.81341111399418e-06,4.63917213672174e-08,4.04989862784389e-05,3.62081315548588e-11,3.21253155400247e-07,-0.00126886150285418,-4.04660373561395e-08,-2.96063618174421e-10,-6.44742375371074e-08,-1.58472151678859e-08,-1.00979068142841e-17,1.15312226638608e-07,3.72913300848379e-16,-8.82850362214258e-09,-8.06740600783195e-17,-2.28633451467361e-08,-2.01075030759893e-11,4.13081027716977e-16,1.38336946904753e-16,-1.94952198191098e-09,-5.00035498755072e-07,1.89618198612218e-07,6.8691906501047e-08,7.2564468700969e-17,-0.000104003956984647,-2.13224421749176e-09,7.80678754304924e-10,5.68981681873565e-16,-3.49454348280102e-07,-8.46859686439542e-06,-8.20919016406929e-09,2.56740877558886e-07,2.1376304857614e-10,-1.26009425017958e-15,0.707106781186548,-6.35013778680368e-15,-4.64541041715306e-16,1.12475105753596e-10,-3.22761141310781e-06,2.12912675589119e-07,-4.83228908276789e-16,-3.82651253693196e-09,-4.82529929267089e-07,0.00245820810265635,7.50264530163868e-16,1.77852524374522e-15,-4.28107465933324e-05,4.64655851369609e-09,7.24656001157008e-17,-1.51407999245004e-08,-1.95900028241007e-16,2.60587992156891e-16,-2.98350850278981e-17,1.17781576493989e-16,4.10010345305919e-16
"t161",0.0803077188828607,0.0123007580796032,0.100211135175181,-0.0349945081091252,0.136343569794532,-0.00493216446869916,0.0155064388338822,-0.00788430277353591,0.000502715852761868,-0.112907886163981,-0.0209157600023815,-7.16526797359625e-05,-0.0446908378166149,-0.00011406207849295,9.07535937693153e-05,-0.000342018415768258,0.000324019365501294,-1.59678210806676e-05,0.423694559548336,0.0229908746176165,-6.28033326258622e-05,0.00306331384768511,0.0427802134337643,-0.00199770110484178,0.00106765218184525,-0.000852766019684978,0.000102221679707013,-0.000128369747594574,4.00917876196351e-06,-1.44891998539731e-05,-1.5286611076814e-05,0.000920820077900732,-0.00145460886007037,-0.0727787682478581,-0.0099222744311714,0.502332830854427,-1.21421320088844e-05,-0.00814436692716303,0.000114410412161352,-0.00032174504962039,0.000310425437692907,1.30945793928451e-05,-6.9447953878895e-05,-2.00599074094298e-05,-2.83879078525429e-06,-0.000217861840131015,1.1208213393221e-14,1.69789263888169e-05,3.23208227268786e-05,-0.00556784666565493,-0.00571445483247782,3.38695898154163e-05,-0.00090339645735647,0.0047815623791801,-0.000400590354999144,-0.00183428145222742,1.88226252439737e-07,-1.78380546808537e-06,-0.000142677114380961,0.00409852137930964,-0.000127112940444794,2.52687358251399e-05,5.22270953813618e-07,-0.000651362814468407,-1.18684212267153e-07,2.82533385692088e-10,-5.75595970173006e-08,7.88989692445473e-05,2.03660473268794e-08,0.00286654195358625,4.24697962243337e-06,-0.000699969601597297,5.78001703552779e-09,-5.12964085478136e-05,-4.88440653668571e-05,-3.72507165690442e-11,4.1948892883642e-10,1.23872806763155e-07,0.0311319207111782,-1.19466304893873e-15,-3.15085388263144e-08,-0.0135574178450684,-0.000192706278326223,-0.000658411040982901,-0.000547900745252947,5.2305306971702e-16,-5.24941981439821e-06,2.58145174938785e-08,0.0225590463848688,4.27419423741577e-08,7.61348935138496e-07,6.00325275296567e-09,-5.61393402868347e-05,0.00663742958549677,0.0246672117035852,-1.69202937556405e-05,0.00168491913719447,-0.00847793309640963,-0.000969252343871173,0.0162846958919756,1.77140182943744e-05,-0.000382232849019013,-1.61063405937031e-06,-1.61025606496674e-07,-2.17349895752249e-07,0.000157415407539863,1.55541771843986e-16,-1.64479878652627e-16,-0.00145936684617089,8.31176207576592e-09,3.58592948016255e-06,-1.37673887478337e-05,-5.97507547573598e-09,-1.17937412434961e-07,4.60569082871842e-16,2.47330065808988e-16,-1.11387139913402e-07,-5.37400364970796e-11,1.4743290443544e-06,2.38928504730137e-06,2.14068361642945e-16,3.87916603472507e-09,-1.72136799629077e-09,-2.03066484686336e-10,2.81341111431873e-06,4.63917212612966e-08,4.04989862790859e-05,3.62083623916657e-11,3.21253154874626e-07,-0.00126886150285386,-4.04660370313856e-08,-2.96064918024405e-10,-6.44742376955153e-08,-1.58472153941047e-08,5.01386865500232e-17,1.15312226173052e-07,-3.98383607652059e-16,-8.82850332373967e-09,1.06231670771465e-17,-2.28633450860107e-08,-2.01066966833387e-11,-1.7688758444101e-16,-1.85455683197274e-16,-1.94952095647849e-09,-5.00035497618552e-07,1.89618198346787e-07,6.86919071813839e-08,-3.66320570716428e-16,-0.000104003956983787,-2.13224455681586e-09,7.80678148401928e-10,-4.33876850304532e-16,-3.49454348869257e-07,-8.46859686087752e-06,-8.20919144457982e-09,2.56740877221843e-07,2.13761225950973e-10,1.26056738060679e-15,-0.707106781186547,6.40248745071137e-15,3.67258864972734e-16,1.12472572948901e-10,-3.22761141025553e-06,2.12912673379696e-07,8.20713939517215e-16,-3.82651352110971e-09,-4.82529928462751e-07,0.00245820810265554,-5.87353647018592e-16,-9.2146342639543e-16,-4.28107465927664e-05,4.64655877865053e-09,-1.46751372047753e-17,-1.5140800914133e-08,2.38017689682748e-16,2.07895766574095e-17,-1.31434699987877e-17,-9.48957735685469e-17,-3.64325222930044e-16
"t57",0.0779184340231332,0.0117779741409734,0.0912810749501492,-0.0317911082899214,0.110459049054532,-0.00361473191403696,0.00984024286644738,-0.00418664443744964,0.000201335699435859,0.0403644566676397,0.0203994690817658,0.000352393672115539,0.285150023052087,-0.00202595552199059,0.0124133454000415,0.00153515075812832,-0.000834704628663029,3.41787943183927e-05,-0.0204943503332311,-0.000166378586694613,-2.45640223223023e-06,0.000254298726914048,0.00336257714557749,-0.00011634736961836,4.25722252256458e-05,2.38128964522166e-05,-1.29179836119882e-05,2.12014877294868e-05,-1.1086494176685e-06,4.84971915346022e-06,5.27220020497669e-06,-0.000346533618576172,0.000612532947758274,0.0312921710980181,0.00426412825605953,-0.0123086355520957,-8.02495592917883e-07,-0.0103974797021345,0.000189530394251886,-0.000729982093713634,0.0123576685232847,0.000812500054849745,-0.0055415043450903,-0.000337099042280835,0.000224848597419839,0.00942454136397321,-4.64236800488979e-13,-0.000946239041968822,-0.0019559487794915,0.410752282747214,0.78112495081914,-0.00773738389050462,-0.0357614672578715,0.1272002993225,-0.00991917030825689,-0.0345071272430439,2.82700320386921e-06,-2.21287016913834e-05,-0.00174078041142426,0.0471735914197643,-0.00141105368680295,0.000278582060196621,4.32370044752429e-06,-0.00526150835191159,-9.01004038217443e-07,2.0452778891999e-09,-3.6884673719614e-07,0.00055726503460336,2.62024121439226e-07,0.280214533336688,-0.000109572883149649,0.00803970191123419,-2.9251164951978e-08,-6.24367119078975e-05,-7.77382116722056e-05,-6.300480079099e-11,4.95909204326073e-10,1.1222340949807e-07,0.0172668076593458,1.64543575218549e-15,-9.48791377996979e-08,-0.0334473304683643,-0.00045167580665768,-0.00118148455429311,-0.000954898578880513,1.0858050380559e-16,-8.01883541361054e-06,1.98524182208033e-08,0.0158964066231069,1.75889992556209e-07,2.95049848288227e-06,2.25023667367727e-08,-0.00015623733349815,0.00818051178417236,0.0260847953738527,-1.51822307023553e-05,0.00148680113771201,-0.00727861630451783,-0.000746801696035944,0.00831152905877395,1.52439064948114e-06,0.000232664590214741,4.2798378815127e-06,4.38995155486945e-07,5.9330112066421e-07,-0.000491695668700367,-1.90548220147797e-16,-6.9539948882554e-17,-0.00124946024758086,-5.08315498342436e-08,-3.08206911511305e-05,0.000127285827414909,6.77513862360792e-08,1.76458406067576e-06,-2.28983498828939e-16,6.04463274303067e-16,-5.04849395572179e-05,-2.55413461098651e-09,5.17474366575257e-05,5.16941801756087e-05,6.16292315587211e-17,5.41255370694379e-08,-2.28559023123702e-08,-2.35490273511054e-09,2.88445356894745e-05,4.301408707627e-07,0.000372501570068105,3.32372251987146e-10,2.42681167935722e-06,-0.00103827001338659,-3.86694350406635e-07,-2.66105651056114e-09,-5.25750604053196e-07,-1.23860107178065e-07,1.24073546941445e-16,8.62828684665071e-07,-6.15577977356378e-17,-6.14907007190937e-08,-4.95427989616601e-17,-1.4709409878728e-07,-1.21897404584681e-10,3.70797142990043e-17,-5.02709953320408e-17,-1.15748178955091e-08,-2.96813954383177e-06,1.0561305068873e-06,3.7993465291518e-07,3.23479045620763e-17,-8.10216879418561e-05,-1.10096097155877e-08,3.91589652437368e-09,-2.61682209993787e-17,-1.72796246134671e-06,-6.49502732506444e-06,-4.03751428963272e-08,1.25316560551261e-06,1.0384635239398e-09,1.21645828887921e-16,-2.41710591911836e-17,3.91479339923247e-17,-2.6868316962164e-16,5.10341183592236e-10,-1.45331518701581e-05,9.32897140075185e-07,2.07516295813726e-16,-1.63936115504522e-08,-2.01993232237873e-06,0.000355163269135431,-5.52019121231346e-19,2.5131806358214e-16,-0.00245828401551599,1.98097697829595e-08,1.88008905923265e-17,-6.26043039483534e-08,-2.94960283912917e-16,3.81856005149395e-16,1.50804170497335e-17,-2.24156203732094e-17,8.04336692498538e-17
"t96",0.0787250626675969,0.0119513022438901,0.0940401858476101,-0.0327770482981097,0.117175827800599,-0.0039082547926256,0.0108577149335172,-0.00470086232776504,0.000230062531731611,0.0486592887925684,0.0250852631751956,0.000451348401452314,0.36725315787014,-0.00277101568767251,0.0180146386739278,0.00236397170342573,-0.00131871919979106,5.45475938257971e-05,-0.0424350888416277,-0.000358667559394801,-5.68909917559647e-06,0.000702463410699345,0.0145297325381723,-0.000729310882492088,0.000401417703385353,-0.000329296808292352,3.77917970335144e-05,-4.59702934795486e-05,1.25328300728302e-06,-4.06243327904197e-06,-4.18625489058877e-06,0.000231208329692818,-0.000295659055995482,-0.0134252437270996,-0.00144925823286471,0.00162812367609734,9.61709486913399e-08,0.000499271645422569,-7.13475677157759e-06,1.83197277176842e-05,0.000647901580178859,4.64439481628856e-05,-0.000328209971987215,-2.02079310590345e-05,1.77724896250273e-05,0.000929195459241506,-4.706864974205e-14,-0.000116464039675903,-0.000244596415134185,0.0527896027343089,0.104679201037848,-0.00105254588466928,-0.00518277111658566,0.0182906313358027,-0.00141995329143181,-0.00477114888505446,3.65302540151256e-07,-2.53254414181065e-06,-0.000196149894663321,0.00498410099707165,-0.000141875802249403,2.7719600043634e-05,8.58370860075354e-08,-3.82561896261359e-05,2.9667134218063e-08,-1.5545086528776e-10,1.59766385592096e-07,-0.00057792787392458,-5.74072738551874e-07,-0.897208112847259,0.000427160778592134,-0.0367400761310922,1.77687268153881e-07,-0.000413487415152603,-0.000292167942022559,-1.40390509336897e-10,8.25675639838652e-10,1.7897727354659e-07,0.026682210196021,-2.61993310320369e-15,-1.23610726701557e-07,-0.0421626047814023,-0.00056360666035981,-0.00139341090843955,-0.00111970448924212,2.06500097617975e-15,-9.18354651436257e-06,2.12881147196477e-08,0.0169752812826362,1.55214034257133e-07,2.59128792048557e-06,1.97085385945369e-08,-0.000133224545098333,0.00658515899131402,0.0208702174526953,-1.20826414816763e-05,0.00118268783053382,-0.00578538391908416,-0.000591942304871804,0.00653710025410749,1.1856192730722e-06,0.000178309476334448,3.19484166243526e-06,3.27509254645342e-07,4.42615098697942e-07,-0.000365664876989914,4.19894841842124e-16,2.5262596955478e-17,-0.000913913591978724,-3.70924422577076e-08,-2.23783313623717e-05,9.23076214886003e-05,4.89726874181289e-08,1.27046616198097e-06,4.23272528138341e-16,-2.95765684332812e-16,-3.57702599972177e-05,-1.80009325871896e-09,3.63894747279584e-05,3.61508751170059e-05,-9.23508791529924e-17,3.75286409229608e-08,-1.58273035978532e-08,-1.62447240849273e-09,1.98194207486387e-05,2.94603186669216e-07,0.000255067929200651,2.27576700583589e-10,1.65774157691052e-06,-0.000708881758273082,-2.63752723477014e-07,-1.81366955264925e-09,-3.57309251612272e-07,-8.40300463837511e-08,-3.25215116031134e-17,5.84211947513881e-07,-7.14672528632097e-17,-4.14895216323263e-08,4.93519071454592e-17,-9.88438128130782e-08,-8.16569922495031e-11,-8.46761896711179e-17,2.54034677112127e-17,-7.74533758711408e-09,-1.98611845285164e-06,7.04411796994315e-07,2.53319188825408e-07,-1.95590278003883e-17,-5.39501815729446e-05,-7.31701852489464e-09,2.59939786017257e-09,-9.00833938265262e-18,-1.14640512238664e-06,-4.30857984365117e-06,-2.6781347447981e-08,8.31017223844961e-07,6.88529605183917e-10,5.01492801332426e-17,1.62773755111078e-16,6.10593678321174e-17,2.46267000885176e-16,3.37811466137334e-10,-9.61938749575314e-06,6.17633160614949e-07,-8.39714582590023e-17,-1.08685590820599e-08,-1.34284310496657e-06,0.000237937469210808,-2.5005402178139e-16,7.56773116394882e-17,-0.00770265343628002,1.28841117181449e-08,3.15329078408429e-17,-4.12207655184913e-08,3.84069852025372e-16,2.23562487966511e-16,-6.34209742445599e-17,1.07465523134078e-16,-9.11053041010085e-17
"t177",0.0793940511148395,0.0120949155870306,0.0963187354951782,-0.0335911321026114,0.122689487402061,-0.00414831771130625,0.0116867728470645,-0.00511857810894912,0.000253329590432579,0.0553221479194221,0.0288384900212728,0.000530178887430406,0.432612974027887,-0.00335990101731287,0.0224141165267038,0.0030113085799555,-0.00169590085890349,7.04068619844925e-05,-0.0592163179138055,-0.000505420422499553,-8.14751973178838e-06,0.00104079880941642,0.022855783890488,-0.00118347403585734,0.00066612629273716,-0.000586303912582567,7.40721247823831e-05,-9.37097092576678e-05,2.89862379543779e-06,-1.01970594103772e-05,-1.06819634736926e-05,0.000624893290684076,-0.000904909347440284,-0.0432449300308964,-0.00521364052517571,0.0103926758519923,6.58931950512861e-07,0.00711696812280276,-0.000125907225883346,0.000466972340598381,-0.00593407206125161,-0.000381719251669449,0.00257812605568813,0.000156293914718573,-9.44553185219203e-05,-0.00350771675077977,1.69026185417382e-13,0.000286474781877317,0.000579506484334791,-0.116789549395288,-0.205680622364726,0.00196990407717255,0.00660642109813413,-0.0204096110421391,0.00153902954522488,0.00454364631725176,-3.0494473755456e-07,1.84648329166068e-06,0.000141168090065986,-0.00342133524866616,9.44355673381464e-05,-1.8340707277499e-05,-4.22081483571765e-08,1.82347662057564e-05,-1.29910541834475e-08,6.32865498950835e-11,-4.76374114406541e-08,0.000142975863270993,1.25359906232925e-07,0.187083887460801,-8.73394538574344e-05,0.00740850837231817,-3.50881569336003e-08,7.02246346758312e-05,4.61740836019946e-05,1.92103656848847e-11,-9.60329067786411e-11,-2.01185027490427e-08,-0.00291814371395901,-3.95757731280462e-17,1.10827351730788e-08,0.00358708939236157,4.71195954606874e-05,0.000104302392360588,8.2746499441307e-05,-1.80858492275937e-16,6.41694979694442e-07,-1.22345700278594e-09,-0.000961189508906885,-9.1968253964098e-10,-1.10422746893715e-08,-6.4827289834136e-11,-8.8790633326211e-07,0.000208775169533623,0.000724339586468573,-4.51858577483151e-07,4.45206148098681e-05,-0.000220064230278803,-2.33684747820042e-05,0.000284925172733164,5.90085065027432e-08,1.04235549206783e-05,2.41916106488412e-07,2.49369662791253e-08,3.37105069359299e-08,-2.86713210474638e-05,-4.34324858934229e-17,-2.03512565892434e-17,-8.31860905373905e-05,-3.44733827595313e-09,-2.17231165645041e-06,9.05544238483346e-06,4.94211916264023e-09,1.32638457646278e-07,-6.89552581700781e-17,1.69051048398988e-16,-4.28114976920687e-06,-2.25401225324517e-10,4.6434604030313e-06,4.83659287148982e-06,-2.7410713586256e-17,5.40420583575798e-09,-2.3043982771255e-09,-2.44563595822289e-10,3.08885666020143e-06,4.72439859183113e-08,4.09869183393109e-05,3.65874220539121e-11,2.72176329475164e-07,-0.000116910578274032,-4.38910684205156e-08,-3.03851266792842e-10,-6.14258962275138e-08,-1.46777276424019e-08,-3.02308011367915e-17,1.03898450508431e-07,2.99530833529007e-17,-7.6177677663462e-09,-1.12524841476692e-16,-1.88316271187581e-08,-1.5984474237746e-11,2.38578688055435e-16,-4.54677811508182e-17,-1.52978662236821e-09,-3.92318237929873e-07,1.42387967454664e-07,5.13032527822639e-08,-4.19263760757296e-16,-1.09872327628766e-05,-1.48991271968573e-09,5.23497939780977e-10,1.26739723714624e-16,-2.28363429691627e-07,-8.55614313021058e-07,-5.30600959838205e-09,1.63145641073361e-07,1.34269905666172e-10,-1.79368757185516e-16,3.3911884737772e-16,3.95919952623935e-17,-7.68417519248132e-16,4.77001171783511e-11,-1.2136481726401e-06,1.53636660192577e-08,2.36810760887926e-15,2.12826311185163e-09,7.77279658044137e-07,-0.000385124941203874,2.1650021460489e-15,6.21255976350488e-15,0.820437630950507,3.06844185550588e-08,3.29767972464622e-16,-2.87742176165312e-08,9.59398563028231e-17,2.93561290727606e-16,3.78966565455846e-17,-4.94003583885013e-17,-2.02904505655432e-16
"t183",0.0794174421379708,0.0120999287484298,0.0963978300090525,-0.0336193833787416,0.122878974212301,-0.00415651832168295,0.0117149228089731,-0.00513269184460121,0.000254112060807774,0.055543335500716,0.0289625446623008,0.000532763022910282,0.434753255821155,-0.00337898048589396,0.0225553583908406,0.003031924044986,-0.00170787457506245,7.09097063696888e-05,-0.0597355196283984,-0.000509947760608355,-8.22300639173032e-06,0.00105108861215195,0.023105022268162,-0.00119696411764581,0.000673946640381796,-0.000593775954957085,7.51062917681152e-05,-9.50604473224336e-05,2.94417981349373e-06,-1.03648191004297e-05,-1.08591800007028e-05,0.000635549405321226,-0.000921148368165212,-0.0440352082566579,-0.00531228113769591,0.0106130924399139,6.7303458002049e-07,0.00727876128331922,-0.000128798509990694,0.000477833331646126,-0.00608623689030225,-0.000391580425420496,0.00264494931579351,0.000160349664417755,-9.69892958600401e-05,-0.00360567871576463,1.73825142056934e-13,0.000295022485947631,0.000596913766818904,-0.120342265726455,-0.212083310620919,0.0020318351547929,0.00683290771702852,-0.0211329853050587,0.00159398618239383,0.00471150730315823,-3.16621141491073e-07,1.91990462835662e-06,0.000146801923122646,-0.00355971656178017,9.82887715279989e-05,-1.90903296835946e-05,-4.40866756933034e-08,1.90536124019175e-05,-1.35887476016976e-08,6.62592375243523e-11,-5.00753933869964e-08,0.000150656305919573,1.32304591442636e-07,0.197562911821527,-9.2254247638675e-05,0.00782676005787355,-3.70787417825139e-08,7.43454132594803e-05,4.89253761360963e-05,2.03887617856621e-11,-1.02103718925897e-10,-2.13978394347691e-08,-0.00310458323138588,2.75050600256161e-16,1.18136398633104e-08,0.00382548768956985,5.02590309620155e-05,0.000111358013704459,8.83533932414673e-05,-3.73533294620087e-16,6.85489495750992e-07,-1.30888484937804e-09,-0.00102841235575191,-9.91267585140102e-10,-1.19051583817333e-08,-6.99051902908215e-11,-9.59164000838492e-07,0.000226687866432194,0.000787025093503516,-4.91271016282854e-07,4.84066453128054e-05,-0.000239295089621314,-2.54193040430757e-05,0.000310240973230393,6.43527629566874e-08,1.13944820282782e-05,2.65855617646773e-07,2.74085289456661e-08,3.70518953687678e-08,-3.15372332910074e-05,-7.75014491956057e-17,1.3552379007286e-17,-9.1925298167086e-05,-3.81239877748381e-09,-2.40642807224812e-06,1.00357348931353e-05,5.48379369615538e-09,1.47406494799386e-07,-7.29668062082744e-17,-2.12272412272883e-17,-4.79474400850505e-06,-2.53254422316457e-10,5.22494523810547e-06,5.46441918130751e-06,-3.65131041675523e-18,6.15271044202226e-09,-2.62704352037102e-09,-2.80027936737551e-10,3.55513163974361e-06,5.46422992051759e-08,4.74230248759055e-05,4.23364872421198e-11,3.16234663425209e-07,-0.000135961493619847,-5.11415616694042e-08,-3.54577807463704e-10,-7.2134483033525e-08,-1.7312637043373e-08,1.18406769120805e-16,1.23232550632707e-07,3.73086718396829e-17,-9.14278210865886e-09,2.71954944558948e-17,-2.30265067415428e-08,-1.99403666911312e-11,2.26937067228372e-17,-7.04206771754306e-17,-1.92532091626961e-09,-4.93807153572161e-07,1.85818227174891e-07,6.7293049691831e-08,4.55191807803025e-16,-1.47429244216835e-05,-2.09899858407548e-09,7.74492106496144e-10,-2.58171317714993e-17,-3.48688220710107e-07,-1.31676329418045e-06,-8.2124340873979e-09,2.5789256432897e-07,2.15328710516784e-10,-1.39259276508358e-16,-2.81983838994974e-16,9.68157637491649e-18,8.84833658938163e-16,1.23631707261572e-10,-3.62156868679061e-06,2.69971724371516e-07,-8.60842972426334e-16,-6.00840663625708e-09,-9.992796639841e-07,0.000298597633506452,-1.04165612291699e-15,-3.18714103502912e-15,-0.404237595613539,-8.93333517205685e-09,-1.44451602704276e-16,-5.77126932738657e-09,-0.707106781186548,9.01327759173301e-16,-1.04603059291299e-15,1.24217677497279e-15,-1.39999900642927e-16
"t184",0.0794174421379708,0.0120999287484298,0.0963978300090525,-0.0336193833787417,0.122878974212301,-0.00415651832168295,0.0117149228089731,-0.00513269184460121,0.000254112060807763,0.055543335500716,0.0289625446623008,0.000532763022910238,0.434753255821155,-0.00337898048589396,0.0225553583908406,0.00303192404498602,-0.00170787457506246,7.09097063697222e-05,-0.0597355196283984,-0.000509947760608342,-8.2230063916942e-06,0.00105108861215195,0.023105022268162,-0.00119696411764581,0.000673946640381801,-0.000593775954957084,7.51062917681243e-05,-9.5060447322475e-05,2.94417981349749e-06,-1.03648191004874e-05,-1.08591800006063e-05,0.000635549405321186,-0.000921148368165211,-0.0440352082566579,-0.00531228113769594,0.0106130924399137,6.73034579990481e-07,0.00727876128331922,-0.000128798509990719,0.000477833331646125,-0.00608623689030226,-0.000391580425420529,0.00264494931579366,0.000160349664417628,-9.69892958600246e-05,-0.00360567871576455,1.73768980384502e-13,0.000295022485947658,0.000596913766818698,-0.120342265726455,-0.212083310620918,0.00203183515479276,0.00683290771702852,-0.0211329853050586,0.00159398618239371,0.00471150730315821,-3.16621141410501e-07,1.91990462833392e-06,0.000146801923122817,-0.00355971656177999,9.82887715278455e-05,-1.90903296841374e-05,-4.40866756163522e-08,1.90536124016517e-05,-1.35887473647926e-08,6.62590215492678e-11,-5.0075393372197e-08,0.000150656305919634,1.32304591107427e-07,0.197562911821527,-9.2254247638865e-05,0.00782676005787346,-3.70787418597133e-08,7.43454132592173e-05,4.89253761358081e-05,2.03886451004249e-11,-1.02103731177382e-10,-2.13978394340584e-08,-0.0031045832313858,3.04540899101926e-16,1.18136396446422e-08,0.00382548768957004,5.02590309620326e-05,0.000111358013704923,8.83533932412668e-05,-2.55281990805485e-16,6.85489495936003e-07,-1.30888515633796e-09,-0.00102841235575185,-9.912674356012e-10,-1.19051583717908e-08,-6.99053146090001e-11,-9.5916400080312e-07,0.00022668786643193,0.000787025093503609,-4.91271016893125e-07,4.84066453128194e-05,-0.000239295089621175,-2.54193040429667e-05,0.000310240973230861,6.43527629736154e-08,1.13944820278123e-05,2.65855617757361e-07,2.74085285376944e-08,3.70518952782284e-08,-3.15372332911731e-05,-2.37980200702942e-16,3.59157962865159e-18,-9.19252981671734e-05,-3.81239862431128e-09,-2.40642807213468e-06,1.0035734893056e-05,5.48379365248913e-09,1.47406495120494e-07,-1.41705223943855e-16,-1.65209289733552e-16,-4.79474400824887e-06,-2.53254457508188e-10,5.22494523789263e-06,5.46441918111092e-06,4.35864256220425e-17,6.15271045558834e-09,-2.62704321613288e-09,-2.80027995459879e-10,3.55513164010839e-06,5.46422994514146e-08,4.74230248761638e-05,4.2336640852683e-11,3.16234663414123e-07,-0.000135961493619783,-5.11415614897496e-08,-3.5457786563115e-10,-7.21344830372313e-08,-1.73126368683963e-08,-5.38048906257609e-18,1.23232550692121e-07,-1.06941596631728e-16,-9.14278221252007e-09,-3.08659735126398e-17,-2.30265065587383e-08,-1.99400638746489e-11,-3.34523804056824e-16,-1.23791276475423e-17,-1.92532131147459e-09,-4.93807153540439e-07,1.85818226940009e-07,6.72930497196069e-08,5.70727700666304e-17,-1.47429244220129e-05,-2.09899845761203e-09,7.74492194563536e-10,-4.05631840558201e-17,-3.48688220499447e-07,-1.3167632941157e-06,-8.21243364543474e-09,2.57892564041906e-07,2.15330214921837e-10,1.68572825311226e-16,-7.35519913959222e-17,1.34572921088487e-18,-1.54916224481851e-16,1.23632834513347e-10,-3.62156868690186e-06,2.69971724813907e-07,-1.59697897809431e-15,-6.00840720719032e-09,-9.99279664220472e-07,0.000298597633506525,-8.91495757168967e-16,-2.07449210804303e-15,-0.404237595613539,-8.93333598714259e-09,-6.68262497678144e-17,-5.7712681901432e-09,0.707106781186548,-5.66014520409636e-16,1.01039963049465e-15,-1.19524985741525e-15,3.45249835308219e-16
"t42",0.0748337877598516,0.0110987548744743,0.0794368807144518,-0.0275382434073946,0.0750422686498194,-0.00178959161105937,0.00195726098273153,0.00092642046554551,-0.000207899827835893,0.210670478947816,0.0573032352884707,0.000134704644952229,-0.0876687741827096,-0.00642410610546855,0.0265104536438103,0.00257673864678697,-0.00126480830636968,4.9648377716587e-05,0.00237985503145078,-0.000506792205690861,8.07448187270803e-06,-0.00195115553920156,-0.290079644106634,-0.0214573497007321,0.00502742397826801,-0.00181942464875921,0.000140645183011269,-0.000154883430509923,3.34543294592279e-06,-9.6310986152752e-06,-9.70405012120452e-06,0.000496253862901673,-0.000537338670872884,-0.0227050267298798,-0.00206349670472898,2.75955182622483e-05,-1.14721610770113e-08,-0.00162259179771439,3.28513041654685e-05,-0.000140960320720497,0.00339266683140729,0.000224153422424073,-0.00153068954697313,-2.24503897385734e-05,6.11157149435139e-05,0.00231502346917834,-1.10769723215281e-13,-0.000133794144251607,-0.000245459192242625,0.0378835284942177,0.014779903072895,0.000141274725223093,0.0207281265118289,-0.127242253707617,0.0111482275857846,0.065935329992721,-9.99148143100743e-06,0.000189234660860542,0.0167303659613445,-0.777018893204578,0.0400425950519055,-0.00912648153200504,3.23210735277252e-05,-0.0362323852260549,-5.21802159646884e-06,1.06138072699386e-08,-1.40918705633251e-06,0.00164627084445989,3.76619257363119e-07,0.020498067648339,9.64283890112078e-05,-0.0145146758333695,1.13899832390549e-07,-0.000896601250046769,-0.000817197558418839,-5.54317426105501e-10,4.03865544479354e-09,8.42193412512246e-07,0.0950795140311738,-2.05508248175157e-16,-1.11022471843833e-06,-0.404684020995213,-0.00553606129203416,-0.0158149959153164,-0.0129035351914509,3.9023170313356e-15,-0.000111847727195862,-6.03888962616178e-08,-0.173275465493175,-1.198087884293e-06,-1.87976070794847e-05,-1.37939892549046e-07,0.000652756042552256,0.00901810078597537,-0.0290859732227867,9.23617648907989e-06,-0.00083886625221184,0.00358597965227122,0.000161412370381275,0.00757015512258774,2.18439888199008e-05,-0.000789909723293576,-5.15748960007965e-06,-5.19208927758408e-07,-7.01059361360478e-07,0.000526120989380432,-9.60161553558052e-17,6.63215374165208e-17,0.00014743547569273,2.83703146694865e-08,1.36560929177617e-05,-5.31089631904224e-05,-2.37200857237246e-08,-4.82003376140272e-07,2.79290479632266e-16,1.36784558150085e-16,-2.64746093321932e-07,-2.25603923242018e-10,6.31103860634006e-06,1.05241665369155e-05,1.78038693202631e-16,1.75532437962579e-08,-7.81533588185997e-09,-9.3172571547756e-10,1.31596266356877e-05,3.20892200479871e-07,0.00481479048876833,-2.5080305796222e-10,1.16639074261961e-06,-0.000136526254423028,-2.01044438664413e-07,-1.41119342990728e-09,-2.99574174182576e-07,-7.34493568306733e-08,1.66765829871028e-16,5.33777155027441e-07,1.52219221864023e-16,-4.07959940948502e-08,-1.03704535838434e-16,-1.05316057939209e-07,-9.22588402368657e-11,7.0906822080552e-16,-1.4839234858686e-17,-8.92941913969873e-09,-2.29027052862497e-06,8.62538410937829e-07,3.12180556920469e-07,8.33763242986068e-17,-1.97855616085584e-05,-9.59006708815453e-09,3.49188846712962e-09,4.74645240631893e-17,-1.55842809379568e-06,-1.74236272723021e-06,-3.65677272042215e-08,1.14172018780065e-06,9.49574166422395e-10,1.26135274724546e-16,-9.20963600616193e-17,1.45495307066746e-16,-1.77726269148355e-16,4.90695575941806e-10,-1.40474564838813e-05,9.1769538139698e-07,2.37277645448453e-16,-1.63104392400098e-08,-2.01990195197381e-06,0.00010994808703403,8.51220374700278e-18,2.36301863493216e-16,-5.83917433264852e-05,2.016677617869e-08,-1.52159164672688e-16,-6.44529889671694e-08,3.74369467910267e-16,-5.19874941706799e-17,8.15344893553776e-17,5.68104394930148e-17,-1.88485050701919e-17
"t86",0.0755883183841846,0.0112571350055528,0.0817294034657772,-0.0283530354100596,0.079271863495826,-0.00192173221908671,0.00213758497449652,0.00102605989900492,-0.000233427529293099,0.246013761066143,0.0678418616501102,0.000163810712060096,-0.106987620846312,-0.00812979821796666,0.034667080840825,0.00347270773439574,-0.0017256721857216,6.80608435306707e-05,0.00361509290624359,-0.000779991174126969,1.27011490130714e-05,-0.00321481826605335,-0.519576000598553,-0.0401781012128415,0.00972350204544243,-0.00390700275428685,0.000350968961235709,-0.000412143421794594,1.10966717696967e-05,-3.73640406081399e-05,-3.89122986056514e-05,0.00224502250416658,-0.00326112117878793,-0.158231520725109,-0.0204546709742182,-0.000457058741659243,1.5342401725113e-07,0.00914511540341633,-0.000167751775686889,0.000641619044224,-0.00796734453068516,-0.000505514871486616,0.00339121393918916,4.94308188733313e-05,-0.000113645772748144,-0.00357185785281596,1.66057907796985e-13,0.000156300072914099,0.000279200887173384,-0.041002806800971,-0.0146362137250671,-0.00013475260075229,-0.0144011221444292,0.0785319597093374,-0.00670077505838991,-0.0351378768238767,4.68966170430772e-06,-7.75780732510045e-05,-0.00676841892998814,0.299412337612631,-0.0149427752030995,0.00338449324062499,-8.65848543088465e-06,0.00936368433235026,1.22034964863092e-06,-2.27241728651415e-09,2.00291931406679e-07,-0.000176935788900689,-3.28890287816519e-08,-0.00164865342720511,-7.48125837159511e-06,0.00109732665188648,-8.27597697268317e-09,4.75670634350565e-05,3.64540060011938e-05,1.62480188269662e-11,-5.79816819556989e-11,-9.68273726432642e-09,-0.000880810856956624,5.85337349567747e-15,-5.87178370770709e-09,-0.00351764802984581,-5.41929352608698e-05,-0.000258062523418545,-0.000219760174013764,-0.707106781186549,-2.24216203150015e-06,-1.77412279654774e-09,-0.00520153239906407,-8.25207763499716e-08,-1.31908411638731e-06,-9.78416694495318e-09,5.13835745829007e-05,0.000888716824358676,-0.00293626744196084,9.52335643851271e-07,-8.66607910784082e-05,0.000371592888082439,1.69129555262362e-05,0.000818264187087808,2.4704391644362e-06,-9.49232868904161e-05,-6.93183839835243e-07,-6.99650186467005e-08,-9.44821049351455e-08,7.18903950558264e-05,7.05171803535343e-16,-7.76328052406081e-16,2.17085179469156e-05,4.22337575518968e-09,2.08095873553394e-06,-8.13955978125104e-06,-3.69254658967588e-09,-7.6479153976448e-08,5.82867087928207e-16,1.13439144203658e-16,-4.55382686679839e-08,-3.99149612017105e-11,1.13007856433209e-06,1.94335485930358e-06,-1.27659011123286e-16,3.40673833544233e-09,-1.52848869596368e-09,-1.86596737291746e-10,2.70280546631849e-06,6.73331038831916e-08,0.00101185098953887,-5.27269832613017e-11,2.49217215586572e-07,-2.92731720367378e-05,-4.3412312998823e-08,-3.06356754201098e-10,-6.64085962865141e-08,-1.64996988051558e-08,-1.20075939795665e-16,1.21770434582946e-07,3.49936755630518e-16,-9.57729009000389e-09,4.08373801672164e-16,-2.56388077578091e-08,-2.31544938718002e-11,-7.45931094670027e-17,-1.17389436944693e-16,-2.26672516700892e-09,-5.81459381967267e-07,2.27234115234411e-07,8.25945528646135e-08,-2.02604638215223e-16,-5.32396698387487e-06,-2.65259309149446e-09,9.85229243491653e-10,-9.50158921292918e-17,-4.44160610728328e-07,-4.97704233426273e-07,-1.0462002501951e-08,3.28430609191853e-07,2.74091935346249e-10,1.66214043002191e-16,5.03283191097165e-17,-1.46210281128937e-16,2.02342823971573e-17,1.49048764649939e-10,-4.29186289715411e-06,2.8614928323942e-07,9.58434720477186e-17,-5.15904969645205e-09,-6.43810328654146e-07,3.52339172665111e-05,4.94184668402948e-17,3.55618312575245e-16,-1.87972680821316e-05,6.520713228133e-09,6.72223385072116e-17,-2.12530590903981e-08,-5.00530466025945e-17,2.42861286636753e-16,7.90276810339131e-18,2.83487999893575e-17,-4.83850909172584e-17
"t87",0.0755883183841846,0.0112571350055528,0.0817294034657772,-0.0283530354100596,0.079271863495826,-0.0019217322190867,0.00213758497449652,0.00102605989900493,-0.000233427529293103,0.246013761066143,0.0678418616501103,0.000163810712060041,-0.106987620846312,-0.00812979821796666,0.034667080840825,0.00347270773439573,-0.00172567218572165,6.80608435306737e-05,0.00361509290624361,-0.000779991174126937,1.27011490131477e-05,-0.0032148182660535,-0.519576000598554,-0.0401781012128417,0.00972350204544235,-0.00390700275428683,0.000350968961235598,-0.000412143421794777,1.10966717697157e-05,-3.73640406085007e-05,-3.89122986058027e-05,0.00224502250416656,-0.00326112117878791,-0.158231520725109,-0.0204546709742182,-0.000457058741659225,1.53424017171333e-07,0.00914511540341626,-0.000167751775686835,0.000641619044223945,-0.00796734453068506,-0.000505514871486553,0.0033912139391891,4.94308188733359e-05,-0.000113645772748166,-0.0035718578528162,1.6640832193915e-13,0.0001563000729141,0.000279200887173661,-0.0410028068009713,-0.014636213725067,-0.000134752600752629,-0.0144011221444292,0.0785319597093379,-0.00670077505838941,-0.0351378768238771,4.68966170748009e-06,-7.75780732498736e-05,-0.00676841892998825,0.299412337612636,-0.0149427752030995,0.00338449324062582,-8.65848543010056e-06,0.00936368433235355,1.22034964897266e-06,-2.27241661093422e-09,2.00291932101436e-07,-0.000176935788899436,-3.28890254405745e-08,-0.0016486534272034,-7.48125837018304e-06,0.00109732665189219,-8.27597451826629e-09,4.75670634372883e-05,3.64540060064597e-05,1.62469136185883e-11,-5.79762418628782e-11,-9.68272221104662e-09,-0.000880810856961983,-5.80591982679571e-15,-5.87178161839529e-09,-0.00351764802983269,-5.41929352719369e-05,-0.000258062523460053,-0.000219760174033111,0.707106781186546,-2.24216213480402e-06,-1.77410900368007e-09,-0.00520153239907868,-8.25207766680494e-08,-1.31908411708575e-06,-9.78416450940142e-09,5.13835745834107e-05,0.000888716824357526,-0.00293626744196663,9.52335641811186e-07,-8.66607910786502e-05,0.000371592888079902,1.69129555266278e-05,0.000818264187084684,2.47043916548908e-06,-9.49232868912101e-05,-6.931838414867e-07,-6.99650180321747e-08,-9.44821049762368e-08,7.18903950548824e-05,-6.99670355534446e-16,7.91527273459399e-16,2.17085179467091e-05,4.22337554661205e-09,2.08095873470688e-06,-8.13955978220115e-06,-3.6925470268262e-09,-7.64791550287505e-08,-5.13478148889135e-16,-2.3957708315763e-16,-4.55382687130189e-08,-3.99149238069e-11,1.13007856421416e-06,1.94335485995374e-06,2.90956007364193e-17,3.40673650834483e-09,-1.52849019042795e-09,-1.86597496073707e-10,2.70280546682025e-06,6.73331028133906e-08,0.00101185098953883,-5.27279919318522e-11,2.49217215749636e-07,-2.92731720359769e-05,-4.34123126909604e-08,-3.06357576460026e-10,-6.64085963180678e-08,-1.64996987938801e-08,2.39382245699834e-16,1.21770435144997e-07,-4.05575025343231e-16,-9.57728959865109e-09,-5.36445030430756e-16,-2.56388082123024e-08,-2.31554398619126e-11,-2.68882138776405e-16,6.73136583475581e-18,-2.26672526423475e-09,-5.81459382161664e-07,2.27234114503469e-07,8.25945529964525e-08,1.06609821377637e-16,-5.32396698460033e-06,-2.65259348002805e-09,9.85226543713047e-10,1.48181800765564e-16,-4.44160610558325e-07,-4.9770423344447e-07,-1.04620029499434e-08,3.28430607490401e-07,2.74091880702459e-10,-1.95597774483394e-16,7.96072579545778e-17,1.90714698727975e-16,2.78382819665902e-16,1.49046185549812e-10,-4.29186289726291e-06,2.861492831471e-07,-1.73472347597681e-16,-5.15904968517635e-09,-6.43810328940593e-07,3.52339172663109e-05,-1.67982073807232e-17,2.28983498828939e-16,-1.87972680823593e-05,6.52071157307805e-09,4.17902164399356e-17,-2.12530590331522e-08,-9.99746310612915e-17,3.53883589099269e-16,9.68886417646082e-17,-3.1173959379916e-17,4.14443268517217e-18
"t32",0.0740670084293171,0.0109383970930205,0.0771453778649962,-0.0267243358670255,0.0709158720523674,-0.00166265995991597,0.0017868653808213,0.000833579891649752,-0.000184447445532537,0.179592933233983,0.0481914709963357,0.000110435759702405,-0.0716437354427613,-0.00509384671987281,0.0206193810220579,0.00199656370777287,-0.000985430391591925,3.88282058171332e-05,-0.00113317380995438,9.17028364365465e-06,1.4975386453675e-06,-0.000530329354685487,-0.0706330246390106,-0.00442129988563025,0.000877653666927401,-0.00010586168048309,-1.91448710984473e-05,3.52832136534776e-05,-1.95362720487426e-06,8.4980091171194e-06,9.22692592257644e-06,-0.000604912896462527,0.00108178871338184,0.0561085100188891,0.00816732275524957,0.000253706852207147,-8.71431943395926e-08,-0.00599327825096258,0.000112422716917912,-0.000442083076216226,0.00665069526475295,0.000427575534653479,-0.00288511347136495,-4.21395573396028e-05,0.000102479318616468,0.00342873599118063,-1.6095809808778e-13,-0.000164061773902933,-0.000295427945657064,0.0440229093535797,0.0161063637335151,0.000149740082016286,0.0169858823081347,-0.0932875110883201,0.00795988134666437,0.0413703404891908,-5.36127144338873e-06,8.32425449783017e-05,0.007201013977088,-0.307388603850305,0.0149218165924499,-0.00336007131015888,4.35378260013218e-06,-0.00394452832353283,-1.93740268506545e-07,-2.77554793889592e-10,4.41975226761222e-07,-0.000820861411658664,-2.3610813276384e-07,-0.0138402231441384,-6.70993937889166e-05,0.0103125787156645,-8.34467700131891e-08,0.000801688644392951,0.000794496182848111,6.26145266778709e-10,-5.27996874173653e-09,-1.13235559371578e-06,-0.130673342941032,-6.07737919461309e-16,1.76275461676633e-06,0.664896029323119,0.00919699719417342,0.0280775566441752,0.0230768648562845,-2.4696446525959e-16,0.000206342915417773,1.22854568984746e-07,0.354920869908925,3.85043233246533e-06,6.14329582512507e-05,4.55276239324771e-07,-0.00239258058028195,-0.029040903158572,0.144634972533603,-4.82690987616977e-05,0.00440174676318705,-0.0189372811720752,-0.000872063460661886,-0.0435836653242007,-0.000138700837310296,0.00582160201721374,5.45679454977081e-05,5.550508960811e-06,7.49841454538581e-06,-0.00595694112709838,4.31059885641707e-16,3.51649505605609e-16,-0.00245955860847104,-5.09108237750848e-07,-0.00029233529263075,0.00119377824964866,6.17208509230346e-07,1.55479518329728e-05,2.0122792321331e-16,-1.2268881426525e-17,-0.000393574895271447,-1.92003884551708e-08,0.0003834391516492,0.00037055384944136,-4.26652802174406e-16,3.74857289279205e-07,-1.58106903922774e-07,-1.65102178257624e-08,0.000223905165079997,1.38131453275389e-05,0.458181377703808,-3.85115575389205e-08,7.58466347988186e-06,-0.000982493207190085,-1.58844109257431e-06,-1.14785684542443e-08,-2.45573861868649e-06,-5.87307516748204e-07,5.83018180496457e-16,4.11080469693223e-06,1.30741035559447e-15,-2.90707751644115e-07,7.86283326992657e-16,-6.79637516203203e-07,-5.49869418355492e-10,-1.48752538065011e-15,-2.8908639479338e-16,-5.17173880667689e-08,-1.32604557557844e-05,4.56864524212342e-06,1.63730313460083e-06,-3.64937864653549e-16,-9.98613119709237e-05,-4.55803737001609e-08,1.59211921103285e-08,-2.94700713377351e-16,-6.96119968048373e-06,-7.74749165431484e-06,-1.62086095676544e-07,5.00586000543989e-06,4.13530347942101e-09,-9.06595364151201e-17,-3.101874420088e-17,-2.09223313975521e-16,3.39914259388846e-16,1.93985834611322e-09,-5.49484107247599e-05,3.46198427585604e-06,1.74448129552918e-16,-6.00245519904281e-08,-7.33708936511008e-06,0.000395746294699033,-1.09504308174803e-16,6.70036942596042e-17,-0.000208580781156941,7.15097047189926e-08,2.31251798707898e-16,-2.21306905432718e-07,-4.31505852800312e-17,5.06430834767979e-16,-1.26753310044879e-16,-2.19516961343204e-17,1.19281801512977e-17
"t101",0.0765861927244832,0.0114691199173656,0.0849304717030986,-0.0294931672234688,0.0856841238791749,-0.00213320814884767,0.00244352310082892,0.00120390137017535,-0.000281400736507491,0.32410401273109,0.0926215803835406,0.000241895320139874,-0.159782131089328,-0.0138820903275235,0.0692941899347451,0.00842733723350944,-0.00462557601294357,0.000190379171139671,-0.0496207254947371,0.00538921839075878,-4.60008254679432e-05,0.00520852482410143,0.327955376061893,0.0163465838028196,-0.00284432429890159,0.000251629672876633,3.43843692529426e-05,-5.8086897348916e-05,2.59327383658617e-06,-1.01666802986081e-05,-1.08370729578579e-05,0.000669604319323846,-0.00107764240773086,-0.0539029965466555,-0.00733352836642947,-0.000184801454749123,6.24755491424912e-08,0.00387550544407398,-7.14822957941716e-05,0.000275197399796864,-0.00353686989394507,-0.00022474877085471,0.00150865665645242,2.19950685254263e-05,-5.07928443332933e-05,-0.00159791552460125,7.35390775986507e-14,6.92207794927888e-05,0.000123411875315983,-0.0180491825113789,-0.00638278774485185,-5.8484931149239e-05,-0.00584935081828543,0.0306214277449022,-0.00258490075843412,-0.0127943697219661,1.57507889850037e-06,-2.3165355417458e-05,-0.00199341930300614,0.0834675818521095,-0.00400095075977108,0.000898714042399376,-1.02843729440482e-06,0.000919515305035535,4.35582562388973e-08,6.04830699481068e-11,-8.41879063996631e-08,0.000144140266703865,3.92498762484539e-08,0.00225437314943152,1.08350794633741e-05,-0.00165505247583224,1.3268613431941e-08,-0.000119168135712295,-0.000114313861024715,-8.43159599513003e-11,6.58358006999649e-10,1.38881749483491e-07,0.0158139137552879,6.70807205272637e-16,-1.93007003088257e-07,-0.0708262241353297,-0.000970640447151494,-0.00279044177253592,-0.00227714071200761,1.10201982967039e-16,-1.97271682162936e-05,-1.04522388501974e-08,-0.0299158207865143,2.01715597269924e-08,7.15491359851335e-07,7.12360419074078e-09,-0.000174686333896504,0.789325227571129,-0.227143114438411,4.32601354823065e-05,-0.0038036338730697,0.0154858351744544,0.000599440978959193,0.021171703057197,4.88220524053508e-05,-0.0015464734803366,-1.03535004989073e-05,-1.04643692245632e-06,-1.41323003771245e-06,0.00108608652681875,2.42533846276776e-15,-2.06458572525497e-16,0.000379953917520888,7.68476396502765e-08,4.20217558721271e-05,-0.000169552152105429,-8.48458367079877e-08,-2.05299479194558e-06,8.18789480661053e-16,9.07184807213276e-16,4.3207867552183e-05,1.95232752991706e-09,-3.75947271854796e-05,-3.25632373666024e-05,-8.20203093215269e-17,-2.45057500286062e-08,9.55684352390695e-09,6.4496733882594e-10,2.92895184250485e-06,3.74917232342665e-06,0.159416863391549,-1.43139753488501e-08,-3.22274110011248e-06,0.000325462040521685,3.84555611121734e-07,2.38034774963786e-09,3.60393403989405e-07,7.57932375563576e-08,5.53691203750812e-16,-4.74107092852255e-07,8.46282221932752e-16,2.8631707276088e-08,1.0876921944926e-16,5.70622406030986e-08,4.08553483394113e-11,-8.79504802320241e-16,2.25896382323161e-17,3.67275582620951e-09,9.41211512550154e-07,-2.78838182868456e-07,-9.8136863035253e-08,2.20186640191921e-16,5.55875751193079e-06,2.22780712925556e-09,-7.01517933082333e-10,-9.52694265211198e-17,2.89819276140524e-07,3.18351336807969e-07,6.59885472523505e-09,-1.97239806508342e-07,-1.59545101305683e-10,2.20457347892281e-16,8.90991223845088e-17,1.11126120884645e-16,2.76035959595365e-17,-5.10052963406671e-11,1.3668086781082e-06,-6.88740269330905e-08,-4.31946145518225e-16,9.82230003712323e-10,1.0609946973197e-07,-5.18881310404557e-06,-4.75370839373528e-18,1.47451495458029e-16,2.49757644486096e-06,-7.76932866739406e-10,-1.11601449953329e-16,1.30174261344165e-09,-1.44880800215663e-16,1.12540185503995e-16,-8.03316997122764e-17,-1.58099708465361e-16,4.26139416221294e-17
"t107",0.0766280689432717,0.0114779561848189,0.0850607956765945,-0.029539530318667,0.0859337611170551,-0.00214120873860236,0.00245475368798249,0.00121026501081621,-0.000283074358448008,0.326630003770136,0.0934014712772991,0.00024422130886439,-0.161343209695687,-0.0140393491407678,0.070172885211792,0.00854433000931715,-0.00469200284338725,0.000193147961782064,-0.0505276136992679,0.00549012296817881,-4.68956865447099e-05,0.00531763611984785,0.335649027741252,0.0167504256466382,-0.00291707263557856,0.000258724298550749,3.54667522720377e-05,-5.99881901349193e-05,2.68777477371472e-06,-1.05591623334872e-05,-1.12599151077439e-05,0.000696664486969311,-0.00112415851578012,-0.0562855066772067,-0.00767280709331599,-0.000194774821597393,6.58896952359343e-08,0.00410592693837085,-7.57934630358711e-05,0.000292099052503082,-0.00378735617082362,-0.000240843577743775,0.0016172337338474,2.35808105910125e-05,-5.46441272346085e-05,-0.00172683970714558,7.97040626820307e-14,7.54264248519862e-05,0.000134597128061319,-0.0197192421240924,-0.00699638279358693,-6.42012007377806e-05,-0.00651374648706254,0.0343162544421708,-0.00290113316120513,-0.0144630165294944,1.79528274963929e-06,-2.66595364655075e-05,-0.0022963719782299,0.0965099377014933,-0.00463773111897178,0.00104226655591143,-1.22697988793122e-06,0.0011008141310457,5.26646709102761e-08,7.37982963313396e-11,-1.07601514558707e-07,0.00019069938374988,5.33149167557256e-08,0.0030944622795616,1.49409923131637e-05,-0.00228973269647127,1.84492525148131e-08,-0.000172260893034829,-0.000168632858357269,-1.30017129202856e-10,1.07408259369945e-09,2.29487514465565e-07,0.0264066017567157,3.94902714315468e-16,-3.50119424796443e-07,-0.131595317526899,-0.00181827634526764,-0.00551856133011971,-0.00453311029484831,-5.43451404099283e-16,-4.04430106342157e-05,-2.39686469711217e-08,-0.0692329367388382,-8.20534244207198e-07,-1.32318176331217e-05,-9.87257792929184e-08,0.000574170012278916,-0.390769780746603,0.0870414896781428,-1.27921045523441e-05,0.00109626377705407,-0.00428018054114417,-0.000140823836970975,-0.00274069824189339,3.82583335546732e-08,-0.000220381344433966,-3.48385422559855e-06,-3.56018843111934e-07,-4.81069484563649e-07,0.000390676470110555,-5.13325030760152e-14,0.707106781186548,0.000171692234670848,3.56480987757991e-08,2.05183656264943e-05,-8.37688822646257e-05,-4.32143275851116e-08,-1.08231207939756e-06,1.38777878078145e-17,1.50805409708559e-15,2.5674286025168e-05,1.20024715061668e-09,-2.34276876572711e-05,-2.09587916876616e-05,-1.61729766100267e-15,-1.6517509699842e-08,6.48371212025756e-09,4.46084505814979e-10,2.0649027407649e-06,2.68374498141194e-06,0.114235835025005,-1.02598355572433e-08,-2.33530441520052e-06,0.000236383052847081,2.80583530225219e-07,1.74270284748063e-09,2.67276036553589e-07,5.66530872670064e-08,-9.08970579784356e-17,-3.57511925199588e-07,7.97628914798964e-16,2.19280545584889e-08,5.09757111510038e-16,4.45066086398271e-08,3.23213962968941e-11,-2.68882138776405e-16,-4.05428374536855e-18,2.920285922403e-09,7.48420290063684e-07,-2.25210954673013e-07,-7.939932946191e-08,-6.81539979976681e-16,4.52754798120053e-06,1.83349054805093e-09,-5.81491732328941e-10,-7.91594526305318e-17,2.41080036385288e-07,2.65019971262558e-07,5.49636577072167e-09,-1.64592358399928e-07,-1.33290929292193e-10,-9.68942371514547e-17,-8.78005031393503e-17,1.00279380956037e-16,-1.56869909603372e-16,-4.33153916380713e-11,1.16281444412904e-06,-5.89501128161053e-08,-1.35091590691694e-16,8.44166150773106e-10,9.13828276212065e-08,-4.47581997172351e-06,-2.31107228590161e-17,4.00287442081648e-16,2.15708404466602e-06,-6.71824652719054e-10,1.04249453706828e-16,1.13156737365644e-09,2.59668869325687e-17,3.44125769546899e-16,-7.5360432085273e-18,5.38510452464256e-17,-5.04255057497251e-17
"t108",0.0766280689432717,0.0114779561848189,0.0850607956765945,-0.029539530318667,0.0859337611170551,-0.00214120873860235,0.0024547536879825,0.00121026501081624,-0.000283074358448034,0.326630003770136,0.0934014712772991,0.000244221308864405,-0.161343209695687,-0.0140393491407678,0.070172885211792,0.00854433000931712,-0.00469200284338722,0.000193147961781999,-0.0505276136992679,0.00549012296817886,-4.6895686544696e-05,0.00531763611984786,0.335649027741252,0.0167504256466381,-0.00291707263557856,0.000258724298550725,3.54667522719787e-05,-5.99881901349351e-05,2.68777477392722e-06,-1.0559162333508e-05,-1.12599151080362e-05,0.000696664486969308,-0.00112415851578016,-0.0562855066772068,-0.00767280709331591,-0.000194774821597376,6.58896952302965e-08,0.00410592693837094,-7.57934630358529e-05,0.000292099052503029,-0.00378735617082363,-0.000240843577743784,0.00161723373384744,2.35808105910654e-05,-5.46441272346579e-05,-0.00172683970714547,8.00417374485614e-14,7.54264248519101e-05,0.00013459712806143,-0.0197192421240924,-0.00699638279358699,-6.42012007381185e-05,-0.0065137464870624,0.0343162544421707,-0.00290113316120525,-0.0144630165294942,1.7952827494125e-06,-2.66595364655517e-05,-0.00229637197822982,0.096509937701493,-0.00463773111897171,0.00104226655591141,-1.22697988872138e-06,0.00110081413104479,5.26646708664744e-08,7.37980725113536e-11,-1.07601514399546e-07,0.000190699383749615,5.33149165544977e-08,0.00309446227956138,1.49409923125357e-05,-0.00228973269647162,1.84492527564276e-08,-0.000172260893035395,-0.000168632858357491,-1.30016830126746e-10,1.07408217042693e-09,2.29487513355125e-07,0.026406601756715,-5.95787020786901e-16,-3.50119424517376e-07,-0.131595317526899,-0.00181827634526689,-0.00551856133012035,-0.00453311029484855,1.13177143909185e-15,-4.04430106348302e-05,-2.39686466586817e-08,-0.0692329367388377,-8.20534245333494e-07,-1.32318176330819e-05,-9.87257798651603e-08,0.000574170012280082,-0.390769780746604,0.0870414896781401,-1.27921045540547e-05,0.00109626377705453,-0.00428018054114518,-0.000140823836972401,-0.00274069824189589,3.82583341347989e-08,-0.000220381344434267,-3.48385423750569e-06,-3.56018847787664e-07,-4.81069477166029e-07,0.000390676470096104,4.90189847445679e-14,-0.707106781186548,0.000171692234672926,3.56480998260573e-08,2.05183656298723e-05,-8.37688822564215e-05,-4.32143232578439e-08,-1.08231207521783e-06,-1.16573417585641e-15,-1.90479750146413e-15,2.56742860235417e-05,1.20024911795573e-09,-2.3427687657345e-05,-2.09587916853812e-05,1.59432913935371e-15,-1.65175087719818e-08,6.48371347491397e-09,4.46084362495548e-10,2.0649027415452e-06,2.68374498116687e-06,0.114235835025006,-1.0259835376229e-08,-2.33530441478766e-06,0.000236383052846656,2.8058352963669e-07,1.74270256732278e-09,2.67276036569991e-07,5.66530872383834e-08,1.76386208061054e-16,-3.57511925966336e-07,-4.42742610968321e-16,2.19280537974531e-08,-7.99785060900771e-17,4.45066092863741e-08,3.23207622093004e-11,-1.8474805019153e-16,-4.20475329398785e-16,2.92028612337004e-09,7.48420290049657e-07,-2.2521095452565e-07,-7.93993294645121e-08,3.34411665750844e-16,4.52754798079216e-06,1.83349015487761e-09,-5.81492729093597e-10,1.36554774772185e-16,2.41080036170183e-07,2.65019971228833e-07,5.49636596024021e-09,-1.64592358324346e-07,-1.3329097266028e-10,2.6320257553553e-17,2.80198586451048e-16,-8.7089484812592e-17,-1.67909889188218e-17,-4.33154311030304e-11,1.16281444397517e-06,-5.89501127045138e-08,7.45931094670027e-17,8.44166113964442e-10,9.13828277254593e-08,-4.47581997156782e-06,1.10946990442379e-16,7.24247051220317e-17,2.15708404457413e-06,-6.71824855054049e-10,5.78574156842439e-17,1.13156751893953e-09,6.10238708012054e-17,3.95950633391706e-16,1.32000699974752e-16,1.28877604023678e-16,-6.82066967713274e-17
"t49",0.0751971778402415,0.011176509172787,0.0806390317884876,-0.0279668963837232,0.0775461036408101,-0.0018739672174462,0.00208182368783965,0.00099995595299776,-0.000228014762823242,0.244566774812426,0.0681714641182405,0.000169573271574543,-0.111294875745339,-0.00904924464823037,0.0425354371278845,0.00489304939830591,-0.00262521324712928,0.000107101201044728,-0.0229996254455568,0.00243571558685305,-1.99298411062932e-05,0.00205964331988077,0.109375414279827,0.00496094746865387,-0.000804208211813616,5.5791867924265e-05,5.0813216807867e-06,-6.98784218728038e-06,1.06827808164399e-07,3.5378148015297e-08,1.28901329288179e-07,-2.67818407713519e-05,0.000101588147134919,0.00615987690550157,0.0011259314554066,5.41470204266827e-05,-1.90427716982664e-08,-0.00149645606281545,2.86081351875932e-05,-0.000115101689340756,0.00199696355025349,0.000129539894461091,-0.000877522913231015,-1.28345339517468e-05,3.23893422156228e-05,0.00112776963544924,-5.34351665196707e-14,-5.70824586805563e-05,-0.000103317967230634,0.0155415984662635,0.00578016067641547,5.41011923931977e-05,0.00646665608480732,-0.0361362096470054,0.00309482217933704,0.0163456821485981,-2.15161249349857e-06,3.39174176656815e-05,0.00293819546212544,-0.126055405020116,0.0061389131990805,-0.00138320552699284,1.84339263532233e-06,-0.00167455737488632,-8.28217902341596e-08,-1.1932372980455e-10,1.94009774790154e-07,-0.000363981040873824,-1.05307011605618e-07,-0.0061852026513136,-3.00113394127964e-05,0.00461510597428765,-3.73758277770616e-08,0.000361089930189665,0.000358703615101352,2.8390364216e-10,-2.40383101618447e-09,-5.15930423804331e-07,-0.0595739699625326,-5.90392659963437e-16,8.06758439435508e-07,0.304574817970792,0.00421416160634814,0.0128873862124353,0.0105940738005698,-4.61225630520097e-16,9.48017384734679e-05,5.65811417821753e-08,0.163487490318232,1.79578635540454e-06,2.86710424626744e-05,2.12569405872093e-07,-0.00112372274801892,0.0264679641343733,0.0556788589646682,-2.02169199427365e-05,0.00185066304748014,-0.00800565385788934,-0.000374283083263287,-0.0191296306303784,-6.16976414437882e-05,0.00260602296982101,2.43811755917447e-05,2.47950072777055e-06,3.3496278143194e-06,-0.00265792895270644,-3.33152559423805e-16,-3.59240806601014e-16,-0.00108611849905072,-2.2431783905975e-07,-0.000128097380827525,0.000522292564968482,2.68797219439218e-07,6.72685501304201e-06,3.60822483003176e-16,-5.42999374618039e-16,-0.000162569433649534,-7.70520904883959e-09,0.000151441861391628,0.000138286151486263,3.78454839259429e-16,1.13616171737267e-07,-4.49283085284511e-08,-3.16755660954152e-09,-1.50911905318065e-05,-2.01483913965957e-05,-0.859372009301451,7.72207167348613e-08,1.79686353538131e-05,-0.00182783945930242,-2.19186162486149e-06,-1.37216496802137e-08,-2.17403051712927e-06,-4.71094262723213e-07,-1.29692872485119e-15,3.0543652065531e-06,-2.91846292960587e-15,-1.97889256110505e-07,-1.24267239964395e-15,-4.34693189060537e-07,-3.40646303250583e-10,1.81885756456168e-15,6.38130107794652e-16,-3.17507658269416e-08,-8.14017942724443e-06,2.74313007380373e-06,9.81117649615035e-07,5.44460419967204e-16,-5.94198652431436e-05,-2.68794911138471e-08,9.34290385558496e-09,2.26723794767104e-16,-4.07646775588133e-06,-4.53495552781448e-06,-9.48482802162146e-08,2.92642801748679e-06,2.41610197625718e-09,-4.57420014328665e-16,-2.47184643858535e-16,8.87622491836902e-17,-3.78210902517648e-16,1.12661909358949e-09,-3.18994505546742e-05,2.00765431534246e-06,1.67617655866259e-16,-3.47939623956592e-08,-4.25246228376238e-06,0.000229355659013974,1.27386781239473e-17,2.09901540593194e-16,-0.000120880787487203,4.14426655845936e-08,6.26924036386081e-17,-1.28286103255734e-07,1.4932301025954e-16,4.03540048599105e-16,-9.64770905096673e-17,8.37731307568773e-17,1.48245148441854e-16
"t23",0.0730024176342154,0.0107123063133424,0.07373780122094,-0.0255108088195988,0.064138098014641,-0.00144062807362805,0.00146846865139516,0.000650109590511799,-0.000135439266348572,0.102600477937525,0.0241253283503847,3.71060625247996e-05,-0.0223036754996843,-1.19527733961102e-05,-0.00814854215490989,-0.00185312042285884,0.00120002642011644,-5.22254912794151e-05,0.0263038705481926,-0.0029659607557628,2.64594969629651e-05,-0.00302545653848642,-0.102808324306417,0.00193890762341072,-0.00198696870066701,0.00252527501665031,-0.000429816812960102,0.000605613258197208,-2.59228201088414e-05,0.000111861640464977,0.000122103741355506,-0.00826255833120085,0.0166781257233028,0.924458438726015,0.160083131635369,0.0843805021711417,4.5123921427942e-05,0.152074377529657,-0.00241742218791721,0.0079147841168875,-0.0465487217091859,-0.00283587184135759,0.0186899926377244,0.000270751925976005,-0.000527421476451501,-0.0138424142148556,6.22476804601345e-13,0.000460973187119007,0.00080145365569835,-0.111839385965366,-0.036338968489261,-0.00032115765805086,-0.0231561165588436,0.10513203373639,-0.00857329768269571,-0.0355913350443022,3.44498724099088e-06,-3.39912684197915e-05,-0.00276840882626267,0.090340515361566,-0.00344828178063288,0.000734048516593526,4.53574555287287e-06,-0.0057006987371527,-1.03618066610908e-06,2.42522157282814e-09,-4.33953032093551e-07,0.000535412524477715,1.23112511251494e-07,0.00667771821904763,3.13429074079268e-05,-0.00470896457260969,3.68317139838419e-08,-0.000279036547125023,-0.000247543722627234,-1.56485929754639e-10,1.02547809827103e-09,2.08365695675695e-07,0.0230149032342642,-6.46356905783876e-16,-2.22999515184105e-07,-0.0766682891337875,-0.00102758778751033,-0.00254738431169778,-0.00204140121430287,3.79442808851043e-16,-1.62898507227483e-05,-6.15526283096618e-09,-0.0170906693535088,2.45969806761964e-07,4.14462728485056e-06,3.16691260499784e-08,-0.000218003628870228,0.00882639866658166,0.0174806276285988,-6.62313491505491e-06,0.000608428894020921,-0.0026467081310264,-0.000126217120225283,-0.0068037375573603,-2.36311083291534e-05,0.00109792838235787,1.21501727540774e-05,1.24037349782512e-06,1.67597330595344e-06,-0.00135710382830717,1.00084959364455e-16,-3.26883882032539e-17,-0.000618807955006252,-1.29895941297234e-07,-7.68073954929586e-05,0.000315889656178292,1.6647196753386e-07,4.29078540500483e-06,-3.7470027081099e-16,1.83564560718429e-16,-0.000118936308974086,-5.96996763816524e-09,0.000120590426380925,0.000119644358740753,6.44242782223077e-18,1.2415203462816e-07,-5.23639626612846e-08,-5.37687380831941e-09,6.56557830769343e-05,9.87275572916994e-07,0.00134578435475001,7.08431207800512e-10,5.41932113849036e-06,-0.000620559306112209,-8.8150937534369e-07,-6.04552853437912e-09,-1.18966855456868e-06,-2.79895018672621e-07,1.09724090231713e-16,1.94731604084147e-06,4.98970494501655e-17,-1.38509808910955e-07,2.12078869942742e-17,-3.3068896831667e-07,-2.73682803520287e-10,-1.66533453693773e-16,-2.65876312710458e-17,-2.59765467724903e-08,-6.66115430775782e-06,2.36734879749613e-06,8.51530898184419e-07,-2.61148413802355e-17,-5.27062191484416e-05,-2.46494685580431e-08,8.7638702548479e-09,4.72272183740002e-17,-3.86651461109846e-06,-4.31194991171271e-06,-9.03381180506011e-08,2.80365671514465e-06,2.32317946217281e-09,7.57767969717748e-17,4.85168798466557e-17,7.29610980065802e-17,3.65002175386795e-17,1.14077593942399e-09,-3.24829451141774e-05,2.08414566311556e-06,4.0766001685455e-17,-3.65985177915593e-08,-4.50414637801656e-06,0.000244111072485951,6.85026878143048e-17,1.32706345912226e-16,-0.000129178890464508,4.44609314721396e-08,4.30333348012035e-17,-1.40001258190636e-07,4.20778387952848e-17,2.77555756156289e-16,-7.67953427630761e-17,2.4509825097071e-17,-2.47995698306552e-17
"t196",0.0754363069772067,0.0111840599253655,0.0765178453605131,-0.0263748943685846,-0.164770226678231,-0.00869564809100129,0.0181261719310446,-0.00754299954309144,0.000393544217776483,-0.0178937887035154,0.0037916628125844,4.36014754456896e-05,0.000892740010975095,-0.000909607342731693,-0.00710200068734758,-0.00809766326294357,0.142284572667692,0.000699827802288007,-0.000488803589363658,6.95652443595009e-05,4.89152980263918e-06,-0.0470117915654779,-0.0320315521131758,0.624391956394162,0.0172542192630404,-0.00388928273108682,0.000302684222383276,-0.000342968632751792,8.23725869084427e-06,-2.50791599662459e-05,-2.54705877903889e-05,0.0013199909433101,-0.00124496026770139,-0.0413603317249967,0.00228027094957327,0.00258284735237886,1.6680250099696e-05,0.187278401530885,-0.00443660833280286,0.036465090395357,0.0175846816901254,-0.0129187974300885,-0.00899015900666693,2.12611824052171e-05,0.000138374439477968,0.00235744703167571,-9.81640855478947e-14,-3.34642805581905e-05,-5.13299768314657e-05,0.00529154395279441,-0.000741055726230656,2.7039863370147e-05,-0.00104839689871197,0.00752656958144934,-0.000662243802984901,-0.00359269396126619,3.98308634188388e-07,-2.4007531541667e-06,-0.000153284916160873,-0.00440805291451201,0.00070058206388382,-0.000182920301171216,-6.40013599828328e-05,0.0243777642359895,1.37803929204077e-06,-1.91490713292563e-09,1.06225549441688e-07,-0.00636450229571598,-1.07664605286661e-08,-6.12009461832827e-05,-2.75859272495793e-06,0.000389460964636654,-2.87384148184473e-09,0.00653551971060298,6.74832706463937e-06,2.57430689255033e-12,-2.2273571875786e-12,3.38935072499366e-11,1.17687387486466e-05,2.6964757157499e-17,-2.91193297661976e-09,-0.000806563622478391,-8.27016541275587e-06,0.0247900672742461,-0.000700104851064021,6.72280491708273e-16,-1.90211773895056e-06,1.20041211285136e-09,6.58576681241753e-05,2.15667860974718e-09,4.89760951761457e-08,4.26958530813301e-10,-5.87296916920027e-06,0.000160936836031816,0.000532738248890817,-1.77532925516408e-08,-1.53468928458782e-06,3.46473330090256e-05,1.55994006650913e-05,-0.000886141647350061,-2.22587735394867e-06,0.000100207836994264,1.22838771588613e-06,1.25818229089209e-07,1.70031686772204e-07,-0.000140201348694243,-2.30763435877487e-17,-1.03942052064481e-16,2.41510858588729e-06,-1.54678439373237e-08,-9.57905134471772e-06,3.99071627767306e-05,2.18430552985371e-08,5.93877987657158e-07,-1.66533453693773e-16,-1.52276943691607e-16,-2.62387934857119e-05,-2.68424091683312e-09,0.011907719431009,0.00926615832526784,-5.78212648061269e-17,3.57533637418417e-09,-2.06190343596778e-09,-3.38916771166165e-10,0.00150524341428583,2.13937097209538e-05,3.46492664946104e-06,6.5385304260496e-11,4.69755161436325e-07,-2.99059654108189e-06,-8.02537362989524e-08,-5.603572102858e-10,-1.17455665998571e-07,-2.86002671380861e-08,6.27458209972871e-17,2.06228670765474e-07,1.80414991739997e-16,-1.55450997271874e-08,-5.72384562782638e-17,-3.95228701578738e-08,-3.42730574891020e-11,6.76542155630955e-17,5.15685908120002e-17,-3.30675347160917e-09,-8.48106917438434e-07,3.16965105104674e-07,1.14646360573414e-07,-2.27590306894086e-16,-5.91758284256265e-07,-3.50854039890266e-09,1.27742935494287e-09,1.13758663425763e-17,-5.70311395588219e-07,-5.60440380824697e-08,-1.3384706726207e-08,4.18041615113897e-07,3.47775582637544e-10,-2.47728424916412e-16,3.79211567037804e-16,1.66072105948719e-17,7.82740445221858e-16,1.81788163949176e-10,-0.000599851169421163,3.39186668725858e-07,1.6002824065886e-16,-6.0529472823952e-09,-7.807384274872e-05,4.07635939455594e-06,-7.2557052695254e-18,3.29597460435593e-16,-2.17770335974912e-06,7.53308321561242e-09,-1.26552821036857e-16,-2.42190815761753e-08,2.41862484826074e-16,4.5102810375397e-16,-3.09398619293038e-16,3.31837165085418e-15,-0.707106781186548
"t197",0.0754363069772067,0.0111840599253655,0.0765178453605131,-0.0263748943685846,-0.164770226678231,-0.00869564809100127,0.0181261719310447,-0.00754299954309146,0.00039354421777649,-0.0178937887035154,0.0037916628125844,4.36014754456399e-05,0.000892740010975094,-0.000909607342731704,-0.00710200068734758,-0.00809766326294359,0.142284572667692,0.000699827802288055,-0.000488803589363658,6.95652443594473e-05,4.89152980258367e-06,-0.0470117915654779,-0.0320315521131758,0.624391956394162,0.0172542192630404,-0.00388928273108686,0.000302684222383248,-0.000342968632751852,8.23725869077835e-06,-2.50791599662598e-05,-2.5470587790385e-05,0.00131999094331009,-0.0012449602677014,-0.0413603317249967,0.00228027094957323,0.00258284735237877,1.66802500996483e-05,0.187278401530885,-0.00443660833280279,0.0364650903953569,0.0175846816901254,-0.0129187974300885,-0.00899015900666691,2.12611824050497e-05,0.00013837443947799,0.00235744703167585,-9.81312884318574e-14,-3.34642805582579e-05,-5.13299768315351e-05,0.00529154395279445,-0.000741055726230748,2.7039863369948e-05,-0.00104839689871209,0.00752656958144918,-0.000662243802984901,-0.0035926939612663,3.98308634425097e-07,-2.40075315415499e-06,-0.000153284916161121,-0.00440805291451174,0.00070058206388357,-0.000182920301171435,-6.40013599826246e-05,0.0243777642359898,1.37803929200001e-06,-1.91490750906247e-09,1.06225549761745e-07,-0.00636450229571561,-1.07664609380609e-08,-6.12009461832536e-05,-2.75859272486773e-06,0.000389460964636493,-2.87384164707714e-09,0.0065355197106023,6.74832706456466e-06,2.57442146625018e-12,-2.22700330398951e-12,3.38932886747786e-11,1.17687387485577e-05,6.52641983123242e-17,-2.91193303458392e-09,-0.000806563622478437,-8.27016541302258e-06,0.0247900672742461,-0.000700104851064311,8.73035451888057e-16,-1.9021177390271e-06,1.2004120404131e-09,6.58576681242851e-05,2.1566784779353e-09,4.89760949133351e-08,4.26958721199203e-10,-5.87296916933558e-06,0.000160936836031445,0.000532738248890569,-1.7753292727119e-08,-1.53468928453838e-06,3.46473330092108e-05,1.55994006651268e-05,-0.000886141647350214,-2.22587735362387e-06,0.00010020783699394,1.22838771619838e-06,1.25818229219313e-07,1.7003168664416e-07,-0.000140201348694322,-3.51792331559986e-17,5.13337650537286e-17,2.41510858596773e-06,-1.54678438228345e-08,-9.57905134472678e-06,3.99071627768081e-05,2.18430551719023e-08,5.93877987435685e-07,1.38777878078145e-16,-4.33146253573546e-17,-2.62387934855459e-05,-2.68424081651731e-09,0.0119077194310086,0.00926615832526755,-7.74196967660245e-17,3.57533651122732e-09,-2.06190320936953e-09,-3.38916905756577e-10,0.00150524341428604,2.13937097207877e-05,3.46492664941151e-06,6.53859875653627e-11,4.69755161540408e-07,-2.99059654107961e-06,-8.02537362113591e-08,-5.603570107926e-10,-1.17455665848328e-07,-2.86002670409416e-08,-7.27182856466061e-17,2.06228670952824e-07,-2.81915809463711e-16,-1.5545100108506e-08,-6.22412920437087e-17,-3.95228695971312e-08,-3.42727452312531e-11,-1.05818132034585e-16,-1.30393290636575e-16,-3.30675275793309e-09,-8.48106917598164e-07,3.16965105064708e-07,1.14646360879593e-07,8.55272805203659e-17,-5.91758284037744e-07,-3.50854031791678e-09,1.27742899309717e-09,-5.22976738111141e-17,-5.70311395282908e-07,-5.60440380968446e-08,-1.33847064659985e-08,4.1804161477072e-07,3.4777592004126e-10,2.03796040135701e-16,-4.0182435560929e-16,1.9493531139224e-17,-8.35837873044731e-16,1.8178763182275e-10,-0.00059985116942116,3.3918666869962e-07,-4.54497550705923e-16,-6.05294716042246e-09,-7.80738427479391e-05,4.07635939437032e-06,-9.6154539352685e-18,3.12250225675825e-17,-2.17770335952223e-06,7.53308381680846e-09,2.29284752154525e-16,-2.42190798423192e-08,-1.9609737430563e-16,1.15792792021452e-16,3.87381878425103e-16,-3.27615188562518e-15,0.707106781186548
"t34",0.0744912728586031,0.010986941411255,0.0738467341436166,-0.0254319536345444,-0.153977327001196,-0.00796861218946354,0.0162871813817057,-0.00667091324635549,0.000342856878015011,-0.0149800355510894,0.00313508868728008,3.52992631155008e-05,0.000721022722525029,-0.000721616102064182,-0.00562928346008637,-0.00655148308735147,0.117122573980498,0.000580988124393533,-0.00140942064971119,0.00134576967737814,-7.4217268952769e-06,0.011367679650961,0.000133015523229284,0.00861767224265533,0.000234715489335507,7.50217094903832e-05,-2.87115490336812e-05,4.43589016441786e-05,-2.00824030242234e-06,7.96808516499367e-06,8.4660535057434e-06,-0.000505719710715623,0.000608901967035801,0.0219619031076544,-0.00140925397966853,-0.00255848060799528,-1.71424320605798e-05,-0.24641524916345,0.00608840898038803,-0.0528072809339038,-0.0397785277760547,0.03034840429057,0.0214838674044786,-5.11163924575263e-05,-0.000399383120621001,-0.00878370772727126,3.83645761029731e-13,0.000223579547197738,0.00037165579229286,-0.0454349854289058,0.00958779959077751,-0.000446456108376086,-0.0117984387717896,0.0498798745971646,-0.00400166812232506,-0.0152024641590127,1.23743986446981e-06,-5.55542765462119e-06,-0.000344914727010844,-0.00895270133009491,0.001329876205683,-0.000342662660686838,-5.47090648021294e-05,0.0186046417853662,7.1508218810678e-07,-5.94071545173094e-10,-8.86888128683733e-08,0.0697650752865171,-5.32625479485183e-09,5.78071013852997e-06,8.13865418869061e-07,-0.000167846496843121,1.82786624519719e-09,-0.059129304414458,1.31706391462498e-05,-3.1903415874015e-13,1.60643026658747e-12,-2.74561016148011e-11,-1.0317657427207e-05,-3.25058126704803e-16,3.72656356294865e-09,0.00110552187306866,1.15775730605081e-05,-0.0390411051501864,0.00111606420335732,-1.0068345874047e-15,3.18814396278956e-06,-2.32537569706513e-09,-0.000128790934940704,-7.1370196063689e-09,-1.64858801578158e-07,-1.4515869299213e-09,2.2138078756995e-05,-0.000798712966712246,-0.00273866223335211,9.42395043958782e-08,8.17073259594164e-06,-0.00018534238022578,-8.49166696873154e-05,0.0050748226850561,1.37985719932021e-05,-0.000699189087849529,-1.12048092848417e-05,-1.15599341579122e-06,-1.56278097563271e-06,0.00134037489020664,2.56313045532937e-16,-1.06013161349061e-15,-2.95854246753049e-05,1.97736749619653e-07,0.000135020281625185,-0.000577136639984851,-3.39972956129534e-07,-1.01986211089216e-05,8.07340305719606e-15,3.43304342902496e-15,0.000817068164927714,1.21166325372731e-07,-0.699114954405926,-0.607458798334348,3.46788945121688e-15,7.09809116141704e-07,-2.68654642043283e-07,-2.15169450910575e-08,0.0619392057007061,0.000677616558878351,0.000107953231121503,2.02909814901854e-09,1.24464041945022e-05,-7.68054555497469e-05,-1.94072522473816e-06,-1.29764574508928e-08,-2.33199581695525e-06,-5.20440064015557e-07,4.0921292096066e-16,3.42001983204493e-06,4.56418064868801e-16,-2.21095062709199e-07,-4.84691310213212e-16,-4.75358776253095e-07,-3.644623585352e-10,1.89193279098721e-16,2.6263740073489e-16,-3.36952630246237e-08,-8.6379028400026e-06,2.83916927215962e-06,1.01275170307348e-06,-2.75858498079195e-16,-4.95491345673382e-06,-2.70596263484835e-08,9.3175259925422e-09,1.90174949237596e-16,-4.04793577203546e-06,-3.95404527738152e-07,-9.40388887642955e-08,2.8953379114728e-06,2.38741189626879e-09,2.16390655770296e-16,-2.73572615324066e-16,1.13692389700283e-16,-1.77394080996514e-16,1.12044475975882e-09,-0.0168184032245371,1.91325497742426e-06,-3.54859371054506e-16,-3.31591489538806e-08,-0.001646183780285,2.17138955662279e-05,-2.26293813377376e-17,5.82433407059213e-16,-1.14914521065669e-05,3.93869359167643e-08,-1.51972332330539e-16,-1.21592912802359e-07,-6.64677545540841e-17,5.99997482253478e-16,-1.18622320993255e-16,2.46965755551826e-16,5.04970238783151e-17
"t51",0.0759031917772209,0.0112830549431642,0.0779389753129116,-0.026878031625859,-0.171188646178302,-0.00916063482870532,0.019397867219581,-0.00818824233511225,0.000433708583879209,-0.0207564253402519,0.00449239450160606,5.41717912375139e-05,0.00111687713632657,-0.0012366900183443,-0.0106614069437449,-0.0137264569036534,0.256445027081245,0.00129456162944571,-0.00505761586979935,0.00523392509992744,-3.35310828550915e-05,0.0781384847739116,0.014003818335079,-0.137758172104934,-0.00204031518171718,-0.000263893439992446,5.45003707217526e-05,-7.03697115261206e-05,2.04087249876641e-06,-6.46469983365053e-06,-6.59087707357512e-06,0.000343511012178294,-0.000318395017814197,-0.0104158059827782,0.000549028116185372,0.000425346882407523,2.59152155669055e-06,0.014281374051256,-0.000264244047372453,0.0013371756330845,-0.00411028765126663,0.00341758020995275,0.00250804257561486,-6.04141742135366e-06,-6.35905044421415e-05,-0.00182963188187061,8.33129401357701e-14,6.48186813688987e-05,0.000110887621152508,-0.0142859273016294,0.00330139469115689,-0.000159577868736446,-0.0056943392387629,0.0268388952291079,-0.00220611693089191,-0.00936434586427732,8.58615031052478e-07,-4.39414405774448e-06,-0.00027642065023888,-0.00753344402715451,0.00115617646813605,-0.000299825076669686,-6.8811660057106e-05,0.0244675636336161,1.07114941031534e-06,-1.00730097229841e-09,-3.17052599792256e-07,0.594390094367502,-2.17610952259542e-07,-0.0010738482905353,-4.74183317730296e-05,0.0066789952236435,-5.00428062904146e-08,0.65991582369163,-0.000150404229665631,-9.33279775375845e-12,1.71386863034861e-12,-1.67719676038083e-11,-3.65343328844646e-06,-4.85088386634141e-16,-1.40079279155908e-09,-0.00048446065280965,-5.25746884741569e-06,0.0202262145231332,-0.000583216238425897,-8.27916176982076e-16,-1.71356753907441e-06,1.28735012206206e-09,7.12897787210644e-05,3.20505490540129e-09,7.3270168860981e-08,6.41211845501654e-10,-9.16405080327205e-06,0.000276269349052634,0.000925792215891328,-3.12012494230409e-08,-2.70002603059176e-06,6.10586843344275e-05,2.76615753732104e-05,-0.00160029009586511,-4.13951200245471e-06,0.000195181550020251,2.69554957227705e-06,2.77074906569579e-07,3.74507451635759e-07,-0.000314938242729099,1.99596505248124e-16,-5.54905871294363e-16,6.23058555404848e-06,-4.09809748286861e-08,-2.70688448672011e-05,0.000114795259477374,6.62494236657041e-08,1.943342336776e-06,8.60422844084496e-16,-7.61245747091585e-16,-0.000159556954349951,-2.94085240665625e-08,0.221505870474728,-0.128899715340277,8.93561520711005e-16,-1.45809407789931e-08,6.48371221634498e-09,6.06143178424607e-10,-0.00163092771244234,-1.51028513511715e-05,-2.36834001318564e-06,-4.43419611602771e-11,-2.21647607805825e-07,1.29490306208371e-06,2.8870806907357e-08,1.72850199431362e-10,1.59690571440018e-08,1.28706401873041e-09,-2.22338241829457e-18,9.60327554110074e-09,-4.23158721891185e-16,-2.89469467867311e-09,6.18486589185324e-17,-1.2746771078563e-08,-1.41409891316653e-11,4.50594422884976e-16,-1.93816268634873e-16,-1.46160660912656e-09,-3.75146334069335e-07,1.6669560251186e-07,6.12881939140303e-08,-9.7166025290011e-18,-3.35831213693779e-07,-2.16674407272394e-09,8.33977567272327e-10,4.77396196065331e-17,-3.82931958474095e-07,-3.78717263707719e-08,-9.08553660745274e-09,2.88319840430709e-07,2.42347386299538e-10,-8.5405697196113e-17,1.96137447500665e-16,1.7735836891708e-16,6.24225531134781e-16,2.24076734923161e-10,-0.0553831841216963,1.90039913029787e-07,-2.66496893996937e-16,-3.84832006929473e-09,-0.000200940405531954,2.73123309533017e-06,-7.23239712317955e-17,-1.01264482910146e-16,-1.47878702495684e-06,5.17407975407708e-09,-1.77739466651496e-16,-1.72944614629678e-08,3.92414745141455e-17,4.18068357710411e-16,1.14089450688099e-16,-7.19450104467848e-17,4.5898733518593e-18
"t79",0.0763290630988859,0.0113726254541708,0.0791889324405936,-0.027319940854523,-0.176538816951138,-0.00953513968098724,0.0203857188547006,-0.00867433188302996,0.000463058929101012,-0.0226666958423799,0.00494483329320833,6.05585606767306e-05,0.00125110249237403,-0.00141481492973199,-0.012431637626397,-0.0162891368385426,0.306508314715078,0.00155156568098865,-0.00643503571870049,0.006710265313754,-4.35367687733361e-05,0.104215315740962,0.0195960273019513,-0.197711481725188,-0.00298250399694915,-0.000409005820224688,9.1654511922841e-05,-0.000122424709144442,3.96779997022994e-06,-1.35280103121943e-05,-1.39992403609282e-05,0.000768988689186412,-0.000799981493798417,-0.0274608475982895,0.00160835983164655,0.00221445986833637,1.4533538085722e-05,0.182774967233239,-0.00441898586419401,0.0372969006596327,0.0229736433020154,-0.0172694426627701,-0.0121447588825399,2.88290895529452e-05,0.000210953228173423,0.0042925510749923,-1.84589749793168e-13,-9.64549219794543e-05,-0.000158359167003339,0.0189138363078246,-0.00382646644789004,0.000175010965562436,0.0039674705241949,-0.0158454228521079,0.00125530544871123,0.00450744664385589,-3.4643528335019e-07,1.46809372720072e-06,9.06559918093746e-05,0.00230772500987696,-0.000338562320321138,8.70274256244731e-05,1.25438048550848e-05,-0.00423188579970258,-1.59839207582776e-07,1.31627286984782e-10,2.15631939266131e-08,-0.0244546579120256,5.82691497483245e-09,2.3736452017488e-05,9.58571973200262e-07,-0.000126323601866403,8.50929819038978e-10,-0.00328808462506873,3.35017242113217e-08,-7.16590250836195e-14,2.4310414792339e-14,-2.59662137711697e-13,-5.96141264763652e-08,-3.45413515512011e-16,-2.96198624641689e-11,-1.06904212313029e-05,-1.17481009446465e-07,0.00048163143860817,-1.39689664874331e-05,-1.63134823115692e-17,-4.19701549433547e-08,3.30118092624755e-11,1.83150801400837e-06,5.94035675142122e-11,1.30805973181953e-09,1.1181466830993e-11,-1.13279672683819e-07,-2.48687987806789e-06,-1.17283419300037e-05,5.05814080392273e-10,4.46812324426775e-08,-1.04367285188537e-06,-5.29163163787465e-07,4.06357806778707e-05,1.49987191997741e-07,-1.07277576638553e-05,-2.96800403830344e-07,-3.09953189744135e-08,-4.19276679379857e-08,3.83592072718819e-05,-3.76437190167322e-16,5.26475236625534e-16,-1.21514071198467e-06,8.59608296834859e-09,6.66209319129929e-06,-2.94227502850001e-05,-1.90127496316195e-08,-6.44798717195592e-07,-1.51961776495568e-15,9.02851924261631e-16,0.000113469627018827,3.06473469738717e-08,-0.282756620390226,0.351640409011334,-2.38756567521896e-15,-6.56969375916697e-08,2.12638186854902e-08,1.10061697886269e-09,-0.00204529027605416,-1.5133024132835e-05,-2.33974004347405e-06,-4.36562180669049e-11,-1.90478696973292e-07,1.08324773754946e-06,2.29248215916893e-08,1.32173276663761e-10,1.06598053605755e-08,7.93783116927876e-10,1.06034134017579e-16,5.42771123879238e-09,2.17170306485537e-16,-1.399423006573e-09,-2.70374379547015e-16,-5.01557482596122e-09,-4.52508106063268e-12,-8.2052420413703e-16,9.27999092812604e-17,-4.25770870857568e-10,-1.09154317574149e-07,3.06634944006139e-08,1.03890246505416e-08,5.38793564730496e-16,-3.54016197240594e-08,7.58866639909176e-11,-1.55959823889071e-10,-2.71252746332546e-17,1.12373452669859e-07,1.21650572553582e-08,3.10391676759929e-09,-1.21015317495486e-07,-1.15248832395845e-10,-1.11892439694855e-15,1.46329523284938e-15,-2.01528187988792e-16,-9.47496470470146e-15,-1.25721403101443e-09,0.750273149526647,8.74522002532608e-07,-1.37541887601511e-15,-1.03162036066418e-08,-0.000452069950975151,5.56503295936946e-06,-8.45578936587348e-17,1.86742982188903e-15,-2.80441165516656e-06,9.22421576653741e-09,9.0684289660546e-16,-2.50193245749947e-08,3.36628484738389e-16,-9.10729824887824e-17,-3.45555345018151e-17,2.09049244817861e-17,-2.08325729852811e-18
"t93",0.0764961067805185,0.011407683890593,0.0796746445642312,-0.0274915984674137,-0.178591063489345,-0.0096776803883733,0.0207587821350514,-0.00885674616794302,0.000474006924707222,-0.0233674687299973,0.00510988159336755,6.28638578391279e-05,0.00129948505033244,-0.00147815085783943,-0.0130537497618593,-0.0171805075434997,0.323850927148205,0.00164045729578521,-0.00689680310350757,0.00720337661134558,-4.68588300769606e-05,0.112768671796119,0.0213937931733245,-0.216796431393453,-0.00328038931600311,-0.000453964872884895,0.000102882772616653,-0.000138009820798182,4.52924237025285e-06,-1.55542727300548e-05,-1.61182401564185e-05,0.000889491991234738,-0.000933779109368073,-0.0321627234117041,0.00189648696831682,0.00267688555662951,1.7606650796983e-05,0.22483246663969,-0.00545053347103175,0.0461641007068565,0.0292852010973222,-0.0220680868165238,-0.0155366326423728,3.68951141789889e-05,0.000273113202940802,0.00564140741912818,-2.43217859559577e-13,-0.000130306081113944,-0.000214581957785252,0.0257781556952603,-0.00527309746606249,0.000242365004894367,0.00576802049344594,-0.0235448127639035,0.00187496865282794,0.00690374187233978,-5.46472843049306e-07,2.39858282996867e-06,0.000148658293818773,0.00383691096178781,-0.0005682412102208,0.000146340045740673,2.36132205184971e-05,-0.00808356854850565,-3.18801042256418e-07,2.73717643460515e-10,5.75261203854607e-08,-0.0835390471210917,2.56192413776446e-08,0.000118237162314935,5.07329469484272e-06,-0.000700162910894403,5.08650749390114e-09,-0.0534114146731571,1.08804307482045e-05,5.35026913024476e-13,-7.49053596926785e-14,6.86731921328843e-13,1.4257865270488e-07,-6.84060682855447e-17,3.7694955460515e-11,1.1747423403471e-05,1.23056298267357e-07,-0.000375292074239303,1.05226071200892e-05,-8.89213648606215e-17,2.72759943109472e-08,-1.26111963753839e-11,-6.70348627168452e-07,1.68750109982093e-11,3.90942805255159e-10,3.43748955081852e-12,-4.41788428791334e-08,-1.41414299467916e-06,-6.89610624072059e-06,3.06032427064364e-10,2.71025707688187e-08,-6.35648167682582e-07,-3.27039930992109e-07,2.61410548192985e-05,1.02056945873035e-07,-7.84355080554157e-06,-2.46038263901349e-07,-2.57673816550334e-08,-3.48607043751425e-08,3.23781146080337e-05,-6.61860591190242e-16,8.82607612282298e-16,-1.11250233521735e-06,7.96480430750555e-09,6.33282308624879e-06,-2.814612689314e-05,-1.85045214724094e-08,-6.41070300989528e-07,-2.83106871279415e-15,9.6556782240157e-16,0.000123916211343232,3.46584529970928e-08,-0.324715835471639,0.420669623088252,-2.88576859490816e-15,-8.44851966411327e-08,2.76750670171974e-08,1.48926757977815e-09,-0.00289451718864324,-2.23258155682545e-05,-3.46268012931448e-06,-6.46580926244535e-11,-2.91968266966092e-07,1.67335273834078e-06,3.59868475674142e-08,2.10099288661114e-10,1.78591287086111e-08,1.3797024499447e-09,2.31070410921318e-16,9.88474168489573e-09,3.04495247458307e-16,-2.82012725252387e-09,-1.99109268964461e-17,-1.19607336120252e-08,-1.31800828664568e-11,1.85615411929518e-16,1.44105050826217e-16,-1.36692575447838e-09,-3.50865094704729e-07,1.61508034133016e-07,5.97856364527652e-08,3.4256137174518e-16,-3.38828847978698e-07,-2.37825323393469e-09,1.00553585340765e-09,2.3191759535116e-17,-4.92086708483649e-07,-4.94622968799762e-08,-1.20070251096328e-08,3.982538987452e-07,3.45184391487008e-10,1.05343667571815e-15,-1.38472953117025e-15,2.1273150998728e-16,8.46146737001615e-15,1.23793101637626e-09,-0.658498762653724,-5.08153591149391e-07,1.35525271560688e-15,4.36749404762564e-09,0.000158757953251105,-1.69428079327711e-06,1.53206957262379e-16,-1.03909936211011e-15,7.50454830707132e-07,-2.15550819191196e-09,-1.58339229829442e-16,2.55287680122999e-09,1.77684839282416e-16,5.89805981832114e-16,-1.94758349179903e-16,5.44469865165722e-17,9.37328599581954e-17
"t94",0.0767950493621109,0.0114705051685216,0.0805487924412611,-0.0278006006527938,-0.182313383601768,-0.00993742788837311,0.0214417922029247,-0.00919198076799336,0.000494199536710336,-0.0246729120356288,0.00541837165694312,6.71999584191609e-05,0.00139056296689588,-0.00159834888526417,-0.0142426146418809,-0.0188943519319056,0.357276091971176,0.00181193924951131,-0.00780415839510589,0.00817442024954346,-5.34237189080671e-05,0.129792319804909,0.0250141977320124,-0.255451601078353,-0.00388614046386778,-0.000546472363264222,0.000126321281825763,-0.000170719016112733,5.72614569131205e-06,-1.99125987989449e-05,-2.06837219280322e-05,0.00115059047682196,-0.00122687635641048,-0.0425045569628092,0.00253531427510743,0.0037320714428019,2.46362871495652e-05,0.32269061237653,-0.00785784169983868,0.0669363441343212,0.0445395697379386,-0.0336953226564119,-0.0237645924111794,5.64694153218883e-05,0.000425738539236969,0.0090028455118063,-3.90868735776132e-13,-0.000216901212752105,-0.000358806296782727,0.0434803156528435,-0.00904092828473387,0.000418556380103375,0.0106734986554368,-0.0448799792415396,0.00359880678187576,0.0136935383157092,-1.12490252785751e-06,5.15069559081606e-06,0.00032060041311741,0.00840814682978189,-0.00125866164967915,0.00032483007613608,5.89278705717261e-05,-0.0204527979807848,-8.387512645887e-07,7.46099943281606e-10,1.86236889177221e-07,-0.305133021907448,1.02261196590486e-07,0.000488558474042832,2.12797542947681e-05,-0.00296844840039132,2.19199409447158e-08,-0.260552316402212,5.65479738190903e-05,3.18572985262213e-12,-5.24892629361062e-13,5.03008268717964e-12,1.0765177301667e-06,4.19703078314396e-16,3.6362682179561e-10,0.000121697212932013,1.30639188778738e-06,-0.00469497020641386,0.000134323862036914,8.92992456537534e-16,3.81493205821488e-07,-2.55337674703144e-10,-1.40187926678922e-05,-2.66157638138288e-10,-5.77109561159493e-09,-4.88893780602358e-11,4.5271463391082e-07,8.02163197582022e-06,3.69051647713104e-05,-1.55691422180436e-09,-1.37254058919616e-07,3.19570068634575e-06,1.6013880031914e-06,-0.0001189486083905,-4.17789339232106e-07,2.78951722195325e-05,6.74818560846696e-07,7.02447391371774e-08,9.50054838004847e-08,-8.54320468240296e-05,7.96491086225723e-16,-5.78960767162735e-16,2.45796021632263e-06,-1.71368805306053e-08,-1.2872210135757e-05,5.64091527177904e-05,3.56847363767662e-08,1.17884502583538e-06,2.56739074444567e-15,-1.22348678443219e-15,-0.000184997671576167,-4.79493695394573e-08,0.434606830128036,-0.516295979648913,3.58296877157087e-15,8.95015074785493e-08,-2.8635359638823e-08,-1.4302638916326e-09,0.00256007424850918,1.83605442121553e-05,2.83247977115123e-06,5.2821470636989e-11,2.25261316232073e-07,-1.27487005597355e-06,-2.67212278148035e-08,-1.52959759441851e-10,-1.20104404709391e-08,-8.80465719863693e-10,-3.22795573417212e-16,-5.92257626275128e-09,-3.99140916569219e-16,1.49207801760808e-09,2.27200056782376e-16,5.31633199037022e-09,4.96817213511627e-12,3.20923843055709e-16,-1.95576428806827e-16,4.81926979808869e-10,1.2360400305715e-07,-4.45158924549641e-08,-1.59661796834791e-08,-3.8146620344153e-16,7.91416238290027e-08,4.29813353105875e-10,-1.44673236572872e-10,-4.92973368098644e-17,6.17934047750235e-08,6.01034854030649e-09,1.4250590228259e-09,-4.33886472724654e-08,-3.55133943086283e-11,-6.59365039649745e-17,4.253050557014e-17,2.31528076920816e-17,-6.38337334736096e-17,-1.94262756922359e-11,0.00401298842890567,-1.3613074467103e-08,7.13405029495462e-17,2.15461962724608e-10,9.71909827848821e-06,-1.17810972547985e-07,3.21714728266003e-17,2.87530416143156e-16,5.73882227816838e-08,-1.79283225244628e-10,-3.63946587456303e-16,2.87236062625901e-10,-3.22433643866426e-16,1.5330618718945e-16,3.57369990977601e-17,7.86046790519092e-19,-1.19861888764309e-16
"t35",0.0748290070947049,0.0110573652848638,0.0748006678513228,-0.025768709440323,-0.157841308540201,-0.00822993076412366,0.0169523885769936,-0.00698868217398007,0.000361495965845389,-0.0160954764311492,0.00339156855381896,3.87149435898853e-05,0.000792256754262789,-0.000808865872912254,-0.00643488289581166,-0.00764003935141414,0.137791575551486,0.000685929269111725,-0.00184785386130195,0.00180023980799638,-1.03323145453243e-05,0.0180618955332601,0.00125649162686719,-0.0018098815955828,8.83701986935877e-05,6.03983284618124e-05,-2.74097531734797e-05,4.38008591347625e-05,-2.12174930708329e-06,8.66002507974358e-06,9.24612524524698e-06,-0.000560918124211756,0.00069398712974004,0.0252668688960571,-0.00165028873847318,-0.00317634068314334,-2.1384000191801e-05,-0.317574119231065,0.00789086488916653,-0.0689358866040641,-0.0550882718106287,0.0422320834100325,0.0299614314555968,-7.13416073383213e-05,-0.000570081229484427,-0.0129049759700296,5.67518862756235e-13,0.000346103219093227,0.000578597717517701,-0.0715084840896024,0.0154044572290814,-0.000723909432406761,-0.0209219506987214,0.0920291665435246,-0.00745272539023455,-0.0296213267375529,2.54091654075523e-06,-1.21346034897962e-05,-0.000758229797243843,-0.0201605301466428,0.00304413320194575,-0.000786912159879541,-0.000152152022089149,0.0530121740686722,2.18785840843506e-06,-1.94543285123549e-09,-4.33413685063243e-07,0.531769504347492,-1.01792965383207e-07,-0.000295292910473279,-8.80322359986078e-06,0.000798084692060969,-7.35931244736461e-10,-0.652723151040111,0.000257481248995463,3.96824818263311e-11,-2.47556983593022e-11,3.60613003542488e-10,0.00012132132999499,2.87587107160616e-15,-2.54636671654124e-08,-0.00683909531665655,-6.94657584264656e-05,0.197680116288017,-0.00555338888066676,6.23505675891204e-15,-1.47671837319093e-05,8.78343624640641e-09,0.000480099612236749,1.34021195353116e-08,3.03300126887563e-07,2.63888174095191e-09,-3.5649820013554e-05,0.000950766385362373,0.00314324782732033,-1.04671087549062e-07,-9.04790471236859e-06,0.000204252800097982,9.1945803710393e-05,-0.00522408596222979,-1.31529841903075e-05,0.000596944934580705,7.60352257696099e-06,7.79897501517509e-07,1.0540340603708e-06,-0.000876142866550218,-7.6848004576838e-16,3.16560581376476e-16,1.60899199539288e-05,-1.04428829931353e-07,-6.6837987541775e-05,0.000281036509372251,1.58150084043711e-07,4.47599439932432e-06,-2.49453235845465e-15,-2.33254525772971e-16,-0.000271090256613924,-3.60235986426774e-08,0.199059857696109,0.138108502381238,-9.16018033555813e-16,-1.24310444159204e-07,4.46235391437139e-08,2.97429177862181e-09,-0.00674322800460771,-5.70891217603523e-05,-8.90490477183058e-06,-1.66509491877932e-10,-7.92454319406641e-07,4.58675057247074e-06,1.00475754778792e-07,5.94104421257693e-10,5.25929719442153e-08,4.14139112776433e-09,-2.53317027439537e-17,3.01620084156191e-08,-2.52799404174743e-16,-8.74331878419023e-09,7.67312792413186e-17,-3.69115297323375e-08,-3.96796084457815e-11,-3.0292608699245e-16,-7.16458377262828e-17,-4.05565008150907e-09,-1.04081898508583e-06,4.46367733623314e-07,1.63445629599484e-07,-1.54863631275173e-16,-8.81031826851313e-07,-5.52453324320208e-09,2.07659138061918e-09,-2.14956830233513e-17,-9.40226295277277e-07,-9.26709869939343e-08,-2.21774919080195e-08,6.97449017974954e-07,5.82639640201756e-10,2.29882465985943e-17,-1.70970060630824e-16,-5.59303234928685e-17,9.88767299953466e-17,3.29461399513949e-10,-0.00783046583463637,5.94882629298606e-07,-9.24824453130135e-17,-1.07371310165805e-08,-0.000544040711868026,7.27740379343228e-06,4.94416143498941e-17,8.34835672813838e-17,-3.8960645986192e-06,1.35019352358446e-08,7.22184779118947e-17,-4.36921410989642e-08,-1.00323104490237e-16,2.38524477946811e-16,2.65052065380745e-17,-3.23182262093635e-17,-4.32390506036733e-16
"t43",0.0747950477323997,0.0110500812427927,0.0746922625113908,-0.0257302664984014,-0.157325006826231,-0.00819156359256477,0.0168452417477442,-0.00693356891885567,0.000358029583741396,-0.0158446159375052,0.00333011806200711,3.77925244243222e-05,0.000772721623139511,-0.00078093518258418,-0.0061399216079723,-0.00719058803462409,0.128836333214185,0.000639613091372227,-0.00156175155064485,0.00148869398066601,-8.16656025568978e-06,0.0121262797466087,-0.000122103823327358,0.0135363324472117,0.000335800517727518,0.000101424187692289,-3.88638697821416e-05,6.03620832310923e-05,-2.79176733669327e-06,1.12397740116205e-05,1.19768669168981e-05,-0.000722610683442876,0.00088799408248039,0.0322814075718033,-0.0021047395519073,-0.00406417578522572,-2.73829762395453e-05,-0.409625297268894,0.0101938348702295,-0.0892420136174883,-0.072875552348483,0.0559849873629052,0.0397562948245784,-9.46963429392517e-05,-0.000764633629675428,-0.0175655259880776,7.73908116623864e-13,0.000485572594663039,0.000814650862146513,-0.101388719864016,0.0221446917668729,-0.00104729393375994,-0.032464227968423,0.148035017112778,-0.0120966832980907,-0.0503538791570608,4.587567079238e-06,-2.37746617377332e-05,-0.00149933477151225,-0.0413334183808117,0.00640513825357631,-0.00166449797101657,-0.000495206806943671,0.186906579312984,1.03906300988013e-05,-1.43862748086983e-08,9.75583529116869e-07,-0.352052708663263,7.53780319087162e-09,-8.9887476066354e-05,-5.85719284647437e-06,0.00099011500683869,-9.02807403940675e-09,0.163630238987715,-2.64188908720095e-05,2.70670905830358e-12,-4.56218363868027e-12,7.32248705928199e-11,2.63473249669601e-05,3.38744471260086e-16,-7.60130856110916e-09,-0.00215641818257985,-2.22681892371417e-05,0.0692679622382943,-0.00196325273098055,1.4548273148079e-15,-5.41097159917901e-06,3.54491179523521e-09,0.00019492155208521,7.04787001330721e-09,1.60485541153052e-07,1.40128427331773e-09,-1.95931512385341e-05,0.000561963913644743,0.0018719880863907,-6.27504247832254e-08,-5.42745728032952e-06,0.000122639117741117,5.53968897423994e-05,-0.00317764880230086,-8.11029869125215e-06,0.000374655528881968,4.91869927988066e-06,5.0484361096975e-07,6.82319883822821e-07,-0.000569108098444591,-2.53495904837816e-16,1.98519012754694e-16,1.06295236512944e-05,-6.91405065385331e-08,-4.44447100871414e-05,0.000187064022565496,1.05533648429889e-07,2.99485125642783e-06,-1.29583843655467e-15,-8.06578727058426e-16,-0.000181830502377176,-2.39279711510616e-08,0.130397766590082,0.098525165767367,-4.07200509282217e-16,-8.32532465467519e-08,2.96975880654808e-08,1.93102448203966e-09,-0.00419328916805031,-3.3226235168142e-05,-5.14840980717451e-06,-9.61078229759086e-11,-4.1418006354254e-07,2.32226394780228e-06,4.67714747102342e-08,2.52527918010153e-10,3.11287265128662e-09,-5.28882333944208e-09,-1.56500791407486e-16,8.03217018183547e-08,-1.58993242710845e-16,-1.06568546276705e-08,9.02729556785227e-17,-3.77659217626453e-08,-3.8482253044712e-11,-1.01101852584273e-17,-6.86824795109584e-17,-3.88636679139343e-09,-9.97254129011394e-07,4.177915267237e-07,1.5273176202132e-07,1.6020052596186e-16,-8.19211004538656e-07,-5.11766923864426e-09,1.92385615573724e-09,1.46637584893833e-16,-8.71871525268565e-07,-8.59585703658079e-08,-2.05756430344091e-08,6.47644904779137e-07,5.41388474320698e-10,-6.87880604455332e-17,-2.7572751493634e-16,2.03855862757861e-16,1.4951078692989e-16,3.10206372138618e-10,-0.00424548496525007,6.14640227380882e-07,1.05778829705833e-15,-1.35581463834914e-08,-0.705261814026904,2.94845828042194e-06,3.16229099038427e-15,-4.32729481587846e-15,-2.47352762384798e-06,9.70854493449976e-09,8.98676125515944e-17,-3.62398748317061e-08,1.50937527237527e-16,3.65660735197892e-16,-2.10528352404196e-16,-7.14281591592623e-17,4.12394871977896e-16
"t44",0.0747919768276697,0.0110494430084482,0.0746837172070808,-0.0257272516208928,-0.157291167122328,-0.00818930881863228,0.0168395933210149,-0.00693090794963534,0.000357875690905437,-0.0158358042105253,0.00332812577894244,3.77669135786209e-05,0.000772190122782383,-0.000780318866827425,-0.00613454613864106,-0.00718375057903818,0.128710001597943,0.000638978691252362,-0.00155985144663041,0.0014868437549853,-8.15606372677458e-06,0.0121096535309912,-0.000121919257816121,0.0135149503051511,0.000335254294109848,0.000101245185675466,-3.87887740053197e-05,6.02416946055843e-05,-2.7857002079782e-06,1.12142140783757e-05,1.19494034355667e-05,-0.000720907914726402,0.000885793040950968,0.0321999392262792,-0.00209924206885324,-0.00405228963400804,-2.73021690656985e-05,-0.408342164003427,0.010161583552625,-0.0889560878668526,-0.0726184356068073,0.0557860109291566,0.0396145339805093,-9.43582916492459e-05,-0.000761812914142107,-0.0174981066091135,7.71009584619841e-13,0.000483583326380561,0.000811291345451765,-0.100965373325499,0.0220501040766689,-0.00104277681933759,-0.0323117544930102,0.147316636327848,-0.0120375483888209,-0.0500993629258418,4.56355018615025e-06,-2.36455042118531e-05,-0.00149116023712422,-0.0411050878229604,0.00636945051309863,-0.00165520833172223,-0.000492202711216023,0.185762788747563,1.0325518516508e-05,-1.42942838070241e-08,9.68800582633019e-07,-0.34948670198777,7.48119241984193e-09,-8.92051079004957e-05,-5.81252820866269e-06,0.000982540876087317,-8.9586842582526e-09,0.162330615136224,-2.62059182152548e-05,2.68425549752956e-12,-4.52292597905718e-12,7.2595793153198e-11,2.61200667914214e-05,2.93632584820419e-16,-7.53369802306744e-09,-0.00213709415057699,-2.20681555298932e-05,0.0686365329704665,-0.00194532703907242,1.88775608515474e-15,-5.36122201836126e-06,3.51159191703965e-09,0.000193086571391118,6.9743121916863e-09,1.58804215545724e-07,1.38657100815035e-09,-1.9382558136991e-05,0.000555523790102243,0.00185035716784429,-6.20198735680699e-08,-5.36422608275852e-06,0.000121208752940254,5.47481441294522e-05,-0.00313999343532251,-8.01241551138757e-06,0.000370010818355775,4.85409869402332e-06,4.98203304481988e-07,6.73344534022328e-07,-0.000561561763025433,2.1129628446946e-16,-5.39099361980418e-17,1.04817510061363e-05,-6.81720129833745e-08,-4.38116847460384e-05,0.000184388386573059,1.04006344978075e-07,2.95085906309161e-06,-8.22258927613007e-16,-6.1364534071602e-16,-0.000178964481838801,-2.35401447442654e-08,0.12825769091115,0.0968526815692245,-4.75055027167872e-16,-8.17515374804698e-08,2.9156459023491e-08,1.89466886881768e-09,-0.00411133576410914,-3.25543698713472e-05,-5.04403920533361e-06,-9.41585247281673e-11,-4.05544180298134e-07,2.27354543325191e-06,4.57778153069872e-08,2.47110209546228e-10,3.04337743463841e-09,-5.16753199787472e-09,-3.26805960381696e-17,7.84180464533384e-08,-1.09705856361215e-16,-1.03869026660195e-08,1.06726089820881e-17,-3.67123710783752e-08,-3.73029588184257e-11,-1.92527200779113e-16,-1.03073117353659e-16,-3.76254505590666e-09,-9.6546652216876e-07,4.02409080471711e-07,1.47002402932952e-07,1.24858861745698e-16,-7.85946558424606e-07,-4.87613413924427e-09,1.82043237438732e-09,-1.59429109929383e-16,-8.21341549833037e-07,-8.08871641599618e-08,-1.93462165994443e-08,6.07146659061053e-07,5.06508275290507e-10,1.34183502465252e-17,5.17790135069698e-16,-1.25523771368351e-16,3.09265038753527e-16,2.72121793563787e-10,-0.00366022158462794,4.63649020614562e-07,-1.25867740709273e-15,-5.85956269066376e-09,0.708944520462844,1.02544236863742e-05,-3.08262709065797e-15,4.67169163596848e-15,-4.5899690186558e-06,1.47674058386389e-08,1.13743508337468e-17,-4.30301862888317e-08,-7.56811060829392e-17,2.93466423037514e-16,2.8263264675091e-16,8.56693869550073e-17,-8.97948674209354e-17
"t100",0.0764585320395575,0.0114022697289957,0.0797283072533006,-0.0275129775246016,-0.180043631710857,-0.00984482790779641,0.0214129521618729,-0.00928355512653705,0.000507197617686238,-0.0276729813674991,0.0064202340055811,9.5084716530858e-05,0.00203599604948054,-0.00512007848970979,0.0362640881937425,0.010111662038595,-0.11847376870749,-0.000500810023548612,0.000207659118055032,-0.000509525542424407,9.63138771227327e-06,-0.426915976064318,0.0140471622215185,-0.0984101512359316,-0.000907845059056081,-0.000437369815712329,6.22096540647925e-05,-7.7967085106854e-05,2.22185124216416e-06,-7.14309060315804e-06,-7.31377945677007e-06,0.000387943527821203,-0.00037744966752782,-0.012637433241927,0.000704067448221973,0.00079502982886472,5.12024468407764e-06,0.0558482215955918,-0.00131409839290632,0.0106992255523378,0.00531379986148632,0.0019150564006556,-0.00149264181595668,3.88585843938663e-06,2.93836353249583e-05,0.000412383004337641,-1.589172572795e-14,-1.13176894738195e-06,-3.7903078373841e-07,-0.000295636353953034,0.000191393454373528,-1.14430006636598e-05,-0.000867163234999567,0.00456851596685546,-0.000382885954824871,-0.00174282747488053,1.67906075816183e-07,-8.90468820965475e-07,-5.61792078953306e-05,-0.00154673784876247,0.000238922005584542,-6.2036351917481e-05,-1.59889376814435e-05,0.00586287502687872,2.95958041826409e-07,-3.67834088146511e-10,9.12867866324427e-09,-5.79067194689285e-05,4.34290617357114e-10,3.75700359131587e-06,1.9431838607642e-07,-2.99386187508502e-05,2.48841318427687e-10,-0.00074986298785888,-1.54331750998413e-06,-7.91763665539977e-13,9.40414413008739e-13,-1.52106091394141e-11,-5.54031406631323e-06,2.69644961252303e-17,1.89129072227293e-09,0.000567105849795592,5.96822634212481e-06,-0.0210114601037607,0.000604342223865338,-1.21536131744667e-15,1.77718771728622e-06,-1.4686795703347e-09,-8.22257312785032e-05,3.22737688514632e-08,5.1897418851081e-07,3.86262553506937e-09,-2.09223894042619e-05,0.000200726451020313,0.000603330582287899,-1.84575968656378e-08,-1.58315575677194e-06,3.52971010509745e-05,1.51818619212548e-05,-0.000756034907564871,-1.54389730803837e-06,4.98405338666767e-05,1.80910517393051e-07,1.74671683371604e-08,2.35339193912663e-08,-1.30420107828021e-05,-9.26998277933458e-16,-9.10246958784916e-17,-4.27687329403583e-07,3.42984399375577e-09,3.09101583650665e-06,-1.39250017812857e-05,-9.2481644677414e-09,-3.09704707934115e-07,-1.85962356624714e-15,-3.34175120649819e-16,2.72923111592781e-05,3.24436732651758e-09,-0.0140764875763667,-0.0155915697599297,-7.64738281141741e-16,-4.57337345186222e-08,2.50607752712772e-08,6.30554307956341e-09,-0.517999547979673,-0.683494393676612,9.08420240527749e-05,1.62679531610509e-09,5.86318289419116e-06,-3.41401221498031e-05,-7.83074126359687e-07,-4.93291999435763e-09,-7.53355890510819e-07,-1.57251313154944e-07,8.77524829090831e-15,9.76760659226333e-07,5.03811464250333e-15,-5.90783080402956e-08,2.96525824362293e-15,-1.21647115660263e-07,-9.17674679248231e-11,-5.22151766269019e-16,3.19174869125809e-16,-8.45875633593231e-09,-2.16837507245164e-06,7.11502816799174e-07,2.53905744194462e-07,-3.14564837362972e-16,-1.24555767204192e-06,-6.85076275989591e-09,2.37490978110806e-09,1.11686882604632e-15,-1.03569469936393e-06,-1.01256132497849e-07,-2.40966069400567e-08,7.43515089846836e-07,6.13927048521284e-10,-3.84709793143164e-17,-1.24852734087637e-16,-1.60543377108088e-16,8.1041754361473e-17,2.893904274201e-10,-0.000632846830721122,5.17001422782257e-07,2.19442519711066e-16,-9.00916930868332e-09,-7.76701806075485e-05,5.94305370460165e-06,1.07665694775435e-16,3.33934269125535e-16,-3.15271026347207e-06,1.0832633701622e-08,7.5258847282781e-17,-3.38345696100119e-08,3.30720916826656e-16,4.33680868994202e-19,-5.59765493326233e-18,5.99985659648168e-17,-1.30885872475738e-16
"t132",0.076842884219882,0.0114830878489197,0.0808564183928424,-0.027911833704858,-0.184900718393185,-0.0101875867333965,0.0223289006808582,-0.00974122329406554,0.000535388498704727,-0.0297000164834759,0.00692929261091023,0.000103726206767666,0.00222409164724593,-0.0056711912066571,0.0406519377245321,0.0114561511252148,-0.134793661344558,-0.000570715353060991,0.000244516872456715,-0.00060230579354712,1.14577752086745e-05,-0.514512669331603,0.0173010697930171,-0.122513315262652,-0.00113869789468059,-0.000561024399812825,8.20603718799384e-05,-0.000103944087722893,3.0563147551451e-06,-1.0006028673154e-05,-1.02806838222745e-05,0.000551715825469076,-0.000549261205477942,-0.0185489551254935,0.0010512769053734,0.00126501198787482,8.1926850374987e-06,0.0929497604827558,-0.00220242350856544,0.0180944107667583,0.00970100427656819,0.00351867112034718,-0.00275048588116208,7.16777322747294e-06,5.5862029505395e-05,0.000815423747679258,-3.19798593020606e-14,-2.40612621550847e-06,-8.12247278408895e-07,-0.0006433184840661,0.000428808101055976,-2.59732459933647e-05,-0.00223920031560576,0.0125031657675807,-0.00106249485161793,-0.00517221392296112,5.39274240430647e-07,-3.144057433257e-06,-0.000200333408202422,-0.00572621568056671,0.000907475644426975,-0.000236829690727126,-8.34010189902264e-05,0.0318734676262134,1.82180224951502e-06,-2.56083816393244e-09,1.50487586353647e-07,-0.00577891905674696,-1.83369869566352e-08,-0.000104187105761924,-4.7048135013994e-06,0.000665285720394823,-4.92137802038384e-09,0.008325042038039,1.42229522525144e-05,5.48494267153111e-12,-5.14092240999631e-12,7.97526474114602e-11,2.81354645130432e-05,6.92171223561251e-16,-7.89139349143832e-09,-0.00226572243358988,-2.35174005410947e-05,0.0763843254124614,-0.00217809078752138,2.01187127036911e-15,-6.17723486818843e-06,4.57724436428257e-09,0.000254388108412751,-6.55890669076727e-08,-1.04062742238033e-06,-7.68469700092138e-09,3.8417344115943e-05,-0.000301033745334681,-0.000882931487556423,2.64232954142971e-08,2.26182521035831e-06,-5.02655383639726e-05,-2.13660967971887e-05,0.00102860490122369,1.99547034747889e-06,-5.98852963034745e-05,-1.87262025705404e-07,-1.8013393375451e-08,-2.42653845567223e-08,1.31820996481037e-05,3.7025109424219e-16,5.30605850271604e-16,3.85498086307378e-07,-3.03678627402156e-09,-2.63223014122726e-06,1.17425763055144e-05,7.59074730502518e-09,2.45718794371581e-07,1.2490009027033e-16,1.080765490656e-15,-1.85265797011948e-05,-2.0743060252146e-09,0.00876421404363979,0.00904369820920255,4.0455078658271e-15,2.34130639771568e-08,-1.25688499240601e-08,-2.96063204489024e-09,0.225728899489411,0.278415168969648,-3.68183929920139e-05,-6.58536723938086e-10,-2.24829563749696e-06,1.29344340889659e-05,2.89426173075871e-07,1.78873553469128e-09,2.52671479564467e-07,5.00391558154456e-08,0.707106781186545,-2.91460227456325e-07,1.12300452801897e-14,1.5468100926829e-08,2.60531741448573e-16,2.62840385133799e-08,1.63549315285389e-11,8.23993651088983e-16,7.43471993102722e-16,1.38903564664256e-09,3.55725871103153e-07,-8.46607290862724e-08,-2.89056748242061e-08,4.66581865494894e-16,1.16497899871887e-07,4.16284797631464e-10,-8.88006880349476e-11,-6.83368548231067e-16,2.65305332217136e-08,2.32775936015403e-09,5.09775575701851e-10,-1.10207813766911e-08,-6.66904899360166e-12,4.78655274126968e-16,1.17615802208358e-16,-1.54902371160305e-16,-4.5293884178843e-16,1.37407377143184e-11,-3.4218764496361e-05,3.97578976237467e-08,-6.76542155630955e-17,-8.35932277500236e-10,-7.86342063212949e-06,6.37021977918591e-07,-1.23522698285993e-16,3.72965547335014e-16,-3.53636805274123e-07,1.26742752772185e-09,5.55008947794456e-17,-4.68131973159827e-09,-1.72060696645891e-16,2.16406753628107e-16,4.8925898175482e-17,-6.65802290408007e-17,8.69739859146519e-18
"t133",0.076842884219882,0.0114830878489197,0.0808564183928424,-0.027911833704858,-0.184900718393185,-0.0101875867333965,0.0223289006808582,-0.00974122329406553,0.000535388498704736,-0.0297000164834759,0.00692929261091023,0.000103726206767703,0.00222409164724594,-0.00567119120665712,0.0406519377245321,0.0114561511252148,-0.134793661344558,-0.000570715353061021,0.000244516872456687,-0.00060230579354712,1.14577752087369e-05,-0.514512669331603,0.0173010697930169,-0.122513315262652,-0.00113869789468061,-0.000561024399812816,8.20603718799245e-05,-0.000103944087722948,3.05631475512299e-06,-1.00060286730569e-05,-1.02806838221652e-05,0.000551715825469121,-0.000549261205477929,-0.0185489551254935,0.00105127690537338,0.00126501198787484,8.19268503749956e-06,0.0929497604827557,-0.00220242350856529,0.0180944107667582,0.00970100427656809,0.00351867112034725,-0.00275048588116212,7.16777322753961e-06,5.58620295053732e-05,0.000815423747679238,-3.19849279472162e-14,-2.40612621546808e-06,-8.12247278200728e-07,-0.000643318484066055,0.000428808101056019,-2.59732459933705e-05,-0.00223920031560578,0.0125031657675807,-0.00106249485161813,-0.00517221392296115,5.39274240720088e-07,-3.14405743309957e-06,-0.000200333408202196,-0.0057262156805667,0.000907475644426892,-0.000236829690727349,-8.34010189900945e-05,0.0318734676262132,1.82180224955666e-06,-2.5608381457585e-09,1.50487586289463e-07,-0.00577891905674678,-1.83369869843908e-08,-0.000104187105761905,-4.70481350164226e-06,0.000665285720394955,-4.92137840760664e-09,0.00832504203803918,1.42229522527714e-05,5.484862814006e-12,-5.14111669902562e-12,7.97527228719314e-11,2.8135464513083e-05,2.11571505502404e-16,-7.89139379577387e-09,-0.00226572243359047,-2.35174005414223e-05,0.0763843254124615,-0.00217809078752155,2.73828672593449e-15,-6.1772348675403e-06,4.57724405068387e-09,0.00025438810841263,-6.55890663858665e-08,-1.04062742231625e-06,-7.68469766607941e-09,3.84173441159222e-05,-0.000301033745334057,-0.000882931487556079,2.64232945225171e-08,2.26182521035007e-06,-5.02655383641147e-05,-2.13660967971879e-05,0.00102860490122364,1.99547034746272e-06,-5.98852963034379e-05,-1.87262024685386e-07,-1.80133931902693e-08,-2.4265384281606e-08,1.31820996478858e-05,1.39966060778143e-16,-4.15902646307507e-16,3.85498086416413e-07,-3.03678644276111e-09,-2.63223014250098e-06,1.1742576305393e-05,7.59074640296897e-09,2.45718792409886e-07,1.20736753927986e-15,-9.5027043906112e-16,-1.85265797012193e-05,-2.0743059200165e-09,0.00876421404363891,0.00904369820920232,-3.40838467571502e-15,2.34130632563792e-08,-1.25688486619403e-08,-2.96063436145955e-09,0.225728899489405,0.278415168969635,-3.68183929904761e-05,-6.58536102886753e-10,-2.24829563418363e-06,1.29344340900184e-05,2.89426174974776e-07,1.78873164023707e-09,2.52671483606732e-07,5.0039159542499e-08,-0.707106781186552,-2.9142836310489e-07,-1.54817250388884e-14,1.54681011480829e-08,-2.72892068270867e-15,2.6284035796326e-08,1.63551758323226e-11,-6.38378239159465e-16,-1.09409227755709e-15,1.38903586105032e-09,3.55725870663915e-07,-8.4660728294283e-08,-2.89056740539889e-08,-1.40625561205541e-16,1.1649790010964e-07,4.16284644829473e-10,-8.88005060583892e-11,-2.42034976541966e-16,2.65305332911026e-08,2.32775887231102e-09,5.09775820297861e-10,-1.1020781024366e-08,-6.66952127206799e-12,-4.32721683932544e-16,1.20651569192558e-16,3.95537368930922e-16,2.99280625482171e-16,1.37410308825858e-11,-3.42187644964831e-05,3.97578974487022e-08,-2.51968584885631e-16,-8.35932416820215e-10,-7.86342063206215e-06,6.37021977893817e-07,1.12677132918461e-16,1.71737624121704e-16,-3.53636805382719e-07,1.26742763882801e-09,7.46416537643453e-18,-4.68131987861609e-09,-7.28900751917025e-17,4.87023615880489e-16,-3.52236487732707e-18,9.17133388908082e-17,-1.90581170472127e-17
"t105",0.077311344432952,0.0115833732170802,0.0823467110433335,-0.028440395662501,-0.192127768725023,-0.0107381436271162,0.0239244694432553,-0.0105957731084564,0.000591822750559466,-0.0347247651646353,0.00829691211507406,0.000131192371472056,0.00283605186965584,-0.0080030539819161,0.0653199265760446,0.0219349681987821,-0.284261739555106,-0.00125627395941897,-0.000807818134614665,0.00124784402923179,-1.31340883671987e-05,0.20618258343624,0.000581654523782211,-0.0168109941860888,-0.00021646627757621,-0.000164673011815313,2.96000446743105e-05,-3.9096237226754e-05,1.22706624641376e-06,-4.06182106278338e-06,-4.17478238073064e-06,0.000223453668621844,-0.000217630599181094,-0.00724605592215164,0.00039490654376072,0.000328441569873078,1.98892485432341e-06,0.00587485829421268,-3.14155051712862e-05,-0.00111357213756944,-0.0864006790308416,-0.53034301857934,-0.0760276944084631,0.000141530508682581,0.000151318174905945,0.00134902338646406,-5.01259830740802e-14,-2.90338823944601e-06,-9.6121921349876e-07,-0.000736472994751971,0.000466505255221689,-2.772981073778e-05,-0.00212845618925219,0.0115327766676544,-0.000974129492307997,-0.00462555852385001,4.71595721849423e-07,-2.69377032502454e-06,-0.000171325406479394,-0.00486502889284342,0.000767805564236354,-0.000200220045245137,-6.80527089879611e-05,0.0259211717066118,1.46863182593567e-06,-2.04955066628173e-09,1.17115038590848e-07,-0.00443055356551667,-1.39275453748047e-08,-7.88697489601997e-05,-3.5565660429504e-06,0.000502423229767268,-3.71115803333381e-09,0.00621400760816015,1.05671417703918e-05,4.03926866843543e-12,-3.74997428942425e-12,5.80811378809651e-11,2.04597332189752e-05,9.2428743990337e-16,-5.68131578814371e-09,-0.0016271654785201,-1.68758192764087e-05,0.0545445104081437,-0.00155447929512996,2.35462730528291e-15,-4.39831094095042e-06,3.23459630026636e-09,0.000179671957635799,-4.46112589031687e-08,-7.06754790593745e-07,-5.21462326143478e-09,2.58281082092474e-05,-0.000196987923854219,-0.000575649472991453,1.71692443931193e-08,1.46922095389974e-06,-3.2634701440189e-05,-1.38461388004187e-05,0.000662961400065252,1.27507134128498e-06,-3.7766374406253e-05,-1.14564746279966e-07,-1.10113403801971e-08,-1.4832474759405e-08,8.02170601148355e-06,0.707106781186548,5.00959011274569e-14,2.28147709387788e-07,-1.7888426859511e-09,-1.53422438017159e-06,6.82557157160399e-06,4.37828469876736e-09,1.40308919872478e-07,3.94129173741931e-15,8.05720321523928e-16,-1.00412689489755e-05,-1.09874790137655e-09,0.0045926956701765,0.00459633189234385,-6.77899413530618e-16,1.11930391932021e-08,-5.94331629153204e-09,-1.35001007338642e-09,0.0991501788457316,-0.0704537150584365,-1.06361882597306e-05,-2.02776554332586e-10,-8.42316063036017e-07,4.81492578210126e-06,1.05854482768538e-07,6.43697783877378e-10,8.38968321842988e-08,1.55660257992758e-08,1.1823525670233e-16,-8.26216565563004e-08,6.49199422011869e-16,3.42008824113044e-09,1.83143912514944e-16,2.96309036264885e-09,-3.1287305641348e-13,-4.59701721133854e-16,4.94681345929535e-16,-1.15831430045981e-10,-2.99492826679102e-08,3.33590814139269e-08,1.28630443091676e-08,5.75007760416105e-17,-8.16668005707095e-08,-6.13856557081038e-10,2.53512268799712e-10,4.93470334146791e-16,-1.19499071998819e-07,-1.18780521507077e-08,-2.85909061296984e-09,9.1671104486986e-08,7.74754716761569e-11,1.17869658657136e-16,1.72396127786274e-16,1.6148654269717e-16,2.9765070728819e-16,4.88936044429344e-11,-0.000109978583108261,9.84927525360041e-08,1.10588621593521e-16,-1.82114140987507e-09,-1.61814079498782e-05,1.26402678292012e-06,-2.26968548126863e-17,3.16153353496773e-16,-6.82050627324969e-07,2.38183801609399e-09,9.78107212347785e-17,-7.96859682536052e-09,1.83263249415335e-19,2.6476217052096e-16,7.13665640531968e-18,1.43121789233085e-16,-1.01378283811058e-17
"t106",0.077311344432952,0.0115833732170802,0.0823467110433336,-0.028440395662501,-0.192127768725023,-0.0107381436271161,0.0239244694432553,-0.0105957731084564,0.000591822750559461,-0.0347247651646353,0.00829691211507405,0.000131192371472006,0.00283605186965583,-0.00800305398191618,0.0653199265760447,0.0219349681987822,-0.284261739555106,-0.00125627395941894,-0.000807818134614648,0.00124784402923177,-1.31340883671649e-05,0.206182583436241,0.00058165452378222,-0.0168109941860889,-0.000216466277576247,-0.000164673011815278,2.96000446743903e-05,-3.90962372267727e-05,1.22706624639153e-06,-4.0618210628042e-06,-4.17478238070993e-06,0.000223453668621803,-0.000217630599181035,-0.00724605592215157,0.00039490654376063,0.000328441569873073,1.98892485429284e-06,0.00587485829421277,-3.14155051712411e-05,-0.00111357213756942,-0.0864006790308418,-0.530343018579341,-0.0760276944084635,0.000141530508682407,0.000151318174905924,0.00134902338646425,-5.02487689701397e-14,-2.90338823942569e-06,-9.61219213405085e-07,-0.000736472994752019,0.00046650525522171,-2.77298107377724e-05,-0.00212845618925218,0.0115327766676542,-0.000974129492308134,-0.00462555852384986,4.71595720733962e-07,-2.69377032562502e-06,-0.000171325406478925,-0.00486502889284325,0.000767805564236206,-0.000200220045245841,-6.80527089879034e-05,0.0259211717066107,1.46863182602045e-06,-2.0495509073507e-09,1.17115037799381e-07,-0.0044305535655174,-1.39275449992371e-08,-7.88697489608317e-05,-3.55656604296081e-06,0.000502423229766342,-3.71115824129734e-09,0.00621400760816086,1.05671417691221e-05,4.03923322129773e-12,-3.75180442269141e-12,5.80796253918294e-11,2.045973321888e-05,-1.79430371697691e-16,-5.68131683058716e-09,-0.0016271654785199,-1.6875819276849e-05,0.0545445104081438,-0.00155447929513036,6.11230211926285e-16,-4.39831094019714e-06,3.23459549317101e-09,0.000179671957636265,-4.46112577727558e-08,-7.06754791026287e-07,-5.21462361455943e-09,2.58281082096074e-05,-0.000196987923850826,-0.000575649472995137,1.71692476261483e-08,1.4692209544065e-06,-3.26347014441032e-05,-1.38461388019557e-05,0.000662961400062072,1.27507134587142e-06,-3.77663744051158e-05,-1.14564791717578e-07,-1.10113040502086e-08,-1.48324553456131e-08,8.0217059225719e-06,-0.707106781186547,-5.00223632459512e-14,2.28147725486123e-07,-1.78884616890188e-09,-1.53422438002192e-06,6.82557157451957e-06,4.37828890200234e-09,1.40308914259906e-07,-3.84067777581265e-15,-2.26440146682244e-16,-1.00412689448067e-05,-1.09874641441614e-09,0.00459269567017684,0.00459633189234232,6.0960862883075e-16,1.11930411408629e-08,-5.94331524159065e-09,-1.35000990043782e-09,0.0991501788457345,-0.070453715058437,-1.06361882589056e-05,-2.02776973978966e-10,-8.42316063274541e-07,4.81492578248152e-06,1.05854483057634e-07,6.43693233697701e-10,8.3896832453668e-08,1.5566026244666e-08,3.53502128499541e-16,-8.26216570003896e-08,-1.20361807203383e-16,3.42008756569292e-09,1.19039913596505e-16,2.96309055729808e-09,-3.1322356510568e-13,1.88651178012478e-16,-4.45465221445937e-16,-1.1583239687141e-10,-2.99492821167018e-08,3.3359081721183e-08,1.28630441940253e-08,2.55909773606469e-16,-8.16668004497652e-08,-6.13856273823532e-10,2.53513969655423e-10,-3.63559221223396e-16,-1.19499071845296e-07,-1.18780520246412e-08,-2.85909013375248e-09,9.16711056424186e-08,7.74762443870453e-11,-7.73917644757788e-17,-2.14880888515927e-16,-4.81209101788321e-17,-3.29885510146525e-16,4.88948489986082e-11,-0.00010997858310806,9.84927526003312e-08,-8.15320033709099e-17,-1.82114142960755e-09,-1.61814079493918e-05,1.26402678304121e-06,2.89262435299295e-17,2.80374681804751e-16,-6.82050627200428e-07,2.38183880228181e-09,1.00783800453682e-16,-7.968596845093e-09,3.73307375903813e-17,2.07299455379228e-16,-1.71494846046671e-17,-9.3451162116839e-17,-7.25879178867405e-17
"t73",0.0769068491822082,0.0114981348601989,0.0811473620090162,-0.0280161759915723,-0.186875435985469,-0.0103629142121102,0.0229073729478378,-0.0100808001351581,0.000559645983717825,-0.0322913140328558,0.00767234193951183,0.000120039453624294,0.00259144056241357,-0.00721462333902399,0.0582129051316562,0.0193542181964168,-0.249838080522423,-0.00110250253337752,-0.000688649916241507,0.0010602662621385,-1.11009745608799e-05,0.172458630774755,0.000478722032270399,-0.0137355689169178,-0.000176022843551951,-0.000132241440493575,2.35120653875164e-05,-3.0979622894318e-05,9.72465714877378e-07,-3.24039598776152e-06,-3.33700432625361e-06,0.00018012825353953,-0.000180247635051839,-0.00608995214253029,0.000345037119603071,0.00041741363805767,2.71087310446195e-06,0.0322642291193047,-0.000777244852577219,0.00656098710694679,0.0186721490412564,0.0969065869040263,0.0128778951439501,-2.33389765146946e-05,-1.07790143795049e-05,-1.74180129295575e-05,2.32794832259417e-16,-6.06693755745303e-08,-2.08872096407048e-08,-1.64687660168042e-05,9.66752577166523e-06,-5.2818444191906e-07,3.13759523595252e-05,-0.000403134884765975,3.89198721992981e-05,0.000299198494819377,-4.43341603199743e-08,3.45861316521589e-07,2.26002121149338e-05,0.000705714370261116,-0.000118158592614654,3.11603633486898e-05,1.71068825603085e-05,-0.00680247043622906,-4.309091644353e-07,6.57908488762616e-10,-5.23857044883733e-08,0.0023379130520603,8.11199808367635e-09,4.75424569997732e-05,2.17468760634314e-06,-0.000310287670449802,2.32620593489487e-09,-0.00430710793982278,-7.65600613565857e-06,-3.17633055313192e-12,3.20284250510117e-12,-5.04012651926511e-11,-1.79802196873902e-05,-1.8026191058065e-16,5.42945048348967e-09,0.00158650530883072,1.65613275545595e-05,-0.0556593854999581,0.00159310074636263,-4.9829531164033e-16,4.59084680514878e-06,-3.57647605657255e-09,-0.000199461472315625,6.42284097154322e-08,1.02706750397917e-06,7.6195519374512e-09,-3.99630332411621e-05,0.000355930444017893,0.00106095566807077,-3.2219397606248e-08,-2.76169060859266e-06,6.1507100218055e-05,2.6352406860969e-05,-0.00129799235104689,-2.60819204430166e-06,8.23711062855519e-05,2.86905595500882e-07,2.76743383902404e-08,3.72844879727841e-08,-2.05562610731376e-05,-1.5265863226159e-15,-5.47249034547271e-16,-6.55470617190459e-07,5.2348498647485e-09,4.67632207185614e-06,-2.10211194233832e-05,-1.38789324945904e-08,-4.61443668805272e-07,2.46330733588707e-16,-1.29596042373986e-15,3.94470165559002e-05,4.64036721051344e-09,-0.020044447539379,-0.0219561354477229,9.70583678922865e-17,-6.33381017768435e-08,3.46300813792901e-08,8.66696733783523e-09,-0.714716866300939,0.567613894765083,8.64268139957854e-05,1.65115608892467e-09,7.54282168909364e-06,-4.4070568477832e-05,-1.01424609911605e-06,-6.39468763228082e-09,-9.74555852710115e-07,-2.0276815117736e-07,-2.08221108560079e-15,1.25384312767412e-06,-6.20040527246733e-16,-7.51296189225981e-08,-1.5991607281237e-15,-1.52740715229123e-07,-1.13965689946507e-10,-1.22514845490862e-16,-3.89259090462935e-16,-1.04615241057571e-08,-2.68165049904262e-06,8.68126760559554e-07,3.0931633839275e-07,-3.92174591674733e-16,-1.50803694594733e-06,-8.21151840022216e-09,2.82614205185066e-09,-6.6249443529978e-16,-1.22797903685714e-06,-1.19957015510819e-07,-2.85307024366476e-08,8.7859692634036e-07,7.24569127570282e-10,-8.86174788529731e-17,-2.395283629182e-16,-1.63634729081076e-16,1.43507375240766e-16,3.35347798033174e-10,-0.000731823387226135,5.9355568271434e-07,1.70870262383715e-16,-1.02911678523832e-08,-8.84844381999155e-05,6.75772358531811e-06,5.57615234936568e-17,6.78927400410423e-16,-3.57919959780956e-06,1.22791226207986e-08,-1.71876791060769e-16,-3.80920444764806e-08,2.01787290373848e-16,3.963843142607e-16,8.27594997812268e-17,9.48527067458271e-17,8.537016789534e-17
"t135",0.0775914075558621,0.0116426458090921,0.0831932390179159,-0.0287400408195699,-0.195938503236052,-0.0110150868086192,0.0246885005212054,-0.0109883162416281,0.000616701887061226,-0.0366849955153801,0.00880728072204472,0.000140564307737317,0.003042357634678,-0.00869368749993009,0.0717617418441734,0.0243488655606561,-0.316874788611149,-0.00140267892244955,-0.000934090239107179,0.00144933777481074,-1.53682509260603e-05,0.245077437523193,0.000711178967184728,-0.0208645817665547,-0.00027160753209297,-0.000214003920214226,4.04403897170148e-05,-5.45590819331096e-05,1.83930340520114e-06,-6.39596434846498e-06,-6.64117232563569e-06,0.000368674786681188,-0.000390344305176338,-0.0134768643357038,0.000797780888424874,0.00114767531293439,7.57460307857102e-06,0.101501057892883,-0.00249957798843499,0.0217187212017429,0.0810487038769097,0.431394314498465,0.0579937730590037,-0.000105535415268688,-5.53506930066289e-05,-0.000107763926867789,1.75432045580756e-15,-5.82562291713071e-07,-2.12908491826341e-07,-0.000190142798493785,0.000148158311362501,-9.4426417424654e-06,-0.00105530213920878,0.00623231513248026,-0.000535388224329993,-0.00272169475440215,2.945577898693e-07,-1.77443056843471e-06,-0.000113390126280169,-0.00327422204878737,0.00052219990685556,-0.000136446953503901,-5.06081462389825e-05,0.019430952085339,1.12403246597449e-06,-1.59529177045956e-09,9.70977400047927e-08,-0.00379343172484507,-1.21602860680275e-08,-6.93369487445027e-05,-3.13566499604394e-06,0.000443853761458553,-3.28836198516206e-09,0.00562013358754305,9.64517089001773e-06,3.7505892308441e-12,-3.54456047846341e-12,5.50823839122992e-11,1.94572173507029e-05,1.67193711047787e-16,-5.50377377714364e-09,-0.00158340696433315,-1.64459887868728e-05,0.0536274461321879,-0.00152984610305429,5.65639986549715e-16,-4.34678741081387e-06,3.23970678790673e-09,0.000180125205984983,-4.76814311910403e-08,-7.57225730890028e-07,-5.59498587702502e-09,2.81343665480185e-05,-0.000224001230546039,-0.000658345559491658,1.97390150744023e-08,1.6899445157573e-06,-3.756677516611e-05,-1.59845259163526e-05,0.000771795207940763,1.50412726433467e-06,-4.54448180137842e-05,-1.44206068393785e-07,-1.38769862778566e-08,-1.86936916981987e-08,1.01762668888262e-05,5.93104950755421e-16,7.72782303547356e-16,3.01294323329105e-07,-2.37822974040916e-09,-2.07060730397533e-06,9.24764805551697e-06,5.99696828957816e-09,1.9491824665987e-07,1.38777878078145e-16,-1.71759022593008e-16,-1.49928313864614e-05,-1.69266640661202e-09,0.00717908974492021,0.00748744180626347,-2.19899620823002e-16,1.97985461595097e-08,-1.06703618761388e-08,-2.54988730040081e-09,0.199546661791881,-0.151145051908066,-2.29329305379135e-05,-4.37751236724815e-10,-1.92517898153603e-06,1.11536140576708e-05,2.52280473977211e-07,1.56948338440183e-09,2.26511141624634e-07,4.54362686914782e-08,1.42086044550362e-14,-2.68722254274933e-07,-0.707106781186548,1.47220855674898e-08,2.70059916004154e-14,2.6311879041514e-08,1.73280429879459e-11,5.02072342034587e-15,-6.36412580043462e-15,1.51084195197837e-09,3.87044669606286e-07,-1.03498918570102e-07,-3.59730473317374e-08,4.46263828390124e-17,1.57807610911048e-07,7.016803656519e-10,-2.0193226906958e-10,8.08078268047178e-16,7.89588486382192e-08,7.52068073298885e-09,1.75671544780549e-09,-5.06812568803535e-08,-4.00279087219707e-11,-2.62854772515305e-16,5.63643300189325e-16,-6.08345092682722e-18,2.35179797666784e-16,-6.15107801932996e-12,1.02912942202104e-05,5.62753180115131e-10,-3.71230823859037e-16,-1.19003522287093e-10,-1.52824568786008e-06,1.4401023591783e-07,6.50666660963805e-17,4.9960036108132e-16,-8.84414518367792e-08,3.44070984364737e-10,1.50354430525288e-16,-1.63115550688882e-09,-1.34200907594719e-16,3.31549024346067e-16,7.81372621090216e-17,1.74304800502767e-16,-1.54604639660135e-16
"t136",0.0775914075558622,0.0116426458090921,0.0831932390179159,-0.02874004081957,-0.195938503236052,-0.0110150868086192,0.0246885005212054,-0.0109883162416282,0.000616701887061234,-0.0366849955153801,0.00880728072204474,0.000140564307737268,0.00304235763467801,-0.00869368749993015,0.0717617418441734,0.0243488655606561,-0.316874788611149,-0.0014026789224495,-0.000934090239107208,0.00144933777481074,-1.53682509260065e-05,0.245077437523193,0.000711178967184801,-0.0208645817665547,-0.000271607532092949,-0.000214003920214167,4.04403897169055e-05,-5.4559081933204e-05,1.83930340523606e-06,-6.39596434855866e-06,-6.64117232579355e-06,0.000368674786681169,-0.000390344305176378,-0.0134768643357039,0.000797780888424882,0.0011476753129343,7.57460307851182e-06,0.101501057892883,-0.00249957798843496,0.0217187212017429,0.0810487038769098,0.431394314498466,0.057993773059004,-0.000105535415268571,-5.53506930066329e-05,-0.000107763926867888,1.61348259354975e-15,-5.82562291673525e-07,-2.12908491652869e-07,-0.000190142798493833,0.000148158311362604,-9.44264174237779e-06,-0.0010553021392086,0.00623231513248025,-0.000535388224329986,-0.00272169475440196,2.94557789989118e-07,-1.77443056834006e-06,-0.000113390126280163,-0.00327422204878736,0.000522199906855401,-0.000136446953503847,-5.06081462389625e-05,0.0194309520853389,1.12403246592396e-06,-1.59529166828367e-09,9.70977398031311e-08,-0.00379343172484494,-1.21602862571124e-08,-6.9336948744397e-05,-3.13566499616537e-06,0.00044385376145875,-3.28836165518513e-09,0.00562013358754325,9.64517088990737e-06,3.75082308033545e-12,-3.5449004842647e-12,5.50828259957351e-11,1.94572173513814e-05,2.8523622116251e-16,-5.50377385902123e-09,-0.00158340696433261,-1.64459887869053e-05,0.0536274461321886,-0.00152984610305416,1.91568853172841e-15,-4.34678741066503e-06,3.23970635436477e-09,0.000180125205985251,-4.76814315672957e-08,-7.57225730949604e-07,-5.59498575773568e-09,2.81343665480393e-05,-0.000224001230546685,-0.000658345559491179,1.97390145899994e-08,1.68994451514299e-06,-3.75667751654584e-05,-1.598452591606e-05,0.000771795207940657,1.50412726416404e-06,-4.54448180136708e-05,-1.44206068414601e-07,-1.38769871824065e-08,-1.86936918233427e-08,1.01762668885325e-05,-1.38607262477038e-16,-3.98806564071286e-16,3.01294320871163e-07,-2.37823057683111e-09,-2.0706073046224e-06,9.24764805567958e-06,5.99696952426759e-09,1.94918246192167e-07,-6.93889390390723e-17,9.63942753084998e-16,-1.49928313857099e-05,-1.69266548064238e-09,0.00717908974492152,0.00748744180626333,1.58064696246369e-16,1.97985468434244e-08,-1.06703618535061e-08,-2.54989091963355e-09,0.199546661791886,-0.151145051908058,-2.29329305427976e-05,-4.37749494476298e-10,-1.92517898261677e-06,1.11536140583407e-05,2.52280473133256e-07,1.56948201050083e-09,2.26511133978678e-07,4.54362663938369e-08,-1.30778913025573e-14,-2.68722247058484e-07,0.707106781186547,1.47221001172492e-08,-2.62408430910189e-14,2.6311872796219e-08,1.73289263084199e-11,-5.20807355575137e-15,6.48389794154568e-15,1.51084124617292e-09,3.87044667890692e-07,-1.03498916392423e-07,-3.59730482238189e-08,2.52847410066823e-16,1.57807610967602e-07,7.01680373417763e-10,-2.01933012837353e-10,-4.09864207741179e-16,7.89588480484132e-08,7.52067970071994e-09,1.75671552337438e-09,-5.06812571409754e-08,-4.00265417598716e-11,2.49832247600932e-16,-2.78131291628538e-16,1.96248412935644e-16,-2.84939089525617e-16,-6.15107444146279e-12,1.02912942202403e-05,5.6275279790676e-10,-3.18104917407247e-16,-1.19003547576109e-10,-1.52824568785406e-06,1.44010235941344e-07,-8.90223029647536e-17,-1.24032728532342e-16,-8.84414519074556e-08,3.44070816802985e-10,1.55185375157659e-17,-1.6311554381504e-09,3.56718171907542e-18,9.99634403031635e-17,-1.9586828717825e-16,-1.56161684338471e-16,1.85399192131079e-16
"t33",0.0743461616682488,0.0109576689406051,0.0735010539850721,-0.0253108841093948,-0.153053400787005,-0.0079317537077779,0.0162760756154929,-0.00670595301549095,0.000347729775106245,-0.0160405124809453,0.00348174881636235,4.45397058324849e-05,0.000933660441319611,-0.00181115496274105,0.00906429592808508,0.00138152381574965,-0.00953440292549834,-2.81649574153803e-05,0.000140143251501307,-0.000235628709737989,2.69290211016467e-06,-0.0332892201552788,-0.0019647321606999,0.0228707253560414,0.000267590325939223,0.000208379365893176,-4.36072109626529e-05,6.13536779977443e-05,-2.32046519563038e-06,8.55308825535583e-06,8.97321129575174e-06,-0.00051481744063645,0.000576737060458221,0.0202793900239325,-0.00123889198197442,-0.00187748582626045,-1.23728024819652e-05,-0.157088079572472,0.00379053971622962,-0.0318588801460997,-0.0186527750549455,0.00311140232568595,0.00740803136636457,-1.82054484851857e-05,-0.000130020513131428,-0.00201363912828774,8.03265630141808e-14,6.61665885580211e-06,2.25833287256436e-06,0.00182615351837936,-0.00126423758592356,7.78300334571375e-05,0.0077339803600668,-0.0456046475517851,0.00392314299203917,0.0201936255001187,-2.23306832783138e-06,1.38559700472982e-05,0.00088824567593988,0.0259589530947752,-0.00417421226878167,0.00109246177400453,0.000443900962603321,-0.172246492586814,-1.02625358243016e-05,1.49504970341348e-08,-1.0226890369894e-06,0.0429361174691581,1.44421177752062e-07,0.000838197554959185,3.81921553005409e-05,-0.00543486064022281,4.05877443364285e-08,-0.0734312592425327,-0.000129432967219031,-5.30375526903306e-11,5.30577023288847e-11,-8.34102078476218e-10,-0.000297370468685926,-6.2590508558175e-15,8.97210540683332e-08,0.0262354443686778,0.000273953522680616,-0.923221317891981,0.0264351705380303,-2.67134228126853e-14,7.6322710735194e-05,-5.99585329232788e-08,-0.00334634211966829,1.18982353136012e-06,1.91405450752844e-05,1.4251326508984e-07,-0.000780090773911755,0.00828723701807858,0.0254918465677041,-7.9848694292213e-07,-6.86465397684068e-05,0.00153625386952057,0.00067027264432407,-0.0349630348684899,-7.80614361488787e-05,0.00302920034523547,2.87968599000307e-05,2.9327726219717e-06,3.96225161220817e-06,-0.00317009137633112,5.63917334615167e-16,6.67750152101403e-16,4.64333915866212e-05,-2.90333115267087e-07,-0.000170742416306645,0.000702208079264913,3.70928884673577e-07,9.64267350512446e-06,-1.5334955527635e-15,-1.03740157918117e-15,-0.000335045339479801,-2.90020732051864e-08,0.109410543575495,0.0827152019247495,-4.64806440717858e-16,1.11346179416092e-07,-5.2186680671117e-08,-7.00500830138682e-09,0.124959338368414,0.0015094497125314,3.20317079448978e-05,6.0819294469215e-10,4.88877018953952e-06,-3.13391074163469e-05,-8.46666898040449e-07,-5.91651497022436e-09,-1.22235320232827e-06,-2.9284898374381e-07,-6.2585433968186e-16,2.06622630997012e-06,-1.16147078225417e-16,-1.49029093193124e-07,-3.21416152278619e-17,-3.57489993788448e-07,-2.95161059433382e-10,4.40186082029115e-17,5.24826853893998e-17,-2.79625654738099e-08,-7.17025459981482e-06,2.52606093138343e-06,9.07513335336989e-07,-1.28818631974533e-16,-4.56044458243791e-06,-2.5890970004241e-08,9.13793277879301e-09,-2.9530406478211e-17,-4.01597526104164e-06,-3.93261400061002e-07,-9.36902908396263e-08,2.90147212379436e-06,2.4009862093291e-09,-2.2656704782335e-16,1.64290940564268e-17,3.94299520188252e-17,-1.56903155801564e-16,1.1579732740177e-09,-0.00253634836569521,2.08072385391637e-06,-2.99781900692242e-16,-3.63201109403297e-08,-0.000313288557649543,2.39769068661414e-05,-2.46037174847099e-17,2.98589278302508e-16,-1.2720493019724e-05,4.37072412723374e-08,4.44309134621784e-17,-1.36384945136829e-07,2.97278214331325e-16,1.74556549770166e-16,-6.27402773469013e-17,-2.79843511976087e-16,1.54933784742499e-17
"t25",0.0706978156554256,0.0101912910841472,0.0628420278103343,-0.0215429696128033,-0.107503915495857,-0.00473449559827517,0.00778475722191904,-0.00248760739895886,8.95358406015898e-05,0.0020875751869774,-0.0010200640889523,-2.96873606774063e-05,-0.000674276235390152,0.0025693354068359,-0.0210731011534771,-0.0048140969864727,0.0365020156596489,0.000102705221324362,0.00289449186446353,-0.00319989825005527,2.19731558832783e-05,-0.0143249509570039,-0.0107920189494672,0.0405331163241428,-0.0014128422388542,0.00162792219353394,-0.00022104800958269,0.000284814835282586,-8.929927596402e-06,3.02652802004616e-05,3.12843958905147e-05,-0.00171075541815742,0.00175388119834039,0.0597137746660889,-0.00342191028423509,-0.00397477682343307,-2.54659812102321e-05,-0.252479688506973,0.00575426602146089,-0.0445150929500656,0.00376691790553236,0.0189555950932067,0.00065266553273453,6.23997668798876e-07,0.000181604939709191,0.0081707748240983,-3.92945206294605e-13,-0.000415644989693784,-0.000730935956833573,0.0989503919082405,-0.0248714931091194,0.00124390255295987,0.0583387632415377,-0.304228428917682,0.0255860843362599,0.120779128641608,-1.24598461103907e-05,7.30602971869498e-05,0.00466130437955283,0.133999437341258,-0.0213320794921392,0.0055724455331067,0.00210766276939166,-0.813473700823674,-4.78502087872157e-05,6.90711103367849e-08,-4.54643938109815e-06,-0.0996437629028283,8.05713094534366e-07,0.00460171284832764,0.00020903575775769,-0.0296985675154337,2.21276962084028e-07,0.0726384019136405,-0.00112241279857163,-5.63215485689237e-10,2.48481416692536e-09,4.0157039088597e-07,0.0124131678632865,6.73182708150331e-16,-2.52137916695666e-07,-0.0454053995281666,-0.000399108987963197,0.257826895152327,-0.00486121551055839,9.74281628244345e-15,1.29933382314171e-05,-5.54034274982817e-08,-0.00322165232022862,2.47365936891598e-06,4.01037490368694e-05,2.99902142457571e-07,-0.00170532409055409,0.0191871547117741,0.0592652414297974,-1.8624951537303e-06,-0.000160165257212752,0.00358596179061351,0.00156699811697529,-0.0820527312859586,-0.00018396028443372,0.0071567078758222,6.75008466589702e-05,6.87143241280596e-06,9.28327214993292e-06,-0.00740757098259954,1.27279135781954e-15,4.73628368051149e-16,0.000105825253397154,-6.57871436816037e-07,-0.000381099184571452,0.00156044591269378,8.13058127558004e-07,2.06943070982593e-05,-6.93889390390723e-16,2.91630217716846e-16,-0.000565183119863702,-3.19516029205743e-08,0.0371410497853962,0.0287328388102355,-1.79381667411579e-16,4.64198822157889e-07,-1.96181698584993e-07,-2.01397154650703e-08,0.00893152866649188,0.000119396686793789,0.000158558085227621,2.98384459481709e-09,1.94910577761241e-05,-0.000122014247042825,-3.1725444630175e-06,-2.16663479579368e-08,-4.20664817620382e-06,-9.81462297576247e-07,3.13018006274915e-16,6.7616212840009e-06,-2.77231389488958e-16,-4.72082109379578e-07,1.50068876221911e-16,-1.10024352969832e-06,-8.92062467268762e-10,-9.0205620750794e-17,-9.04222693279938e-17,-8.4017651409195e-08,-2.15426867058625e-05,7.46467537568687e-06,2.67715795212228e-06,-6.08067814998014e-17,-1.336597494257e-05,-7.51465534673207e-08,2.63497731948634e-08,1.92080015467438e-17,-1.1543498025908e-05,-1.12959432253199e-06,-2.68982120324402e-07,8.31605371793667e-06,6.87439785413031e-09,1.34952749744267e-17,1.36155061725722e-16,9.19420971311339e-17,1.34812520765731e-17,3.25833498962362e-09,-0.00148189096040896,5.83682264319784e-06,1.01047642475649e-16,-1.01458143076229e-07,-0.000188032050803667,6.67445308747966e-05,-4.58326910970721e-17,2.12937306676153e-16,-3.53659187314071e-05,1.21371699396591e-07,2.2322407066554e-17,-3.76762704961536e-07,-6.65590635929459e-17,2.57389595748059e-16,8.96775234648557e-17,1.26757667810551e-16,-5.85176099218385e-18
"t8",0.0555363396958067,0.00699758278332929,0.0171759830853927,-0.00535554714203737,-0.0100900275792246,0.00580939307963727,-0.0210042971876845,0.0117207624551929,-0.000762391295202056,0.0347506465326512,-0.0237125810345263,-0.000295211811035428,-0.00320163523687465,0.0164681006071156,-0.102176027437889,-0.0133926738919121,-0.00537681053581195,-0.000400811972607458,0.00512835031246387,-0.0149204895239334,9.44423635530298e-05,-0.00326445156758463,-0.0156089149631953,0.0102902215765622,-0.00926945708223145,0.00640287803019686,-0.000749044980068787,0.000923479961688176,-2.55355181935403e-05,7.97906765238332e-05,8.10623452403843e-05,-0.0041495177819773,0.00337633873713468,0.0883328892525622,-0.0174180460710982,-0.00412167879136238,-3.76685496954474e-05,-0.132391326037603,0.00165386193862352,0.00328916190903009,0.114695035639569,0.000270249933974757,-0.0485773121987462,0.000194459378148371,0.00145292956098923,0.0413755434673479,-1.88303330002906e-12,-0.00143111950951659,-0.00243432218478488,0.307596494377491,-0.0998158849915413,0.00381596208995997,0.121472073649893,-0.54664419857157,0.0443448960234295,0.173816753840503,-1.37840623984425e-05,4.19019790990698e-05,0.00201344009389798,0.175396246646899,-0.0171103325312228,0.00423147689726778,-0.000849413396219991,0.430318695483268,4.28363980579227e-05,-8.57915769586677e-08,1.47872995333587e-05,0.0130652166564775,-5.21524592324296e-06,0.00231527981729523,-0.00162940213986348,0.238937052347366,-1.87599374770026e-06,-0.00546058102218019,0.017195552050989,1.52291524013847e-08,-2.31355725896498e-07,-7.16183406783416e-05,0.039328226360483,-2.08450722397035e-14,-5.83424403377887e-06,-0.121300958947094,0.00509369148434602,0.0101580578935443,0.0885561362983197,9.57930474368445e-16,0.000956047784014513,-1.26835432331532e-06,-0.012609714511121,2.1248689313454e-05,0.000336240802052504,2.47918339822109e-06,-0.0121953043455271,0.0770027294923785,0.242405881837991,1.58160910863956e-05,-0.00310817064789268,0.027819527885006,0.0080700995568504,-0.345232088795691,-0.000651848863418314,0.0195796109327801,7.06509314707324e-05,6.8821146671969e-06,9.27685178982071e-06,-0.00558148411393014,1.28574637871288e-16,-1.91848944259822e-16,0.00091342684265145,7.19837922628379e-07,0.000661955674277053,-0.00297690559816588,-1.95174929024447e-06,-6.3517057376877e-05,-3.19189119579733e-16,5.66605757839169e-16,0.00399304193759693,2.64886200037035e-07,-0.00152952468865885,-0.000863865107126124,-5.19865495561656e-17,-2.05646632794312e-05,1.05238034092299e-05,2.87323545062652e-06,2.50112645412887e-05,1.03085129741009e-06,4.9214689693286e-05,2.15515013066208e-07,0.000966427630856033,-5.60235832274889e-05,-0.000131855553917094,-8.33766797467966e-07,-0.000126635996337067,-2.61103674666814e-05,3.72968926287329e-15,0.000159228747739867,-1.23273035586772e-16,-9.25073209704468e-06,2.01508880603141e-16,-1.80054913290289e-05,-1.29300498266317e-08,-1.40512601554121e-16,4.24955781119981e-18,-1.16978478169142e-06,-0.000299805882887623,9.25073149694533e-05,3.27768551881564e-05,1.47270633292971e-16,-1.71032319330758e-05,-8.20246120779456e-07,2.74831325153883e-07,9.00776826171112e-17,-0.000117789261480181,-1.55230430461311e-06,-2.72241154281559e-06,8.32121966502375e-05,6.83029104599393e-08,-7.1516150986248e-18,3.33073894637376e-16,7.42818683518098e-17,9.80502646411669e-17,2.93502051855118e-08,-0.000134250394812393,5.03114466551352e-05,-1.00613961606655e-16,-8.54207105024213e-07,-1.85440194615046e-05,9.99852626712135e-05,9.53939991193968e-17,-4.16333634234434e-17,-5.31091265445865e-05,9.87143506666008e-07,1.29431125562343e-17,-2.97517863303946e-06,1.25465052004977e-16,3.45209971719385e-16,7.80149298231419e-17,3.42394313575591e-17,-8.61061603344234e-17
"t26",0.070974668611939,0.0104037867628139,-0.0921624619552377,0.00729321820376772,0.00251547735663135,0.000245943107750974,-0.0323155898349615,-0.0122782602813092,7.86114669442453e-06,0.00365555240708742,-0.00418451163978561,-5.97492484958104e-05,-0.000486993966453986,0.00385423518647332,-0.0256277962632988,-0.00346655059986662,-0.00256813617315444,-0.000113497205271015,0.000677188290667251,-0.00444621990143675,2.82347785726302e-05,-0.000489857634056834,-0.00274766371302194,0.00191839040946856,-0.00303310063140394,0.0021020925578478,-0.000249753820421693,0.000309680669436238,-8.69375136389584e-06,2.74068137996637e-05,2.79256641678498e-05,-0.0118961026522979,0.00106428866251649,0.0235621929911242,-0.00797495746343404,-0.0013010141133049,-1.5596848853679e-05,-0.0501882824138917,0.00046420269934805,0.00499778544043494,0.186772468752392,-0.00589732351406006,-0.153062867413071,0.000787436804693946,0.00642835809997985,-0.00421201755992912,1.18356312403392e-13,-0.000133508682676874,-0.000248231421462179,0.0354949836847082,-0.0158702987552933,0.000581315105601551,0.0797942474077673,-0.0747349988653235,0.00630158697548842,0.0258029734897406,-1.90756475164891e-06,2.21876602558629e-06,-0.00940236923811149,0.0355887503768792,-0.002640848397876,0.00062884689824835,-0.000238309914513833,0.107170269314186,8.56112440506722e-06,-1.46775505493527e-08,4.11476287011316e-07,0.00876012982008856,3.97835090729191e-06,0.0330844524485746,0.00364435351633743,-0.792490011927584,1.81853584955738e-05,0.00174417178057319,-0.0662977402367276,9.59369325664394e-09,-1.18344548504651e-07,-3.54603189834254e-05,-5.0552504311276e-05,-1.21836793971846e-14,-2.34044046907591e-06,-0.00543990412500229,0.00267891155996214,0.00131619326735391,0.035616417961747,3.56767263030096e-15,0.000372443591629847,-4.53400499465933e-07,-0.000751543388966824,5.40039339149547e-06,8.41340931868614e-05,6.14560158557686e-07,-0.00271046992711762,0.00814908075812279,0.0291278836848069,1.47413422504728e-05,-0.00236846597720899,0.0418080942148755,0.0504361786336857,-0.0123378606348114,-0.00312172944053461,0.263537663717849,-7.22458773612161e-05,-7.4594261769335e-06,-1.00847033359036e-05,0.00865884213720029,-1.35388819208751e-15,4.90543872727581e-16,0.000112971316627445,1.11654572859483e-06,0.0135132840046615,-0.00242267371902122,-1.35814570014522e-06,0.00751167116917569,4.5102810375397e-16,1.40940754492722e-15,-0.419315518870726,4.91113418750699e-07,-0.000531890284599817,-0.000234127996061597,-4.4946198482939e-16,-1.70072753836552e-05,8.47077112074998e-06,-0.00064882735694073,5.3602377207049e-06,2.17489671456261e-07,1.03737392643503e-05,1.44553264672788e-07,0.000629878799945522,-1.16656347458085e-05,-0.00121122400194814,-5.30057112105298e-07,-0.0600471378004597,-1.55838238756969e-05,1.88258079104642e-15,9.35899265933227e-05,-1.72137095402113e-16,-0.00140399883894999,1.85733874438982e-16,-0.00186060393560278,-6.96059258320038e-09,-8.21608406309515e-16,7.01734403032003e-16,-1.0517430465519e-06,-0.0222650467909453,0.00544630384325045,1.67412321737564e-05,1.54208467272737e-16,-3.43884049630846e-06,-4.07966498648516e-07,1.35121224284875e-07,-1.02245042426474e-17,-5.75866536604496e-05,-3.14199443245859e-07,-1.32821967860569e-06,0.00043723421238245,3.31576294464739e-08,-5.52992865581465e-17,9.30031471386837e-17,-4.05029797735378e-17,-4.56144711229533e-17,1.38924582447717e-08,-2.74291656267043e-05,0.00143975218289034,-1.76497271658915e-15,-3.9714556495518e-07,-3.81495692210843e-06,2.0588972464767e-05,-8.11256790325034e-17,2.53378047709862e-16,-1.09450433658884e-05,2.51897143104711e-05,-6.21583640212501e-17,-1.36081477385803e-06,-1.11903129517372e-16,-8.00141203294302e-17,1.34505007163765e-16,-2.96843345920642e-16,-6.1703835090942e-17
"t60",0.0808487272505853,0.0126007090249213,-0.144865394709226,0.0116427453457124,0.0103225451094767,-0.00850488396731766,0.104492057335825,0.0342872399515759,-3.26101196047024e-06,-0.00119537722169151,0.0010656368562598,8.96886888913625e-06,6.77229846482256e-05,-0.000187779248666679,-0.000212558290090116,-0.000168743570729808,-0.000161286361317775,-7.71320113795711e-06,0.000103595277931373,-0.000717446153806336,4.92704438111082e-06,-9.78359330636013e-05,-0.000655269159993116,0.000492357773533854,-0.000816246284592553,0.00064307636864281,-8.80292376901192e-05,0.000114843341451656,-3.74215705176194e-06,1.30808205671823e-05,1.37097565049687e-05,-0.0293177073050738,0.000550883716422347,0.0127724692155351,-0.00469708126003126,-0.0010390295982968,-1.28157152039534e-05,-0.0511445048051892,0.000493081152002459,0.00561115512089412,0.381955516236878,-0.0128980933660565,-0.345534230124547,0.00179797411007887,0.02200199784175,-0.0387976516279814,1.5772331685665e-12,0.000603978563515097,0.000964253940308205,-0.108094192164139,0.0338381563708799,-0.00108459939455936,0.110742687796407,0.117603108545241,-0.00870594460781031,-0.0252941055791919,1.50239528774123e-06,-1.46623627500866e-06,0.00683353452458122,-0.0218605911067843,0.0015679491811472,-0.000370943952149747,0.000105558025551935,-0.0462256640706956,-3.44445487388163e-06,5.57958592124611e-09,-1.26204420637568e-07,-0.00240484479666785,-1.01834764715432e-06,-0.00825003632476208,-0.000898460486511347,0.193774312011707,-4.39010837939119e-06,-0.000360138355119004,0.0974543160531502,-2.24471778168632e-09,2.56905034468069e-08,7.61417210988838e-06,1.07667780250388e-05,2.94047149610479e-15,4.75679156378059e-07,0.0010950653700358,-0.000537663207190701,-0.000259800487362677,-0.00701832679813184,-1.2295989644104e-15,-7.2887701698377e-05,8.71537297697157e-08,0.000144316619044869,-1.09071556576581e-06,-1.7151443172093e-05,-1.26024603119108e-07,0.000605753751610547,-0.00456719304160159,-0.025468270094025,-3.1262794198857e-05,0.00584905061845835,-0.141036818857946,0.42342799117265,-0.00844264057267039,-0.0694625211160032,0.00949716317362549,1.206844417765e-06,1.31228414746538e-07,1.77854883686189e-07,-0.00019259387463692,-2.8590181543065e-15,1.43505012939083e-15,-5.84289488240796e-06,-6.62262817248218e-08,-0.00118585358018457,0.000243440809841791,2.36852447267968e-07,0.623321471254363,-1.20667364988947e-14,-1.43839540337164e-16,-0.000221321297017581,-7.99799909542145e-10,1.34115154399903e-06,9.41924359122183e-07,1.82607952215846e-15,7.4646052589545e-08,-3.61580864220159e-08,-0.0016073295055133,-1.41908349162009e-08,-3.37982346220016e-10,-1.52201446497563e-08,-2.09013032909764e-10,-2.94832258407665e-07,2.81578269682793e-09,-2.83586788731049e-07,-3.24407868623755e-10,-0.000990359569914937,-4.63440336705492e-08,-8.67001335825967e-16,4.04647772530783e-07,1.02484802213022e-16,-0.00428336105696327,-1.33276862341808e-16,-5.31442677233788e-05,-9.7697947776311e-11,1.17527515497429e-16,1.66973272597679e-16,-2.47133488463169e-08,-0.000782312933031173,0.0170044439722457,2.41095993645107e-07,1.63986443094466e-16,-7.06067182609616e-08,-1.00472999451778e-08,3.7009358922037e-09,2.12643158865796e-16,-1.65832875799639e-06,-9.14745796388899e-09,-3.89632210730543e-08,1.31622856854315e-05,1.01419892297762e-09,2.77153415257643e-16,-1.20889928090375e-16,1.35998214381699e-16,-3.11993066572397e-16,5.29024141117038e-10,-1.06946474592431e-06,0.00442785739893098,8.41124045414254e-16,-1.74707055633635e-08,-1.72707214106495e-07,9.50338718038192e-07,1.28452093911472e-18,3.58220397789211e-16,-5.13320592285019e-07,7.70596987741177e-05,1.19264494111307e-16,-6.92039605059303e-08,-5.26087812602705e-17,-7.69783542464708e-17,-1.86865014021197e-17,4.32942725469889e-18,1.50825894941197e-16
"t61",0.0808103047087819,0.0125922759330398,-0.144672664415026,0.0116268785102484,0.0102965597368391,-0.00847738049496027,0.104078829491654,0.0341315622025739,-3.24437958660246e-06,-0.00118742390797821,0.0010579886616501,8.89557388030937e-06,6.71608694313621e-05,-0.000185978929601776,-0.000210284589238952,-0.00016677321481129,-0.000159340455633113,-7.61899918003779e-06,0.000102019533564285,-0.000706278423183101,4.84749998617626e-06,-9.61410551400775e-05,-0.000642632400697014,0.000482387988218719,-0.000799169975535721,0.000628336576253878,-8.5793686640535e-05,0.000111819540864701,-3.63339581966118e-06,1.26800565608855e-05,1.32856261261902e-05,-0.028381296019673,0.000532206888984522,0.0123300883776641,-0.00452758703104841,-0.000996036063357129,-1.22795446285664e-05,-0.0488409089869962,0.000470594814067636,0.00535120033972798,0.361958618100197,-0.012216431620535,-0.327195690997734,0.00170240874486221,0.0207817331559728,-0.0365311495870154,1.48436273890888e-12,0.000565492473635754,0.000902261396326109,-0.101026790618358,0.0315562906398146,-0.00101047789103976,0.102219299184149,0.10811861041791,-0.0079963552600256,-0.0231298090413674,1.36699095180939e-06,-1.32652238491924e-06,0.0061788202152536,-0.0197237523259017,0.00141265022278859,-0.000334108862262742,9.36019589701381e-05,-0.0409151824602685,-3.03308077633522e-06,4.89044189672254e-09,-1.08197250507126e-07,-0.00203108949656469,-8.50953852689698e-07,-0.00686591428192984,-0.000746417252196215,0.160782430106972,-3.63578943347225e-06,-0.000294132087424574,0.0790501324985954,-1.79550735604806e-09,2.02207011065769e-08,5.97261500996285e-06,8.42236904251978e-06,2.21673211027199e-15,3.6476448813893e-07,0.00083534642063402,-0.00040943225732838,-0.000195690891509176,-0.00527981676104739,-1.58285920701505e-15,-5.45343671326847e-05,6.40097721078781e-08,0.000105847157582918,-7.07961945184778e-07,-1.10656605659887e-05,-8.10141639304737e-08,0.000373593084472327,-0.0024013262060214,-0.0130238423659753,-1.55565194954579e-05,0.00290288790082919,-0.0696998476564552,0.205931152764718,-0.0039034351106518,-0.0292491388408774,0.00331935608341166,1.53349213594806e-07,1.56874113731772e-08,2.11942173452824e-08,-1.47215202165974e-05,2.79442051453798e-15,-2.39508616720905e-15,1.6381275378012e-06,2.39885742187845e-08,0.000690768822325201,-0.000158106425616011,-2.0537226048294e-07,-0.770686051220753,1.56680224350225e-14,4.45921237697856e-16,0.00460919818645111,-8.38781755187326e-09,9.148567867644e-06,3.65710077347382e-06,-2.28815572650203e-15,1.89927053766701e-07,-8.81195991494349e-08,-0.00350090885112184,-2.81367270049104e-08,-6.27859361298475e-10,-2.81534567596284e-08,-3.86221479028388e-10,-5.2245060664334e-07,4.94780928474648e-09,-4.90219666214658e-07,-5.54172209857318e-10,-0.00162129716868283,-7.4051729934653e-08,1.23389567115147e-15,6.30102317657547e-07,3.07349433941728e-17,-0.00639327590075526,-2.06133217984928e-16,-7.58111692773109e-05,-1.34942070175325e-10,-1.4658413372004e-16,-2.19667615130534e-16,-3.37630734830881e-08,-0.00106865500653871,0.0224951759131811,3.17866804160679e-07,3.87270388429632e-16,-9.18972623514134e-08,-1.28272260570097e-08,4.66516615127859e-09,-1.15322762149045e-16,-2.07763416023611e-06,-1.14450342855734e-08,-4.87043695678773e-08,1.64007926621274e-05,1.26126293545532e-09,2.15534034124912e-16,-2.72802530898466e-17,-1.55480198542096e-16,1.76097490109695e-16,6.40536791576135e-10,-1.29129186707663e-06,0.00529659465480438,-6.57026516526216e-16,-2.07689704330276e-08,-2.04652845322595e-07,1.12361787363985e-06,-3.16815569534824e-17,5.91757545742588e-16,-6.05798911082023e-07,9.07818639652159e-05,-8.94571584591892e-17,-8.09101180247393e-08,2.08842621592404e-16,3.94215909915729e-16,-3.34567579246653e-18,2.38313463060977e-17,-1.11035023649721e-17
"t146",0.0846506636463375,0.0134516943897879,-0.16572090083842,0.0133658162633592,0.013553851641375,-0.0122630929479037,0.167189098058426,0.0602329603016453,-6.32082206185321e-06,-0.00324916727819209,0.00335135570624591,4.01972137562875e-05,0.000321085377815188,-0.00212525994243318,0.0124688369871418,0.00153610083913488,0.00110069002401547,4.80536553318119e-05,-0.000235202813027661,0.00151633866008569,-9.36599474649687e-06,0.000154677390995056,0.000815101786064133,-0.00055660400351437,0.000869391066779421,-0.000591066245784002,7.1633142278009e-05,-9.11362683075207e-05,3.13334018267147e-06,-1.47681279078519e-05,-1.77602808782425e-05,0.334692050050277,2.09918817098411e-05,-0.000995341981983466,0.000809113727044783,0.000232553015852798,2.86132806172693e-06,0.0109795944287535,-0.000104885827558715,-0.00117893071529332,-0.0718856017781045,0.00240600668288671,0.0642007463307162,-0.000333601114778075,-0.00392451347909002,0.0066171772166201,-2.67057536396026e-13,-9.77484613091779e-05,-0.000155711257127491,0.017431265384399,-0.00551773392510498,0.000179182308097097,0.0253222268861371,-0.00319478234167937,0.000317218509011256,0.00137807882946137,-8.78826196902058e-08,8.45553926239753e-08,-0.00039260128566417,0.00123576471224788,-8.75411924520465e-05,2.06573791929339e-05,-4.94878196540937e-06,0.00212022831846595,1.48441605687347e-07,-2.27290875393423e-10,3.97373284223481e-09,6.54374608122119e-05,2.59441108648589e-08,0.000208582218390854,2.27497934058348e-05,-0.00492281050636992,1.12570119465982e-07,1.52710998789159e-05,0.014542069052654,-2.42978970895697e-12,-5.61767906498423e-11,-1.72005332171171e-08,-2.43608245064881e-08,3.08099538810521e-16,-7.85489524552513e-10,-1.56552757134449e-06,7.29107836836804e-07,2.37812328057118e-07,6.09380464224317e-06,4.41966914097837e-16,4.92043311821883e-08,-1.61128532747339e-11,-2.30892512589866e-08,6.12015571234982e-09,1.08602500183323e-07,8.55495783067017e-10,-8.157203085678e-06,0.000392823758996507,0.00294493075859438,4.89023020173218e-06,-0.000942768031551578,0.0238736802971746,-0.0866904190286648,0.00347036622905993,-0.556444862166338,0.00555913074649403,-2.0843768598405e-07,-2.04901889602673e-08,-2.76337008064273e-08,1.80393181133479e-05,-1.7643598818576e-15,-1.73135315633593e-16,-1.39821700633445e-08,-3.89107976211621e-10,-1.11634813648366e-05,2.31990860222178e-06,1.95388240005825e-09,0.00175703828294805,-7.89299181569447e-16,-1.23360484628937e-15,0.000128733340066292,-3.23258338637319e-10,3.97285005640934e-07,2.13497010043798e-07,-1.58162339058805e-15,2.20985649454519e-08,-1.26197149573893e-08,-0.462516049561313,1.38960636725624e-09,1.51049442769541e-13,-4.96486486900157e-11,-8.61639324004223e-13,-9.53404289414164e-09,1.03588601059264e-10,-1.26634725649243e-08,-1.61656007590522e-11,-6.53780319705829e-05,-3.45096392570044e-09,8.29732379502799e-16,3.39844962596661e-08,-1.24708968842105e-15,-0.00721220095804566,-3.95107436197964e-16,-5.77228274404231e-06,-1.32085368755828e-11,1.33573707650214e-16,1.81910618856137e-16,-3.74050252944369e-09,-0.000118586481501822,0.0323536228693487,-1.29200212832721e-07,-2.87097195249185e-16,-1.463885242261e-09,-9.61880490601861e-10,4.60248696881579e-10,3.24292843012708e-16,-2.3001594057822e-07,-1.29954841203533e-09,-5.62878205338595e-09,2.0156272610812e-06,1.61192584480956e-10,6.49945986501347e-17,-6.06898835488918e-16,3.40507780438655e-16,-8.45972386461667e-16,2.00764800780111e-10,-5.02702504236357e-07,0.521339687576557,-5.47714542990796e-15,8.7609921608852e-09,5.15180515330867e-08,-2.12017597734167e-07,9.93509619581902e-17,-1.61519018646028e-15,9.21707429144226e-08,-0.00617907432523189,2.4132391035586e-16,4.41302584221464e-09,-1.48197772673898e-16,5.30229072454036e-16,1.1873694405217e-16,-6.61306444404679e-18,1.10775403863502e-16
"t147",0.0845055713815869,0.0134192659948195,-0.164930096128923,0.0133004962021269,0.0134323981517977,-0.0121225712621758,0.164856957302565,0.0592718720017211,-6.20792535988582e-06,-0.00317419376021047,0.00326820780681771,3.90686027418645e-05,0.000311936263889997,-0.00205586036935048,0.0120176126676406,0.00147577883933775,0.00105613338889956,4.60862761105964e-05,-0.000223422085670282,0.00143877726416182,-8.87080286981231e-06,0.00014596238989773,0.000764555266995735,-0.000520562095483223,0.000811451388871767,-0.000548396405842418,6.59824467246261e-05,-8.37211913410612e-05,2.85612989154037e-06,-1.34025529051193e-05,-1.61046852919788e-05,0.302653803424934,1.88811896428363e-05,-0.000893497574544671,0.00072351662260502,0.000205105447234376,2.52067071517936e-06,0.00959493375149336,-9.15308879746499e-05,-0.00102698558377415,-0.0617210726533247,0.00206340099725778,0.0550300950111453,-0.000285895862900738,-0.00334536701288771,0.00560291079690453,-2.25916834699016e-13,-8.18035006646755e-05,-0.000130150987703035,0.0145357876765309,-0.00458117092575124,0.000148485542605123,0.0206188783612421,-0.00258274061551463,0.000256024300487054,0.00110372098221333,-6.97977746196337e-08,6.65392785572576e-08,-0.000308667779260677,0.000968299683586172,-6.84409136616788e-05,1.61431645305241e-05,-3.77965428954461e-06,0.00161523754441802,1.12297164321282e-07,-1.70897148414789e-10,2.90831385482606e-09,4.71127374647219e-05,1.84761285177554e-08,0.000147948369896394,1.61091967223316e-05,-0.00348168834430794,7.94728191085426e-08,1.0644358101737e-05,0.0100760262237073,-1.66409082580873e-12,-3.80007548865524e-11,-1.16061000972052e-08,-1.64047283910887e-08,4.7407819794475e-17,-5.21718507088601e-10,-1.03626172217378e-06,4.8207401864996e-07,1.56163309618002e-07,3.99852012591425e-06,2.03655984424713e-16,3.21798159531793e-08,-1.04261914992418e-11,-1.49288345077359e-08,3.74813806981879e-09,6.63689607799471e-08,5.22150262216331e-10,-4.91208208470008e-06,0.000227447944370794,0.00169610488027645,2.80275591991631e-06,-0.000540087292931417,0.0136666559596362,-0.0494936636624943,0.0019658119627665,-0.311306811397629,0.00305207373763286,-1.09610353319842e-07,-1.07626199682552e-08,-1.45139635989179e-08,9.4152922367566e-06,-1.03090817193054e-15,-7.60307661844987e-17,-7.02014142883741e-09,-1.94102931939114e-10,-5.48846528332264e-06,1.13630424671476e-06,9.46988411949443e-10,0.000840030387956093,-5.63785129692462e-16,-5.82955876507529e-16,5.74177863795029e-05,-1.39935310010382e-10,1.69611363042152e-07,8.76563858946786e-08,-5.10897309848169e-16,8.40231279591506e-09,-4.73293983800134e-09,-0.165618029455485,4.70060157870447e-10,4.83146262660012e-14,-1.58088698829679e-11,-2.74646206029284e-13,-2.88742090176833e-09,3.10171467948506e-11,-3.70199072775343e-09,-4.63684581182566e-12,-1.72556602448237e-05,-8.56495131382976e-10,4.49610538362064e-16,7.76887048876268e-09,-7.83431120692269e-16,-0.00135483184248959,-1.31910638064103e-17,-7.28260007574115e-07,-8.33927362591504e-13,9.80118763926896e-17,1.67738675140604e-17,-1.35585357513998e-10,-4.26038295494379e-06,-0.00219683209026971,1.05686653568775e-08,-2.00291703280845e-16,2.0765694038333e-10,2.50429802581982e-10,-1.68926808047147e-10,-5.25905344915777e-18,9.89306240951719e-08,5.7854662955051e-10,2.56647001084997e-09,-9.97177592721645e-07,-8.38662885882871e-11,-2.32918978860775e-16,1.34644656768862e-15,-2.43033514088171e-16,1.25389320417048e-15,-2.16516431059089e-10,5.90572998240186e-07,-0.837737680063293,9.18216240888836e-15,-1.79248174337241e-08,-1.21317173487771e-07,5.54845824551358e-07,-2.82644620514746e-16,2.46444574816818e-15,-2.6486677320374e-07,0.019546914269385,4.31487420842833e-17,-2.3454738277669e-08,2.989420415919e-16,8.85793174920657e-17,1.27910923882416e-16,-7.38188982275568e-17,2.92039018455023e-17
"t173",0.0847519727377167,0.0134743942823664,-0.166279225565933,0.0134119529164123,0.01364092164347,-0.0123647620068351,0.16889201945315,0.060939989521643,-6.40446654785711e-06,-0.00330581236323349,0.00341459040682257,4.10662568957223e-05,0.000328141532155826,-0.00217964458046867,0.0128273036124662,0.00158460152116529,0.00113668522178213,4.96458837054807e-05,-0.000245089558418243,0.0015817090620587,-9.78625777006974e-06,0.000162178593957274,0.00085963209877651,-0.000588718967907642,0.000921426684749433,-0.000630293906597193,7.69789886806574e-05,-9.82270950483063e-05,3.4068389209487e-06,-1.61396729113587e-05,-1.94287397313677e-05,0.367346713680312,2.31910998983293e-05,-0.00110232939892663,0.000900496322400513,0.000263616514259976,3.24880083834889e-06,0.012610427370536,-0.000120711251690705,-0.00136039983924322,-0.0848360995298173,0.00284482874612247,0.075974808290261,-0.000394900503509072,-0.00468717752544035,0.00799524802997019,-3.23323156293652e-13,-0.000120653024322829,-0.000192647342711343,0.0216633549571334,-0.00691623853070993,0.000225453453500796,0.0330743816314277,-0.00424260156299129,0.000422913158561764,0.0018721615383843,-1.22014693053475e-07,1.20411965727244e-07,-0.000560549309325166,0.00178175033264619,-0.000127056155522208,3.00210506377371e-05,-7.75173798585023e-06,0.00335157169709942,2.40888674996043e-07,-3.77894172779995e-10,7.47737977281225e-09,0.000135099885701882,5.75223767656802e-08,0.00047582701412041,5.25496704421567e-05,-0.0114735650314394,2.65992921263806e-07,4.01659180821251e-05,0.0404820538686054,-7.67227542670953e-12,-2.09521702505128e-10,-6.66880690452446e-08,-9.75455079597526e-08,-4.18226301644455e-16,-4.11382256060372e-09,-8.91235343866655e-06,4.27388079678116e-06,1.71117241063396e-06,4.50198285860448e-05,-1.50443304478882e-15,4.11106117538625e-07,-2.40574946498357e-10,-3.65899273464915e-07,-2.3413386330246e-08,-3.92868638168222e-07,-2.99750397934347e-09,2.11408856235521e-05,-0.000534595832017435,-0.00372852715458177,-5.80518373633857e-06,0.00111258902880493,-0.0279097290375012,0.0979197720057793,-0.00355339492715868,0.491053149794857,-0.00396240881960734,9.357896696904e-08,9.08694593721826e-09,1.22474535123988e-08,-7.47895937126123e-06,1.06288464923081e-15,3.56018793878281e-16,3.79721723012969e-09,9.81029502287229e-11,2.36615043516045e-06,-4.69343755175137e-07,-3.45047917430126e-10,-0.000256612116199916,1.13017234459889e-15,-1.38159224856999e-16,-3.36069464536183e-06,-4.21006034879331e-12,1.17074418747811e-08,1.52467968128894e-08,-6.39927466147816e-16,3.18931432571066e-09,-1.98709820635728e-09,-0.0963390032347334,4.55002075798239e-10,3.23158769829762e-12,1.3145386465456e-10,1.76032106236458e-12,2.94330381031202e-10,7.1454966250565e-13,-7.2025605726689e-10,-1.33007591485851e-12,-9.22721251985192e-06,-5.6638361811993e-10,7.85374661622023e-17,6.27911118586399e-09,-1.36045535974776e-16,-0.00154194066143728,-1.02229485519875e-16,-1.38848441701178e-06,-3.39228782091799e-12,1.11239142897013e-16,1.34538201813381e-16,-9.78448387361118e-10,-3.10260832036493e-05,0.00879620740733182,-3.52072171796764e-08,2.93883262711806e-16,-4.006511715664e-10,-2.6021826869607e-10,1.21203017557034e-10,1.02235408847599e-16,-5.92788407388634e-08,-3.33005440104709e-10,-1.43630821404744e-09,5.06182698115861e-07,4.00286485002180e-11,-5.64100876031971e-16,-1.98384069396664e-16,-3.95461782502767e-17,-3.81322918237266e-18,3.43530941811655e-11,-7.85029461435658e-08,0.0460674327885054,-1.34085993176714e-15,2.23538382438824e-10,-2.5312691253467e-10,6.65927566023428e-10,1.36839785225936e-15,5.19712311380927e-16,8.75616611435733e-09,-0.715442303208108,5.26362706092881e-16,-3.4711148324412e-09,-3.6821171018608e-16,2.25053265953679e-16,-2.81632819291002e-17,2.99944093913945e-17,3.04357742675291e-16
"t174",0.084761834232358,0.0134765998473644,-0.166333136131826,0.0134164064097235,0.0136492361271141,-0.0123744063368767,0.169052490555881,0.0610062588608093,-6.41226664488849e-06,-0.00331102129265416,0.0034203781881619,4.1145100869366e-05,0.000328780979701687,-0.00218451779856566,0.012859117200513,0.00158886985150067,0.00113984251929941,4.97853689855627e-05,-0.000245934141033923,0.00158727697272214,-9.82188324267759e-06,0.000162808359286073,0.000863311894746357,-0.000591352470381095,0.000925671076931409,-0.000633443801088673,7.74001446497818e-05,-9.87817727968136e-05,3.42779964004352e-06,-1.62435754694039e-05,-1.95548592698567e-05,0.369797127834376,2.33538142431241e-05,-0.00111020392964499,0.000907153739569613,0.000265798409560405,3.27593268383155e-06,0.0127222072443518,-0.000121791938482058,-0.00137273328033614,-0.0856829267218741,0.00287343403494655,0.0767412474815922,-0.000398888859531473,-0.0047360933176692,0.00808205527208242,-3.26677450415188e-13,-0.000122051076801779,-0.000194894371693172,0.0219191909301416,-0.00699978811901289,0.00022820356299184,0.0335136206764231,-0.00430081318182333,0.000428758481249938,0.00189891442527245,-1.23820425290256e-07,1.22260980556213e-07,-0.000569187832387459,0.00180957024127591,-0.0001290570417173,3.04946113299417e-05,-7.88461764337708e-06,0.00340952677673048,2.45153714067416e-07,-3.84721324443245e-10,7.62422159406679e-09,0.000137880755805667,5.87422835833865e-08,0.000486026558661688,5.36811565241477e-05,-0.0117213901921514,2.71765417942737e-07,4.10665560496957e-05,0.0414033204084224,-7.85183064199743e-12,-2.14569966395378e-10,-6.83041243439945e-08,-9.99200806263001e-08,-2.38073484003072e-16,-4.21707742551537e-09,-9.13771607787136e-06,4.38221382353837e-06,1.75518515057628e-06,4.61796544216451e-05,5.62247535620662e-17,4.21770703418899e-07,-2.46954341797151e-10,-3.75616962331185e-07,-2.41024361395515e-08,-4.04474311647106e-07,-3.08624912674367e-09,2.17815243155543e-05,-0.000551862652559847,-0.00384994718186411,-5.99564773683678e-06,0.00114911745524449,-0.0288270723513606,0.101151300175159,-0.00367204931777227,0.507751486914504,-0.0041007943094538,9.70400742517606e-08,9.42353128933733e-09,1.27011397464299e-08,-7.75821807096667e-06,1.89734696134301e-15,9.60119644510737e-17,3.94582296349041e-09,1.01971402135467e-10,2.46100579809422e-06,-4.88238181278172e-07,-3.59101143677758e-10,-0.000267219363445473,7.59808882477842e-16,-1.11223951618205e-17,-3.5096796284656e-06,-4.40184929852548e-12,1.22476813034898e-08,1.59743103295026e-08,-5.51539546246588e-16,3.35093959158883e-09,-2.08881344369822e-09,-0.101432868871134,4.7996712761423e-10,3.41477208011485e-12,1.3893287873026e-10,1.86060473194379e-12,3.115493720212e-10,7.5677318935883e-13,-7.63180019310984e-10,-1.4102161279006e-12,-9.80476869957471e-06,-6.02790584428806e-10,2.15206978011395e-16,6.69607511474303e-09,5.478331052112e-17,-0.00165129364228612,-8.11217096987386e-17,-1.4967943419466e-06,-3.68260877101224e-12,-2.9468615048156e-16,1.24420196125831e-16,-1.06545141340461e-09,-3.37861831805503e-05,0.00969795085148521,-3.88833106601321e-08,-3.06046771314947e-18,-4.45866789024855e-10,-2.94245315522411e-10,1.39199234244638e-10,-1.96814940660976e-16,-6.87491915685786e-08,-3.87136221756904e-10,-1.67268099306346e-09,5.93246964149659e-07,4.71150855417719e-11,5.18902353698445e-16,1.43239814675611e-16,2.471811294147e-16,-6.15007620907821e-16,4.56404760989723e-11,-1.07251249063673e-07,0.0747256651154129,-2.103623265165e-16,5.05591684803999e-10,-9.82394829609005e-10,2.38500483553116e-08,-1.20452989643292e-15,-5.58906219916278e-17,-2.75371137250615e-08,0.698365750787804,-3.12917227414343e-16,-1.4436469088035e-09,3.6986338144824e-16,3.98064827628053e-16,-1.24780508293274e-16,1.37167352202696e-16,-3.9067542109008e-16
"t130",0.0845750050808779,0.0134347808804013,-0.165308140965719,0.0133317212856249,0.0134903762461796,-0.0121895947515437,0.165968353998848,0.0597295708385605,-6.2616551353539e-06,-0.00320981160361225,0.00330768564575079,3.96038588275524e-05,0.000316274712264114,-0.00208872248135183,0.0122310194246169,0.00150427826713132,0.00107717573299273,4.70152465397502e-05,-0.000228967617205579,0.00147527462899075,-9.10368631991225e-06,0.000150056207331213,0.000788254555296923,-0.000537445501704051,0.000838575747001095,-0.000568336289640194,6.86174235087853e-05,-8.71762273636299e-05,2.98501280910664e-06,-1.40366860269065e-05,-1.68733242145766e-05,0.317517165092356,1.98590368693363e-05,-0.00094065681197979,0.000763114594117311,0.00021776301250224,2.67772761616765e-06,0.0102322967266234,-9.76766078206081e-05,-0.00109688553912019,-0.0663865736105127,0.00222063287987921,0.05923850240185,-0.000307787279813567,-0.00361096978153283,0.00606778785382621,-2.44673578775686e-13,-8.91077849381498e-05,-0.000141859802228105,0.0158621585011475,-0.00501022592280009,0.000162549181038298,0.0227775178121202,-0.0028640377609093,0.000284160314644775,0.00123013615642605,-7.81560405949146e-08,7.49015772709828e-08,-0.000347644998661261,0.00109274093735948,-7.73394880059092e-05,1.82468499941321e-05,-4.33481509570809e-06,0.00185568179245967,1.29649331036502e-07,-1.9819430037697e-10,3.45074957860568e-09,5.68834906029159e-05,2.26196389353436e-08,0.000182161452328659,1.98845467725538e-05,-0.00430549818323784,9.85537025710961e-08,1.35045858616298e-05,0.0129478236826856,-2.20423753480048e-12,-5.2623483695613e-11,-1.62526020239414e-08,-2.31923440338161e-08,2.94134094283002e-16,-8.05641721124552e-10,-1.65031094542138e-06,7.76384301371861e-07,2.7367476742817e-07,7.08938097326872e-06,8.04830409919004e-16,6.03775934865711e-08,-2.6906174953789e-11,-3.9993993310598e-08,2.02729887610637e-09,3.73039479138754e-08,2.99492643582495e-10,-3.25869952501464e-06,0.000173961366997412,0.00130595285902256,2.16821848484135e-06,-0.00041796829850622,0.0105825853441852,-0.0383974369141306,0.0015306804110028,-0.24258067072319,0.00235744007771865,-7.97790795435509e-08,-7.81503404492182e-09,-1.05377395424e-08,6.74371600339371e-06,-7.26979068923459e-16,-1.29900856958077e-16,-4.47759375108347e-09,-1.20639557965556e-10,-3.19007153583216e-06,6.47668112475128e-07,5.07883403844285e-10,0.000409935736441755,-9.62771529167128e-16,1.74735708883241e-15,7.97497282164184e-06,1.17826250852916e-11,-3.53774140033118e-08,-5.72700567215809e-08,3.44120031508484e-15,-1.88693878160637e-08,1.28363445129037e-08,0.859495735422507,-6.6302974146466e-09,-9.72198777817871e-11,-4.2764395530099e-09,-5.84041568083468e-11,-6.78422886297644e-08,6.27065167682249e-10,-5.95639552034e-08,-6.55629312775949e-11,-0.000178767356536339,-7.98583878967299e-09,-1.42160041320716e-15,6.76893973212099e-08,2.11615697523302e-15,-0.0117003786335444,3.81406079409608e-16,-7.78309647527346e-06,-1.57740220954292e-11,5.95226992694542e-17,-5.06682091988045e-16,-4.28820702208871e-09,-0.000135887950494315,0.0327323385243742,-1.28889089925607e-07,3.2145804782525e-16,-1.38048109226735e-09,-8.23077933691679e-10,3.63843477485445e-10,8.30883086964568e-17,-1.73820761634452e-07,-9.71622005209361e-10,-4.17653453344663e-09,1.45528380008485e-06,1.14307517363197e-10,3.72493447241442e-17,-6.60632742890095e-16,-1.32384649091469e-16,1.31314253840292e-16,9.29102328113638e-11,-2.13092190567488e-07,0.133032251315625,-1.38374012768894e-15,7.82659569457651e-10,-1.3110619291982e-09,2.58852728223817e-08,1.00181580151747e-16,-4.22838847269347e-18,-1.9935101939538e-08,0.00266621360444009,-8.69426204002208e-17,-4.84616014396859e-09,2.79380694857418e-17,2.26435623723598e-16,-3.3195032132913e-17,5.73295965203146e-17,-4.1567315206035e-17
"t102",0.0841811698852857,0.0133463657764433,-0.163118983341308,0.0131507626775743,0.0131447615874858,-0.0117829351816431,0.159103116482998,0.0568605136865247,-5.92006129500553e-06,-0.00297418550024961,0.00304294592675086,3.59192215219018e-05,0.000286307626315093,-0.00185373391987131,0.01065762653011,0.00128827111243081,0.000915902563440092,3.98648855216209e-05,-0.000182235722941766,0.0011642062819398,-7.08118133985929e-06,0.00011306427915624,0.000558354551374117,-0.000367359223849595,0.000557648753218632,-0.000342136422660638,3.42751618508646e-05,-3.9165441025812e-05,6.68378931295414e-07,5.16610895897121e-07,1.90212561874308e-06,-0.162428867455797,-0.000261144498794439,-0.00501475016830631,0.0014390143531813,0.00018011614583625,2.12719240660897e-06,0.00622737867076398,-5.66898644658888e-05,-0.000597862129351227,-0.0174319946058716,0.000529635800109165,0.0134805009125938,-6.88484352627089e-05,-0.000380230281059155,-0.000390981164630309,2.46035072535588e-14,4.10038968469412e-05,7.28895512264235e-05,-0.00992277344869042,0.00439674575825809,-0.000164543715687537,-0.150094269137515,-0.0313295567730464,0.00191231221729093,0.00269746359815352,-7.55021701355443e-08,1.84267942224259e-08,-6.50192691383724e-05,-2.27513102475723e-05,1.17855439278388e-05,-3.24300323307223e-06,6.60668283674476e-06,-0.00314010516009442,-2.84717377667496e-07,5.34438206997088e-10,-2.09700417242364e-08,-0.00057519537559631,-3.34975803846851e-07,-0.0031503385934542,-0.000368451951697702,0.0838726017551022,-2.07468844803417e-06,-0.000555614269196731,-0.830826462751138,1.20997118310403e-09,-5.92335083759998e-09,-1.53469283928717e-06,-1.95863684597652e-06,3.6244989880383e-16,-4.45700182009906e-08,-8.68461540114537e-05,4.03239389614324e-05,1.35271073229061e-05,0.000349544365356314,2.98836186711857e-15,2.96530767537516e-06,-1.40869597203255e-09,-2.11385000226291e-06,-6.2526563120364e-08,-1.01965741141008e-06,-7.64909474242114e-09,4.46977441348586e-05,-0.000536105996709255,-0.00320358901179274,-4.22033256956881e-06,0.000795173997157438,-0.0193960918090093,0.0609179942503848,-0.00144666793864841,0.0290418415833996,0.00197023194723758,-1.88591683598742e-07,-1.87474517239538e-08,-2.52972287500495e-08,1.74539727857756e-05,8.91445108941965e-16,2.68485381242865e-16,-1.6777820990384e-08,-4.77546743422931e-10,-1.42859967213937e-05,2.995937291614e-06,2.58048405820527e-09,0.00237458317932046,-2.67147415300428e-16,2.01668331544539e-16,0.00018124653422882,-4.48570306924752e-10,5.43892973335191e-07,2.73401753362214e-07,2.33829169116007e-17,1.92182659128045e-08,-9.335220272418e-09,-0.012861134145857,-3.62563563093833e-09,-9.07714329787767e-11,-4.10297298573456e-09,-5.6396002168422e-11,-8.30194865474726e-08,8.00959706176601e-10,-8.24352189551401e-08,-9.59745100233278e-11,-0.000317819483578568,-1.59033561304787e-08,4.82455044720974e-17,1.54713552158806e-07,1.70618747162886e-16,-0.0897017605371214,-6.92089519643092e-16,-2.30981489615061e-05,-6.52974290602113e-11,3.7621815385247e-16,4.96356259126392e-17,-2.06917743371383e-08,-0.000656971814091118,0.412713522701966,-2.08159742992055e-06,1.57284424743035e-15,8.69912237620673e-08,4.36941485120196e-09,-9.68886306278296e-10,1.827456510903e-16,3.43744348837646e-07,1.80128202924284e-09,7.40319074674176e-09,-2.2106911178364e-06,-1.57655356109419e-10,1.66433013377674e-16,-6.34471985960181e-17,1.98024506394326e-17,-4.48493520247603e-17,-1.98781913238882e-11,3.09567256735155e-08,-0.000111440671431896,9.92044987824237e-17,-2.16614790083465e-10,-3.40330155131749e-09,2.3369621010573e-08,-1.31987154057393e-16,3.58979339309951e-16,-1.46463719062452e-08,2.94809269798093e-05,-1.12996220352965e-16,-3.27339617000807e-09,-8.32019852133962e-17,3.06395533944404e-16,1.28323333892112e-16,1.23538721707238e-16,-1.5845779363286e-16
"t103",0.0839263218855346,0.0132895226475552,-0.161742566742613,0.0130371113909254,0.0129361488928904,-0.0115435771657605,0.155165021888398,0.055249382726813,-5.73215617172757e-06,-0.00285198627095054,0.00290842922676335,3.41200753766469e-05,0.000271751303521487,-0.00174555536277102,0.00996744715549883,0.00119763322784322,0.000849445011127086,3.69388711900575e-05,-0.000165814317016159,0.00105702871067748,-6.40690622469861e-06,0.000101575921119231,0.000495775294314457,-0.000324321148794613,0.000490360482660757,-0.000297320315571275,2.93565251829296e-05,-3.33628354791001e-05,5.60404236061218e-07,4.29247752967155e-07,1.57775193752516e-06,-0.133957145839184,-0.000212971768896372,-0.00407272451901471,0.00115914568360425,0.000140845788593032,1.65917352148949e-06,0.0047719879489958,-4.33067615924849e-05,-0.0004549091178314,-0.0128363734958827,0.000388966513426563,0.00988824120490387,-5.04804462928235e-05,-0.000275355888215952,-0.000278715934366586,1.73570704275651e-14,2.84244349874149e-05,5.037757460645e-05,-0.00681915177972211,0.00298944818025395,-0.000111353312533461,-0.0971822028914906,-0.0199110989851415,0.00121011470332005,0.00167266296089469,-4.57719451261179e-08,1.08916616959167e-08,-3.83337871797752e-05,-1.32876605057209e-05,6.84004933719159e-06,-1.87983905439821e-06,3.58247096629897e-06,-0.00168980678618762,-1.49985960403126e-07,2.76243100529394e-10,-9.93053007717921e-09,-0.000257339538869145,-1.44072293028867e-07,-0.00133501575370566,-0.000155152258704775,0.0351597843101395,-8.6383471418538e-07,-0.000220186007848719,-0.321503191311273,4.46360391970067e-10,-2.07081701439349e-09,-5.30558953698671e-07,-6.71071922205562e-07,3.67491106907509e-17,-1.4324626107703e-08,-2.74553948201842e-05,1.26786064675612e-05,4.11115892302073e-06,0.000105822673849564,5.31431649828336e-16,8.82810223352178e-07,-3.96495743496426e-10,-5.92528309317361e-07,-1.24355954792349e-08,-1.9956669431348e-07,-1.48279901774013e-09,7.77592764443589e-06,-6.26099700769166e-05,-0.000349601772991594,-4.30901743662431e-07,8.06705702022417e-05,-0.00194745577571085,0.00588208434909524,-0.000123420522910489,0.00196338945999676,8.07678716773931e-05,3.57430002609349e-09,3.85197349819962e-10,5.21779366919163e-10,-5.10814080417871e-07,-4.90588722192916e-17,-1.54883826479832e-16,1.37382374638782e-09,4.32439203537641e-11,1.57038608514654e-06,-3.44220346832398e-07,-3.32423252336414e-10,-0.000348475955183911,1.56125112837913e-16,4.79869394486115e-17,-4.27413169281104e-05,1.22493984341615e-10,-1.57809649144095e-07,-9.22654958510556e-08,8.0757441855889e-17,-8.21270105340246e-09,4.13486885118971e-09,0.00636102603603561,2.0160160974276e-09,5.57713083391061e-11,2.53919367789816e-09,3.49630601273598e-11,5.55396426852456e-08,-5.44776547521294e-10,5.79792552262924e-08,6.92440575364439e-11,0.000253596397506816,1.35431710280003e-08,-3.10244881064439e-16,-1.42276359129875e-07,3.81853478824123e-16,0.0955978088829055,5.64731350128903e-16,3.00199231099214e-05,1.01608594320685e-10,-1.31947404391486e-15,-6.69046441150459e-17,3.45811309044165e-08,0.00109888405685858,-0.88911488520179,4.62869847975777e-06,-3.50611894014175e-15,-2.20760213968581e-07,-1.41436663719995e-08,3.85289863397378e-09,-1.21284101835917e-15,-1.53811111672404e-06,-8.28841260222656e-09,-3.47493556559163e-08,1.11440495274463e-05,8.32878276546198e-10,-5.75122870052781e-16,2.404955323743e-16,9.22090710056607e-17,8.94316208978311e-17,3.16525810661709e-10,-6.27520842477348e-07,0.0289550737775488,-2.13587827979644e-16,-8.09534296094725e-09,-7.96806521179637e-08,4.3440138482184e-07,1.64480883084169e-16,2.9696297504378e-16,-2.32485912279198e-07,0.000410306531042555,-2.19467665928813e-16,-2.97199330254357e-08,-4.60984529064269e-17,7.59266781391599e-16,-1.49055835136114e-16,-1.72270327869291e-17,-1.50349718526416e-16
"t148",0.0846131713215353,0.0134431917741078,-0.165502875201883,0.0133477626843868,0.0135171296870752,-0.0122181140971024,0.166397820276655,0.0598908191419046,-6.2787182955958e-06,-0.0032172647229956,0.00331433006885561,3.9648589381794e-05,0.000316586887573672,-0.00208692453188647,0.0121925855476241,0.00149557557903971,0.001069616584885,4.66617987186735e-05,-0.000223937874098051,0.00143935691940896,-8.84334955851074e-06,0.000144217444093738,0.000739126969653247,-0.000495723903526079,0.000762939023313934,-0.000488696449361528,5.18824612248878e-05,-6.0689554191484e-05,1.11519506939257e-06,9.03176302658251e-07,3.35632900779829e-06,-0.295931681042717,-0.000508877227613967,-0.0100374817057756,0.00304686261122708,0.000490013225819108,5.93976974934974e-06,0.0214470881608367,-0.000203819928179382,-0.00227965804035659,-0.140812168650244,0.00473397834471538,0.12659099157669,-0.000658307295336795,-0.00796336593178476,0.0141194960070256,-5.7647284517294e-13,-0.000240041993364175,-0.000390158887848367,0.0455565409372944,-0.0158516128968033,0.000540973808700652,0.260355246044743,0.0445833831760111,-0.00260878235405625,-0.00306096004755212,7.13842482393058e-08,-1.44992700444325e-08,5.02756472990112e-05,1.65120794489248e-05,-8.20887392010252e-06,2.24088257675379e-06,-3.08525518628562e-06,0.00140770542378905,1.14207796842402e-07,-1.94841554604393e-10,5.07168298303313e-09,0.00010840744011459,5.33179391352728e-08,0.000470788415065777,5.35992501675791e-05,-0.0119705289864782,2.8769464342883e-07,6.24466262272909e-05,0.0843198544413627,-9.97041704704984e-11,3.82724160740214e-10,9.40999811505079e-08,1.15096053628911e-07,5.64943799463593e-17,1.90155578938448e-09,3.3902750882212e-06,-1.52749766162849e-06,-4.20876593670111e-07,-1.06215398787301e-05,-3.53504557598811e-16,-8.10813798927654e-08,2.56756888487655e-11,3.72415878952834e-08,-9.03718877896712e-10,-1.56350107625525e-08,-1.21173990732772e-10,9.28319828375889e-07,-1.63731561609512e-05,-0.000100626019479209,-1.35578760342079e-07,2.55945983866313e-05,-0.000626223128207934,0.00198801503414588,-4.84960511917473e-05,0.00100322807787926,6.94690453627506e-05,-6.33212825142809e-09,-6.27529289274308e-10,-8.46638655507831e-10,5.7350179402299e-07,-3.14806073967574e-16,-3.08807078290164e-16,-4.59140398463071e-10,-1.24997012153492e-11,-3.31848011952545e-07,6.713743404829e-08,5.15504925530617e-11,3.92906332771897e-05,9.84455572616838e-16,5.09179954668651e-16,-1.00337051781243e-06,7.79515142683943e-12,-1.27037796867429e-08,-1.14479325696793e-08,4.05800487186811e-16,-1.6543985399296e-09,8.88477724240153e-10,0.0016581756812652,6.44979089276816e-10,2.14397985032285e-11,9.89672250727813e-10,1.36690324932754e-11,2.53289157675207e-08,-2.57429694980317e-10,2.95292494103911e-08,3.74455163599553e-11,0.000180329145627066,1.20539638177614e-08,2.17945480467222e-16,-1.80690861836504e-07,-8.96153992084365e-15,0.836594572020562,6.59387923530389e-15,-3.25419512182496e-05,-4.79956579302179e-11,8.21174725440521e-16,-2.90975284361378e-16,-1.28072817616907e-08,-0.00040587546446226,0.155477319778447,-7.39264886880369e-07,1.85395313571411e-15,2.38088508182063e-08,6.07677263098367e-10,-2.2505030530883e-11,1.51069743818009e-16,-1.666947586779e-08,-1.19394677980011e-10,-5.85991001091134e-10,2.80482625306129e-07,2.51705819951037e-11,-3.86086151716523e-16,8.33831924511885e-17,6.83949384291687e-17,2.85297064914239e-16,3.0131023584924e-11,-6.38059049081603e-08,0.00356715446129478,-6.44639506705569e-16,-1.11251177402892e-09,-1.153692041136e-08,6.51124996738953e-08,-9.73642612479394e-17,4.52003885709207e-16,-3.58299317796786e-08,6.49012723729809e-05,-2.58869247813382e-16,-5.22245847710604e-09,5.06970264882372e-16,3.39558567895304e-16,-9.0937158056796e-19,5.96203503184125e-17,7.46689878404963e-17
"t178",0.0847388896247246,0.0134713206693542,-0.166191346924329,0.0134046401758201,0.0136235410362762,-0.012341687359551,0.168456056732179,0.0607414247156081,-6.37889759383833e-06,-0.00328424108788343,0.0033887631961986,4.0662595820897e-05,0.000324810555334651,-0.00214955183797813,0.0126008748643581,0.00155025165653536,0.00111002254690519,4.84461821748367e-05,-0.000234607321207747,0.00150954001109849,-9.29061005357959e-06,0.000152045325499452,0.000783798502110233,-0.000527186494644798,0.00081297123549298,-0.000523817437273537,5.60149826016226e-05,-6.57020073861665e-05,1.21690063276657e-06,9.90023526252644e-07,3.68222614714972e-06,-0.325602570644868,-0.000563048419235464,-0.0111291717151165,0.00339217636852113,0.00055373873116671,6.72083198423019e-06,0.0244845501894864,-0.000233048910754828,-0.00261179906688878,-0.164014670717231,0.00552146325345251,0.147738613366442,-0.000768444802189076,-0.00935398294369668,0.016717588408143,-6.83489609546458e-13,-0.000288253604820866,-0.000469227418873977,0.0549469285029247,-0.0192225251768214,0.000657572191797497,0.323624041898214,0.0559413771070176,-0.00328053648111282,-0.00388883501939276,9.17320316029148e-08,-1.88718611759578e-08,6.5521460373048e-05,2.16219206041374e-05,-1.07833511391951e-05,2.94550396892832e-06,-4.19381560752509e-06,0.00192083262442341,1.57512168977834e-07,-2.71284823420568e-10,7.37608770969958e-09,0.000162149921237391,8.13067264049101e-08,0.000723139231698348,8.2584030090148e-05,-0.0184842052408641,4.45711142159917e-07,9.90877012170906e-05,0.135335838878471,-1.63723418705279e-10,6.44614163750837e-10,1.59324635185488e-07,1.95693299274272e-07,-9.79384234849264e-17,3.33038395516182e-09,5.98280862525464e-06,-2.70230051263856e-06,-7.56162015442443e-07,-1.91165177570439e-05,-2.28912910612196e-16,-1.47036472635064e-07,4.77420272780264e-11,6.93740594491035e-08,-1.94183483485585e-09,-3.38046468971973e-08,-2.62961169915257e-10,2.09804388351815e-06,-4.22174735334632e-05,-0.000264605803203535,-3.63172308517249e-07,6.86790082823333e-05,-0.00168507931408864,0.00540534084722285,-0.000136041419830242,0.00296441450064305,0.000223587513378533,-2.57890644465549e-08,-2.57449389237324e-09,-3.4746693213668e-09,2.45164425175988e-06,4.82007847629149e-17,1.76904461729814e-16,-2.657682007313e-09,-7.69894940182132e-11,-2.39124081278947e-06,5.06134939030298e-07,4.47074400314025e-10,0.000424352149484208,-4.02672686861116e-16,-4.25329498903464e-16,3.70947101538903e-05,-9.65539542010618e-11,1.19710099368429e-07,6.38872254676693e-08,-1.44400710188756e-16,5.01346927326426e-09,-2.48232029422516e-09,-0.00364779521353825,-1.11493139672688e-09,-3.03520446383972e-11,-1.3812271249993e-09,-1.90144360687537e-11,-3.02996121179233e-08,2.9803388737001e-10,-3.19908995054866e-08,-3.85668250265335e-11,-0.000151715779623805,-8.8725109923199e-09,-9.01146503670966e-17,1.13065392847594e-07,3.84608668942713e-15,-0.375208424542179,-3.16601631251396e-15,8.60035084656555e-06,6.54074616021735e-12,-2.12700137450922e-16,1.04367883688047e-16,1.19714386604762e-09,3.77443921587968e-05,0.00476568339613816,-3.22030441771636e-08,-2.72911595477841e-16,2.19986876592455e-09,1.00048790554247e-10,-4.76713517659265e-12,3.35705314633147e-18,-3.90644648863548e-09,-2.8567408424507e-11,-1.42207364560134e-10,7.13323594778131e-08,6.58256194913326e-12,-8.47299549884907e-17,-2.05366546278291e-16,-2.6531953658965e-17,2.25843858390292e-16,1.07976101374103e-11,-2.35029397033031e-08,0.00143286436934148,1.10185433910628e-16,-4.71421510731879e-10,-5.02007205957439e-09,2.88446080847341e-08,-3.3619066405838e-17,1.12574066821886e-16,-1.6105446538174e-08,2.95772251781473e-05,0.707106781186549,-2.51933597941395e-09,-1.81743835355651e-16,5.7017175811476e-16,1.06587046982279e-17,-4.38564502797947e-17,-5.7686094843269e-17
"t179",0.0847388896247246,0.0134713206693542,-0.166191346924329,0.0134046401758201,0.0136235410362762,-0.012341687359551,0.168456056732178,0.060741424715608,-6.37889759382057e-06,-0.00328424108788343,0.00338876319619856,4.06625958208866e-05,0.000324810555334654,-0.00214955183797815,0.0126008748643581,0.00155025165653534,0.00111002254690515,4.84461821748433e-05,-0.000234607321207745,0.00150954001109854,-9.29061005355052e-06,0.000152045325499449,0.000783798502110242,-0.000527186494644784,0.000812971235493023,-0.000523817437273574,5.60149826016388e-05,-6.57020073861589e-05,1.21690063280091e-06,9.90023526276063e-07,3.68222614714436e-06,-0.325602570644868,-0.00056304841923546,-0.0111291717151165,0.00339217636852114,0.000553738731166693,6.72083198439233e-06,0.0244845501894865,-0.000233048910754943,-0.00261179906688885,-0.164014670717231,0.00552146325345244,0.147738613366442,-0.000768444802189112,-0.00935398294369669,0.0167175884081429,-6.8351010096688e-13,-0.00028825360482085,-0.000469227418873912,0.0549469285029246,-0.0192225251768214,0.000657572191797319,0.323624041898215,0.0559413771070178,-0.00328053648111287,-0.00388883501939268,9.17320316118325e-08,-1.88718612477726e-08,6.55214603730736e-05,2.16219206042015e-05,-1.07833511392666e-05,2.94550396898908e-06,-4.19381560757374e-06,0.00192083262442341,1.57512168830918e-07,-2.7128480430314e-10,7.37608749829709e-09,0.000162149921237445,8.13067264384662e-08,0.000723139231698372,8.25840300902198e-05,-0.018484205240864,4.45711141781481e-07,9.908770121696e-05,0.135335838878472,-1.63723468988553e-10,6.44614126237442e-10,1.59324635015568e-07,1.95693299288782e-07,-1.76136507473905e-16,3.33038372708178e-09,5.98280862545233e-06,-2.70230051259441e-06,-7.56162015558608e-07,-1.91165177570208e-05,-4.2016617412096e-16,-1.47036472356214e-07,4.77420784761388e-11,6.93740596642633e-08,-1.94183481009232e-09,-3.3804646932555e-08,-2.62961091739198e-10,2.09804388359524e-06,-4.22174735335203e-05,-0.000264605803203465,-3.63172308365829e-07,6.86790082822371e-05,-0.00168507931408863,0.00540534084722272,-0.000136041419830363,0.00296441450064285,0.000223587513378304,-2.57890642194687e-08,-2.57449345512467e-09,-3.47466954307513e-09,2.4516442517269e-06,-3.43827625042491e-17,2.44775518464077e-16,-2.65768183970239e-09,-7.69896187871954e-11,-2.39124081272384e-06,5.06134938978903e-07,4.47074733286065e-10,0.000424352149484546,-3.62990887348147e-16,-3.07259882321192e-16,3.7094710153973e-05,-9.65540854180061e-11,1.19710099155311e-07,6.38872262823792e-08,-3.07689504535653e-16,5.0134693648082e-09,-2.48232050985349e-09,-0.00364779521353883,-1.11493131591987e-09,-3.03523255819408e-11,-1.38122710345868e-09,-1.90154145058131e-11,-3.0299612200404e-08,2.98033538350128e-10,-3.19908996088544e-08,-3.8566716958682e-11,-0.00015171577962346,-8.87251124043957e-09,9.7443833192806e-18,1.13065392759421e-07,3.74438192831558e-15,-0.375208424542181,-2.80474988380281e-15,8.60035084681143e-06,6.53966881584529e-12,-4.28266634395352e-16,2.82162856616365e-17,1.19714526205146e-09,3.77443921582951e-05,0.00476568339613828,-3.22030441597961e-08,-5.94106489073877e-16,2.19986883143025e-09,1.000485005534e-10,-4.76676723585652e-12,1.48343028350442e-16,-3.90644638547364e-09,-2.85672260228895e-11,-1.42207211269193e-10,7.13323589304574e-08,6.58220570740444e-12,3.83767356242471e-16,-6.13883597227062e-17,9.52347634476722e-17,-7.27454199630119e-17,1.07978405066551e-11,-2.35029385858435e-08,0.00143286436934159,1.96291415196712e-16,-4.71422371908583e-10,-5.02007215208029e-09,2.88446068736135e-08,1.75162034794805e-16,2.74384464801769e-16,-1.61054460416806e-08,2.95772251772926e-05,-0.707106781186548,-2.51933504703735e-09,-2.21988523528163e-16,-4.49571207084692e-17,1.78548269240134e-17,3.87324326169218e-17,1.4221857757576e-16
"t155",0.0843691347534743,0.0133884227516418,-0.164148323582602,0.0132358003134086,0.0133037959495467,-0.0119675345778226,0.162175872304709,0.058129574832326,-6.06941547800529e-06,-0.00307377843587759,0.00315350695904051,3.74218495831418e-05,0.000298489995170176,-0.00194616321781672,0.0112579202830631,0.00136835208279741,0.000974985514161106,4.24723799307666e-05,-0.00019758528579974,0.0012649542523856,-7.72083658895709e-06,0.0001241673958981,0.000620721366355371,-0.000410898196350687,0.000626429590581267,-0.000389367639145461,3.96537096293403e-05,-4.55974710484044e-05,7.92747407971778e-07,6.19356974217861e-07,2.28507788827535e-06,-0.196465122364667,-0.000320046723254719,-0.0061754210297207,0.00178853755406356,0.000230124290290722,2.72202988006991e-06,0.00799323252760356,-7.26521094061112e-05,-0.000763603208306788,-0.017871558664589,0.000506975773853478,0.0124076870742104,-6.24008466723873e-05,4.45649593539958e-05,-0.00215361425002895,1.04918009912043e-13,0.000116161335736543,0.000205258528728429,-0.0278431112478538,0.0124995135331793,-0.000473303572583238,-0.54397523766457,-0.133401925843279,0.00851151578916984,0.0155224095691524,-6.7633861731584e-07,5.21191208435441e-07,-0.00238148307493664,0.0071127445585707,-0.000489098660426724,0.000114792060343588,-2.35699805430293e-05,0.0100390392541153,6.97355700385403e-07,-1.07033439574993e-09,2.08112630856704e-08,0.000399687810341183,1.85768842455615e-07,0.0016097451483176,0.000181860528474056,-0.0403982372573089,9.63220719230068e-07,0.000198146270663876,0.261142255182712,-2.94212501958386e-10,1.06468872260179e-09,2.58226027408429e-07,3.12252102780919e-07,-6.10508544903783e-16,4.66261065906176e-09,8.02949525035895e-06,-3.57231428960018e-06,-8.93886441399369e-07,-2.22564602240429e-05,-1.03773886135005e-15,-1.5894788210158e-07,3.31513445540269e-11,4.55065417141154e-08,-5.44471281509003e-09,-9.20610132144309e-08,-7.04863732837882e-10,4.95298599103525e-06,-8.27524221561447e-05,-0.000510191501096798,-6.90383666631656e-07,0.000130391474436364,-0.00319274424104859,0.0101668299547293,-0.000250748746688707,0.00530783344236615,0.000385192992219392,-4.12971028589115e-08,-4.11536509351777e-09,-5.55382264130896e-09,3.8817575845171e-06,-4.8021162041061e-16,-2.4935819333223e-17,-3.98603187828069e-09,-1.14492293949505e-10,-3.49021091473697e-06,7.35254240466611e-07,6.40966258801806e-10,0.000598277928495682,2.67147415300428e-16,2.17864970984921e-16,4.81851721798968e-05,-1.21166326022265e-10,1.47837291180041e-07,7.53955695705538e-08,-3.01936741099463e-16,5.39474537264439e-09,-2.6257558476692e-09,-0.00363475200530886,-1.02701265186016e-09,-2.56921398503069e-11,-1.16117696945988e-09,-1.59608931448704e-11,-2.34296527283628e-08,2.25852992559015e-10,-2.31975507714554e-08,-2.69578339685828e-11,-8.83795278367387e-05,-4.38122982641606e-09,2.65843470418084e-16,4.19757477908289e-08,6.81423861990628e-16,-0.0217255645819046,-1.06402805682815e-16,-5.85475746901376e-06,-1.5068452420122e-11,-8.32667268468867e-16,-1.35327317304221e-15,-4.55767719300284e-09,-0.000144622922756513,0.0714891892201608,-3.45825504378732e-07,1.08124854284771e-15,1.15915292032948e-08,2.47583324214923e-10,2.66554284087474e-11,0.707106781186548,-2.93281746032922e-08,-1.80391447356038e-10,-8.21624399213131e-10,3.35648162493549e-07,2.84472501978217e-11,-4.60356001713776e-16,-5.20702253130147e-16,7.38294938495921e-16,4.20496886902669e-16,2.92807049223284e-11,-6.21134168924011e-08,0.00351094505694013,-4.48100757888259e-16,-1.10596920377816e-09,-1.15339521896771e-08,6.53587365817071e-08,-2.07559194991525e-16,6.91720986045752e-17,-3.60878253264022e-08,6.55845012633734e-05,1.69867781208106e-16,-5.35418443056105e-09,6.41038858324982e-17,1.62955586524571e-16,-9.61621378747462e-17,-4.56500238041017e-17,7.14135886864261e-18
"t156",0.0843691347534743,0.0133884227516418,-0.164148323582602,0.0132358003134086,0.0133037959495467,-0.0119675345778226,0.162175872304709,0.058129574832326,-6.06941547800258e-06,-0.0030737784358776,0.00315350695904053,3.74218495830968e-05,0.00029848999517017,-0.0019461632178167,0.0112579202830631,0.00136835208279743,0.000974985514161105,4.2472379930765e-05,-0.000197585285799742,0.00126495425238565,-7.72083658898484e-06,0.000124167395898114,0.000620721366355378,-0.000410898196350724,0.000626429590581289,-0.000389367639145488,3.96537096293299e-05,-4.55974710483845e-05,7.92747407917785e-07,6.19356974276841e-07,2.28507788824716e-06,-0.196465122364667,-0.000320046723254714,-0.00617542102972067,0.00178853755406358,0.000230124290290853,2.72202988012087e-06,0.00799323252760347,-7.265210940607e-05,-0.000763603208306802,-0.0178715586645889,0.000506975773853578,0.0124076870742103,-6.24008466723603e-05,4.45649593540038e-05,-0.00215361425002888,1.04954872785629e-13,0.000116161335736544,0.000205258528728484,-0.0278431112478539,0.0124995135331792,-0.000473303572583183,-0.54397523766457,-0.133401925843279,0.0085115157891699,0.0155224095691524,-6.76338617294684e-07,5.21191208372016e-07,-0.00238148307493667,0.0071127445585707,-0.000489098660426615,0.000114792060343693,-2.35699805430749e-05,0.0100390392541153,6.97355700334228e-07,-1.07033441091521e-09,2.08112630357971e-08,0.000399687810341232,1.85768842467758e-07,0.00160974514831756,0.000181860528473979,-0.0403982372573087,9.63220718507474e-07,0.000198146270664021,0.261142255182712,-2.94212302306738e-10,1.06468861851838e-09,2.58226027061755e-07,3.12252102801584e-07,-1.11615872550343e-17,4.66261031612861e-09,8.02949525015611e-06,-3.57231428963064e-06,-8.93886441483184e-07,-2.22564602241218e-05,-4.93035689890016e-16,-1.58947882027447e-07,3.31512981230689e-11,4.55065414551391e-08,-5.44471263066047e-09,-9.20610131049807e-08,-7.04864024840633e-10,4.95298599099189e-06,-8.27524221558529e-05,-0.000510191501096885,-6.90383666431889e-07,0.000130391474436336,-0.00319274424104818,0.0101668299547288,-0.00025074874668891,0.00530783344236611,0.000385192992219428,-4.12971027895226e-08,-4.11536527425427e-09,-5.5538221285762e-09,3.88175758470142e-06,1.56431895559946e-16,-1.05600460957096e-16,-3.98603190541408e-09,-1.14492272703801e-10,-3.49021091459931e-06,7.35254240720227e-07,6.40966037190882e-10,0.000598277928495907,1.70002900645727e-16,-1.39488065067083e-16,4.81851721800281e-05,-1.21166003699123e-10,1.47837290999671e-07,7.53955693487443e-08,1.80436661463789e-16,5.39474546664472e-09,-2.62575542599587e-09,-0.00363475200530904,-1.0270128074482e-09,-2.56942285434187e-11,-1.16117753952354e-09,-1.59587757454614e-11,-2.3429652946938e-08,2.25852340725922e-10,-2.31975501512316e-08,-2.69582299192161e-11,-8.8379527837355e-05,-4.38122989623868e-09,-1.23601950586408e-16,4.19757480735888e-08,-3.35557825852385e-16,-0.0217255645819043,-1.03829172643761e-16,-5.85475746936926e-06,-1.50684319274304e-11,9.43689570931383e-16,1.32997168251403e-15,-4.55767700443975e-09,-0.000144622922757618,0.0714891892201625,-3.45825504345556e-07,-5.52860971517892e-16,1.15915301339637e-08,2.47581656314935e-10,2.66590412973408e-11,-0.707106781186548,-2.93281723785094e-08,-1.8040454847971e-10,-8.21636614376908e-10,3.35648160065051e-07,2.84440390078272e-11,6.23575120210699e-16,7.03253664333222e-16,-7.56177085753166e-16,-7.45670969850963e-16,2.92812150394506e-11,-6.21134169330451e-08,0.00351094505694036,5.52509427098613e-16,-1.10596954367554e-09,-1.15339524992896e-08,6.53587365569738e-08,2.65574407191511e-16,1.29453739394769e-16,-3.60878251186487e-08,6.55845012630905e-05,-2.73860742208474e-16,-5.35418445734084e-09,3.56984577106214e-17,4.22188325965855e-16,1.82606771290872e-18,6.92858768336835e-17,-5.529620348454e-17
"t58",0.0810055721808407,0.0126362240499978,-0.145769889086499,0.0117176122750721,0.0104721685294628,-0.00868555848028245,0.107617774844225,0.0356182425876989,-3.42220277505531e-06,-0.00131142039641008,0.00119772433060065,1.08496678147315e-05,8.30617263713586e-05,-0.000311165879575358,0.000629245469231288,-5.15333096315545e-05,-7.334284287778e-05,-3.80708511836698e-06,7.74497356471207e-05,-0.000543204129527237,3.79290625385741e-06,-7.71151804594816e-05,-0.000528186318980692,0.000399530374622144,-0.000664724818296594,0.000527371044157442,-7.24645888447138e-05,9.45898471428631e-05,-3.0827103350878e-06,1.07839037599214e-05,1.13113885196517e-05,-0.0257454511144128,0.000448897507268408,0.0104037715397449,-0.00381881647504832,-0.00083582286387022,-1.02983596255359e-05,-0.0407779602671539,0.000392572952446964,0.00445902346228441,0.298573067433546,-0.0100681800667437,-0.269550357346712,0.00140227957340426,0.0170458374819407,-0.0297987684767275,1.20939717069313e-12,0.000456763659500287,0.000728051251908945,-0.0813695878496148,0.0253376898391721,-0.000810457736807704,0.0728652325540914,0.0816951866204137,-0.00604408513021106,-0.0173899114022738,1.01673892580319e-06,-9.72493812999948e-07,0.00452279435776812,-0.0143531199985386,0.0010238777236839,-0.000241966407547457,6.46444817220325e-05,-0.0280895062352374,-2.04663593661837e-06,3.24706112427134e-09,-6.60049344967766e-08,-0.00116118875817206,-4.63015731439614e-07,-0.00366500089553492,-0.000395196704671617,0.0846401051981942,-1.89767568280739e-06,-0.000149564711889941,0.0172095240447069,-6.9325592234989e-10,6.86491930489141e-09,1.960732791531e-06,2.68723575438105e-06,1.07019081171161e-16,9.04684851548352e-08,0.000190721974836367,-9.07623529484243e-05,-3.50271087644412e-05,-0.000918535891777612,5.67273211697728e-16,-8.28353458466678e-06,4.71088630795834e-09,7.15390142856938e-06,4.20573054907857e-07,7.01910347517172e-06,5.33746109131661e-08,-0.000359508756414921,0.00633854825394246,0.039646101871874,5.42283229302673e-05,-0.0102498252185978,0.251254262849548,-0.80210924862444,0.0193391538159616,0.169031910523095,-0.0564999146855295,1.09050050308337e-05,1.11619589726413e-06,1.50838322341631e-06,-0.00123840594603058,1.66632381164714e-16,9.82491660883899e-16,-1.35094793230146e-05,-1.32303177648369e-07,-0.00163302041093761,0.000298540619773765,1.90068591369302e-07,0.13188909414702,-3.1641356201817e-15,-2.79585819397823e-16,0.0047393867398066,-9.73771608105947e-09,1.0974034615019e-05,4.62992151996185e-06,3.41550182955785e-16,2.49434356456961e-07,-1.16021494147184e-07,-0.00835906226420457,-3.71371545341673e-08,-8.26807376448272e-10,-3.70654567621977e-08,-5.08450770320758e-10,-6.8572833611738e-07,6.48927463988544e-09,-6.41921635498797e-07,-7.2473863238845e-10,-0.00210883076653605,-9.59661204500036e-08,-2.20789663107769e-16,8.13137718590554e-07,-5.96872758138866e-17,-0.012645324625214,-2.01316501252899e-16,-9.55741760734879e-05,-1.68934445354444e-10,1.7650811368064e-16,8.06804455473049e-17,-4.2219002313123e-08,-0.00133629448239218,0.039684805271651,3.23262474742668e-07,7.37009819800636e-20,-1.08166530436742e-07,-1.51749141366691e-08,5.4978118697402e-09,2.93884821734399e-16,-2.44227492485379e-06,-1.3445728377129e-08,-5.7194286067516e-08,1.92311889414096e-05,1.47752867113524e-09,-2.42768697759845e-16,5.11485696557095e-17,1.21922491395479e-16,-1.90052305041686e-16,7.39542127081542e-10,-1.4886428547552e-06,0.00816859434920071,4.91143584135934e-17,-2.36266943005761e-08,-2.3242284186825e-07,1.27433181799165e-06,-5.78990003380348e-17,-5.8113236445223e-17,-6.86227924844383e-07,0.000136590620123197,2.40121189111886e-16,-9.10445346002063e-08,1.24106480582208e-16,3.13984949151802e-16,-4.67333538624916e-17,-8.88615571917957e-18,2.27117764817518e-17
"t52",0.0763468638435549,0.0115754325952015,-0.117836431545064,0.00940016300785225,0.00512843766379891,-0.00088987813045436,-0.0895894071914908,-0.145837990035362,-4.57953970198944e-05,-0.00317657749083108,0.00253262382967833,1.91729370947999e-05,0.000143918728532926,-0.000435778333285364,0.000446599183101095,-0.000146854838927078,-0.000158677272802006,-7.79584926632925e-06,0.000113664129425172,-0.000783093393775786,5.32402756732615e-06,-0.000103159612812648,-0.000659045777628183,0.00048297378690393,-0.000786471199578279,0.000586103122392568,-7.45372785364269e-05,9.44172458601769e-05,-2.79548496288158e-06,9.04886993337642e-06,9.26641101163533e-06,-0.00451292611095523,0.000366809556913138,0.00819757132946704,-0.00282348170289738,-0.000487478353946884,-5.87118201790591e-06,-0.0195177447076682,0.000181587758150794,0.00197017237365359,0.0798483511995741,-0.00254560954574007,-0.0663768826252442,0.000342052113860005,0.00298395953249322,-0.00252289448422547,8.14860508140787e-14,-4.00774215085551e-05,-7.82890719009093e-05,0.0119210868217993,-0.00570350658035663,0.000213155479435395,0.0358550101106691,-0.0292596554109473,0.00250042518466042,0.0106037213889733,-8.04340947745115e-07,9.95511843928163e-07,-0.0137107083602272,0.0152092577033538,-0.00113965694804903,0.000271772142127127,-0.00010820076799205,0.0488894600558583,3.95607437522652e-06,-6.85831725420664e-09,2.01877036180788e-07,0.00443073065283317,2.05465024235262e-06,0.0172210522609734,0.00190331077113766,-0.414871563675399,9.55431670737029e-06,0.000940856687079539,-0.0353444411625209,5.37026358666783e-09,-6.81828244844876e-08,-2.05536122061485e-05,-2.94436466709537e-05,-6.88687836790825e-15,-1.41148660958668e-06,-0.00331068913961858,0.00163529279235217,0.000818783484543761,0.0222045994168164,2.55346935569533e-15,0.000234395186004735,-2.94634386201686e-07,-0.000489539377136796,4.37474154924118e-06,6.89403176740406e-05,5.07068952331367e-07,-0.00242787060649524,0.011059812657288,0.0440511889708431,2.58908262454748e-05,-0.00425238394463244,0.0785599243674262,0.068136772938723,-0.0306369982179698,-0.00961638533216598,-0.222915123190211,-3.07298085079075e-05,-3.2800017104453e-06,-4.44152331257605e-06,0.00446325859669828,1.80225500873994e-15,-8.03196279579968e-16,0.000112416798613141,1.22896289331933e-06,0.0190191395540086,-0.0036586416353726,-2.56403823945743e-06,0.00564549611221228,-2.62116717220096e-15,-2.32758730349567e-15,0.790346849051674,-4.98435120357119e-07,0.000436222896747346,0.00011812008946117,3.72812108185494e-16,4.04800966401534e-06,-1.78023852469374e-06,-0.000146886958544181,-4.12419629672241e-07,-7.84069803337674e-09,-3.4692744923868e-07,-4.74365801251905e-09,-5.37373693737476e-06,4.82075432494801e-08,-4.11387056402625e-06,-3.8596940424556e-09,0.218890953614531,-1.58466264105965e-06,7.46428155199165e-16,9.52269009373095e-06,1.00708472002963e-15,-0.000582935395575342,1.15905116060734e-16,0.00937009188907082,-9.00156880339022e-10,8.28634036387221e-15,-4.50415414560418e-15,2.49274539325783e-06,0.133166859509391,0.0025271717864085,3.74828885290343e-06,-4.75863965148674e-16,-7.88123350135726e-07,-9.779926407056e-08,3.34589440466164e-08,-1.44534110406438e-16,-1.44880125844691e-05,-7.93248498634427e-08,-3.36145370150574e-07,0.000111577665978084,8.50500328947483e-09,3.98869521313832e-16,1.39609415413131e-16,8.46856380152727e-17,-5.67313399478297e-17,3.82210550047609e-09,-7.60152082774662e-06,0.00065666467363415,8.1862685033518e-16,-1.14596838883524e-07,-1.11004127621522e-06,6.02545623348782e-06,7.89941013910127e-17,1.7130394325271e-17,-3.21843484780364e-06,1.15791462349989e-05,1.15203230309939e-17,-4.0995643630818e-07,2.2340367719419e-16,-2.67255835517677e-17,-1.04937383618094e-18,-2.09353311405894e-16,-1.89000405300041e-16
"t118",0.0796681294741217,0.0122978756596538,-0.133455497530333,0.0106807767062396,0.00659476797485503,-0.00124694269918828,-0.138059623767525,-0.244672798066856,-8.39834945901188e-05,-0.00787637264857186,0.00713397202336931,7.29990379669947e-05,0.000574064681947191,-0.00335580426114654,0.0181988960094112,0.00211558117731213,0.00148431235006143,6.42973687297925e-05,-0.000273067693402269,0.00173303434293388,-1.04363410823286e-05,0.000163705677081015,0.000790681861143495,-0.00051636758487322,0.000781021867876266,-0.000478755118299372,4.96419972903775e-05,-5.86883657158423e-05,1.44711823677591e-06,-4.25991036736347e-06,-4.28740454191148e-06,0.00197297987400079,-0.000144388548202219,-0.00310852315573567,0.000996807199584341,0.00013556085005876,1.60141938182397e-06,0.00467148059117532,-4.25061502071417e-05,-0.000448283315052489,-0.0144845053288584,0.000453495467243065,0.0117292377716063,-6.0270185409684e-05,-0.000483683697554862,0.000367868472648614,-1.17788265958586e-14,4.83073977890833e-06,9.24301915818104e-06,-0.0013523107646402,0.000599445776572942,-2.16479796115629e-05,-0.00253326543335933,0.00169808399642052,-0.000137573003780509,-0.00041811713545716,1.04519280415811e-08,3.40391668650624e-07,-0.0833684486701267,-0.00223472807178956,0.000113318408948627,-2.55710692036568e-05,2.47921364233126e-06,-0.000959160684119833,-4.49456748909225e-08,3.32112494743728e-11,4.00568548795076e-09,0.000147135709426403,8.57667869285858e-08,0.000772011499388985,8.7801764178714e-05,-0.0195187633593467,4.62653255301873e-07,5.46974035760149e-05,-0.00221445430713056,3.83840223076543e-10,-5.52846749456160e-09,-1.70704863761289e-06,-2.49170908933192e-06,-5.41290009125636e-16,-1.35088484404421e-07,-0.000326225813686008,0.000162664892130146,8.61986395004653e-05,0.00235230795381656,-1.81323446776037e-16,2.55016083079498e-05,-3.48795232569794e-08,-5.82974293416879e-05,7.92920571369688e-07,1.27146570903103e-05,9.44900597136169e-08,-0.000507239760192858,0.00346792958997234,0.0148078697303191,9.32459836328229e-06,-0.00154175125675992,0.0287927228629033,0.0260180493639736,-0.0133552745941728,-0.00544905095011267,-0.245269401669602,1.9907803122316e-05,2.01814601391386e-06,2.72595018900069e-06,-0.00213087733354227,-4.46077479651536e-16,2.30007848560871e-17,-1.79129650210485e-05,-1.66965955288563e-07,-0.00178713675916593,0.000310865630719129,1.60381395108663e-07,-0.000216482225387138,2.60208521396521e-17,-5.89313955223382e-16,0.0338686365983351,-3.39350717854143e-08,3.4442981040847e-05,1.27747314370152e-05,5.92008625512157e-17,6.72184975810829e-07,-3.15592104956007e-07,-3.22265338208457e-05,-1.18247131328803e-07,-3.05202362424508e-09,-1.38759965988391e-07,-1.91015450210347e-09,-3.13451411601551e-06,3.1447037927122e-08,-3.60222444547583e-06,-4.7205223250267e-09,-0.242261207786165,5.36903287657491e-07,-4.08326649845647e-16,-9.02325884186064e-07,-2.42683091795941e-15,-7.04430659991332e-05,7.24496286066894e-17,-0.0304003518450488,-2.04544928546223e-09,-6.70161625845878e-14,3.16702321086726e-14,-1.70572146413289e-05,-0.871758735292823,-0.00125216084061591,-1.67120831498133e-06,2.1179982305492e-15,2.47916945868487e-07,1.98111463843007e-08,-5.1598996308175e-09,6.94984770412008e-16,1.95767237111009e-06,1.0409170274602e-08,4.3217782168763e-08,-1.33681346143074e-05,-9.74937286148591e-10,-9.5155616486482e-17,-4.2620489877438e-16,-4.22098239620372e-17,-2.87607285067644e-16,-2.15880756630413e-10,3.9073559037827e-07,-2.31861128281067e-05,-9.9589390553656e-16,2.89364607081665e-09,2.2435673512206e-08,-1.01125710779739e-07,1.47166117228326e-16,1.12052294526377e-16,4.49914665051854e-08,-1.31028335597343e-07,-1.05715584513107e-16,5.43418119205476e-11,-3.38959941949823e-18,1.64148208914305e-16,-9.09671597312642e-17,4.55340229592042e-16,-1.64486074915687e-16
"t125",0.0799039310190067,0.0123491762745172,-0.134565249690946,0.0107717682777274,0.00669905473621369,-0.00127235157042584,-0.141510615780829,-0.251712544685623,-8.67045522435601e-05,-0.0082115698444425,0.00746224288228888,7.68410694089478e-05,0.000604769781279147,-0.00356436249994047,0.019467350114873,0.00227728859969354,0.00160175741980526,6.9450973057902e-05,-0.000300727320144298,0.00191299604750761,-1.15636029179088e-05,0.000182793057507793,0.000894351948336458,-0.000587817339004157,0.00089307446700453,-0.000554827159195658,5.85028915364781e-05,-6.9607375059018e-05,1.74910220392664e-06,-5.20593321367245e-06,-5.25057772879557e-06,0.00243343510260632,-0.000180602504780004,-0.0039087604938577,0.00126670103518939,0.000179210120789198,2.12449513726197e-06,0.00635365137827236,-5.80703795618262e-05,-0.0006159717893061,-0.0209169316668612,0.000657670556036229,0.0170426669206553,-8.76323090659245e-05,-0.000717592600369621,0.00056052752511537,-1.78609484250748e-14,7.74330346164539e-06,1.49003605757004e-05,-0.00220421311652221,0.000998117643083147,-3.63943646748091e-05,-0.00470938315673277,0.00331482171256195,-0.000271800431805227,-0.000877644861727613,2.3692478809713e-08,8.54445837446336e-07,-0.211670875774208,-0.00593229171642519,0.000310545444226842,-7.05315245749794e-05,1.16696881549443e-05,-0.00500706415608928,-3.53209073357071e-07,5.43798676257648e-10,-8.60868310512998e-09,-0.000100187299480797,-1.94818263344471e-08,-8.00221155336526e-05,-4.93476030600333e-06,0.000473140607851467,1.00146487312381e-08,1.58343614147355e-05,-0.000861874341799282,2.12501142450302e-10,-3.87332809489299e-09,-1.24221971610109e-06,-1.86553219809421e-06,-5.13875480885595e-16,-1.19337548869235e-07,-0.000298405024330666,0.000150436048372501,8.49257443171882e-05,0.00233319778935615,-4.10571179072295e-16,2.60137085115593e-05,-3.86866716501772e-08,-6.50246648546158e-05,1.23752772720714e-06,2.00799845843736e-05,1.50267502375641e-07,-0.000868320109856983,0.00735894521006002,0.0323768857657891,2.0963511448448e-05,-0.00347518076248257,0.065172197471943,0.0598098518229334,-0.0321460260092573,-0.0141398990103462,-0.718231109649727,8.06729436945517e-05,8.26062442223474e-06,1.11633863123835e-05,-0.00922948417076081,-1.50293234340102e-15,7.24808416188741e-16,-0.000118698669346552,-1.21110884136186e-06,-0.0164261040884505,0.00306709552541935,1.99170642390875e-06,-0.00402820884096546,1.45543299634454e-15,5.43026445951853e-16,-0.426185827014129,2.50197647627838e-07,-0.00021325244197306,-5.4632578995834e-05,1.56554378416814e-17,-1.79699965853459e-06,7.91266014911026e-07,6.68553588749963e-05,2.02709809565648e-07,4.47417077925656e-09,2.01163377924388e-07,2.76170703855218e-09,4.03403218996465e-06,-3.94702317945577e-08,4.29852357642786e-06,5.42172830502591e-09,0.239459451966713,-4.8188098673537e-07,7.11636741858086e-16,7.22719509687816e-07,1.98743695981354e-15,4.52851213837473e-05,-1.98758648670914e-16,0.0144178442268986,7.24429122267983e-10,2.1130883501308e-14,-9.79690187820603e-15,5.34576741735715e-06,0.272812002993747,0.000242023108697673,3.01847628308115e-07,-7.42230500144057e-16,-3.28157680308175e-08,-1.18821314368534e-09,6.18860156902539e-11,-3.92046564803865e-16,2.18008334427512e-08,1.68699314242745e-10,8.52515921246667e-10,-4.24624677105041e-07,-3.82150595619034e-11,2.0447722315269e-17,1.99911856652605e-16,7.63350061463178e-17,2.45921696108708e-16,-3.04960766925669e-11,5.93864490710475e-08,-4.35934183669344e-06,8.44593492366208e-17,6.13780713659196e-10,5.03975330531181e-09,-2.35939353571368e-08,-1.32742985123189e-16,3.29489040218345e-16,1.08208695315023e-08,-3.24195778099621e-08,-8.91981853080591e-17,1.50660325144367e-11,-1.47272639692289e-16,3.61554319469604e-16,6.80685087186757e-17,3.15027309173765e-17,-2.02797089800427e-16
"t194",0.0801420274414538,0.0124010557826302,-0.135693414561489,0.0108642932887514,0.00680607290083848,-0.00129857431408671,-0.145092539141166,-0.259053367886751,-8.95546019239796e-05,-0.00856700540721979,0.00781178231555356,8.09644360840826e-05,0.000637756771912593,-0.00379072014835625,0.020856238855543,0.00245573272581586,0.00173175846384609,7.51622660884759e-05,-0.000332119570738205,0.00211782190644998,-1.28525348599787e-05,0.000204823929843819,0.00101589544489656,-0.000672232864181753,0.00102617297512181,-0.000646644238076116,6.94119648423273e-05,-8.31514571492584e-05,2.13201155283303e-06,-6.42077777535371e-06,-6.49043114905626e-06,0.00303098182887076,-0.000228350404852365,-0.00497014312280589,0.00162890322850428,0.000240369295861375,2.86015571862998e-06,0.00878246878136943,-8.06472053013614e-05,-0.000860669111917883,-0.0307836534398486,0.000972151560399308,0.0252419242489174,-0.000129883052440463,-0.00108581847342029,0.000871444575530778,-2.82071865454312e-14,1.26596621881845e-05,2.44963734891447e-05,-0.00366275144937465,0.00169280626998405,-6.22910591246343e-05,-0.0088292518382554,0.00647720424785376,-0.000536370203152319,-0.00181705723437638,5.19088854577826e-08,2.00360248738267e-06,-0.499892128773031,-0.0143914766575779,0.000767330081900035,-0.000174913864794297,3.61274556449537e-05,-0.0159569719862198,-1.22696419509421e-06,2.05436011987378e-09,-5.48875155361437e-08,-0.00116408151943211,-5.31123712262018e-07,-0.00443009983826456,-0.000488703971707787,0.106389435587629,-2.44565320656875e-06,-0.000238459875299864,0.00893208945244009,-1.35356133948181e-09,1.72105845356457e-08,5.19245484642809e-06,7.44426391171724e-06,1.73073518037773e-15,3.59973005676086e-07,0.000846891939056448,-0.000418764371497684,-0.000211228565153188,-0.00573358679381604,-2.62352980819516e-16,-6.07768847029448e-05,7.76230702616967e-08,0.000129137439383812,-1.34535472439291e-06,-2.13952205927985e-05,-1.58236527812508e-07,0.000809324172726369,-0.00495466340217407,-0.0209124891130381,-1.30384240875729e-05,0.00215389096607345,-0.0401678141598759,-0.0361132915920511,0.0182858919998269,0.00732909088075821,0.324173079364685,-2.66525637133363e-05,-2.7062870088377e-06,-3.65573933939e-06,0.00288731937061779,2.41848253537563e-17,-3.99192953463502e-17,2.78489101420445e-05,2.7041877326226e-07,0.0032738117139551,-0.000593279175879477,-3.53630026443371e-07,0.000637494440987348,-1.90819582357449e-17,1.36674539452482e-16,0.033288503926082,-1.26879055254941e-08,8.3427004223202e-06,5.31737545382961e-07,-1.93152578935177e-16,-6.65146260366727e-08,3.49201561929737e-08,4.41072411187125e-06,1.80285715096623e-08,4.84186207506834e-10,2.20473362299948e-08,3.03607756156772e-10,5.01721262018834e-07,-5.03155778231918e-09,5.74835705255337e-07,7.5060693587297e-10,0.0375404738194727,-8.11091065142165e-08,1.08385125351525e-16,1.31260458493317e-07,2.29713380717436e-16,9.33196441445921e-06,3.53898623169942e-17,0.0034106133679405,1.89559612628059e-10,5.63676709475214e-15,-2.76369029982447e-15,1.44837934280625e-06,0.0739445753261494,7.27973366027141e-05,9.18141309750611e-08,-2.10556234449945e-16,-1.04200369811819e-08,-4.02831173875909e-10,2.19271109698113e-11,4.71823821147333e-17,7.8919347695338e-09,6.13588476894123e-11,3.11093581207037e-10,-1.56704535108993e-07,-1.42018383273053e-11,-5.06708533279708e-18,-2.30615528976451e-16,5.13242560210734e-17,1.19396867196347e-16,-1.24896851758441e-11,2.45748495168835e-08,-1.86834063193749e-06,-1.48129121815832e-16,2.69352941474176e-10,2.2391415037692e-09,-1.05731261147243e-08,1.32913177045093e-17,3.75621842657603e-16,4.88387420407935e-09,-1.4733074196538e-08,2.07694115106662e-16,7.05360235823092e-12,1.35715355213219e-15,4.20860178304561e-16,8.68891768089398e-17,0.707106781186548,3.0558496010475e-15
"t195",0.0801420274414538,0.0124010557826302,-0.135693414561489,0.0108642932887515,0.00680607290083849,-0.0012985743140867,-0.145092539141166,-0.259053367886751,-8.95546019239919e-05,-0.00856700540721978,0.00781178231555356,8.09644360841004e-05,0.000637756771912593,-0.00379072014835627,0.020856238855543,0.00245573272581588,0.00173175846384608,7.51622660884678e-05,-0.000332119570738199,0.00211782190645001,-1.28525348599598e-05,0.000204823929843828,0.00101589544489657,-0.000672232864181741,0.00102617297512183,-0.000646644238076072,6.94119648423181e-05,-8.31514571492561e-05,2.13201155281877e-06,-6.42077777535371e-06,-6.49043114906114e-06,0.00303098182887079,-0.000228350404852352,-0.00497014312280587,0.0016289032285043,0.000240369295861362,2.86015571863269e-06,0.00878246878136943,-8.06472053014746e-05,-0.000860669111917864,-0.0307836534398487,0.000972151560399285,0.0252419242489176,-0.000129883052440479,-0.00108581847342028,0.000871444575530774,-2.81094728249211e-14,1.2659662188164e-05,2.44963734891811e-05,-0.00366275144937458,0.001692806269984,-6.22910591246363e-05,-0.00882925183825545,0.00647720424785376,-0.000536370203152351,-0.00181705723437639,5.19088854452939e-08,2.0036024873479e-06,-0.499892128773031,-0.014391476657578,0.000767330081900022,-0.000174913864794258,3.61274556450423e-05,-0.0159569719862199,-1.22696419511958e-06,2.0543603276391e-09,-5.48875154795484e-08,-0.00116408151943228,-5.311237121974e-07,-0.00443009983826441,-0.000488703971707746,0.106389435587629,-2.44565320695092e-06,-0.000238459875299753,0.00893208945244001,-1.35356107722126e-09,1.72105842767382e-08,5.19245484634035e-06,7.44426391162737e-06,1.71842948624567e-15,3.59973005477634e-07,0.000846891939056458,-0.000418764371497742,-0.000211228565153287,-0.00573358679381578,-3.98745628481974e-16,-6.07768847029941e-05,7.76230702881301e-08,0.000129137439383693,-1.34535472463866e-06,-2.13952205928679e-05,-1.58236527757511e-07,0.000809324172726573,-0.00495466340217493,-0.0209124891130381,-1.30384240876964e-05,0.00215389096607348,-0.0401678141598755,-0.0361132915920511,0.0182858919998269,0.0073290908807581,0.324173079364684,-2.66525637132352e-05,-2.70628700891837e-06,-3.65573933936355e-06,0.00288731937061786,1.65926681894553e-16,-2.99368598390906e-16,2.78489101419651e-05,2.70418773538485e-07,0.00327381171395509,-0.000593279175879484,-3.53630026958258e-07,0.000637494440987112,-1.73472347597681e-17,3.15676318130319e-16,0.0332885039260819,-1.26879054776556e-08,8.34270042207903e-06,5.31737545196307e-07,-1.13219514927928e-16,-6.65146260346941e-08,3.49201560873724e-08,4.41072411197268e-06,1.80285713749257e-08,4.84186224619644e-10,2.20473361895167e-08,3.03607316117227e-10,5.017212620184e-07,-5.03155781421928e-09,5.74835705323073e-07,7.50607146750293e-10,0.0375404738194726,-8.11091064441228e-08,5.23143783501198e-17,1.31260458550563e-07,6.99502082016697e-17,9.33196441413473e-06,-7.81582880515485e-17,0.00341061336794012,1.89559674948799e-10,5.66137848406756e-15,-2.62043667944815e-15,1.44837934270897e-06,0.073944575326149,7.27973366027031e-05,9.18141310221154e-08,-2.50048298583304e-16,-1.04200366697133e-08,-4.02831110771491e-10,2.19277029751141e-11,-6.78476503808902e-17,7.89193465569257e-09,6.13586430259897e-11,3.11093232270121e-10,-1.56704535437901e-07,-1.42014029117128e-11,-1.73532621171277e-16,6.40604874708854e-17,-1.2548572999911e-17,-4.54018630060345e-17,-1.24894386553751e-11,2.45748495271428e-08,-1.86834063181044e-06,1.598927153873e-16,2.69352910859018e-10,2.23914135332937e-09,-1.05731260710073e-08,-5.40356551266335e-17,7.17741838185404e-17,4.88387409865255e-09,-1.47330742013384e-08,1.01211995219311e-16,7.05372793594755e-12,-1.17642773260019e-15,1.19235133919093e-16,-3.18321516699917e-16,-0.707106781186548,-3.06675314855714e-15
"t128",0.0798995869585905,0.012348268723347,-0.134548403541763,0.010770398275087,0.00669794885805719,-0.00127215342195679,-0.141493561012578,-0.251694274795471,-8.67036538205766e-05,-0.00821360289529939,0.00746495454953494,7.68890422632571e-05,0.000605170037134364,-0.00356824679386738,0.0194972152796852,0.00228181182423479,0.00160525115971405,6.96077919735819e-05,-0.000301961346423479,0.00192133723193232,-1.16190635185893e-05,0.000183844904292173,0.000901115087886692,-0.000592844843639243,0.000901365681261178,-0.000561301489153974,5.93847566814406e-05,-7.07557191666265e-05,1.78606133077031e-06,-5.33156824065149e-06,-5.38043821120453e-06,0.00249869333523972,-0.000186241918237168,-0.00403769910247819,0.00131315670765116,0.000188647928416478,2.23976231925049e-06,0.00677594047639981,-6.20666436150232e-05,-0.000660289225434341,-0.0230719782348868,0.00072741883061138,0.0188737639149273,-9.70909427600566e-05,-0.00080615958156427,0.000642634269888775,-2.06288748113694e-14,9.29247224443556e-06,1.79853218011967e-05,-0.00269183023495525,0.00124891002221275,-4.60805673267061e-05,-0.0070470111001805,0.00564088400375146,-0.000481313518885374,-0.00207729561368686,1.79151917029774e-07,-9.716706424565e-07,0.18752460918263,0.00183326941222811,-2.58474601894064e-05,3.33433283607231e-06,8.26591578664566e-06,-0.00374638285646219,-3.00186399513019e-07,5.08794938537667e-10,-1.26157096172149e-08,-0.000240944022798769,-1.00556304976317e-07,-0.000808498081565736,-8.77532408858008e-05,0.0188813985197762,-4.26302734834514e-07,-3.60432709654439e-05,0.00125056962995735,-1.595676064958e-10,1.61184713839968e-09,4.60618949471726e-07,6.31080083398628e-07,1.15545433576202e-16,2.07009395943442e-08,4.29447496433162e-05,-2.03028691168173e-05,-7.36592750833511e-06,-0.000191194891859801,9.30444578801772e-17,-1.62973360931495e-06,4.44763998384066e-10,5.46642954013352e-07,1.32018282391265e-07,2.17990062550857e-06,1.64710950628969e-08,-0.000102766878849499,0.00091332207825005,0.00398844832520112,2.55860124758283e-06,-0.000423732665369079,0.00793374317529487,0.00723483820580053,-0.0038020698037022,-0.00159502417000803,-0.0732493536705436,5.45446461589112e-06,5.49529407898566e-07,7.42025748233671e-07,-0.000557639941774797,2.29126592240961e-16,-4.51180916403533e-17,-2.16300496113354e-06,-1.258943972289e-08,0.000131164282341643,-3.95743586956121e-05,-5.40208672876984e-08,0.000186925584804234,-6.10622663543836e-16,-5.08778423874113e-16,0.0680391127966367,-5.42205967501165e-08,5.22591752911977e-05,1.81265453630008e-05,6.50018374385633e-16,9.65945274683928e-07,-4.59044152375214e-07,-4.94984557023637e-05,-1.98761999097557e-07,-5.73458895826815e-09,-2.63244200332655e-07,-3.63241155396611e-09,-6.71351717170194e-06,6.9447670066788e-08,-8.51955385015189e-06,-1.1841710377135e-08,-0.835496358335267,2.59361554282868e-06,-2.57481968364052e-15,-9.66035354692599e-06,-4.40841812127099e-15,0.000374675803119461,8.05854296752688e-17,-0.068752533671912,1.18781173984087e-09,2.68329195668437e-14,-1.50910629020449e-14,7.24839598598724e-06,0.369077903967203,0.000128718832447043,1.28375992768288e-07,-3.68681479523272e-16,3.10753833935453e-09,2.45525823710128e-09,-9.62257896764222e-10,9.22442902021138e-17,4.19129873491936e-07,2.28951884787276e-09,9.67978777479685e-09,-3.17502251754879e-06,-2.39526380419472e-10,-3.24091883786669e-16,5.22767464763088e-16,4.82983752100012e-18,2.8527370113465e-16,-7.47995158379474e-11,1.39116526116011e-07,-8.97262679531249e-06,1.28017171516226e-16,1.177121989495e-09,9.35204254443737e-09,-4.28479922658407e-08,-5.71983212633686e-19,8.25077853261469e-17,1.93171607552573e-08,-5.69615818269323e-08,-1.51542098984948e-16,2.48582241217047e-11,-2.33627958995652e-16,2.83139397344589e-16,-1.83286458024144e-16,1.00375210544181e-16,2.00050102560968e-16
"t144",0.0801545529931277,0.012403799918359,-0.135754203904491,0.0108692833700417,0.00681203355882827,-0.00130006422859134,-0.14530016102758,-0.259485815410878,-8.97251119506326e-05,-0.00858919773503728,0.0078339221045617,8.12328184098751e-05,0.000639911361025378,-0.00380603357398198,0.020953081344875,0.00246851102288254,0.00174116652772771,7.55772547428067e-05,-0.000334593954777002,0.00213412308080194,-1.29567390326335e-05,0.000206662999700185,0.00102659757925287,-0.000679863805533224,0.00103842736483238,-0.00065557387227248,7.05478198509322e-05,-8.45986759463613e-05,2.17617426905123e-06,-6.56725689602861e-06,-6.6411987678691e-06,0.00310575131135015,-0.000234671787542339,-0.00511367545471532,0.0016800039659367,0.000250485600178583,2.98357461315032e-06,0.00923317324437967,-8.49131888751884e-05,-0.000908004124750841,-0.0331254984793969,0.00104812410963807,0.027238627344867,-0.000140201210613831,-0.00118370438468696,0.000964091515867098,-3.09288011353188e-14,1.44935265390203e-05,2.81700709356767e-05,-0.00425033742910282,0.00200229306533856,-7.43780285718938e-05,-0.0121394140423324,0.00999564455363623,-0.00085855673079263,-0.00382429347573285,3.41889016565207e-07,-1.93255512885041e-06,0.374543433380837,0.00371969808199232,-5.30028885194463e-05,6.85168494881684e-06,1.9101993079727e-05,-0.00877987339786899,-7.32202530233557e-07,1.28724673120966e-09,-3.82886240718559e-08,-0.000834717291772558,-3.85015070885177e-07,-0.00322079954259793,-0.000355687016626989,0.0774875022125059,-1.78304623791234e-06,-0.000174682349487772,0.00654962550129845,-9.92566088687097e-10,1.25905817460227e-08,3.79572090379846e-06,5.43819691226319e-06,1.22871289360753e-15,2.6138534770199e-07,0.000613792429559591,-0.000303306380456522,-0.000152332479925037,-0.00413276254177836,-5.35118703082696e-16,-4.37067927668645e-05,5.53539729303952e-08,9.2029352101614e-05,-8.96850126281899e-07,-1.42122503552187e-05,-1.04888930224356e-07,0.000523459426438979,-0.00291495438657136,-0.0121058603747321,-7.42968726258533e-06,0.00122550359432872,-0.0227987229586182,-0.0203106752272534,0.00999502375807446,0.00380665393693053,0.153157414043053,-8.83476113519664e-06,-8.84629280871485e-07,-1.19414403910326e-06,0.000868398904676791,3.47724398970101e-16,7.65182972884136e-17,2.80019286530973e-06,1.58440641033241e-08,-0.000155273976011659,4.61371386316882e-05,6.03852979401149e-08,-0.000198262665599445,6.44449771325384e-16,4.7271204765165e-16,-0.0568886675896733,4.1416790362881e-08,-3.83550145623461e-05,-1.19592838532398e-05,-3.04257099686021e-16,-5.28027546154803e-07,2.43263294539028e-07,2.37350273452099e-05,8.50513424345958e-08,2.21210915606063e-09,1.00762555353718e-07,1.38776335399971e-09,2.3586286655036e-06,-2.39463395753266e-08,2.82683978277883e-06,3.81419368832014e-09,0.238399373688161,-6.82615224907048e-07,2.35619332917948e-15,2.31009597783435e-06,6.08940263652344e-15,-7.6467345154312e-05,-2.93520570893244e-15,-0.383090677255966,-2.50934775109546e-11,-3.95875498181153e-13,-0.707106781186544,-1.02597458885514e-07,-0.00518257715528579,3.64275430535169e-06,4.33639136887065e-09,-6.31779107079915e-16,1.73528289445035e-10,2.26066411014512e-10,-1.13534181025314e-10,-1.10712303364211e-15,5.49057771824079e-08,3.0656075123981e-10,1.31565627806856e-09,-4.53674659171303e-07,-3.52678337651579e-11,-5.08165382862583e-16,1.34006113848518e-17,9.70164815716446e-18,-1.45284778445877e-16,-1.57474708186583e-11,3.02647401258428e-08,-2.16905339052378e-06,-4.8843307870472e-16,3.04168930792331e-10,2.49893466469907e-09,-1.17136578502535e-08,2.80591277788611e-17,1.58401937400132e-16,5.38040407480619e-09,-1.61493938426407e-08,2.24726641290673e-16,7.59117324122122e-12,3.06156815740021e-16,4.66071408897206e-16,1.7786213844894e-16,-2.00334104440018e-16,1.71212682110455e-16
"t145",0.0801545529931277,0.012403799918359,-0.135754203904491,0.0108692833700417,0.00681203355882828,-0.00130006422859133,-0.14530016102758,-0.259485815410878,-8.97251119506009e-05,-0.00858919773503728,0.00783392210456168,8.12328184098673e-05,0.000639911361025381,-0.00380603357398199,0.020953081344875,0.00246851102288251,0.00174116652772771,7.5577254742814e-05,-0.000334593954777033,0.00213412308080184,-1.29567390326094e-05,0.000206662999700182,0.00102659757925286,-0.000679863805533215,0.00103842736483238,-0.00065557387227244,7.05478198509218e-05,-8.4598675946358e-05,2.17617426916225e-06,-6.56725689605116e-06,-6.64119876787083e-06,0.00310575131135008,-0.000234671787542337,-0.00511367545471532,0.00168000396593647,0.000250485600178584,2.98357461313807e-06,0.00923317324437969,-8.49131888750204e-05,-0.000908004124750795,-0.0331254984793969,0.0010481241096381,0.0272386273448669,-0.000140201210613794,-0.00118370438468694,0.000964091515867072,-3.087711518537e-14,1.44935265390055e-05,2.81700709357461e-05,-0.0042503374291028,0.00200229306533852,-7.43780285719151e-05,-0.0121394140423324,0.00999564455363631,-0.000858556730792679,-0.00382429347573294,3.41889016562226e-07,-1.93255512888726e-06,0.374543433380837,0.00371969808199238,-5.30028885196306e-05,6.85168494888645e-06,1.91019930796878e-05,-0.00877987339786905,-7.3220253024364e-07,1.28724658823219e-09,-3.82886240633449e-08,-0.000834717291772528,-3.85015070879756e-07,-0.00322079954259781,-0.000355687016626864,0.0774875022125058,-1.7830462378876e-06,-0.000174682349487648,0.00654962550129849,-9.92565975423652e-10,1.25905819320718e-08,3.79572090366435e-06,5.43819691237919e-06,1.49464735335595e-15,2.61385347696464e-07,0.000613792429559536,-0.000303306380456527,-0.000152332479924986,-0.00413276254177841,-2.92257416464318e-16,-4.37067927667609e-05,5.53539730030046e-08,9.20293521013292e-05,-8.96850126301096e-07,-1.42122503552262e-05,-1.04888929912092e-07,0.000523459426438891,-0.00291495438657161,-0.0121058603747319,-7.42968726280875e-06,0.00122550359432839,-0.0227987229586185,-0.0203106752272534,0.00999502375807443,0.0038066539369305,0.153157414043053,-8.83476113479765e-06,-8.8462928058512e-07,-1.19414403902701e-06,0.000868398904676756,-3.26215672507659e-16,-3.21167059926919e-16,2.80019286518255e-06,1.58440640137506e-08,-0.000155273976011155,4.61371386315025e-05,6.03852987042606e-08,-0.000198262665599671,1.10154940724527e-16,7.57369328036589e-16,-0.0568886675896733,4.1416789984269e-08,-3.83550145618871e-05,-1.19592838530531e-05,2.1900215879842e-17,-5.28027546189931e-07,2.43263294471638e-07,2.37350273459326e-05,8.50513426145688e-08,2.21211015704809e-09,1.00762556168611e-07,1.38776292871633e-09,2.35862866533251e-06,-2.39463389259384e-08,2.82683978209899e-06,3.81419320238073e-09,0.238399373688158,-6.82615225122696e-07,6.26674045838188e-16,2.31009597855556e-06,-7.07541204071455e-15,-7.64673451539585e-05,2.7393591085527e-15,-0.383090677255955,-2.50945516348643e-11,3.97117343349518e-13,0.707106781186551,-1.02597467587482e-07,-0.00518257715523341,3.64275430540509e-06,4.33639202118089e-09,8.35254852516354e-16,1.73528241479095e-10,2.26066420362804e-10,-1.13533755693226e-10,1.14695040193752e-15,5.49057769087553e-08,3.0656004219885e-10,1.31565553013169e-09,-4.53674659216038e-07,-3.52671519917268e-11,5.55139216256151e-16,-1.24510363033088e-16,-1.03113250593083e-16,-4.92239638042901e-16,-1.5746501487706e-11,3.02647401504982e-08,-2.16905339056438e-06,3.17535711266692e-16,3.04168901071639e-10,2.49893470478787e-09,-1.1713657786377e-08,6.03494912018084e-18,4.49293380277993e-16,5.38040407142822e-09,-1.61493938306058e-08,4.2392838950575e-19,7.59113030681519e-12,2.26302141019682e-16,3.29082464403663e-16,7.83168475019286e-17,-4.72918364789806e-17,3.23812332634473e-16
"t141",0.0801395482502743,0.0124005315848723,-0.135683211586268,0.0108634613465421,0.00680531269209287,-0.00129841937365911,-0.145075746922918,-0.259026338214586,-8.95468827171608e-05,-0.00856702507667431,0.00781213502788838,8.09761978835724e-05,0.00063785879245596,-0.00379197591518565,0.0208669658272421,0.00245746238777033,0.00173312171074185,7.52238975943812e-05,-0.000332659523900914,0.00212150720561469,-1.28774077776395e-05,0.000205309013435006,0.00101914483520842,-0.000674693200845492,0.00103028072899725,-0.000649965386162086,6.98829560064882e-05,-8.37738525940812e-05,2.15290126250294e-06,-6.49348802410268e-06,-6.56592324569985e-06,0.00306949008907765,-0.000231776466643667,-0.00504932914562303,0.00165805181760914,0.00024677692953363,2.93895645447375e-06,0.00908557852791259,-8.35405844962533e-05,-0.000893117174487503,-0.032519842267599,0.00102879999567565,0.0267345574681073,-0.000137603288402355,-0.00116093197572719,0.000944679822964857,-3.03618452757579e-14,1.41788161229641e-05,2.75536699408021e-05,-0.00415597485577902,0.00195664322341986,-7.26628214495786e-05,-0.0118297783410791,0.00973051541687536,-0.00083558229086309,-0.00371775021802909,3.31948861195063e-07,-1.87376233535661e-06,0.36309851350903,0.00360418172286756,-5.13393113608486e-05,6.63618953524554e-06,1.84351811451891e-05,-0.00846997837845548,-7.05568283191217e-07,1.23919648094994e-09,-3.66953264250972e-08,-0.000797741687744122,-3.67260536442929e-07,-0.00307010758148153,-0.000338943658417885,0.0738242346228565,-1.69820826791685e-06,-0.000165989297454499,0.00621692897863379,-9.40133480989485e-10,1.18976116281026e-08,3.58509220147076e-06,5.13446587865938e-06,1.21333687305335e-15,2.46130157688092e-07,0.000577582065315684,-0.000285350071348323,-0.000143119817924593,-0.00388222991705268,-2.71247090151156e-17,-4.10302411890264e-05,5.18523466312666e-08,8.61943345610754e-05,-8.30343731324877e-07,-1.31520789386719e-05,-9.70373744861176e-08,0.000482803787367656,-0.00266380256491199,-0.0110484635509882,-6.77257065390811e-06,0.00111698884515488,-0.0207762116074014,-0.0184965472987384,0.00908435819202052,0.00344886229001316,0.138079006882759,-7.87069380528849e-06,-7.87834535286312e-07,-1.06346504565636e-06,0.000771961693885103,3.00806343775954e-16,4.32746751531466e-16,2.4603508827403e-06,1.38929876984179e-08,-0.000135522940542834,4.02194776178296e-05,5.24579434576285e-08,-0.000171445215816589,5.89805981832114e-17,5.7655811527239e-17,-0.0479655023851611,3.45047002520263e-08,-3.17689077081888e-05,-9.73617752484753e-06,-2.92105788803259e-16,-4.13668761839632e-07,1.89140903617625e-07,1.79555841574379e-05,6.19329150809662e-08,1.54232021756542e-09,6.99964702506026e-08,9.63164275866633e-10,1.56573147550151e-06,-1.57180841229083e-08,1.80967073993623e-06,2.3904282510671e-09,0.13379076126009,-3.44340613643568e-07,-1.19575703828341e-15,9.57625601207338e-07,4.52095759547122e-15,-7.66420642107824e-06,-3.6857679861033e-17,0.836964486271552,-8.90539717246165e-11,-1.98560785868995e-15,-5.32742975180884e-15,-2.56770913458696e-07,-0.0129334623945672,5.9283483354606e-06,6.88097599374753e-09,-2.68761056821747e-16,2.54232930331628e-10,3.03872826631007e-10,-1.46219778179181e-10,-2.53549121005944e-16,6.94717141095074e-08,3.86468264647137e-10,1.65444932439304e-09,-5.65782154309019e-07,-4.37660456107606e-11,1.22799820140192e-16,-3.27477114683187e-17,2.60211619554412e-16,2.83928865866407e-16,-1.84737366463322e-11,3.53376372668886e-08,-2.49448617869056e-06,2.36437388764776e-16,3.46577142798423e-10,2.83437658186206e-09,-1.32452845326225e-08,3.75914006120672e-17,4.26254084112676e-16,6.06879535574391e-09,-1.81729431566226e-08,1.94671356019738e-16,8.46055408891544e-12,-2.28355212151381e-16,3.32931382115986e-16,1.25840929491567e-16,-3.35204154027225e-16,-2.37493961999313e-16
"t162",0.0712984952793917,0.0103683334941468,-0.0808461866788115,0.00631046939679075,-0.00340253576603958,0.0112988776022116,-0.25807387914985,0.247291697236592,0.00261258121662622,-0.0308350205491248,0.0244787562218114,0.000216288265385276,0.00167825386570272,-0.00889572153351407,0.0457974046500207,0.00515435961314973,0.00357893703630876,0.000154463757889784,-0.000623780172312991,0.00394361176081766,-2.36152733060014e-05,0.000366983924853933,0.00175348725157647,-0.00114095883297879,0.00172220846424826,-0.00105134191653691,0.000108784296645905,-0.00012858184604321,3.17057102803577e-06,-9.31065279433443e-06,-9.35306471313289e-06,0.00184909638386806,-0.000321249282238202,-0.00691450573058175,0.00221956439664296,0.000303495847889462,3.58612474951213e-06,0.0104512974908333,-9.50232131171416e-05,-0.00100079892874283,-0.0318980363883769,0.00100713824494761,0.0262220084883522,-0.000135136454690259,0.449294879987432,-0.000206888986014687,1.54956735496198e-14,3.10922019425224e-05,5.43549456043166e-05,-0.0071005345874791,0.00282064800236182,-9.91747855320343e-05,-0.00611532551095777,0.0111890912831154,-0.000904995685241245,-0.00330677635611754,2.247421515655e-07,-2.39497897207644e-07,0.000484441988190593,-0.00376086401031048,0.000273956355040409,-6.50075998124317e-05,2.07661832605059e-05,-0.00916956906287701,-6.96479156174707e-07,1.14248383536414e-09,-2.62182632336343e-08,-0.000489053081585722,-2.01839581393144e-07,-0.00161714797107635,-0.000175272987780233,0.0376752777803896,-8.49380713753239e-07,-7.09107971916253e-05,0.00322671058672198,-3.14445485678301e-10,3.14519237563926e-09,8.96666112025333e-07,1.22590437872681e-06,2.84240004600214e-16,3.92023346073351e-08,8.03358626998423e-05,-3.77911636515623e-05,-1.30549745401428e-05,-0.000335938792842081,2.73983675966889e-16,-2.72047835895386e-06,-6.27116563210994e-11,-5.30279107855068e-07,3.71714753139735e-07,6.20167263586433e-06,4.71642121690173e-08,-0.000321740750459296,0.0062568906129333,0.0384320883285609,4.53530878228086e-05,-0.00825178887797204,0.185531171972471,0.0589059314069142,0.040164123913337,-0.000471010624939892,0.0214908842966948,6.13561193083759e-06,6.33313661786423e-07,8.56179065711999e-07,-0.000728280171311014,-7.92062050021181e-16,-5.38428063485693e-16,-5.66526863500843e-06,-2.84934895480201e-08,0.041256956665254,0.00126204699051203,3.14401259572401e-07,0.000142477609223874,-1.28369537222284e-16,-1.99096346272633e-16,-0.00360574810953117,-8.63013315936517e-09,1.19546244230231e-05,6.77547508757449e-06,-1.35441418422262e-17,5.50193584703809e-07,-2.76556027425365e-07,-1.14802390821596e-06,-1.96089634852668e-07,-9.65662934154222e-09,-4.72166990629013e-07,-6.62165574641259e-09,-5.03278194304776e-05,1.26546442703515e-06,0.319704480901647,-5.01595673130587e-08,-5.06071680282621e-06,3.33518519984692e-08,7.58447290527825e-16,-4.88539141300925e-07,-1.48810547335369e-16,4.50605507858542e-07,-4.87714976657527e-17,6.77013419013239e-07,2.46188556600234e-11,5.48606299277665e-17,1.73160962857345e-16,1.78613661651825e-09,5.2220510541508e-06,1.661065866293e-07,1.13185532500323e-08,-1.90748557730608e-16,-7.59870648369992e-09,-1.97890731162911e-09,9.27670365526124e-10,-4.96694880298176e-16,-4.57761774098377e-07,-2.57987819595683e-09,-1.11667732547219e-08,0.00068591509893572,2.97835507016668e-10,8.18969390522689e-16,6.49826075409389e-15,0.707106781186547,3.33709713775535e-15,2.06445059506601e-10,-4.26269284697059e-07,4.26932342649083e-06,2.84169389408451e-16,-7.82733541683837e-09,-7.88109282966147e-08,4.39271815079498e-07,-1.68468881896041e-16,1.62847166307323e-16,-2.39786048975708e-07,1.00239276616072e-07,-3.12886182042607e-17,-3.40347470190574e-08,-1.84755895043392e-17,1.74556549770166e-16,9.31854508743029e-17,-3.72804015085793e-19,-2.22741228838713e-17
"t163",0.0712984952793917,0.0103683334941468,-0.0808461866788115,0.00631046939679075,-0.00340253576603958,0.0112988776022116,-0.25807387914985,0.247291697236592,0.00261258121662623,-0.0308350205491248,0.0244787562218114,0.000216288265385267,0.00167825386570271,-0.00889572153351408,0.0457974046500208,0.00515435961314973,0.00357893703630879,0.000154463757889773,-0.000623780172312983,0.00394361176081768,-2.3615273306004e-05,0.000366983924853939,0.00175348725157647,-0.00114095883297882,0.00172220846424825,-0.00105134191653689,0.000108784296645919,-0.000128581846043188,3.17057102800942e-06,-9.31065279437607e-06,-9.35306471314709e-06,0.00184909638386809,-0.00032124928223826,-0.00691450573058169,0.002219564396643,0.000303495847889476,3.58612474953598e-06,0.0104512974908333,-9.5023213117396e-05,-0.00100079892874292,-0.0318980363883769,0.00100713824494762,0.0262220084883522,-0.000135136454690287,0.449294879987432,-0.000206888986014698,1.5553840996169e-14,3.10922019425197e-05,5.43549456042645e-05,-0.00710053458747908,0.00282064800236185,-9.91747855321337e-05,-0.00611532551095769,0.0111890912831154,-0.000904995685241388,-0.00330677635611748,2.24742151567086e-07,-2.39497897163571e-07,0.000484441988190633,-0.00376086401031049,0.000273956355040388,-6.50075998126459e-05,2.07661832604487e-05,-0.00916956906287708,-6.96479156103583e-07,1.14248376764217e-09,-2.62182633029148e-08,-0.000489053081585697,-2.01839581419165e-07,-0.00161714797107639,-0.000175272987780195,0.0376752777803897,-8.49380713759419e-07,-7.09107971913663e-05,0.00322671058672196,-3.14445577697631e-10,3.14519211196129e-09,8.96666111911627e-07,1.22590437849367e-06,2.27482019243052e-16,3.92023346417856e-08,8.03358626995986e-05,-3.7791163651712e-05,-1.30549745401e-05,-0.000335938792842077,4.93859876482278e-16,-2.72047835869647e-06,-6.27116980323898e-11,-5.30279108201006e-07,3.71714753334036e-07,6.20167263597443e-06,4.71642127183283e-08,-0.000321740750459341,0.00625689061293328,0.0384320883285606,4.53530878235063e-05,-0.0082517888779721,0.185531171972471,0.0589059314069136,0.0401641239133367,-0.00047101062494001,0.0214908842966947,6.13561193080203e-06,6.33313661244973e-07,8.56179065946349e-07,-0.000728280171311048,-5.1835519637582e-16,-2.61956508893506e-16,-5.66526863521973e-06,-2.84934896020819e-08,0.0412569566652546,0.00126204699051191,3.144012594887e-07,0.000142477609223819,-1.56125112837913e-16,2.85813075371005e-16,-0.00360574810953109,-8.63013360827569e-09,1.19546244228408e-05,6.77547508748505e-06,1.16645541633431e-16,5.5019358459116e-07,-2.76556027506517e-07,-1.14802390863915e-06,-1.96089634302645e-07,-9.65662935416368e-09,-4.72166991413459e-07,-6.62165566316365e-09,-5.03278194307127e-05,1.26546442715837e-06,0.319704480901646,-5.0159567599288e-08,-5.06071680277177e-06,3.33518519418739e-08,1.11016033968356e-16,-4.88539141378121e-07,3.24204481507593e-16,4.50605507859768e-07,-2.68121511350972e-16,6.7701341937795e-07,2.46186463923811e-11,1.42681005899092e-16,1.35661272134376e-16,1.78613604014283e-09,5.22205105432315e-06,1.66106586562495e-07,1.13185531867149e-08,-6.64924377864957e-16,-7.59870648618299e-09,-1.97890684000392e-09,9.27669518235679e-10,7.51356164095398e-16,-4.57761773947456e-07,-2.57987787626763e-09,-1.11667726786311e-08,0.000685915098941059,2.97834269833569e-10,-5.89517651765159e-16,-6.44472964719958e-15,-0.707106781186547,-3.48121993206475e-15,2.06445674249232e-10,-4.26269285126159e-07,4.26932342702871e-06,2.68231617472914e-16,-7.82733605104243e-09,-7.8810928588963e-08,4.39271815153766e-07,5.50273393896403e-17,2.98806118737005e-16,-2.39786048943419e-07,1.00239276901988e-07,-8.21215706212275e-17,-3.40347470198163e-08,-4.03341294152363e-17,5.75602933372554e-16,5.58260254320586e-17,6.17765618737707e-17,-1.68691803555293e-18
"t129",0.071086067453754,0.0103248563120554,-0.0801736299522287,0.0062566996827669,-0.00334917036861204,0.0110717212811829,-0.251742874241135,0.2403389427294,0.00253020702602408,-0.0295726752640739,0.023399442203369,0.000205461827011573,0.00159296413735119,-0.00837552583256285,0.0428192382489824,0.00478953411438074,0.00331749646367566,0.000143046634989337,-0.000566861253360393,0.00357573891252272,-2.13343516196761e-05,0.000329079524044207,0.00155301624060648,-0.00100437512553389,0.00150961865741889,-0.000909969687498986,9.26907856963078e-05,-0.000108911919935794,2.63930280155881e-06,-7.6733063974696e-06,-7.69360352327934e-06,0.00151132556406517,-0.00025929953008721,-0.00555507929472116,0.0017667414276891,0.000233516701097691,2.75112670482551e-06,0.00785402852613714,-7.11499249888821e-05,-0.000745863613433285,-0.0228617529507554,0.000719503946526123,0.0187059111212147,-9.63524731537354e-05,0.315557612318669,-0.000142521192256868,1.0763093395099e-14,2.06840452884061e-05,3.60236274150744e-05,-0.0046719998551796,0.00183082036391069,-6.3985800715781e-05,-0.00372386151850682,0.00664557451533364,-0.000534378574212196,-0.00189913580947031,1.25076996175179e-07,-1.28580111880417e-07,0.000259134591800762,-0.00198448672599614,0.000143240052328915,-3.39284431012925e-05,9.80156061557635e-06,-0.00427689118670307,-3.14078052622698e-07,4.99652291529516e-10,-9.87273407276022e-09,-0.000165718975690152,-6.32771244369126e-08,-0.000491837185099255,-5.26106743705349e-05,0.0112029842631798,-2.48978577134461e-07,-1.86450470236362e-05,0.00080263256240187,-6.94766851856819e-11,6.00109011095196e-10,1.65582517207833e-07,2.20394145211167e-07,8.79525405170468e-17,5.71873369524791e-09,1.10371330441248e-05,-5.08679813060833e-06,-1.53414631782555e-06,-3.88317791032145e-05,2.53813955029106e-16,-2.92018180315018e-07,-5.04555693558138e-12,-4.1643194254415e-08,-2.30597694359415e-08,-4.19869391234443e-07,-3.3510647217197e-09,3.44473180844884e-05,-0.00134035640070485,-0.00880070479454306,-1.10044051271806e-05,0.00201267195204223,-0.045630743511622,-0.0149306213703091,-0.0110689322217338,0.0001464401376865,-0.00784574601151338,-3.01974248385212e-06,-3.13899395160393e-07,-4.24510080076587e-07,0.000374899962284033,-9.55920196135179e-17,4.06337490766615e-16,3.5901169888769e-06,1.8632035041705e-08,-0.0288657453437038,-0.000898000712821605,-2.34279558856097e-07,-0.00011243596245588,7.66747776381749e-16,2.20011798717001e-16,0.00367853971323302,9.69607328159497e-09,-1.40141776437426e-05,-8.89212597951354e-06,-8.95761419283467e-17,-8.80469249636738e-07,4.57264153916852e-07,2.1087125518071e-06,4.06091285610776e-07,2.2319029510829e-08,1.10032233016915e-06,1.54618914896495e-08,0.000128522077420203,-3.29724448145201e-06,-0.868290777513808,1.40691604005004e-07,1.62299726614924e-05,-1.17356870833014e-07,-1.22031539497667e-15,1.93193685614317e-06,-5.07034404503388e-16,-2.29100456012651e-06,1.41635403045316e-16,-5.24760244729562e-06,-3.27563605838255e-10,-2.52185425320128e-16,-4.21407564861744e-16,-3.20751216754909e-08,-9.41524344232403e-05,3.00327277467347e-05,9.17188415448626e-07,1.07367354103024e-15,-1.95185376992279e-07,-2.44781394806005e-08,8.43113499650066e-09,-4.26609966403077e-16,-3.67641559336634e-06,-2.01986614671239e-08,-8.59230993208691e-08,0.00498253588684775,2.09069162936809e-09,-3.41590072397067e-16,-4.65987705823713e-17,4.40613650249177e-16,-5.98400851240146e-17,9.77032665601223e-10,-1.94762907557159e-06,1.7441930853665e-05,-1.80844922370582e-16,-2.98161367228149e-08,-2.89882043771471e-07,1.57777319207805e-06,-7.95110959512558e-18,2.40476041857285e-16,-8.44711503102719e-07,3.46683717657969e-07,7.82371376521937e-17,-1.09018475685698e-07,1.63521007282669e-16,-9.28077059647592e-17,-1.03458819132378e-16,3.94690708595823e-17,9.4040258878298e-18
"t124",0.0711099738744543,0.0103297112663623,-0.0802467087018889,0.00626253419320012,-0.00335467298918272,0.0110943619579657,-0.252351488099279,0.24098693733062,0.00253764923071954,-0.0296763946169408,0.0234850436996893,0.000206260300964653,0.00159919227123669,-0.00840960644756951,0.0429942531038975,0.00480871517214423,0.00333058422162344,0.000143607106287454,-0.000568467832830727,0.00358514968569801,-2.13826903075914e-05,0.000329530750393534,0.00155208288900018,-0.00100254993262895,0.00150543734560783,-0.000904350245328568,9.16010467210092e-05,-0.000107351695080457,2.57698081977437e-06,-7.44012029633631e-06,-7.44883436800629e-06,0.00145546426089733,-0.000246631491699892,-0.00525506126025945,0.00165087320252548,0.000203048563077349,2.37002114161311e-06,0.00617868208781989,-5.4717046652627e-05,-0.000554582851653691,-0.0055877266835269,0.00010524004526023,0.00177900079467502,-7.30833104293561e-06,-0.348475510988012,-0.00116652773726577,5.55188747850375e-14,4.32699533301645e-05,7.27639627015261e-05,-0.00893391650687746,0.00325258697491945,-0.000110949395302907,-0.00573182277879622,0.0100053007702547,-0.00080136675183273,-0.00280750709981069,1.83087845909933e-07,-1.87089545428489e-07,0.000376908556822757,-0.00288319522397591,0.000208003036706549,-4.92645749310661e-05,1.42773918917509e-05,-0.00623652140743197,-4.59592659059161e-07,7.33846679726161e-10,-1.48207452340407e-08,-0.00025302934034,-9.78341153316103e-08,-0.000764121907600105,-8.19065588950592e-05,0.0174671237996169,-3.89066959926427e-07,-2.96217175764439e-05,0.00128545489149747,-1.13077881230589e-10,9.94194395212422e-10,2.75306772832607e-07,3.6748459126006e-07,3.11928115267447e-16,9.71861252144392e-09,1.88395773131566e-05,-8.69488353285377e-06,-2.64281674511159e-06,-6.69458025840045e-05,-4.83813010463046e-17,-5.04952353359172e-07,-8.76181378257977e-12,-7.22940596876288e-08,-5.5747485664186e-08,-1.01462498373095e-06,-8.10073199833524e-09,8.5036276624921e-05,-0.00381565010435284,-0.0257003401902591,-3.29407735190574e-05,0.00603900337437367,-0.137437896123384,-0.0456179517648851,-0.0353493393971349,0.000505568958747568,-0.0311691110015747,-1.96239197572008e-05,-2.07844252805194e-06,-2.81348869899262e-06,0.00277371255735177,4.61333420047762e-16,2.36349766654679e-15,0.000120956477066461,1.76937563456122e-06,0.842211593931979,0.0194175961664695,2.89633247949799e-06,0.000878293458280734,-3.07739944638286e-15,1.75537368267577e-15,-0.00887382246007239,-1.70564075314507e-08,2.16290715258012e-05,9.82309630864358e-06,6.46351667707476e-16,5.42932559113667e-07,-2.55028156234102e-07,-8.34101666212996e-07,-1.01598230750327e-07,-3.21654260158441e-09,-1.50748115124079e-07,-2.09176198980334e-09,-8.29645357077434e-06,1.65265706672016e-07,0.0189752023620288,-1.68035610599582e-10,1.20264483933018e-06,-1.38269385106023e-08,-7.74374321995693e-16,3.18807596486233e-07,5.27028102866684e-16,-5.58944035014294e-07,-4.37239865436323e-17,-1.73407219406409e-06,-1.2890203538896e-10,3.94432750350227e-16,-2.09477568084452e-16,-1.33186508439972e-08,-3.91182535824123e-05,1.44299665625881e-05,4.47143877038746e-07,7.48936077257698e-17,-1.00490939433501e-07,-1.36927397289895e-08,5.05832535903236e-09,2.01298503326093e-17,-2.36873398446521e-06,-1.34646582288721e-08,-5.94291017973962e-08,0.0363461793174924,8.8499897601263e-10,-2.8010317180536e-16,-3.56046848846684e-16,5.22395754870599e-16,1.34112131274185e-16,6.26001920764861e-10,-1.26089181799547e-06,1.16642249892962e-05,-1.36501053515925e-16,-2.03472366244262e-08,-1.99844876304891e-07,1.09528566422732e-06,5.79072226471869e-17,7.61109925084824e-16,-5.89734766671759e-07,2.43346996106224e-07,2.53935871683101e-16,-7.82792918931421e-08,1.26490275713612e-17,5.37439016901065e-16,-1.21123075321903e-17,-3.38314327504418e-17,2.74261271994289e-17
"t153",0.0712458331450558,0.0103575189976268,-0.080676954387304,0.00629693187454692,-0.00338882153595433,0.0112397391944809,-0.256403686230354,0.245437374182123,0.00259037885751688,-0.030484455183054,0.0241759160610624,0.000213189471224088,0.00165377848197024,-0.00874243933248013,0.0448990537250025,0.00504195577717207,0.00349769661944737,0.000150904349505552,-0.000604771746503582,0.00381971078316169,-2.2836231979113e-05,0.000353654900750578,0.00167934061849409,-0.00108912042685234,0.00164002556810263,-0.000993490332744079,0.000101683974413537,-0.000119639847677049,2.90548150430029e-06,-8.4450623441569e-06,-8.46576534729773e-06,0.00166129366866792,-0.000283895432048787,-0.00606818658395126,0.0019183035402956,0.000241452952012829,2.82396884251858e-06,0.00746706590181155,-6.62921364853861e-05,-0.000674070460054718,-0.00697791231480667,0.000131718690381491,0.00222885776110177,-9.15966430963056e-06,-0.441370762808329,-0.00149769370270744,7.14423077551949e-14,5.69407708911106e-05,9.60095795648729e-05,-0.0118486884415196,0.00435586243066667,-0.000149224037226728,-0.00803708085411691,0.0142864968699862,-0.00114915858342198,-0.00410880153136608,2.74253866001942e-07,-2.87864863044915e-07,0.000581520627769873,-0.00449417136973862,0.000326467061830394,-7.7427430787042e-05,2.42281920076149e-05,-0.0106807741678811,-8.0801065832799e-07,1.32150469664687e-09,-3.00755321005781e-08,-0.000559860169232404,-2.30992451523242e-07,-0.00185088014069341,-0.000200619311137245,0.043126043340968,-9.72369169077703e-07,-8.12865836617543e-05,0.0037024293062966,-3.61713467965485e-10,3.63121850817383e-09,1.03612026189622e-06,1.41757600269552e-06,5.91979925163818e-16,4.55897671888179e-08,9.3577040641078e-05,-4.40442173008673e-05,-1.5269521928756e-05,-0.000393091221009981,1.36806542568168e-15,-3.18925312064405e-06,-7.40088677225281e-11,-6.26128258129251e-07,4.62443705953686e-07,7.73722836572554e-06,5.89424252844502e-08,-0.000410147720396339,0.00863838510530024,0.0538124073601126,6.43872788369882e-05,-0.0117305417192416,0.264314191318931,0.0846015824140778,0.0591716461524653,-0.000726839370328808,0.0362286162413119,1.47217715363596e-05,1.54184574526666e-06,2.08595939015561e-06,-0.0019355092445856,-4.19458324224018e-16,-1.28781590952164e-15,-5.83721298589533e-05,-8.02678153369226e-07,-0.331948482417481,-0.00737677187157659,-9.9062518174424e-07,-0.000261046990886394,1.37737043992558e-15,-5.91921657245447e-16,0.00109807121359714,1.169357040964e-09,-9.8980683513139e-07,1.05024101714591e-07,-1.78689761400441e-16,5.2672284200049e-08,-2.80119111012358e-08,-1.2407996525457e-07,-1.92119968404115e-08,-7.16159583639468e-10,-3.39251342983144e-08,-4.7195845484437e-10,-2.07949457337042e-06,4.23126855629691e-08,0.00506378116661425,-4.62177331995994e-11,3.6917894410436e-07,-4.52524471388806e-09,4.660368642515e-16,1.11892881774281e-07,-2.28949363229646e-16,-2.21283932104266e-07,-1.04918144699138e-16,-7.9152798638001e-07,-6.6238170580933e-11,-4.85722573273506e-17,1.3696612939716e-16,-7.16635314133161e-09,-2.1059699078603e-05,9.20880453490719e-06,2.92033209159425e-07,-7.29731568319199e-16,-7.29152066144264e-08,-1.29360745541281e-08,7.22021376709936e-09,-1.23373971492183e-15,-5.57965434104697e-06,-3.87390997761291e-08,-2.05319794727133e-07,0.678437532820832,-6.79861513299459e-09,-2.63836104534887e-15,-6.44116922416225e-17,2.56330793601554e-15,9.06073268725702e-17,1.14530216582288e-10,-2.8130606128052e-07,3.75462395692393e-06,7.13405029495462e-17,-7.51566147894577e-09,-7.80241162492654e-08,4.42399262208615e-07,-1.89265935635895e-18,-8.46761896711179e-17,-2.44445415429329e-07,1.03233713719725e-07,-3.57267792529819e-16,-3.6169458641805e-08,7.14284167357249e-17,-1.26526393529058e-16,1.33560236174438e-16,1.27680810802349e-17,2.19829059656009e-16
"t154",0.0712135259706424,0.010350910632874,-0.080574933717875,0.00628877631071894,-0.0033807560147934,0.0112054839273344,-0.255451133286704,0.244393221139671,0.00257803025197114,-0.0302961760224468,0.0240152161591241,0.000211582914191136,0.00164112769003283,-0.00866562273294058,0.0444609983038645,0.00498848446252279,0.00345943294215072,0.000149234291681043,-0.000596541806333659,0.00376659632562789,-2.2507687828772e-05,0.0003482222450876,0.00165085740998837,-0.00106980180337204,0.00161005383436353,-0.000973761302260892,9.94691446849511e-05,-0.000116948249790147,2.83411672230213e-06,-8.22776906215725e-06,-8.24607538819357e-06,0.00161696027821779,-0.000275915625879567,-0.00589443616199603,0.00186140061164667,0.000233405682025063,2.72897337230324e-06,0.00719990108059441,-6.38956953744011e-05,-0.000649382971176499,-0.00669547450186528,0.00012634649934689,0.00213764346611885,-8.78436402503676e-06,-0.422658138808493,-0.00143151879618322,6.82478269050331e-14,5.42476075558607e-05,9.14371007237312e-05,-0.0112770003208481,0.00414063992643253,-0.000141775292429036,-0.00759833840306753,0.0134792586662366,-0.00108372234380904,-0.00386643516082944,2.57463924198964e-07,-2.69536338579838e-07,0.000544353474272816,-0.00420290042039489,0.000305114513199823,-7.23542985134108e-05,2.24931257359097e-05,-0.00990870380279913,-7.48101207305842e-07,1.22137454306153e-09,-2.75817583807181e-08,-0.000511005337086173,-2.10168963955294e-07,-0.0016820686713533,-0.000182231749721599,0.039159740166091,-8.82478406781105e-07,-7.34980766545487e-05,0.00334186646469673,-3.25384408558019e-10,3.25463909295332e-09,9.27983336867106e-07,1.2688835260185e-06,4.37169573220022e-16,4.0642885730026e-08,8.33390773819715e-05,-3.92125345186007e-05,-1.35670049267598e-05,-0.000349183265560006,-3.88916656937787e-16,-2.83026460644095e-06,-6.54714761544979e-11,-5.53777192563451e-07,4.02471283319215e-07,6.72953126503942e-06,5.1246491069299e-08,-0.000355164279435203,0.00739295709956572,0.0459806808697817,5.4935817918225e-05,-0.0100072425657726,0.225435234702662,0.0720990874093229,0.0503081917814036,-0.000615655149163017,0.0305129777935529,1.22386903354654e-05,1.28133701213381e-06,1.73348747286315e-06,-0.00160539554136902,-1.45952912068143e-15,-9.77019296761044e-16,-4.78500978805857e-05,-6.56697586766077e-07,-0.270381484839262,-0.00600174927247803,-8.03394632567685e-07,-0.000210830572270904,8.15320033709099e-16,-6.88454017717787e-16,0.000868288616454754,9.16283036927408e-10,-7.72323342334182e-07,8.0980298235975e-08,-3.20605054548644e-16,3.96785469448328e-08,-2.1014364823274e-08,-9.1793818135172e-08,-1.39723743568202e-08,-5.12213356773838e-10,-2.42326043707378e-08,-3.3701125289304e-10,-1.46357304286072e-06,2.96807397411436e-08,0.00352724197254174,-3.20142419518721e-11,2.49676520679231e-07,-3.00754484164334e-09,1.68557682769705e-16,7.26851605735088e-08,-3.78268642889712e-16,-1.36428430013016e-07,7.01731688290951e-17,-4.44200869797159e-07,-3.29115440305801e-11,-2.12937306676153e-16,6.57897239772074e-17,-3.34422483296876e-09,-9.81979607081947e-06,3.03713195602591e-06,9.01558174161605e-08,5.13738969378511e-16,-1.51678095029449e-08,6.64663730663837e-10,-2.85156467700682e-09,1.1948355932129e-15,3.80073383982396e-06,2.95592912728307e-08,1.69455035518113e-07,-0.733649433791877,8.72733187421652e-09,2.73817744093831e-15,2.53400223990443e-16,-2.74806454990769e-15,-1.78163100212615e-16,6.11601472374698e-10,-1.18566488245592e-06,1.00185456613465e-05,1.89410119533218e-16,-1.68101800217659e-08,-1.62560402730718e-07,8.82730906167536e-07,1.12596083857659e-16,2.88397777881144e-17,-4.72047168074654e-07,1.93632781572037e-07,1.06358014897813e-16,-6.10867938519296e-08,4.50418592976843e-17,4.34006129645947e-16,-7.54123916356074e-17,7.94050673473666e-17,-1.74494855771026e-16
"t76",0.0703418113945689,0.0101725471167948,-0.0778183891501122,0.00606840574747948,-0.00316241255262483,0.0102770850427814,-0.229604893145453,0.216035029820757,0.0022423546997981,-0.025165497888071,0.0196324520299287,0.000167698403394526,0.00129549042070195,-0.00656262543191943,0.0324474710224247,0.00351979119862073,0.00240780546988711,0.000103324233401593,-0.000369230228329963,0.00229874782287336,-1.3419876047408e-05,0.000197669112538918,0.000859035667749111,-0.000531915900688443,0.000774644481192054,-0.000422036740362935,3.72711395482186e-05,-4.12383656484107e-05,8.16789189649449e-07,-2.06679400387502e-06,-2.01346743494886e-06,0.000356665173714882,-4.81088815855613e-05,-0.000925900583471013,0.000228462653944063,-1.43654838332671e-06,-4.86115776531003e-08,-0.000752214269627515,7.7437979356461e-06,9.33931501321597e-05,0.00480582996816945,-0.00014858586714305,-0.00380687035803158,1.94845214863054e-05,-0.0144801704583186,0.000276353042096576,-1.46469566843581e-14,-1.930952919699e-05,-3.38176204576386e-05,0.00446111655545021,-0.00182892690968712,6.54006736312339e-05,0.00482332720843473,-0.00949168271163457,0.000780326831832962,0.00306931085988256,-2.25132637613734e-07,2.59563963406965e-07,-0.000529006188566236,0.00422104823535467,-0.000313008555781421,7.45315259649123e-05,-2.81710038283812e-05,0.0126545310657995,1.00655274666724e-06,-1.71656147002002e-09,4.6078125658577e-08,0.000936438394136104,4.07743754727956e-07,0.00332960785193246,0.000363759935063128,-0.0786285913814595,1.78750958656116e-06,0.000158058842689187,-0.0073803599098342,7.5498927314406e-10,-7.93752693434291e-09,-2.28523179465653e-06,-3.14857240258652e-06,-1.31133989390761e-15,-1.06046839186537e-07,-0.000220056023826516,0.000103939500103654,3.67983959676991e-05,0.000949497241000046,-2.40447975013629e-15,7.77864580907354e-06,1.86003304043916e-10,1.57685145458295e-06,-1.30779810814322e-06,-2.19521746039772e-05,-1.67544399307264e-07,0.00118636055541691,-0.0255008201172135,-0.158620967700503,-0.000189328586987376,0.0344835263080567,-0.776619893782097,-0.248093090798288,-0.172165019083716,0.00207373053695901,-0.0982355180256621,-2.99060666979862e-05,-3.0899119381222e-06,-4.17745994591128e-06,0.00356770348301818,2.99435683310543e-15,5.33855358302304e-16,2.10392126926176e-05,2.16586799760037e-09,-0.318920273839226,-0.00922749597348931,-2.15623706729257e-06,-0.00095739850480538,3.57353036051222e-16,-8.96356981745926e-16,0.02542060118088,6.27049993560404e-08,-8.80288326419775e-05,-5.1601580959153e-05,-1.44670190852657e-16,-4.36102475842451e-06,2.19632261026125e-06,9.019526187999e-06,1.43556335819022e-06,5.75769464703774e-08,2.73983657983198e-06,3.81544532755912e-08,0.000152932125046786,-2.62049766561767e-06,0.203099721020468,-1.87420101262388e-07,-0.000321399229908033,-4.60883503922279e-06,1.28702958105143e-15,2.73331611066862e-05,2.79672429528785e-16,-1.99262904282161e-05,7.79715066090921e-17,-3.58808711145885e-05,-1.98903796424704e-09,-1.28803218091278e-16,-9.25986865598385e-18,-1.87958798624678e-07,-0.000551513875472254,0.000159650369496428,4.82773606686393e-06,5.37926690546315e-17,-9.89760782579681e-07,-1.1738725240759e-07,3.89241054779666e-08,1.99562527706691e-16,-1.66321403015871e-05,-9.08891313016567e-08,-3.84925746624678e-07,0.0115751467486606,9.40942754246686e-09,1.56901484401719e-16,2.25137553289826e-16,1.00074706141386e-16,7.80549515671346e-17,4.00023908474819e-09,-7.90167312631447e-06,6.85912437013121e-05,-5.52943107967607e-18,-1.14776009209398e-07,-1.10338076182437e-06,5.95826777838858e-06,2.4779501057031e-17,1.24032728532342e-16,-3.16898591434051e-06,1.29233476349989e-06,3.45432664447777e-16,-3.95157511686134e-07,-5.13646392209728e-17,1.61437703483092e-16,-1.53587599882098e-16,-7.23622350907161e-18,-2.76041049892127e-17
"t5",0.00543581799968629,-0.00363770948703592,0.00600078764609945,0.0216874508559332,-0.00509064557863331,0.0251504370945226,-0.0176814799994252,0.0105427212864438,-0.00297398473697834,0.0381644046834072,-0.0844683981932011,-0.000778589795626048,-0.00176769624100618,0.0330532008316099,-0.151273129841388,-0.0118857188254834,-0.0226613690169186,-0.000346209310088667,-0.00592767399370858,0.0527251230367839,-0.000491289921126497,0.000504818041050842,-0.000953519163186773,0.00323729541199551,-0.154230129932707,0.0639591447742949,-0.00551631984551569,0.00626408761225213,-0.000141518668546734,0.000394075361950991,0.000390712513268606,-0.00147485183223899,0.00948153808291622,0.0408065099060939,-0.13950225151395,-0.00119953083880011,-0.000133229786669207,-0.0675167509468623,-0.00455264252563297,0.10332583382434,0.159532681202349,-0.0305730143244839,0.0704589875695921,-0.000182126058490765,0.000957542576730676,0.152209478709068,-6.62498704174364e-12,-0.00349222771018853,-0.00560743500769485,0.60794455114918,-0.401542447357774,0.0089620198708588,-0.138109942592466,0.318917445381752,-0.0375677416609244,-0.396587479910829,6.50861126760847e-05,-0.000638542236475713,7.68242474591923e-05,-0.0540322478392286,0.104159820184722,-0.0289242876722166,-0.00681452005855651,-0.0807005775040928,-0.00228106839115113,-6.0896674979971e-06,0.000202086960084428,-0.00104107573597688,-3.70933606863959e-05,-0.00100239782529041,-0.00463000747922433,0.0116492379219466,3.00791859100332e-05,0.000102734803249501,0.00124572068471878,1.15299019122577e-07,-1.47797620699691e-06,-0.000440162768571707,-1.09895098954839e-05,-1.15115181297836e-13,-2.3531954673922e-05,-0.00231701960442414,0.0228820293011647,0.00123556847745311,0.0444671985000308,1.02912977247151e-15,-0.00264844351629525,-2.56064019630852e-05,-7.83808923465344e-05,0.00010364203140266,0.00159697602811232,1.1588767768311e-05,-0.0472936202017701,0.00360416067605038,0.0121028155019449,0.000143144976075345,-0.0132971856625966,0.00200709884440039,0.000535112784655627,-0.0173990433737416,-1.8866802880228e-05,-0.000392753929170526,-0.000997984019920888,-9.51128186603228e-05,-0.000128013038260171,0.0212610112208842,-1.37780185327279e-15,-2.53193618088746e-16,4.67653917992572e-05,3.95624600612669e-05,0.000504785568587858,-0.00886067701127732,-8.18076773496101e-05,-2.30154566762226e-05,1.66533453693773e-16,4.05190909136779e-16,0.00124543071585674,4.39202237411597e-06,-0.000107321638404564,-6.34264681038393e-05,-6.49249821094741e-17,-0.000265590108192165,0.000133788446768753,7.97212476411346e-07,2.1051815725313e-06,8.98035189120028e-08,4.30238721483598e-06,2.4133323560651e-06,0.010562603360138,-4.4036365642585e-06,-3.46316061224728e-05,-8.90914268334569e-06,-3.40154890122528e-05,-0.000266660276295389,3.59881362624768e-14,0.00159547293138991,1.23366430072425e-16,-2.50056959676431e-06,1.42197058907909e-16,-4.89045126935875e-06,-1.1678735227454e-07,3.0444397003393e-16,-1.05262667986175e-16,-1.03994991420629e-05,-8.20154403019968e-05,2.55064886758739e-05,0.000281815830540517,-4.74090387498573e-17,-1.88378633392191e-06,-6.78679917446983e-06,2.23706870480739e-06,1.14110458022423e-17,-0.000951008687175589,-1.81043602963706e-07,-2.19129258875573e-05,2.34818979456678e-05,5.45933655181829e-07,-3.59748659293069e-17,-1.58669631105682e-17,2.37586838393975e-18,-1.48818019269836e-16,2.25603470216038e-07,-1.67243760538828e-05,1.45855136807159e-05,1.05818132034585e-16,-6.37492712196196e-06,-2.40542629250537e-06,1.30363828512515e-05,8.55439778404082e-17,2.12503625807159e-17,-6.95447816764451e-06,2.90033168111457e-07,-1.35332681687172e-17,-2.15643055558299e-05,7.85345180692938e-18,4.36282954208167e-16,7.39263026703723e-17,7.70220050174956e-17,-6.75264947739318e-17
"t3",-0.025799325354506,-0.0344588696341474,0.00472241552627027,0.0225391208696109,-0.00255104252804547,0.0292539470800303,-0.00977682459974856,0.00670311140058322,-0.00389188420613242,0.0444113804292404,-0.157611223062534,0.00285860825238089,0.000665819327857881,0.0181256232521462,-0.0812418362335559,0.0110695118107193,-0.0149260566160172,6.48452402650089e-05,-0.0094284810561764,0.123777473126944,0.000302817046940148,0.000397800463612978,-0.00142977625579341,0.00636041735057197,-0.379791881951556,0.179243641666637,-0.019881293483816,0.0259734658430055,-0.00138489702338189,-0.0180130135356292,-0.00738550706949209,0.00118683820137595,0.00890262457575985,-0.00605675698552453,-0.111756490228696,0.00152089740270758,-0.00480657222278051,0.0663766477766342,0.0115763051525663,-0.0958928887491072,-0.35755557822678,0.107802009619629,-0.364287555487287,0.00115009392322352,1.19853059007146e-05,-0.672517757518031,4.05026036749351e-11,0.0303521804748056,-0.00178679920170886,0.0938363006665891,-0.0355338313461735,0.00027981751261503,0.00184045970279523,-0.0115324977518133,0.000612813548285497,-0.0124998811671161,0.00177340699212145,-0.00685522078674202,-1.11350373931371e-06,0.0013174606388258,0.0124119455945066,-0.00350686200218966,-0.0013081636792039,0.000216858161612672,-0.000473633114973625,-5.48352214333817e-05,5.44463479396204e-05,-1.51297738100669e-05,-1.1363691386275e-05,-1.94500277105458e-05,-0.001435911169203,0.000225304484913813,9.61247202233169e-06,2.483060382629e-06,3.232455771941e-05,6.55681221083154e-07,-5.26392878605342e-07,-0.000157448647199098,-3.87939839125428e-07,-4.17871710736804e-14,-9.48942248181027e-05,-0.000173946011412629,0.00810939984927715,4.0659196464271e-05,0.00150951697732477,-7.02335618196044e-17,-0.00128952350771829,-0.000143795814066765,-3.30425688777856e-06,0.000323106806346753,0.00467966999271431,5.0967446654439e-06,-0.0223080513878051,0.000214713382924008,0.0011447559504954,0.000236869554664754,-0.0249763112370137,-0.0013026763518466,-4.27172019053322e-05,-4.92056092069505e-05,-4.42351399528649e-07,-1.33939027479877e-05,-0.000372890354751985,-3.50410429059075e-05,-4.71221189709956e-05,0.000969237164981548,-1.83143219323119e-16,-6.42896877992355e-17,2.36556952297139e-06,0.000252398952686195,2.66055644277278e-05,-0.000470135136166834,-3.74841845329002e-05,-1.26958754077353e-06,-4.16333634234434e-17,-2.15561012759528e-16,7.48189957080077e-05,2.07421764980325e-06,-6.71962659406824e-06,-4.10019522685488e-06,-4.92539365787249e-18,-0.000129605343193618,0.000718028657531225,5.66262553086353e-08,1.56260660640949e-07,7.20505271961141e-09,3.4895565906202e-07,1.21352073138272e-06,0.00534991023335986,-1.05911470660908e-07,-2.03634299643648e-06,-4.54953121921918e-06,-2.45901371593985e-06,-0.00144718775074798,1.91827627144949e-13,0.00851018607482881,-1.11428744958223e-16,-1.89810801038654e-07,-2.70989709506453e-17,-3.90825749453755e-07,-5.87253438964564e-07,1.44849410244063e-16,-8.77224070337577e-17,-5.53218187388164e-06,-6.86972194549573e-06,2.22715770635687e-06,0.00138312115087189,-3.27209368815793e-17,-1.67521456685132e-07,-3.26721960599136e-05,1.0678846445835e-05,-3.89443435792929e-17,-0.00452043288194475,-1.60871999324424e-08,-1.18417780953519e-05,2.19840791838088e-06,3.02612084972752e-07,-3.14682204525861e-17,-8.87567068899846e-17,4.43204659668356e-17,-2.25342491125449e-17,1.28628328533147e-07,-1.68435964311532e-06,1.50033075679864e-06,1.73906028466675e-16,-3.69889242718521e-06,-2.53121165331782e-07,1.37950811749873e-06,-7.46755170247613e-17,4.15466272496445e-16,-7.39391744736389e-07,3.09774176542854e-08,1.36049397355888e-17,-1.27381343945827e-05,1.08920991426298e-16,5.78963960107259e-16,1.74352262569593e-17,5.35421231536593e-18,9.97140001536002e-17
"t9",-0.03934200417731,-0.0864223155119013,-0.000432859583369414,-0.00101032913502923,-0.00119284727547358,0.0165313098703919,-0.00629353053588373,0.00474887862954548,-0.00303258489687348,0.0498696133859186,-0.217994627094012,0.00960338403123266,0.00293035668127022,-0.0193482220321998,0.0159906193762979,0.0300938692257467,0.000582247902252965,6.10576728169625e-07,-0.00280871323177208,0.0390895771379688,0.00286946612893614,0.000155046982576675,-0.000659512844925002,0.003151604464141,-0.197417851992896,0.107225978315017,-0.0143418174789745,0.0202993386540202,-0.00145318432817914,-0.0241668110142713,-0.0104993776185349,0.00213872494614892,-0.022995728609419,-0.0745609543975394,0.416994490164419,-0.000200991129231273,0.000247146571131329,0.0583459561370831,0.016623585153096,-0.398197257623404,0.130854357951171,-0.035619342337807,0.115103037039327,-0.000357768507103769,-2.41318290366076e-06,0.0772939569048559,-4.15721401327207e-12,-0.072300799429795,4.39254070212641e-05,-0.000691996585302642,-0.000527218646376656,6.50334749568711e-06,0.000148610754239072,-0.00111787618727162,6.13639098528667e-05,-0.00140112268626538,-0.0337997159957053,0.20039243106762,-4.31498158717711e-07,0.000276593566591542,0.00243398189334789,-0.000682597058716064,-0.000258722720731719,4.33176994818036e-05,-9.72205064027512e-05,-0.00244952461955358,1.24913879308184e-05,-3.63053238061955e-06,-2.80134238578311e-06,-4.84008391434505e-06,-0.000358723078566846,5.64403576004482e-05,2.41782685863934e-06,6.42145180401289e-07,8.46309898544608e-06,9.25486639266629e-06,-1.44403161352058e-07,-4.33948490158838e-05,-1.0731727260069e-07,-1.21565993247122e-14,-0.00117473985367918,-4.96399374426781e-05,0.00231901615698546,1.17736539790082e-05,0.000437725151496145,-3.55559031497337e-16,-0.000376204034108535,-0.00170270497553413,-9.82863818251042e-07,0.00325601218635249,0.0464972090184312,-5.09345175688804e-07,-0.00632784076814888,6.95229393137285e-05,0.000374013151434734,7.79991789020724e-05,-0.00823033807875165,-0.000429753249578859,-1.41506809149438e-05,-1.64911643520435e-05,-1.50865656048904e-07,-4.68372058441178e-06,-0.000137653331066806,-1.29539929610012e-05,-1.74213717131238e-05,0.00036112470820081,-3.40718355867503e-16,-2.81867034285118e-16,9.25696789929402e-07,0.00275548756224862,1.06556134350373e-05,-0.00018919899106309,-1.52877844352755e-05,-5.2681822560845e-07,5.06539254985228e-16,1.15188529896704e-15,3.39963103347388e-05,9.82318873346874e-07,-3.24604068547291e-06,-2.09962898438809e-06,7.33098491960876e-16,-7.6084163157379e-05,0.00949785837834494,3.65797716968431e-08,1.14364650052339e-07,6.07695627217155e-09,2.97891954463418e-07,1.03903140989908e-06,0.00531590272464434,-1.09372439953905e-07,-2.29394676442947e-06,-5.52839796884134e-06,-4.62684313425173e-06,-0.057157828682046,1.50795187862927e-11,0.669268816979433,-3.59006346059043e-15,2.46688707291943e-07,-4.61698458475177e-16,1.52714136768981e-07,2.19472639114145e-06,1.63541055697713e-15,-2.87779297696585e-16,6.13122186656381e-07,7.57674987134945e-07,8.6653969190035e-09,0.000381379675491362,-4.10059800989365e-16,-7.76412994172663e-09,-5.71196004952866e-05,2.32003472485843e-05,1.28443275359229e-16,-0.0106327262383623,3.22791076439302e-10,-4.82064227357482e-07,2.05384392032516e-07,3.18672682369896e-08,-2.78915403518673e-17,-2.48998419587389e-16,3.93768645030934e-17,4.85743626257713e-16,2.0916012696999e-08,-2.80693425069159e-07,2.69204482400556e-07,-2.10335221462188e-17,-6.93338518909209e-07,-4.84654116463662e-08,2.67920539176233e-07,4.18430055985858e-17,-3.81639164714898e-16,-1.45261006575774e-07,6.15195541281075e-09,2.27147408801178e-17,-2.64403192036674e-06,-4.12380593021167e-17,7.57423637698373e-16,1.73199470637038e-16,3.50651202756399e-17,-8.89990310718449e-17
"t10",-0.0392915173474383,-0.0862662283021819,-0.000431308625540641,-0.00100662128426974,-0.00118478948826803,0.0163881685933053,-0.00622703611158067,0.00469137490020158,-0.00299140479404013,0.0489903668452218,-0.213855193997931,0.00939636716728651,0.00286622282783843,-0.0188609804272525,0.0155428210140214,0.0291766142585876,0.00056393212072656,5.91142478184505e-07,-0.0026983543774301,0.0375194436032557,0.00275012608317561,0.00014815149756274,-0.000627047752724839,0.00298916259462642,-0.186925433752536,0.101018172506267,-0.0134283584284081,0.0189624394899867,-0.0013483577014929,-0.0223372645375707,-0.00969744417790387,0.00197054576243655,-0.0210868163794403,-0.068250763946039,0.380374541519544,-0.000181043805165777,0.000222377852036826,0.0521053638359094,0.0148260724043652,-0.3545414922263,0.114901562405129,-0.0312415297732267,0.100904893934366,-0.000313580967319489,-2.10407146700771e-06,0.0669458003191459,-3.59598517568176e-12,-0.0618867257772597,3.75512559853269e-05,-0.000590160219400193,-0.000447614545535223,5.51052567260985e-06,0.000123608690362105,-0.000922598465453416,5.05533266318726e-05,-0.00114455671058059,-0.0273523176559835,0.160474533757231,-3.45181045695483e-07,0.000220402866371425,0.00193448337890348,-0.000542239193580495,-0.000199977386065234,3.33783587161325e-05,-7.42673132627164e-05,-0.00185689243605191,9.14341084488728e-06,-2.59873802958306e-06,-1.97473454082234e-06,-3.39245437498513e-06,-0.000250820432217812,3.93953263756364e-05,1.68325813814459e-06,4.38738181630475e-07,5.73081865042226e-06,6.15667068923161e-06,-9.41960996633795e-08,-2.81928821389949e-05,-6.94975410712302e-08,-7.16813970435464e-15,-0.000743681120211424,-3.12444864400009e-05,0.00145687377694488,7.31035150946109e-06,0.00027142635343108,2.81946891697155e-16,-0.000231948256319016,-0.00103019162609274,-5.93854011985544e-07,0.00177134992287138,0.0251828586139365,-2.75131162130629e-07,-0.00332057202097634,3.3296219352548e-05,0.00017676161360548,3.64080348533133e-05,-0.00383724828196134,-0.000199990155897953,-6.53968317820837e-06,-7.46535380983084e-06,-6.60182136204489e-08,-1.94118145455945e-06,-4.95801331119039e-05,-4.64654382356352e-06,-6.24768577806972e-06,0.000126585548537708,1.50452984244773e-16,4.84201173488199e-16,2.77513889380448e-07,0.000802329328997268,2.89477654537636e-06,-5.04404407069895e-05,-3.85665184624018e-06,-1.23025123474564e-07,-8.18789480661053e-16,-1.20625491854884e-15,4.59452801131214e-06,8.95832709585114e-08,-2.28718643075358e-07,-2.29263713232687e-08,-8.68503729857732e-16,8.46510241833817e-06,-0.00127068096412508,-7.73601331593729e-09,-3.55158944169957e-08,-2.50425599517188e-09,-1.25160888689947e-07,-4.38608349726732e-07,-0.00273438057379589,5.86498576190969e-08,1.33676864598211e-06,3.42870856393646e-06,3.65197142235365e-06,0.0525899972339522,-1.66253606526025e-11,-0.737878972100547,3.77545357897066e-15,-3.88111691158567e-07,5.21672322993887e-16,-4.08070708731283e-07,-1.07678398718106e-05,-2.44249065417534e-15,4.17538823146633e-16,-4.12194874443572e-06,-5.11476231346693e-06,1.47900028536255e-06,0.0177247319821004,4.0955981106534e-16,-9.6978564251604e-08,-0.000346795338152394,0.000106053521662414,-2.26345430477415e-16,-0.043533424392605,1.29230128671019e-09,-1.90079307616983e-06,7.7021973220477e-07,1.16023348621739e-07,-3.6939140498978e-16,2.49823519733677e-16,1.02481027373028e-16,-4.8445312703441e-16,5.49269205058281e-08,-7.16893782116865e-07,6.30331071384716e-07,-6.80878964320897e-17,-1.53945768052873e-06,-1.0482910040927e-07,5.69371736900391e-07,1.318305785476e-18,3.80771802976909e-16,-3.04315687691336e-07,1.27153544582223e-08,9.20134932671099e-17,-5.16988447880245e-06,1.52427283318741e-17,1.61762964134837e-16,-7.93001610148655e-17,3.39597624825716e-18,9.34605173639073e-17
"t104",-0.0611908745811547,-0.172134839289686,-0.00967632047983141,-0.0434228675657846,0.00175785972374376,-0.0157998911361697,0.00463881836981474,-0.00304317103788307,0.00177248812241864,-0.026651398555998,0.119096447297016,-0.00597202707843559,-0.00187205520504813,0.0200371236241049,-0.0557753439068138,0.230868506812779,0.00847898653638676,-2.32627283248001e-05,-6.95507418997255e-05,0.00145342756591061,0.0475053518141845,-3.28923168953568e-08,1.14040893055278e-07,-6.91546322720456e-06,0.000707102187272048,-0.000774334576051486,0.000156920026745707,-0.000249870419795012,2.53259046547828e-05,0.000557390371227574,0.000259755937002973,-7.25090622783054e-05,0.20018376857408,-0.004752003046129,0.00649265548092274,2.83287992683569e-06,-9.31920525525955e-06,0.000139099042091585,2.63339049699635e-05,-0.000328868297022838,-0.000233081750853709,6.74994074232419e-05,-0.000223856875059136,7.02025079360294e-07,5.94387307480861e-09,-0.000256415042236721,1.49104285546162e-14,-0.00469746540918434,5.45178903330751e-07,-2.82670250878947e-06,-6.31515042276448e-07,4.73335189256742e-09,-5.40444425605087e-08,4.38205251839137e-07,-2.37408685514404e-08,4.21974130134211e-07,0.000763703733332725,6.27265149249941e-05,-2.34698072392404e-11,-3.52359390622418e-08,-3.34529119344965e-07,9.34069103665676e-08,-1.69128131432498e-08,3.96717435698036e-09,-1.82974384958833e-08,-0.00581157104760842,7.62748302777887e-10,6.00096745116219e-10,1.30378093998046e-09,2.98492495570533e-09,2.47091660464903e-07,-4.19243964609566e-08,-2.00476493495165e-09,-1.06839777264429e-09,-1.88880805558094e-08,-0.000199747092985203,1.02247343144318e-09,3.50402836878528e-07,9.66061911757163e-10,-2.82302237634566e-15,0.0473174884553127,6.52057204335757e-07,-3.79660631883644e-05,-4.09454366098595e-07,-1.64676486349906e-05,-8.5161623848076e-15,2.04153414356033e-05,0.878572566913058,-1.0022405985241e-06,0.00744326887326144,0.0203632409565656,-9.23866865600004e-07,0.000220112785614417,2.4482229322922e-07,1.78516289398561e-06,4.51045375048949e-07,-4.83203392014967e-05,-2.58332979915055e-06,-9.21382617167975e-08,-1.29678622677013e-07,-1.48145212185915e-09,-6.00037420983423e-08,-3.32007262137269e-06,-3.19257744198795e-07,-4.29825121207083e-07,1.01051566378156e-05,-9.17523658451958e-16,3.7813333895877e-16,1.71160784753606e-07,0.26220622446604,-8.39073458730225e-07,1.17289849517093e-05,5.83865892092583e-07,1.30895816892108e-08,-6.48786580015326e-16,7.40559417805297e-17,-2.34279762423329e-07,-4.2657932140914e-09,1.11317719647102e-08,2.67169257481594e-09,4.67588002346764e-16,-6.85338160008619e-07,0.00680024006454419,-9.41049726462202e-11,-1.75147591879853e-11,6.23415393023739e-12,3.28893667445192e-10,1.16690694888538e-09,1.04675257036795e-05,-2.37310931073614e-10,-6.00608095550362e-09,-1.66907203166984e-08,-3.01784814201011e-08,-0.0188605615800906,-3.37021020000011e-14,-0.00148207999379751,3.62254815035728e-16,2.84709420960746e-10,-3.86799337764095e-16,3.59823926389219e-10,0.000934216800649536,-3.46944695195361e-18,-4.01111406430776e-17,1.61585651659866e-09,1.99462465044859e-09,6.49370597805136e-10,6.38499956335874e-05,-1.8327608576609e-16,-6.5729666295881e-11,-0.00047551379192836,0.0278177391507122,5.21935909789475e-17,-0.000648833318437534,1.38401326893344e-10,5.65785881226583e-08,-3.63636643207516e-09,-3.19201754926061e-10,-4.38095393678479e-16,-1.84601038425678e-17,-1.86482179341419e-17,-2.67978571678881e-16,6.73243005398436e-11,-9.84531315922509e-10,1.15380031972127e-09,-5.52943107967607e-18,-3.26299426088345e-09,-2.37742195511638e-10,1.34975531855433e-09,-3.0760834700716e-16,6.01298524860461e-16,-7.4734252702882e-10,3.22698632784631e-11,2.81600935713256e-17,-1.49709294538646e-08,2.24123561009364e-16,2.43999698917863e-16,6.57962540309726e-17,1.40058362570879e-16,-1.11193899666078e-16
"t158",-0.0615407296219605,-0.173524711148271,-0.00983314371321144,-0.0441440997111623,0.00181272260727797,-0.0164402113293175,0.00487124457909517,-0.00321980978622508,0.00188906281258029,-0.028994299897654,0.130484765441925,-0.00663276162173994,-0.00208285950335849,0.0226989870031299,-0.0641971431898731,0.26956095905894,0.00995711417481751,-2.73784042682621e-05,-8.57124127727144e-05,0.00180130264222785,0.0594243821554835,-4.19449945518978e-08,1.50322791667504e-07,-9.27002659653967e-06,0.00095921159751551,-0.00108953001379027,0.000231568224359792,-0.000375707255565582,4.03291007901425e-05,0.000919121666852115,0.000431251245922597,-0.000123210152610942,0.356657659599701,-0.0086232420840026,0.012232580968379,6.21790086676165e-06,-2.07547480442147e-05,0.000345455869870771,6.67612710331353e-05,-0.000856739815164733,-0.000791122687853601,0.00023503740250376,-0.000788689664097845,2.48371253722317e-06,2.39881411570674e-08,-0.00126500736170893,7.61472220637315e-14,-0.0389546327636818,4.88210434491931e-06,-2.99016505469661e-05,-1.01676749251534e-05,9.91615439585353e-08,5.89748752283107e-07,-2.87405669165911e-06,1.4236980051081e-07,-1.79617334899085e-06,-0.00244237188160776,-0.000155959274359486,5.70572754658944e-11,7.91045019451261e-08,7.14230284622717e-07,-1.97519892972597e-07,2.32795861862707e-08,-5.24317781468793e-09,2.17231644647313e-08,0.00631521181061977,-5.86430048130689e-10,-3.83030720983103e-10,-7.40575576124031e-10,-1.62634915325694e-09,-1.32298032229881e-07,2.21735412962362e-08,1.04102291064302e-09,4.88323649882142e-10,8.14573152372889e-09,7.70987097917108e-05,-3.51171140777762e-10,-1.17564993904092e-07,-3.18176650987006e-10,8.86081774177413e-16,-0.0137265184381564,-1.83312314715828e-07,1.05643481374334e-05,1.07005814763206e-07,4.27346100186147e-06,4.25823889267616e-16,-5.1406858371516e-06,-0.200635678350242,2.27285952725827e-07,-0.00100909687982837,-0.00270222302295966,1.21052211247025e-07,-2.51035955608557e-05,-1.77823317701126e-08,-1.21026398517061e-07,-2.86348854218743e-08,3.04863940170028e-06,1.61361858751955e-07,5.54386426522091e-09,6.95863810605719e-09,6.51388763131609e-11,1.83487632060135e-09,1.59644452804933e-08,1.3395462316961e-09,1.79040340191771e-09,-9.14089019814847e-09,-9.77649871843785e-16,6.61884768296183e-16,2.90574266306082e-09,0.00514629688605612,-2.12064658949181e-08,3.12746854589596e-07,1.77727876987926e-08,4.5877689296837e-10,-2.58473797920544e-16,4.4659922504385e-17,-1.27172027940049e-08,-2.59270709304201e-10,7.06791911953434e-10,1.87638921611934e-10,-2.30661089006719e-16,-5.50021380809978e-08,0.000555369225681001,-8.06885702053539e-12,-1.56758609295325e-12,5.73243332061442e-13,3.03148398065205e-11,1.07598847761436e-10,9.79664581231103e-07,-2.22658201557781e-11,-5.65873329201495e-10,-1.57625731477679e-09,-2.85483259354019e-09,-0.00177290710416201,-3.21454884192212e-15,-0.000137028584797345,-5.8476582354346e-16,2.45877051173805e-11,-5.79551088649952e-17,2.48942518971044e-11,3.72384518301563e-05,-9.50845305269787e-17,2.34806405712945e-16,3.68687519047018e-11,4.50639753360867e-11,-5.34291542279195e-11,-6.58511080294205e-06,2.4628815788749e-15,1.48107945188793e-11,0.000417539454472894,-0.830576296664574,-2.11807718107143e-15,-0.00187414148018043,3.29830820288586e-10,1.20710993145373e-07,-5.80950252054237e-09,-4.46217889406905e-10,4.11001960257743e-16,3.80524220547059e-16,5.26265325179478e-16,4.54911200096497e-16,4.42074117655393e-11,-6.25081442159957e-10,6.71114219288237e-10,-1.77809156287623e-17,-1.8199821561179e-09,-1.3027307839229e-10,7.31593414358766e-10,4.17384616251991e-16,-1.00451331280782e-16,-4.01753020945361e-10,1.72218196220086e-11,-1.51332425669294e-16,-7.79272256538075e-09,1.54141760391676e-16,7.18283939271647e-17,-9.22051064614536e-17,-2.90078791201865e-16,-1.4291372654221e-16
"t171",-0.0615835519536229,-0.173694656295875,-0.0098522518897117,-0.0442319633646708,0.00181936550271867,-0.0165174496622582,0.00489917462082567,-0.00324097072483079,0.00190298722405654,-0.0292718863388611,0.131830371042556,-0.00671042870111422,-0.00210762235098215,0.0230095929141925,-0.0651742473355325,0.274027504809174,0.0101274049750882,-2.78521988695789e-05,-8.75446590666777e-05,0.00184066999625157,0.0607692456518326,-4.29603559293397e-08,1.54352183381889e-07,-9.53025661693235e-06,0.000986981563497555,-0.00112390410554488,0.000239609786151328,-0.000389200803048364,4.19164425184934e-05,0.000957099948088793,0.000449230400129006,-0.000128499653437266,0.372827643154811,-0.00902188417016012,0.0128195426460515,6.5554179891617e-06,-2.1892501636026e-05,0.000365679038474973,7.07127406270739e-05,-0.000908160401474948,-0.000843980720624261,0.000250870472400101,-0.000842013947065104,2.65185570302204e-06,2.5673058653644e-08,-0.00135792354451974,8.2009285772435e-14,-0.0420357645861142,5.27117530504939e-06,-3.23187171973791e-05,-1.10112212081272e-05,1.07480810557361e-07,6.4435011242793e-07,-3.15050578711742e-06,1.5618230565697e-07,-1.97741543363217e-06,-0.00269927405018262,-0.000173103200118019,6.33562297485942e-11,8.79758587866422e-08,7.95158869925511e-07,-2.19945579529694e-07,2.6203814012301e-08,-5.90887498132242e-09,2.45627682825484e-08,0.00716159836696435,-6.73704141627464e-10,-4.43562688901504e-10,-8.62210599791857e-10,-1.89720079880198e-09,-1.5445991389737e-07,2.59032152695178e-08,1.21720655993032e-09,5.74591584703338e-10,9.61321201314928e-09,9.15165739292068e-05,-4.19458014329355e-10,-1.4060418729245e-07,-3.80914079485745e-10,5.4876123173885e-16,-0.0165483970625085,-2.21383608913301e-07,1.27657119500722e-05,1.29757602274902e-07,5.18413511231964e-06,3.00629330246588e-15,-6.24671396385812e-06,-0.245145973302494,2.77817573298546e-07,-0.00126898478224609,-0.00340202386270523,1.52503503284443e-07,-3.18540272702477e-05,-2.3047341538741e-08,-1.57315497396226e-07,-3.73205394046303e-08,3.97435258754316e-06,2.10443029408413e-07,7.24077346255972e-09,9.12794146286377e-09,8.60342383144758e-11,2.44901476062065e-09,2.18325767534222e-08,1.83314022739623e-09,2.45020920068041e-09,-1.25545971018913e-08,5.42402290754884e-16,-3.78339716404659e-16,4.08125243368960e-09,0.00725553008766447,-3.0153612682939e-08,4.45678036916552e-07,2.54849959401785e-08,6.63207930915527e-10,2.94902990916057e-16,-1.96336844388049e-16,-1.91711709124052e-08,-3.98118535183559e-10,1.09470545398524e-09,2.97847887497135e-10,-8.77491998991442e-17,-9.17300242187251e-08,0.00093456923853841,-1.40007514461652e-11,-2.82568581339832e-12,1.07492872265913e-12,5.69866408340927e-11,2.02420176527919e-10,1.90760738474254e-06,-4.37074159156428e-11,-1.12997911679005e-09,-3.19096175524503e-09,-6.14152976654196e-09,-0.00399350917042665,-7.38182781191768e-15,-0.000328666013521639,7.6902749961619e-17,6.89262676166137e-11,9.48613903021427e-17,9.81004388900132e-11,0.000285369462916814,-3.33934269125535e-17,-1.23787074384523e-16,5.1805871166978e-10,6.39869311251718e-10,2.5526612765714e-10,2.58907905878985e-05,-1.03311098229813e-15,-3.10826035798113e-11,-0.000376406665797038,0.39322797717951,8.12925616998378e-16,0.000597403932488985,-9.50451024446641e-11,-3.22963663197391e-08,1.16569902790494e-09,7.22542369360236e-11,7.10195756883109e-17,4.3156925348366e-16,-2.73523732039685e-16,-2.24839698379101e-16,1.01097063121176e-11,-1.61747569006089e-10,2.34519747446414e-10,7.79324521582581e-16,-7.32519914205796e-10,-5.57567370823787e-11,3.25504279346384e-10,-0.707106781186548,6.99950080534917e-15,-1.84197972507931e-10,8.11346222460423e-12,3.78342746530054e-17,-4.06938680837373e-09,-3.67200476572462e-17,5.7630766478467e-16,3.17730732057317e-17,1.53835931699352e-16,8.2294794573198e-17
"t172",-0.0615835519536229,-0.173694656295875,-0.0098522518897117,-0.0442319633646708,0.00181936550271868,-0.0165174496622582,0.00489917462082566,-0.0032409707248308,0.00190298722405654,-0.0292718863388611,0.131830371042556,-0.00671042870111422,-0.00210762235098211,0.0230095929141925,-0.0651742473355325,0.274027504809174,0.0101274049750882,-2.7852198869606e-05,-8.7544659066762e-05,0.00184066999625158,0.0607692456518326,-4.29603558998494e-08,1.54352183322042e-07,-9.5302566168751e-06,0.000986981563497541,-0.00112390410554491,0.000239609786151293,-0.000389200803048449,4.191644251853e-05,0.000957099948088765,0.000449230400128948,-0.000128499653437284,0.372827643154811,-0.0090218841701601,0.0128195426460515,6.55541798919387e-06,-2.1892501635982e-05,0.000365679038474971,7.07127406270125e-05,-0.000908160401474942,-0.000843980720624233,0.000250870472400084,-0.000842013947065152,2.65185570284974e-06,2.56730588298324e-08,-0.00135792354451986,8.20173359734843e-14,-0.0420357645861142,5.27117530517256e-06,-3.23187171973739e-05,-1.10112212079784e-05,1.07480810416821e-07,6.4435011246089e-07,-3.15050578713651e-06,1.56182305475691e-07,-1.97741543353719e-06,-0.00269927405018269,-0.000173103200118006,6.33561426158502e-11,8.79758587082544e-08,7.95158869828366e-07,-2.19945579428213e-07,2.62038141359e-08,-5.90887511963951e-09,2.45627682206404e-08,0.00716159836696427,-6.73704288753699e-10,-4.43562612763407e-10,-8.6221073596765e-10,-1.89720114844702e-09,-1.54459913965892e-07,2.59032152099409e-08,1.21720660881428e-09,5.74591627135877e-10,9.61321191260647e-09,9.15165739292749e-05,-4.19457939736245e-10,-1.40604187233957e-07,-3.80914074771609e-10,9.35902722935692e-16,-0.0165483970625085,-2.21383608871878e-07,1.27657119499543e-05,1.29757602194156e-07,5.18413511238708e-06,3.36776630679655e-15,-6.2467139638733e-06,-0.245145973302493,2.77817573410458e-07,-0.00126898478224591,-0.00340202386270534,1.52503503549653e-07,-3.18540272703886e-05,-2.30473416374187e-08,-1.57315497377883e-07,-3.73205389058888e-08,3.97435258746228e-06,2.10443029334965e-07,7.24077361058974e-09,9.12794145760539e-09,8.60340983808874e-11,2.4490147934076e-09,2.18325766345936e-08,1.8331402996041e-09,2.45021011019051e-09,-1.25545972312604e-08,5.2830766293268e-16,-3.14642838608404e-16,4.08125228326301e-09,0.00725553008766446,-3.01536125399834e-08,4.4567803684125e-07,2.54849959974244e-08,6.63207739269499e-10,-1.43982048506075e-16,-1.44186719891263e-16,-1.9171171157966e-08,-3.98118169858673e-10,1.09470554929625e-09,2.97847809614361e-10,-2.20545275428457e-17,-9.17300247965506e-08,0.000934569238538375,-1.40011541374405e-11,-2.8254041486324e-12,1.07500726615573e-12,5.69866048915731e-11,2.02420022649561e-10,1.90760738444503e-06,-4.37074021855035e-11,-1.12997925623667e-09,-3.19096182073084e-09,-6.14152973597e-09,-0.00399350917042681,-7.07532385823727e-15,-0.00032866601352164,2.55985815607587e-16,6.89264522008689e-11,-4.25329208864014e-16,9.81004223938348e-11,0.000285369462916724,-1.52005144582468e-16,-1.1948257394983e-16,5.18058102914824e-10,6.39869399875082e-10,2.55266407344031e-10,2.58907905874349e-05,-1.16408260473495e-15,-3.10824509413508e-11,-0.000376406665796728,0.393227977179511,1.23683518376154e-15,0.000597403932489107,-9.50452510246457e-11,-3.22963659446051e-08,1.16569905560715e-09,7.22542869719539e-11,-2.77373545841918e-16,-6.65643343574896e-16,-1.59016346222984e-16,-3.45457190059018e-16,1.01099242367543e-11,-1.61747358081333e-10,2.34519383242576e-10,-5.60424102957757e-16,-7.3251413703452e-10,-5.57504990277705e-11,3.25471219470881e-10,0.707106781186548,-6.24294452938878e-15,-1.8420161941845e-10,8.11602653003116e-12,2.32613238861549e-16,-4.06938583882594e-09,-1.75999299888065e-16,9.99092301945392e-17,-3.9524713786564e-17,9.03486983366944e-17,1.06636736467208e-16
"t134",-0.0612798459842673,-0.172483692331849,-0.00971387362464019,-0.0435951600843266,0.00176980592063042,-0.0159304951243559,0.00468287626015017,-0.00307450976151815,0.00179177342253522,-0.0269561998347049,0.120433719832125,-0.00603294613825342,-0.00189078244002466,0.0201794271148586,-0.0559475976403833,0.230447785980312,0.00844365246420516,-2.31434772873075e-05,-6.72101438144723e-05,0.0013975983179536,0.0452764081847059,-3.06709775146907e-08,1.01063738641716e-07,-5.92330227688204e-06,0.000588686456696817,-0.000573474651062844,8.88477429791673e-05,-0.000118600741210929,1.80880010926688e-06,-0.000174340949677609,-0.000105390580564698,5.6849239909007e-05,-0.40225669406748,0.0131640958599634,-0.0353534804010594,4.16716847304037e-05,-0.00012036685927108,0.00116170770516473,0.000212389000044361,-0.00256074098560114,-0.00173804383572002,0.000508195149535802,-0.00169357606699488,5.32060680646481e-06,4.82859211883862e-08,-0.00239191390621937,1.42511276084462e-13,-0.0678384437502583,8.44049726496376e-06,-5.10146177435597e-05,-1.69538997899774e-05,1.63803913124077e-07,9.0558351170146e-07,-4.30430274994675e-06,2.1205902958274e-07,-2.61122326314367e-06,-0.00346343085144066,-0.000215498975393703,7.86412384229713e-11,1.08027847086148e-07,9.69483515807223e-07,-2.67793286247431e-07,2.96794570656123e-08,-6.63882760137263e-09,2.69813408403791e-08,0.00770984819266814,-6.58911480933e-10,-4.05568347379122e-10,-7.49715626385816e-10,-1.61731692469892e-09,-1.30541413050772e-07,2.17570680733845e-08,1.01276388610096e-09,4.44483992648637e-10,7.15894335224241e-09,6.27056102803887e-05,-2.58191988622425e-10,-8.44505681968149e-08,-2.24194874973499e-10,2.55433903597454e-16,-0.00827154917312903,-1.05404268783732e-07,5.97681562874465e-06,5.42322538062037e-08,2.13646974960534e-06,2.50800505704774e-16,-2.41524470187787e-06,-0.0731428338909352,8.10427457528659e-08,0.000461698863089998,0.00136012083253839,-6.42834234842581e-08,2.16562502917197e-05,4.26487319791981e-08,3.28108547486823e-07,8.68362509353426e-08,-9.3416388640636e-06,-5.02764840975753e-07,-1.83686269975507e-08,-2.76373759849902e-08,-3.47548880824823e-10,-1.60056377575316e-08,-1.13364892123657e-06,-1.09676427166323e-07,-1.47704884371342e-07,3.58794751347682e-06,-9.67490666569416e-17,4.07420217341233e-16,7.38200034416879e-08,0.116781176649955,-4.01968356327029e-07,5.72700164991785e-06,3.0102633299077e-07,7.25865545699118e-09,2.4980018054066e-16,-2.03779432659381e-16,-2.05458638722712e-07,-5.02963456320288e-09,1.57418506901409e-08,9.48236509747058e-09,-1.18475518758849e-16,9.02979260812738e-07,-0.00688348250209413,4.9280257783505e-11,4.97437565841466e-12,-1.02517063952449e-12,-5.18226364865455e-11,-1.81947802764743e-10,-9.84127716319172e-07,1.961549715805e-11,3.69702488945984e-10,7.85369814321202e-10,1.92483499808266e-11,-0.00040431832500935,-1.42588221483971e-15,-5.97388195820378e-05,4.98276567528708e-16,1.49575835565132e-11,1.28982659915716e-15,-1.438505049077e-11,-0.835212049197083,-4.8763076909708e-15,-7.4023163859495e-16,1.56792779322214e-09,1.91977862822263e-09,3.04389340345841e-10,2.93167683918984e-05,6.07310960690086e-16,-2.86693814042423e-11,-0.000199192141828026,0.00133901768009706,-4.637944495416e-17,-0.000306397638393928,6.45502904288071e-11,2.62340334913468e-08,-1.66755199984537e-09,-1.45940958103108e-10,1.84095863204327e-16,-5.33523348371173e-16,1.73877486068849e-16,4.06609233859532e-16,3.16557483351354e-11,-4.65545009714716e-10,5.56928137125396e-10,-3.94649590784724e-17,-1.59880720956244e-09,-1.17439170313396e-10,6.70596685494775e-10,-9.71925344327485e-17,5.8113236445223e-16,-3.73103584784323e-10,1.61865965204696e-11,4.98523086223177e-17,-7.66858059084857e-09,-1.10085370551002e-16,2.1987620058006e-16,4.55486121893718e-17,-5.16591229304746e-17,2.24630971566385e-16
"t138",-0.06132458189684,-0.172660961521451,-0.00973369895334543,-0.0436862968762462,0.001776627774037,-0.0160092896300003,0.0047111691357166,-0.00309581717206553,0.00180571032383101,-0.0272290551001412,0.121747656896872,-0.00610777542158518,-0.00191459740247181,0.0204724240233098,-0.0568523784562459,0.234509779032864,0.00859734168331775,-2.35698049512057e-05,-6.87449963130277e-05,0.0014302425967448,0.0463722774717659,-3.14661232209135e-08,1.03971700866901e-07,-6.10199536049683e-06,0.000607015995777141,-0.000592978370246189,9.21831619417751e-05,-0.000123210392464557,1.88608365740348e-06,-0.000182174724011289,-0.00011017021533721,5.9507096027406e-05,-0.422160769330875,0.0138288081099995,-0.037209329110374,4.41605001578588e-05,-0.00012763042133586,0.00123682481096862,0.000226282391951278,-0.00273073191957899,-0.00186728674195347,0.000546315542380658,-0.00182110864008483,5.72181650266349e-06,5.20725473662506e-08,-0.00258864951480409,1.54448136780136e-13,-0.0738785056489559,9.19810754065886e-06,-5.56641112967673e-05,-1.85429491750518e-05,1.79342981453025e-07,1.00116315148759e-06,-4.77789063918488e-06,2.35611180777334e-07,-2.91396634567037e-06,-0.003883723272811,-0.000242952697658597,8.87074251317829e-11,1.22098262565588e-07,1.09720709451366e-06,-3.03152007833513e-07,3.40660368958884e-08,-7.63189667626202e-09,3.11518978694456e-08,0.00893567253006847,-7.76955741930985e-10,-4.83438085353491e-10,-9.00255717195542e-10,-1.94737529723185e-09,-1.57364435256907e-07,2.62491314869003e-08,1.22337453654833e-09,5.41702438209223e-10,8.76144788506837e-09,7.73791837025679e-05,-3.21504260714089e-10,-1.05353820301535e-07,-2.80101038229504e-10,1.03563511973343e-16,-0.0104410821694163,-1.33396133431159e-07,7.57050648512482e-06,6.90542170868227e-08,2.72198815035041e-06,7.38927790753975e-16,-3.08499869703868e-06,-0.0942068971537055,1.04444399144414e-07,0.000622206417209985,0.00183633957211339,-8.68855964077835e-08,2.96178820128577e-05,6.04597938820144e-08,4.6748739327199e-07,1.24304636652341e-07,-1.33782386725415e-05,-7.20519326986857e-07,-2.6392670986719e-08,-4.00159508218059e-08,-5.09468649600127e-10,-2.39182390486194e-08,-1.77486230076157e-06,-1.71935735518349e-07,-2.31566615616519e-07,5.66535878771036e-06,-4.99104289809339e-16,1.70803995866989e-16,1.22041766632019e-07,0.194619027581899,-6.82312159600341e-07,9.76820000019375e-06,5.20563352394629e-07,1.27842174375595e-08,-1.22124532708767e-15,-7.70819302751957e-16,-4.0065277144663e-07,-1.03005931208814e-08,3.30208642700822e-08,2.13782175701247e-08,2.95469203529766e-17,2.40401319104647e-06,-0.0189572200085627,1.53995881075093e-10,1.87575331714138e-11,-4.90575152980895e-12,-2.53264264622093e-10,-8.93967490210254e-10,-6.44576112665551e-06,1.39476959459265e-10,3.21316295355615e-09,8.31383731476898e-09,1.12776431680459e-08,0.0057917271748033,9.64090604313686e-15,0.000352969846840225,-2.69437253698497e-14,-3.52582272328897e-11,-0.707106781186548,1.42482778776442e-11,0.386609776682583,-3.38271077815477e-16,3.63761134591271e-15,-5.12545523127035e-10,-6.24812449744267e-10,-2.52033873507579e-12,5.77723312455806e-07,-6.99255721966723e-16,-3.39868722540292e-12,-4.92307830991992e-05,0.000430594720624061,-3.83458003753427e-17,-0.000108711993405803,2.33589847814962e-11,9.62119311217341e-09,-6.38875051684395e-10,-5.73607754177086e-11,6.16042192887284e-17,2.75429426785173e-16,1.2208227100305e-16,2.05617019134718e-16,1.63137411565706e-11,-2.45262858227001e-10,3.14021109923445e-10,-5.3776427755281e-17,-9.38932902456481e-10,-7.0351108510773e-11,4.07086891756822e-10,-1.04928269290546e-16,4.43221848112074e-16,-2.28935743409528e-10,1.00326289863064e-11,-1.54072383565203e-16,-4.95196088388244e-09,5.26767225319683e-17,1.66099772824779e-16,-4.58147967029943e-17,6.39956800191948e-17,-1.1220554602607e-16
"t139",-0.06132458189684,-0.172660961521451,-0.00973369895334544,-0.0436862968762462,0.00177662777403701,-0.0160092896300003,0.0047111691357166,-0.00309581717206554,0.00180571032383101,-0.0272290551001412,0.121747656896872,-0.00610777542158516,-0.00191459740247179,0.0204724240233097,-0.0568523784562459,0.234509779032864,0.00859734168331772,-2.356980495121e-05,-6.87449963130624e-05,0.00143024259674479,0.0463722774717658,-3.14661232347913e-08,1.03971700783634e-07,-6.10199536044825e-06,0.000607015995777141,-0.000592978370246178,9.21831619418306e-05,-0.000123210392464768,1.88608365753011e-06,-0.00018217472401133,-0.0001101702153372,5.95070960274077e-05,-0.422160769330874,0.0138288081099994,-0.037209329110374,4.4160500157964e-05,-0.00012763042133584,0.00123682481096863,0.000226282391951362,-0.00273073191957895,-0.00186728674195333,0.000546315542380605,-0.00182110864008475,5.72181650270418e-06,5.20725474674956e-08,-0.00258864951480422,1.54462244960905e-13,-0.0738785056489559,9.19810754065886e-06,-5.56641112969894e-05,-1.85429491748876e-05,1.79342981539762e-07,1.00116315160728e-06,-4.77789063901835e-06,2.35611181037543e-07,-2.91396634556976e-06,-0.00388372327281091,-0.000242952697658669,8.87074625638629e-11,1.22098262464107e-07,1.09720709438876e-06,-3.03152007705143e-07,3.40660371092594e-08,-7.63189660990884e-09,3.11518979128136e-08,0.00893567253006843,-7.76955931015844e-10,-4.83438005041215e-10,-9.00256001690192e-10,-1.94737519702446e-09,-1.57364435305479e-07,2.62491318737436e-08,1.22337470828595e-09,5.4170247138581e-10,8.76144785552386e-09,7.73791837024411e-05,-3.2150353213023e-10,-1.05353820088489e-07,-2.80100925403022e-10,4.94818194621663e-16,-0.0104410821694166,-1.33396133321492e-07,7.57050648525145e-06,6.90542171068805e-08,2.72198815024199e-06,1.75374102420031e-15,-3.08499869705202e-06,-0.0942068971537054,1.04444398900956e-07,0.00062220641720995,0.00183633957211305,-8.68855967567882e-08,2.96178820130798e-05,6.04597938991312e-08,4.67487392835381e-07,1.24304636416886e-07,-1.33782386726742e-05,-7.20519326879304e-07,-2.63926712339103e-08,-4.00159503991838e-08,-5.0946846273153e-10,-2.39182391940549e-08,-1.77486230092117e-06,-1.7193573409631e-07,-2.31566615540679e-07,5.66535878774568e-06,-7.05536383507821e-16,-1.8069434845633e-16,1.22041766706964e-07,0.1946190275819,-6.8231215953768e-07,9.76820000021289e-06,5.20563352927189e-07,1.2784217146681e-08,6.93889390390723e-16,4.7799186457113e-16,-4.00652771598761e-07,-1.03005931813392e-08,3.30208635916444e-08,2.13782174243072e-08,5.36430616660093e-16,2.40401318957585e-06,-0.0189572200085628,1.53995016228143e-10,1.87586102569213e-11,-4.90018403961327e-12,-2.53266306161231e-10,-8.93968855579931e-10,-6.44576112614897e-06,1.39477357197138e-10,3.21316349390218e-09,8.31383763742755e-09,1.12776434825662e-08,0.00579172717480365,6.4065141233801e-15,0.000352969846841328,2.66067547999005e-14,-3.52694327812502e-11,0.707106781186547,1.4248224116463e-11,0.386609776682585,4.6820186616614e-15,-2.98878984437188e-15,-5.1254723926322e-10,-6.24812403123573e-10,-2.52058854880886e-12,5.77723312562492e-07,2.86338262931348e-16,-3.39827728157349e-12,-4.92307830996393e-05,0.00043059472062423,8.82480226064498e-17,-0.000108711993405567,2.33596079028191e-11,9.62119250805596e-09,-6.38874889311567e-10,-5.73614185664373e-11,-2.50108287987343e-17,1.53294048927127e-16,-1.53089830239063e-16,-3.43517828701984e-16,1.63138157496800e-11,-2.45262616178866e-10,3.14021311828994e-10,2.17274115366095e-16,-9.38932710552697e-10,-7.03510250949684e-11,4.07086866874382e-10,6.15179639382727e-17,3.10515502199848e-16,-2.28935617777601e-10,1.00325920912453e-11,2.48387138740176e-16,-4.95196086046368e-09,1.37457927072355e-16,2.13804668414141e-16,6.63932732420875e-17,-5.77875655644585e-17,-8.61849743621516e-17
"t90",-0.0607599729614702,-0.170423514776499,-0.00948341381140758,-0.0425357268193215,0.00169047143509966,-0.0150139230729545,0.00435367682176574,-0.00282653764477948,0.00162954596272888,-0.0237783916097914,0.105128150176586,-0.00516098489699665,-0.00161326209127371,0.0167635544211952,-0.04539527617832,0.183057462912263,0.00665035839401775,-1.81687007097752e-05,-4.92819058944046e-05,0.00101624292336532,0.0324718146327489,-2.13765044762559e-08,6.70504192445964e-08,-3.83253433650088e-06,0.000374177594623464,-0.000345075673448421,4.97570238622916e-05,-6.45600213738903e-05,9.01989217622079e-07,-8.23774723255344e-05,-4.92754950970125e-05,2.56350335790449e-05,-0.168358492307666,0.00535112109139108,-0.0135302965670104,1.23585863432403e-05,-3.48054415913427e-05,0.000276025014850935,4.85492832840639e-05,-0.000555675512303672,-0.000210961000656578,5.77163759361964e-05,-0.000186394613342201,5.79000273884975e-07,3.50541426846667e-09,-6.34095549317333e-05,2.39221228938481e-15,0.00375368709323266,-5.40748557632809e-07,4.11994320104192e-06,1.8996882595806e-06,-2.06067602471788e-08,-2.31263717655195e-07,1.33393409366273e-06,-6.83984446546437e-08,9.97466605395791e-07,0.00155203696338327,0.000112519988635495,-4.16458981782564e-11,-6.01842339818803e-08,-5.57918964048942e-07,1.55074753425619e-07,-2.29481437741264e-08,5.27967582066718e-09,-2.31220539754703e-08,-0.00702960791100137,7.66071756811565e-10,5.3676113945559e-10,1.07507774557702e-09,2.38599164972581e-09,1.94883470350932e-07,-3.27521090795133e-08,-1.54362484285683e-09,-7.37922013185733e-10,-1.23497757678105e-08,-0.000116262482414291,5.15579010040845e-10,1.71124341281719e-07,4.59564943949503e-10,-1.02761358571948e-15,0.0183245317209845,2.37944527516494e-07,-1.35751590979289e-05,-1.27822399096584e-07,-5.05626486933591e-06,-1.81092328818905e-15,5.81694876736709e-06,0.186244904772308,-2.07169075438191e-07,-0.00153474781972036,-0.00456564730215465,2.170312814805e-07,-7.76938586968604e-05,-1.81353674107914e-07,-1.42671827009952e-06,-3.85381206645298e-07,4.15367904046293e-05,2.24228948591274e-06,8.28406113474439e-08,1.28754755322649e-07,1.70359464321134e-09,8.46413935442565e-08,7.10314826356251e-06,6.90303014686715e-07,9.29862115639773e-07,-2.31452850286478e-05,2.25548637740095e-15,-4.97602582119473e-16,-5.52657953486276e-07,-0.89611948792747,3.25983567199356e-06,-4.71102332772275e-05,-2.57735548433655e-06,-6.54549436688606e-08,2.22044604925031e-16,8.64818356624696e-16,2.41502684776194e-06,6.6394296978459e-08,-2.19446256431086e-07,-1.54578691661497e-07,-1.38526536135646e-15,-2.03979573971304e-05,0.165399198235652,-1.47452876806416e-09,-2.01002851159106e-10,5.86384811753608e-11,3.05480241957943e-09,1.08052632920774e-08,8.57368575748717e-05,-1.89704321599965e-09,-4.5805607268419e-08,-1.23048467266101e-07,-1.97197246854699e-07,-0.115109321846944,-1.89725149169918e-13,-0.00841275645061089,-6.23410543932651e-16,1.4347414597117e-09,5.79979890792689e-16,1.59702885778172e-09,0.058995988416304,2.88831458750138e-16,-2.13428991128446e-17,6.21991728134218e-09,7.676117750669e-09,2.28533800999915e-09,0.000222343400530753,-2.67525767555859e-16,-2.19469115438114e-10,-0.00146797914591581,0.00943808660489408,1.11107416583122e-16,-0.00210616720397138,4.41169913349832e-10,1.78573394256105e-07,-1.11916130746812e-08,-9.70754961224923e-10,-2.65160105391447e-16,1.09886208405483e-16,4.7919010991492e-17,2.61503587855737e-17,1.83714247373873e-10,-2.66006172034631e-09,3.01626531918979e-09,2.73218947466347e-17,-8.34521922919718e-09,-6.01158065134091e-10,3.38619092886557e-09,-1.17065370029794e-16,3.49546780409327e-16,-1.86266558191536e-09,7.99247859896389e-11,-1.47629669869163e-17,-3.60848124605732e-08,-1.07683020297356e-16,2.11202583200176e-16,-1.84911465523113e-16,1.64216481040099e-16,4.31895410032322e-17
"t192",-0.0602536199198577,-0.168354063715323,-0.00922655732185593,-0.041348963483525,0.00158423826929697,-0.0136440718529011,0.00380417597042401,-0.00237353031260369,0.0013062604737631,-0.0156706505631335,0.0625625452709733,-0.00228814922695274,-0.000678155946201217,0.00218722897788465,0.0109110028864823,-0.131824917265286,-0.00644536595596669,1.95445028256529e-05,0.000341234701738552,-0.00915688730687518,-0.490248712751043,1.41032946136578e-05,1.14439580696166e-06,-5.1216092801655e-05,0.00453340218018856,-0.00374838600893394,0.000609728625424463,-0.000903591227972008,7.21444236810435e-05,0.00127995158584181,0.00056388800399353,-0.000121425668723821,0.0241215273944426,0.00397828377902049,-0.0273757569623181,6.25449818415583e-05,-0.000184754530112042,0.00200407051364806,0.00037224997780065,-0.0045748261647303,-0.00353212123382336,0.00104262855897509,-0.0034894262618569,1.09789819034714e-05,1.04120597526313e-07,-0.00546621598149032,3.2992487372015e-13,-0.174450596214208,2.20184024055034e-05,-0.000136942623813262,-4.82611662994615e-05,4.79638889329956e-07,3.92196654674763e-06,-2.52410412916043e-05,1.36854648317628e-06,-3.63965499710853e-05,0.0757396645926819,0.000963473811975383,-3.20672843002177e-10,-3.24583324409506e-07,-2.43076692768573e-06,6.49022795931944e-07,-1.43200210968655e-08,2.6022187074419e-09,-5.11567366592858e-09,-0.000421783332042783,-1.90614915344944e-10,-1.59562834448654e-10,-3.28327892651359e-10,-7.28355032970224e-10,-5.93997630526921e-08,9.96750741623018e-09,4.68387336023928e-10,2.14866073775666e-10,3.48926313976103e-09,3.03893805414651e-05,-1.199523674833e-10,-3.86804408375745e-08,-1.01364281159755e-10,-3.39460879318611e-17,-0.00323435583615733,-3.88637509166317e-08,2.15527186790535e-06,1.62925511529749e-08,6.24544725077395e-07,1.65669394198304e-16,-6.12934499103087e-07,-0.00478229954765921,3.76027936051107e-09,0.000715631492121496,0.00202105663009885,-9.33602234372342e-08,2.61920626061975e-05,3.84918711731814e-08,2.86992983457751e-07,7.38218054997031e-08,-7.92067616777652e-06,-4.24488850229917e-07,-1.52690387731888e-08,-2.19430744347396e-08,-2.56027646124108e-10,-1.04129081770813e-08,-4.98135623073354e-07,-4.75186684688322e-08,-6.39496667139089e-08,1.43167617217235e-06,7.85951227134747e-18,-8.63786280672043e-17,1.22854879453074e-08,0.0143728739324298,-8.11969757134591e-09,-4.37484561950782e-08,-2.67929763965447e-08,-1.46352297447609e-09,6.93889390390723e-17,2.29037869226001e-16,1.90807965498942e-07,6.75838053097434e-09,-2.46056053433855e-08,-2.17294914100911e-08,-1.72040392571476e-16,-3.96922767834139e-06,0.033751719012655,-3.4778543706528e-10,-5.52484184601989e-11,1.83872180965991e-11,9.67133022525959e-10,3.42890314062374e-09,3.01497299681278e-05,-6.82386501218726e-10,-1.72580549800014e-08,-4.80435936953821e-08,-8.9077917173939e-08,-0.0574274868324159,-1.07181627827186e-13,-0.00475199041134854,-2.47496844792208e-16,1.0594334879725e-09,1.32573500421068e-16,1.88056692319386e-09,-0.000131157499653812,-2.27248775352962e-16,-7.83422006120646e-17,2.24124540680791e-08,2.78261199765904e-08,-1.38348280983349e-08,-0.0010800069091113,3.15342704193809e-15,6.99235993282216e-10,0.394952286269372,0.000135642913424932,-4.93437266700458e-16,-0.000517175678421647,8.85407959353346e-11,3.11167359793359e-08,-1.18130819912182e-09,-7.34158400305523e-11,-4.4270931824024e-17,-1.20912897890846e-16,1.80247560669344e-16,-6.3423157529872e-16,2.04378397886118e-13,-1.66472131760999e-11,8.57295163136061e-11,-3.88144377749811e-17,-3.82977009426213e-10,-3.33572922430782e-11,2.10978157090969e-10,-1.15004017137778e-16,4.38017677684144e-16,-1.26738388555626e-10,5.88386810528e-12,-5.73279860760907e-17,-3.54637516488537e-09,9.51311962793986e-16,3.20707002621212e-16,-0.707106781186548,-3.69203270246681e-17,4.08298573307423e-16
"t193",-0.0602536199198577,-0.168354063715323,-0.00922655732185594,-0.041348963483525,0.00158423826929696,-0.0136440718529011,0.00380417597042401,-0.00237353031260369,0.0013062604737631,-0.0156706505631335,0.0625625452709733,-0.00228814922695273,-0.000678155946201184,0.00218722897788464,0.0109110028864823,-0.131824917265286,-0.00644536595596667,1.95445028256234e-05,0.000341234701738611,-0.00915688730687524,-0.490248712751042,1.41032946137307e-05,1.14439580706574e-06,-5.12160928017105e-05,0.0045334021801886,-0.00374838600893397,0.000609728625424435,-0.000903591227972038,7.21444236810565e-05,0.00127995158584181,0.000563888003993419,-0.000121425668723852,0.0241215273944426,0.00397828377902062,-0.0273757569623181,6.25449818416052e-05,-0.000184754530112031,0.00200407051364813,0.000372249977800592,-0.00457482616473013,-0.00353212123382335,0.00104262855897514,-0.0034894262618569,1.09789819034219e-05,1.04120597500775e-07,-0.00546621598149035,3.29853045326331e-13,-0.174450596214208,2.20184024054618e-05,-0.000136942623813403,-4.82611662993974e-05,4.79638889494755e-07,3.92196654669039e-06,-2.52410412915835e-05,1.36854648309648e-06,-3.6396549971042e-05,0.075739664592682,0.000963473811975401,-3.20672890786694e-10,-3.245833245266e-07,-2.43076692763022e-06,6.49022795918067e-07,-1.43200211046718e-08,2.60221872370493e-09,-5.11567373054703e-09,-0.000421783332042865,-1.90615296550428e-10,-1.59562861363973e-10,-3.28327563053898e-10,-7.28355187455481e-10,-5.93997630249365e-08,9.9675074893054e-09,4.68387599918737e-10,2.14865766207838e-10,3.4892632779426e-09,3.03893805417434e-05,-1.19952495852838e-10,-3.86804408287924e-08,-1.0136408498883e-10,-4.70107243227359e-17,-0.00323435583615704,-3.88637504375499e-08,2.15527186818096e-06,1.62925512658133e-08,6.2454472492951e-07,-8.29083962906614e-18,-6.12934499207062e-07,-0.00478229954765876,3.76027936454846e-09,0.000715631492122112,0.00202105663009875,-9.33602230459457e-08,2.61920626060171e-05,3.8491871141997e-08,2.86992983546277e-07,7.38218056376814e-08,-7.9206761677917e-06,-4.24488850187226e-07,-1.52690387764076e-08,-2.19430743463771e-08,-2.5602744584518e-10,-1.04129084157752e-08,-4.9813562328152e-07,-4.7518667962293e-08,-6.39496662833993e-08,1.43167617218699e-06,-8.51801701531414e-17,1.87534011250487e-18,1.22854882756766e-08,0.0143728739324302,-8.11969759926687e-09,-4.37484559376547e-08,-2.67929763922078e-08,-1.46352317541021e-09,2.77555756156289e-17,-4.50973733357097e-16,1.90807965626045e-07,6.75838061219803e-09,-2.46056053066256e-08,-2.17294913989933e-08,-2.01402027474187e-16,-3.96922767794718e-06,0.0337517190126551,-3.47785498881771e-10,-5.52482522091248e-11,1.8387038686491e-11,9.67133000169371e-10,3.42890323660951e-09,3.01497299679404e-05,-6.82386453194923e-10,-1.72580551132752e-08,-4.80435944924876e-08,-8.90779175272975e-08,-0.057427486832416,-1.07241125586824e-13,-0.00475199041134881,8.54439948955684e-17,1.05943353708834e-09,1.49056410950201e-17,1.88056688731694e-09,-0.000131157499654049,-2.50667542278649e-16,1.72625392891213e-17,2.24124540146957e-08,2.78261200733826e-08,-1.38348281373493e-08,-0.00108000690911126,3.41406924420384e-15,6.99235605131273e-10,0.394952286269372,0.000135642913424675,-3.9742927463655e-16,-0.00051717567842172,8.85408560716828e-11,3.11167367276523e-08,-1.18130801063328e-09,-7.34159955051439e-11,1.09149587523714e-17,-1.19493422176022e-17,1.43094604875977e-16,-4.72360190952638e-16,2.04154184876848e-13,-1.66472245737752e-11,8.57295942677423e-11,5.27572777131446e-16,-3.82977178182281e-10,-3.33577595782602e-11,2.10978092309889e-10,-4.52480401796371e-17,4.60569082871842e-16,-1.26738422450497e-10,5.88398114055626e-12,-2.89976965148235e-17,-3.54637522603438e-09,-9.2855763379124e-16,-9.71445146547012e-17,0.707106781186548,6.73787927006662e-17,-5.62331372255332e-16
"t159",-0.0601884879880973,-0.168098000183789,-0.00919874010888841,-0.0412212821840367,0.00157524686645572,-0.013544899412866,0.00377046634141355,-0.00234944294742541,0.00129140467766325,-0.0154396922776949,0.061570099127955,-0.00224699212814781,-0.000665773428769691,0.00214134664798769,0.0106568108840624,-0.128486107202937,-0.00627696252392972,1.90278923313894e-05,0.000330138662006679,-0.00885261443025249,-0.473392619738856,1.35854478487477e-05,1.09798693391158e-06,-4.90436777590489e-05,0.00433526586756611,-0.00357031623047238,0.000577946685059751,-0.000854937178157444,6.79017003805283e-05,0.00120108271951237,0.000528843260048339,-0.000113664281256339,0.022497117079739,0.00370534749316162,-0.0254296637334298,5.75460255563307e-05,-0.000169849476881612,0.00183203920302364,0.000339962505593563,-0.00417277760198687,-0.00318882346582918,0.000940511975918594,-0.00314649409623544,9.898695436879e-06,9.35168746113363e-08,-0.00488586626746897,2.94705792749541e-13,-0.154612868664919,1.94970758186711e-05,-0.00012105410902245,-4.25258228380538e-05,4.22048887168758e-07,3.40652963052961e-06,-2.18062849003282e-05,1.18085454556272e-06,-3.12237226542441e-05,0.0645630992831948,0.000815541623531311,-2.71246378731627e-10,-2.73843541132197e-07,-2.04725760757224e-06,5.46440405471346e-07,-1.18434172434456e-08,2.14789044709895e-09,-4.19923980657377e-09,-0.000344544630734444,-1.52365911988001e-10,-1.25839553973559e-10,-2.56603845810721e-10,-5.6734549874662e-10,-4.62033016811192e-08,7.74532528868485e-09,3.63415187049423e-10,1.64924610929969e-10,2.66472785021487e-09,2.2979083668616e-05,-8.97319753223602e-11,-2.88720670998011e-08,-7.55288153778059e-11,1.33877293894596e-16,-0.00238100713233414,-2.85233868627739e-08,1.58025304274967e-06,1.18730816742153e-08,4.54820174588828e-07,-2.32736942291876e-16,-4.45051658610562e-07,-0.00343923799294896,2.70238259510073e-09,0.000489082016108012,0.001378444802401,-6.35992393538463e-08,1.76138799959751e-05,2.49085123971e-08,1.84732259892584e-07,4.72850693664395e-08,-5.07111322085776e-06,-2.71574262974804e-07,-9.74223472244095e-09,-1.38894016344683e-08,-1.60008576658653e-10,-6.38166714107264e-09,-2.91541591500299e-07,-2.77758718623001e-08,-3.73778537560013e-08,8.31047473645071e-07,-2.55699623321902e-16,3.13800979131247e-16,6.82829403114225e-09,0.00792953095160828,-4.40498571494059e-09,-2.36302224920684e-08,-1.42937130499787e-08,-7.68183429979043e-10,-5.96744875736022e-16,-7.76391065898219e-17,9.18761354676336e-08,3.12939796824319e-09,-1.11834883191839e-08,-9.35771806604867e-09,6.93179204397788e-17,-1.52586003742241e-06,0.0127000242898282,-1.2138703204215e-10,-1.74620607722063e-11,5.22550262713204e-12,2.72485903567159e-10,9.64024078643213e-10,7.65472734555808e-06,-1.68980103872749e-10,-4.04814325461485e-09,-1.07749276393593e-08,-1.60577646960428e-08,-0.00854238728946054,-1.14885154425786e-14,-0.000513413884335904,-2.19889417304291e-17,1.86233991150465e-11,-3.58662275581391e-16,-2.56622463686381e-10,4.19398214466052e-05,4.11129463806503e-16,-1.42718343075282e-17,-9.13409900208092e-09,-1.13707290092831e-08,1.13268924807225e-08,0.000954905885988069,-6.92454310384648e-15,-8.42374500815041e-10,-0.82826834937137,-0.000468283129915507,1.0096793928982e-15,0.00246544793048936,-4.58652651760618e-10,-1.7134801567377e-07,8.23795691412581e-09,6.09156565467561e-10,4.07538385896554e-17,1.75523168327536e-16,-2.39059552369903e-16,8.08023252710614e-16,1.38558435558434e-12,-9.72067781899576e-11,3.47402200485524e-10,-5.18248638448071e-16,-1.30495060216658e-09,-1.05347667943317e-10,6.34924950018278e-10,1.84405302299701e-16,-2.34621350125863e-16,-3.67353376206801e-10,1.64809090002489e-11,1.95448461692046e-16,-8.72256387474471e-09,4.36754816668353e-17,5.96961716170519e-16,2.08908183464139e-16,-2.07471407291472e-17,-5.91601337983494e-18
"t53",-0.0592478072583645,-0.164391019881667,-0.00879278093856512,-0.0393571891032713,0.00144211085662517,-0.0120634861412873,0.00326243507161869,-0.0019837942670964,0.00106432519412762,-0.0118405965395704,0.0460031043744136,-0.00159333082656189,-0.000468796675656707,0.0013995405505223,0.00648900838596124,-0.0730553033388152,-0.00346724243715837,1.03921858781201e-05,0.000137353850623215,-0.00354165261570029,-0.176951205719877,4.33667770505242e-06,2.47392794364837e-07,-8.7130849378593e-06,0.000623735789100988,-0.000143600315357129,-5.46655927368134e-05,0.000126070291354571,-2.09710042905925e-05,-0.000488207298439063,-0.000224981754719055,5.57012757935152e-05,-0.0139708302655988,-0.00248791609474994,0.0196819799629476,-6.79828481519478e-05,0.000207094515595995,-0.00274316987350673,-0.000526483051005076,0.00674263885523605,0.00711129757931798,-0.00214947083325039,0.00727031227478368,-2.29602626390458e-05,-2.42272892466421e-07,0.0144939503003638,-8.95493797760579e-13,0.577447191155696,-7.45877812561094e-05,0.000484757127800396,0.000185406135762323,-1.90975091437834e-06,-2.18581788743993e-05,0.000162485567633187,-9.1135245738113e-06,0.000285259164445191,-0.718157900890095,-0.011503062412191,3.92337017017437e-09,4.35956892690017e-06,3.4831342050741e-05,-9.42143144058542e-06,5.24298482959713e-07,-1.1167317291727e-07,4.02167191155493e-07,0.104815597452274,-6.55324230297571e-09,-3.47349313565691e-09,-5.85897624166831e-09,-1.22307830541788e-08,-9.73624636977158e-07,1.60695467296516e-07,7.37121974995537e-09,2.91192077345167e-09,4.4573943354975e-08,0.00035112872595517,-1.26528329480458e-09,-4.01242935537706e-07,-1.03798164235717e-09,4.31293169204282e-16,-0.0305333053158093,-3.60211875278637e-07,1.98594798881189e-05,1.45044026988712e-07,5.53937921114614e-06,2.12916673969523e-15,-5.35225629172989e-06,-0.0398314259971436,3.12192275624534e-08,0.00494654510097728,0.0138888515334036,-6.39406220767343e-07,0.000173290865342554,2.33696484957655e-07,1.72465161615734e-06,4.39568228397964e-07,-4.71236430439992e-05,-2.52207674392461e-06,-9.02754534928542e-08,-1.27927741695147e-07,-1.46142537059607e-09,-5.76943180217097e-08,-2.59984657934378e-06,-2.47642674235321e-07,-3.33248179097023e-07,7.40206910201436e-06,4.39493248452013e-16,1.6120236052721e-16,6.07340522852873e-08,0.0705630316171709,-3.92682659505613e-08,-2.10778969719877e-07,-1.27755137511489e-07,-6.88841771360922e-09,-3.40005801291454e-16,-1.34106450997127e-16,8.46560675798209e-07,2.93177053134488e-08,-1.05681535053623e-07,-9.08838393010166e-08,-7.30753561906468e-16,-1.5840750713502e-05,0.133659522581995,-1.34325452797203e-09,-2.0737247764566e-10,6.72295638205728e-11,3.52921511137238e-09,1.25065849451664e-08,0.00010763782149102,-2.4244901551475e-09,-6.07106502521452e-08,-1.67707392426455e-07,-3.01105399763562e-07,-0.189840212463327,-3.44595935393192e-13,-0.0152741140201313,-1.83538613485143e-16,3.20612782334622e-09,1.76034394706045e-17,5.15306777011566e-09,-0.000319301666153963,-2.56739074444567e-16,-1.57331594373743e-17,5.14778872180993e-08,6.38654613493989e-08,-2.34625359226044e-08,-0.00173309599467894,1.35619455350653e-16,8.17211014062677e-10,0.00289190303279946,-0.000230259698573645,4.62580289845487e-17,0.00172070251528023,-3.39691062595079e-10,-1.31895623401617e-07,7.13686452673273e-09,5.62677757252189e-10,-2.54619638280034e-17,3.6843312052311e-17,4.25454370736001e-17,5.53964453787683e-17,2.1625698194e-12,-1.56810170154776e-10,6.1622820008659e-10,-3.10949183068843e-16,-2.43751046869476e-09,-2.01510087380964e-10,1.23330239103952e-09,-5.36787755503446e-17,9.54097911787244e-17,-7.22240951547544e-10,3.27640586687331e-11,6.66721465830801e-17,-1.80920135762954e-08,7.7812074214248e-17,3.23309087835177e-16,-1.51912784073329e-17,-6.80019610956284e-18,9.12190116985044e-17
"t45",-0.0586261049385428,-0.161958667885043,-0.00853295393477334,-0.0381655766192792,0.00136071591719048,-0.0111831814412146,0.00296923778913542,-0.00177781915068117,0.00093938840165229,-0.00999000751676172,0.0381858758016725,-0.00127989085264131,-0.000374914470310895,0.00106744493979283,0.00472582297942846,-0.050798869498999,-0.00236290299199742,7.02584019743454e-06,7.4589061407563e-05,-0.00185235829029042,-0.0862591244750986,1.73409342440686e-06,4.22261374963262e-08,2.28947542459113e-07,-0.000149207989295647,0.000434330386939211,-0.000131010387691387,0.000226976081369065,-2.55552184823559e-05,-0.000526462309622014,-0.000237945590992829,5.55332108250625e-05,-0.0126544990417373,-0.00218427717763591,0.0163264856367657,-4.73642303693742e-05,0.000142319738992718,-0.00171813423914228,-0.00032454716175234,0.00407260493362104,0.00363023711148512,-0.00108208078011558,0.00363704067767773,-1.1460602897904e-05,-1.13230948673337e-07,0.00621312846855145,-3.77511499551703e-13,0.210061768954995,-2.66350460080139e-05,0.000166971769037178,5.95375809770328e-05,-5.93973401432713e-07,-4.80487069484063e-06,2.97823463489381e-05,-1.59454959575145e-06,3.89216062838e-05,-0.0680575857320913,-0.000568975753608699,1.76506839833296e-10,1.24297184182429e-07,6.13921362177527e-07,-1.46017349753058e-07,-4.98411690400338e-08,1.19674235677519e-08,-5.651205895775e-08,-0.0177754166865674,1.94261604025137e-09,1.29525452540716e-09,2.48086885409893e-09,5.40501925185813e-09,4.37877529317274e-07,-7.31573245457088e-08,-3.41686334120236e-09,-1.52062958624006e-09,-2.44920240688928e-08,-0.000211488838944029,8.33575517639185e-10,2.68915327813644e-07,7.05052542127512e-10,-2.53969976340664e-16,0.0226398370965055,2.72646745493694e-07,-1.51319850098279e-05,-1.14987552338563e-07,-4.41061590248379e-06,-5.83150644179472e-16,4.34074176454787e-06,0.0342067682932972,-2.69168032051211e-08,-0.00545387557489469,-0.0154436200258307,7.14521271806556e-07,-0.000203873566270586,-3.14742884033183e-07,-2.36223831343851e-06,-6.11310630328908e-07,6.56269977458847e-05,3.52027576804557e-06,1.27044641272989e-07,1.8434165722749e-07,2.18353573709198e-09,9.08197115185613e-08,4.56360978664042e-06,4.35893963509791e-07,5.86654638415969e-07,-1.32248085133419e-05,3.32204597318267e-16,-5.54535960045585e-16,-1.18243170774936e-07,-0.139249763807793,7.98214398890293e-08,4.31667874407474e-07,2.67100253442676e-07,1.47816668504752e-08,9.15933995315754e-16,5.93254765880465e-16,-2.05006608060318e-06,-7.44055507601237e-08,2.73859123614384e-07,2.4903505998293e-07,2.07738025162989e-15,4.792085343444e-05,-0.410997068472134,4.35299369851516e-09,7.13187811557756e-10,-2.43990505740532e-10,-1.28596703089249e-08,-4.56156577941887e-08,-0.000409913240658859,9.3222383643571e-09,2.3808056232843e-07,6.67748418163583e-07,1.27559715999637e-06,0.838478724065915,1.60119545866047e-12,0.070982725084054,9.0730955173794e-16,-1.65102881989685e-08,-2.10599513431298e-16,-3.0788990683342e-08,0.00220643339128831,6.87817858224804e-16,3.93781059466534e-17,-3.77896192814088e-07,-4.69169753106901e-07,2.16334379474494e-07,0.0164632150117952,1.1033760776379e-16,-8.81363824849803e-09,0.044235183339655,0.00418510573920705,-2.42946803284184e-16,-0.0361474402579326,7.39830294360612e-09,2.94855160828532e-06,-1.75687926990015e-07,-1.47933214649475e-08,-2.64601433655007e-16,-1.71603369867531e-16,3.19610112900984e-17,-1.20455563268623e-17,1.99358474021506e-09,-2.7999776537957e-08,2.88085715893701e-08,3.64942451258621e-16,-7.4980275141794e-08,-5.23814962257829e-09,2.88958865153437e-08,6.82778341294115e-17,3.56485674313234e-16,-1.56260073676262e-08,6.59714490654875e-10,-7.72128365404898e-17,-2.78306692341268e-07,4.47234550086069e-17,4.83554168928535e-17,3.7541470879389e-17,1.45117725752311e-16,-1.1127671216862e-16
"t47",-0.059198064820709,-0.164195906404927,-0.00877163207815138,-0.0392601013035868,0.00143509153064039,-0.0119825988050291,0.00323282788394903,-0.00196068426083819,0.00104836357743467,-0.0114300650698185,0.0437392337020735,-0.00141618446677425,-0.000409737687025854,0.000158581721144095,0.0132339030756929,-0.128308993438274,-0.00622174537120686,1.89449397210689e-05,-0.000249209224463899,0.00323437448072449,0.0548890556287693,4.70290199837062e-07,6.0243139272248e-08,-1.71834414476255e-06,6.95813139533331e-05,0.000197799662516016,-9.34579652348156e-05,0.000175370519464435,-2.30618268654554e-05,-0.000505667092507191,-0.000230941235627274,5.56415483081316e-05,-0.0115711989921858,-0.00244742044135402,0.0186776611860752,-6.08683689809064e-05,0.000184663666259981,-0.00237976262141098,-0.000454581041781262,0.00578645684558108,0.00578846181046407,-0.00174144259168597,0.00587764601241298,-1.85480695164965e-05,-1.91236073875663e-07,0.011069559753194,-6.79549296488509e-13,0.409946844644906,-5.24615011015597e-05,0.000334589579277956,0.000122992024895273,-1.24229196323965e-06,-1.0452447782151e-05,5.7670198228995e-05,-2.90032392633033e-06,2.04643347558112e-05,0.410638707405139,0.11669291018034,-1.35355156500127e-07,2.42459787294122e-05,0.000120309726876083,-3.04786498121976e-05,3.60342608793363e-07,-5.68300937259757e-08,-1.2358479756485e-07,-0.309296510261747,-1.49076764940827e-08,-6.69763608583554e-09,-1.08384430909381e-08,-2.24717254087968e-08,-1.7858373056942e-06,2.94523815909343e-07,1.35032190817623e-08,5.43981058006614e-09,8.5365995031926e-08,-0.0376433484482176,-3.29671319410085e-09,-1.12536533379554e-06,-3.12649954372337e-09,8.06743879977146e-15,-0.668560931469053,4.30760741137598e-06,-0.000146877945523162,-2.31348931114246e-07,-7.77145233839477e-06,3.35142588567985e-16,4.37961766030305e-06,0.000456989114089999,4.09704413655395e-10,0.0303994305870778,0.00801295094159635,-4.02618889156056e-07,0.00012631733260423,1.85735343986595e-07,1.37907397587423e-06,3.53253300915185e-07,-3.78869087278657e-05,-2.02913347302223e-06,-7.28106561295775e-08,-1.03851371069884e-07,-1.19638886126375e-09,-4.76748579603636e-08,-2.16866533250815e-06,-2.06569497737154e-07,-2.77976493906078e-07,6.17180611639528e-06,1.28085169638047e-16,1.69939332099825e-17,4.85887432422825e-08,0.054558630886231,-7.92003355080276e-09,-5.74030240046868e-07,-1.35044051313878e-07,-6.72824426385108e-09,-1.59594559789866e-16,-6.58297773494556e-16,8.25991951921635e-07,2.95091956687341e-08,-1.08369453839234e-07,-9.98693539483455e-08,-1.17425280145332e-15,-2.24059780360914e-05,0.203478627964477,-3.02444300182802e-09,-3.87328190664817e-09,-1.1973032604787e-10,-5.66030998920586e-09,-1.95703882306771e-08,-6.89621053427056e-05,1.30926422897527e-09,2.33079696604789e-08,4.95025939736132e-08,2.4824599032594e-08,0.00172448337719982,-1.4663736426548e-14,-0.000667522535882996,-3.63028743326303e-17,2.74392112603381e-10,-2.1179728825492e-16,3.68511781700708e-10,-2.46988644734423e-05,-1.14491749414469e-16,-5.13001190970342e-17,-1.09211539615409e-09,-1.38250062010111e-09,4.48536247173951e-09,0.000378313040955956,2.97662951404944e-17,-2.84225626826589e-10,-0.000961357686299819,0.000155049288435315,1.57946630619409e-16,-0.00236700240013587,4.94944547794379e-10,2.00180110854513e-07,-1.25316072306033e-08,-1.0871574196436e-09,-1.97425161409924e-17,-5.56145172776332e-17,3.76965932761571e-17,2.52767798183988e-17,2.12388561165316e-10,-3.09141878167675e-09,3.57332767510958e-09,5.20417042793042e-18,-1.00253962313638e-08,-7.27654106670665e-10,4.12060529228204e-09,-3.52664539148267e-17,1.01481323344643e-16,-2.27681142406092e-09,9.81203100354104e-11,2.09751507866717e-16,-4.51581549936082e-08,-7.4949555341164e-17,1.10154940724527e-16,-3.87483636420931e-17,6.64371397490323e-17,-9.27045826487536e-17
"t48",-0.0592221279862062,-0.164291566001164,-0.00878242167724944,-0.0393097163594378,0.00143881821217585,-0.0120253490031832,0.0032479329515091,-0.00197181403331615,0.00105542530548654,-0.0115475601959429,0.0442515525779727,-0.00143720999038152,-0.000416004154735593,0.000161826599668929,0.0135797184941192,-0.132466278528666,-0.00644137460947432,1.96360359697046e-05,-0.000267608989559727,0.00349633080373493,0.0600929420248224,5.34039670893258e-07,7.86713471763456e-08,-2.75185674901077e-06,0.000172872217640842,8.5127898381778e-05,-6.97380630288822e-05,0.000137127091418815,-1.92522669930882e-05,-0.000429898322278733,-0.000196861561461354,4.77939474416814e-05,-0.0100451866267031,-0.00213084627487198,0.0163361601682517,-5.3679036064348e-05,0.000162902840124085,-0.00210145425144926,-0.000401420223597453,0.0051094593814896,0.00509742062028412,-0.00153298560897986,0.00517319077520647,-1.63240297201717e-05,-1.67974018809564e-07,0.00969393987599315,-5.94693286634502e-13,0.356679577428803,-4.56095657366817e-05,0.000290448356200287,0.000106448323919821,-1.07372366028771e-06,-8.90478418410449e-06,4.87957257674816e-05,-2.44997282580414e-06,1.71485296656037e-05,0.340897823867343,0.0958455399268913,-1.11056292674456e-07,1.98170693311672e-05,9.80918087699172e-05,-2.48384237089916e-05,2.99413114628923e-07,-4.90147504966267e-08,-5.60273021340922e-08,-0.202589123176739,-9.34688512482448e-09,-3.76250951965654e-09,-5.45369083747305e-09,-1.07377177520341e-08,-8.32865476415451e-07,1.34894173494087e-07,6.00859154065939e-09,1.81413622040068e-09,2.27797943954452e-08,0.00474586981455189,6.15816609511599e-10,2.97645710897959e-07,1.04167406149316e-09,-9.47039913730878e-15,0.729608911046374,-6.12187225390824e-06,0.000227898128558993,6.41538186676901e-07,2.31838007052191e-05,-6.77258310314303e-16,-1.8467631275596e-05,-0.0816863245313601,5.6232842544269e-08,0.123502895103987,0.0136592024806264,-7.58315675918411e-07,0.000242195870182087,3.09762460523395e-07,2.26960437668948e-06,5.74816820707457e-07,-6.15876455651253e-05,-3.29318565385906e-06,-1.17487026267174e-07,-1.64960143518111e-07,-1.8596655600748e-09,-7.21484593480122e-08,-3.14564898440395e-06,-2.99367614060332e-07,-4.02835707567263e-07,8.90347840068027e-06,-5.40216213725003e-16,5.26392025329003e-16,6.85824197423732e-08,0.0767956604306702,-1.10871255162795e-08,-8.02564875033163e-07,-1.88200602250881e-07,-9.34360451981623e-09,-2.57432963834958e-15,-1.68086251869741e-16,1.13723344675172e-06,4.06410257961781e-08,-1.49379578649894e-07,-1.38328757242338e-07,-1.03572186682282e-15,-3.16599096924267e-05,0.289001659113481,-4.3892528202567e-09,-5.83527247575305e-09,-1.90302585285841e-10,-9.04265960875982e-09,-3.13045999753952e-08,-0.00011841056225767,2.2952999521768e-09,4.30025370382737e-08,9.59737308575334e-08,7.30038059558988e-08,0.0238075127980615,1.32345707787058e-14,0.000570744910134655,5.20604161531143e-17,1.45000105997682e-10,7.37763404800895e-17,3.01505548778753e-10,-2.24098026913124e-05,4.64038529823796e-17,1.51560468598381e-17,-1.01359624969796e-09,-1.2833981804337e-09,4.36198122947261e-09,0.000369253604487095,-5.52739489419877e-17,-2.80842365201733e-10,-0.00096359385551519,0.00015654610044412,1.05222596190315e-18,-0.00239699169605984,5.01522012366284e-10,2.02924692446673e-07,-1.2720831699732e-08,-1.10446367264545e-09,-6.28587351542584e-17,5.6825220316257e-17,6.77888023084936e-17,-8.27029828068781e-17,2.1757073941954e-10,-3.16875580310717e-09,3.66894487181932e-09,-2.19008838842072e-16,-1.03025579423991e-08,-7.4804526134731e-10,4.23702067247971e-09,6.35405404857961e-17,2.33970828822372e-16,-2.34152255989769e-09,1.00923416566853e-10,-2.14625444232394e-16,-4.64684724375657e-08,1.19784426412309e-16,4.5926804026486e-16,-9.32495721295087e-17,-2.62222942916788e-16,2.43972017987656e-17
"t71",-0.0602234341438172,-0.16823782219833,-0.00921475822460031,-0.0412949749754899,0.00158074112017432,-0.0136054672204037,0.00379002169644431,-0.00236194190692222,0.00129752720886943,-0.0153414124051823,0.0604711611859041,-0.00207880937961543,-0.00060633490628825,0.000255925022176097,0.0232254966852279,-0.244590301263333,-0.0122875141482305,3.79402021532017e-05,-0.000709412954927865,0.00971569047309945,0.18141233477015,1.96681971657495e-06,4.68968866251113e-07,-2.4024788450986e-05,0.00225755595572016,-0.002061928136336,0.00035212424407456,-0.00052591102576639,4.21414386787922e-05,0.00074202339017982,0.000326194796691584,-6.95860916061496e-05,0.0116731918825824,0.0022929383878824,-0.0152298837571226,3.16254952758101e-05,-9.25179433426701e-05,0.000929745303643859,0.00017010454476249,-0.00204849886424605,-0.00127669945568686,0.000368605790766073,-0.0012210489112945,3.82782669477628e-06,3.2242838454397e-08,-0.00139658224405063,8.10023807651171e-14,-0.025460073448541,2.93363672838193e-06,-1.48467119130379e-05,-2.90263957647923e-06,1.83638717558181e-08,-6.54359284858481e-07,5.43341224831968e-06,-2.94817417877818e-07,2.822674659635e-06,0.0751293503414719,0.028601769409913,-3.41685088023019e-08,6.84054925992892e-06,3.66459452173611e-05,-9.42725007923185e-06,4.34973391115218e-07,-1.01668739453642e-07,5.48634665299653e-07,0.315091316113744,2.44279459854502e-09,5.14506365809108e-10,4.79596858754539e-10,7.91149411797807e-10,5.67112382002938e-08,-8.67295401360373e-09,-3.53290059262445e-10,-4.64741824879791e-11,-2.83797829027789e-10,0.0191964766892194,9.55354545473242e-12,5.53090765138928e-09,2.16353792887786e-11,-1.20566720448933e-15,0.0229315260058248,-2.02058470351888e-07,7.61818686900511e-06,2.24157333371134e-08,8.11170720392334e-07,-4.71593374153732e-16,-6.44358240517738e-07,-0.00249930493897415,1.68762778532239e-09,-0.851823769274426,0.0604428478034021,-1.79493205066766e-06,0.000132618235420414,1.00542618033072e-07,7.24116300060065e-07,1.81188735816363e-07,-1.93943043160151e-05,-1.03548083896877e-06,-3.67555985749087e-08,-5.10501134556114e-08,-5.70830017610772e-10,-2.21720111440869e-08,-9.98954540110467e-07,-9.51836593933355e-08,-1.28088945879168e-07,2.85010536875687e-06,-6.96890662295428e-16,7.52729534723966e-16,2.2997322936237e-08,0.0259670405805404,-3.82141490945243e-09,-2.7801451444805e-07,-6.61326329531864e-08,-3.3457401674327e-09,-2.00534033822919e-15,-8.66245701486777e-16,4.50140209480199e-07,1.68304792294965e-08,-6.32018880767822e-08,-6.22717869018201e-08,-3.00352177246643e-16,-1.62446893590535e-05,0.152017984214269,-2.52129568563438e-09,-3.77487249891959e-09,-1.4047142226609e-10,-6.74877570249787e-09,-2.342692980191e-08,-0.000101230056269096,2.02940134753738e-09,4.09690292882117e-08,9.74435500960755e-08,1.04111562716104e-07,0.048585028510075,6.2649626431738e-14,0.00277745549811222,-2.58604291399531e-16,-2.9887886804294e-10,-1.33737140627998e-17,-1.57025484401497e-10,5.18256965296749e-06,7.45931094670027e-17,1.07687965538747e-17,1.71211936811114e-10,2.15970294111575e-10,-1.60073385993678e-10,-9.53725790701194e-06,-1.07789992430074e-16,-3.32556532121514e-12,-5.74085785935671e-05,1.35998215122577e-05,-8.77255685131059e-17,-0.000237458123129001,5.09866487605143e-11,2.09930916624966e-08,-1.39271518057095e-09,-1.24960005017105e-10,-8.99034318706325e-18,-5.93156406112169e-17,-1.05977610117801e-16,-2.75908890363986e-16,3.4647194943789e-11,-5.18836463911018e-10,6.54763260442477e-10,2.82976767018717e-17,-1.93745640792711e-09,-1.44354470439523e-10,8.32005489975534e-10,1.41672400861737e-16,-2.08166817117217e-17,-4.66346205236861e-10,2.03707103307118e-11,1.55289807239012e-17,-9.9124528565777e-09,3.0599511631903e-18,-7.41594285980085e-17,7.22546043938553e-17,6.3041778116371e-17,6.57499574498351e-17
"t72",-0.0603232381660469,-0.168630847681149,-0.00925769824023517,-0.0414921255671653,0.00159476536455928,-0.0137611129545483,0.00384324436045888,-0.00240014094834419,0.0013211696888403,-0.0157090909930506,0.0620388995007856,-0.00214050384127097,-0.000624624159730846,0.000264904054854391,0.0241401482620425,-0.255161387611542,-0.0128374055886298,3.96603569307627e-05,-0.000750142362268459,0.0102876647644339,0.1925252343555,2.09696577777897e-06,5.03901716819924e-07,-2.59142670211501e-05,0.00244170532871512,-0.00224835534255104,0.000387916461272075,-0.000581643412895822,4.71527238829891e-05,0.000835935705380642,0.00036795793366231,-7.884131647763e-05,0.0133414139109472,0.00262923720682495,-0.017578451116265,3.74117736646294e-05,-0.000109684342571527,0.00111946229296517,0.000205381823428462,-0.00248219490656888,-0.00159514496954273,0.000461743371215741,-0.00153137147787989,4.80263348864262e-06,4.09535841475799e-08,-0.0018026672368002,1.0462633760948e-13,-0.0338636968450702,3.91489276182003e-06,-1.99398387897886e-05,-3.94630296188979e-06,2.51035696955315e-08,-9.44759664926135e-07,8.04218641229683e-06,-4.38966544922398e-07,4.32576387525505e-06,0.119118288691536,0.0472333002700039,-5.66669913250896e-08,1.15285192229732e-05,6.24412212785058e-05,-1.6098145893464e-05,8.46773082133125e-07,-2.01288759082746e-07,1.14159244915491e-06,0.687661945188806,7.02589530044567e-09,1.91296883830127e-09,2.27528321704307e-09,4.20560979240463e-09,3.1808208465333e-07,-5.06381122549046e-08,-2.19996771882026e-09,-5.82418832244605e-10,-7.29749382654494e-09,-0.40494857599888,-6.30358248238094e-11,-3.17493176434157e-08,-1.12297695383279e-10,2.04019458083152e-15,-0.0692050620752084,5.47183149911476e-07,-1.99423665647353e-05,-4.83405600878854e-08,-1.71389219312361e-06,-7.21673251208092e-16,1.25019441731152e-06,0.00376107156121054,-2.49664421650043e-09,0.433812143307245,-0.0295568984673051,8.56865180929402e-07,-4.86300492330985e-05,-1.42884650082111e-08,-8.63674976544175e-08,-1.80154672444859e-08,1.89368615042748e-06,9.81508649422545e-08,3.1047833422658e-09,2.85219949763306e-09,8.57344467516787e-12,-8.49369713452356e-10,-1.32144156042915e-07,-1.27923069077711e-08,-1.7228059107457e-08,4.15161271078843e-07,5.24916557055117e-17,-5.98905835106311e-16,4.70543915801315e-09,0.00553236320370827,-8.82113195231864e-10,-6.53812968568003e-08,-1.6326381636813e-08,-8.73319451430825e-10,6.93889390390723e-18,2.19214736930396e-16,1.43629347341521e-07,5.69969865268396e-09,-2.19244228439862e-08,-2.28964706927251e-08,-2.52336731034317e-16,-6.50512939034573e-06,0.0616283080443074,-1.06033604857595e-09,-1.64732940920592e-09,-6.31596334422503e-11,-3.04079551865382e-09,-1.05608479431165e-08,-4.66328745266972e-05,9.39164670641346e-10,1.91339927455787e-08,4.5822050486876e-08,5.02514693575235e-08,0.0238294984237259,3.17023950780786e-14,0.00138714491222297,2.97452736847462e-17,-1.54168907221404e-10,-4.42873203143095e-17,-8.41856020573857e-11,2.86462225770845e-06,1.06685493772574e-16,1.02394575542879e-16,9.56820416083901e-11,1.2071023428186e-10,-9.2590492390226e-11,-5.53767205275471e-06,-6.2356279767833e-17,-1.96018729594128e-12,-3.46342304668929e-05,8.33907358665695e-06,2.15193334459519e-17,-0.000146780294092952,3.1572702151779e-11,1.30158206884971e-08,-8.67190128771089e-10,-7.80153577373613e-11,5.63014504984657e-17,1.3351000596421e-17,1.31530546226914e-16,-6.37486638403435e-17,2.24713339299146e-11,-3.37913212541334e-10,4.32582201274358e-10,-1.0842021724855e-17,-1.29260216847607e-09,-9.68057583388153e-11,5.59964954613412e-10,8.97441223907974e-19,2.35488711863852e-16,-3.14809195286472e-10,1.37912752615134e-11,2.47867756574343e-17,-6.79653508928353e-09,9.78444484700564e-17,1.87133294970998e-16,8.05199641039735e-18,1.07370609088721e-16,4.14152998804748e-17
"t88",-0.0604366918186255,-0.169078849397404,-0.0093071062783859,-0.0417190777220808,0.00161118021497004,-0.0139452076446448,0.00390686910141692,-0.00244620686178612,0.00134992274783626,-0.016167016852051,0.0640074447194632,-0.00221919731319422,-0.000648000394032482,0.000276621206644883,0.0253557134821779,-0.269442912687007,-0.0135852182238937,4.2005559262467e-05,-0.000808669744104098,0.0111148833322711,0.20876792167555,2.29139909498598e-06,5.5808738593302e-07,-2.89013774989882e-05,0.0027367777532945,-0.00255966373152775,0.000450977139068536,-0.000681923535758541,5.676863655026e-05,0.00102331462248,0.000451921229283805,-9.79377235246642e-05,0.0169702001235054,0.00337588348253165,-0.0230152522597844,5.32845890283181e-05,-0.000157542512598031,0.00171643140287128,0.000318955011560929,-0.00392133162159884,-0.00301471119958463,0.000889011440338664,-0.00297386745434367,9.35520331616145e-06,8.81478914305477e-08,-0.00457005734843189,2.75159510103345e-13,-0.140345068025601,1.76123083273985e-05,-0.00010822119141967,-3.71112081115253e-05,3.63597378196792e-07,2.28426487593626e-06,-1.10537564504704e-05,5.38552422267233e-07,-3.24080204806929e-06,-0.0528406046587299,-0.0109977829214888,1.22616482949336e-08,-1.85442431761872e-06,-7.9964052636175e-06,1.96363911140942e-06,7.90631717213774e-08,-2.18323004074188e-08,1.64608284568312e-07,0.11635168016347,1.57774072561019e-09,4.12782287524509e-10,4.18652321143576e-10,6.90285495877721e-10,4.89500888252101e-08,-7.38782415549578e-09,-2.91553546658951e-10,2.36052339157425e-11,1.65390883737212e-09,0.856994326604721,-1.18406369778445e-10,-4.92722027660365e-08,-1.55674602403321e-10,6.67844475804095e-16,-0.0643259984390554,4.82401091735928e-07,-1.73145428190348e-05,-3.8841060380177e-08,-1.36705683355214e-06,9.49781380041293e-16,9.68760860730575e-07,0.00270637193594293,-1.78856128065805e-09,0.244154882516545,-0.0164557365693165,4.73921583173185e-07,-2.47463768287392e-05,-3.33274559106311e-09,-1.28382996377407e-08,-7.88411704507427e-10,6.10261156081416e-08,1.26741884149469e-09,-2.10418569233147e-10,-1.27497493850525e-09,-2.99412436441092e-11,-1.9584411412644e-09,-1.51638945683139e-07,-1.45851405649114e-08,-1.9636369432926e-08,4.58534556415207e-07,2.74266745403985e-16,1.01836740989658e-16,4.62521441409507e-09,0.00537309313156002,-8.37523209371206e-10,-6.17639460470216e-08,-1.52273905255906e-08,-8.03233972533771e-10,-2.22044604925031e-16,9.58033611468149e-17,1.26397583619825e-07,4.96009164292016e-09,-1.89983376553906e-08,-1.96493831876984e-08,-6.1053369493685e-16,-5.51307039979934e-06,0.0521444478888054,-8.93038791889593e-10,-1.38157162905951e-09,-5.28068759230705e-11,-2.54184870015548e-09,-8.82754022306632e-09,-3.89001571491562e-05,7.83110623089867e-10,1.59419660080579e-08,3.81558685727708e-08,4.17592812935022e-08,0.0197802632324341,2.60210974073037e-14,0.00115011564830751,3.88243560373279e-17,-1.27606785298314e-10,4.30167899982541e-17,-6.95799099955348e-11,2.36608050628522e-06,-3.76001313417973e-16,-1.42297764482259e-16,7.90204231225272e-11,9.96903889936818e-11,-7.64694194908312e-11,-4.57370774281326e-06,-1.83848950081956e-16,-1.61919404703921e-12,-2.86314383955178e-05,6.89832331934194e-06,1.40550810196836e-16,-0.000121468686643554,2.61305094557067e-11,1.07730163722078e-08,-7.17930523681803e-10,-6.45971812282195e-11,4.34772174222297e-17,8.94439364504953e-17,-1.12787419498168e-16,-1.32919267993542e-16,1.86580466788461e-11,-2.80672462742572e-10,3.59799328406105e-10,9.12898229232795e-17,-1.07623718175799e-09,-8.0648483820461e-11,4.66700885877187e-10,3.71009012081858e-17,2.2291196666302e-16,-2.62470842098388e-10,1.15024779224657e-11,2.0565957202456e-16,-5.6779085635646e-09,-1.89670288293932e-16,2.41018142943528e-16,-3.30830594603768e-17,1.48747498850937e-16,-5.8423589694204e-17
"t126",-0.060599077478548,-0.16971978858821,-0.0093776857718255,-0.0420432553267631,0.00163456496669256,-0.0142070363717258,0.00399720795276784,-0.00251152510357617,0.00139063912477269,-0.0168131010618148,0.0667813976543121,-0.00232982420363382,-0.00068085250478847,0.000293037108486623,0.0270541581502884,-0.289349986979944,-0.0146266035566511,4.52702393166266e-05,-0.000889538510618697,0.0122568502672526,0.231158054980786,2.5586185597188e-06,6.32183100517797e-07,-3.29758594416422e-05,0.00313855735309281,-0.00298131968870357,0.000535825387437057,-0.000816508539064329,6.9577202292485e-05,0.00127180852357933,0.000563175872819986,-0.000123169256124906,0.0217378644282222,0.00435477940007603,-0.0301130231901001,7.36789682832372e-05,-0.000218946770736565,0.00247471781456057,0.000462960311100603,-0.00574185596159513,-0.00477507726312339,0.00141796138361635,-0.00475828945702161,1.49853881128624e-05,1.46048619999895e-07,-0.00792979700997104,4.8124072510766e-13,-0.267106639745116,3.38831134004507e-05,-0.000212649032136233,-7.60281221392109e-05,7.59371646910211e-07,5.92552676928568e-06,-3.22329720041769e-05,1.61840938011151e-06,-1.14387421698142e-05,-0.234893285873638,-0.0709453485903308,8.3013271746047e-08,-1.54388084439086e-05,-7.89489859653134e-05,2.01297795694982e-05,-6.23713361617984e-07,1.4040371479698e-07,-6.861643918265e-07,-0.363184211077561,-2.04164599462708e-09,-3.54543105140495e-10,-2.78793120533916e-10,-4.19266645469848e-10,-2.85965486603035e-08,4.1990351665579e-09,1.59001643177791e-10,-9.56047798657186e-12,-5.80109217566548e-10,-0.223282014126941,2.14511481494428e-11,8.2194332078143e-09,2.42563061385683e-11,2.26379311707341e-16,0.00565722563819326,-3.51870263551459e-08,1.18037791406922e-06,1.5704390953625e-09,5.1218790996432e-08,3.67442671453851e-16,-2.42847900518367e-08,3.23066814234551e-05,-2.57642391515675e-11,0.0363356855663078,-0.0025151246048055,7.35428911748971e-08,-4.42189764586834e-06,-7.81827486811323e-10,-3.09409313744939e-09,-1.94504024303053e-10,1.50870299016424e-08,3.14387618206586e-10,-5.28308070508739e-11,-3.3103107817292e-10,-8.1532833331114e-12,-5.67515264140074e-10,-4.90148348072234e-08,-4.72601508025739e-09,-6.36353709213922e-09,1.50539551855719e-07,7.55114947928882e-16,1.79442754677343e-15,1.62646868743753e-09,0.00190819565607927,-3.03687933511256e-10,-2.25097520059199e-08,-5.62620467705818e-09,-3.01749637002361e-10,-2.04697370165263e-16,1.39861410734342e-15,5.08466250975685e-08,2.04218283513135e-09,-7.89905320659432e-09,-8.3746984129128e-09,0.707106781186547,-2.44376999891346e-06,0.0232521650297588,-4.05566055094343e-10,-6.39568083671403e-10,-2.48423958568339e-11,-1.19712646602296e-09,-4.15864220551942e-09,-1.85473385433555e-05,3.74349216562392e-10,7.66040046653164e-09,1.84065906292871e-08,2.04539549008794e-08,0.00978179574230335,9.05424149942164e-15,0.000575069863141856,-1.19404791150667e-16,-6.51113720577132e-11,-4.35103371707881e-16,-3.64103001312417e-11,1.26415012114486e-06,-1.53523027623947e-16,-4.07467868769402e-16,4.25443573193228e-11,5.36771939152773e-11,-4.21997231504366e-11,-2.53108016711433e-06,2.2697996279898e-16,-9.06052078183892e-13,-1.6307859754835e-05,3.97914491084854e-06,9.29672832223188e-17,-7.05136559742978e-05,1.51907322805547e-11,6.26891068672723e-09,-4.19200008649275e-10,-3.77987132696087e-11,-2.09054670928139e-17,1.38231378844555e-16,1.23985383768356e-16,1.4429422881394e-16,1.12658043701155e-11,-1.7007332024768e-10,2.20705210007897e-10,-1.1145598333151e-16,-6.65816458282446e-10,-5.01194349084434e-11,2.90958157320533e-10,-1.32779982384724e-17,1.58076676748387e-16,-1.64070063402868e-10,7.2087357714587e-12,-9.63138986136916e-17,-3.59924252717452e-09,-2.09162294700859e-17,2.91650384398601e-16,4.6031027199195e-17,-4.77985208000063e-17,-7.54961479094709e-17
"t127",-0.060599077478548,-0.16971978858821,-0.00937768577182549,-0.0420432553267631,0.00163456496669256,-0.0142070363717258,0.00399720795276783,-0.00251152510357616,0.0013906391247727,-0.0168131010618148,0.066781397654312,-0.00232982420363377,-0.000680852504788488,0.00029303710848663,0.0270541581502883,-0.289349986979944,-0.0146266035566511,4.52702393166172e-05,-0.000889538510618676,0.0122568502672526,0.231158054980786,2.55861855968063e-06,6.32183100581982e-07,-3.29758594416803e-05,0.0031385573530928,-0.00298131968870352,0.000535825387437129,-0.000816508539064625,6.95772022925186e-05,0.00127180852357931,0.000563175872820087,-0.000123169256124892,0.0217378644282222,0.00435477940007602,-0.0301130231901001,7.3678968283263e-05,-0.000218946770736606,0.00247471781456056,0.000462960311100545,-0.00574185596159511,-0.00477507726312344,0.00141796138361637,-0.00475828945702152,1.49853881129189e-05,1.46048619994022e-07,-0.00792979700997109,4.81132589493402e-13,-0.267106639745116,3.38831134001974e-05,-0.000212649032136288,-7.60281221391227e-05,7.59371646862235e-07,5.92552676924839e-06,-3.22329720041249e-05,1.61840938000916e-06,-1.14387421696702e-05,-0.234893285873638,-0.0709453485903308,8.30132718229294e-08,-1.54388084440123e-05,-7.89489859654696e-05,2.01297795695303e-05,-6.23713361545992e-07,1.40403714841758e-07,-6.86164391926029e-07,-0.363184211077561,-2.04164620040866e-09,-3.54543362069304e-10,-2.78793078900552e-10,-4.19266447419992e-10,-2.85965486065271e-08,4.19903539261406e-09,1.59001781440673e-10,-9.56032409084973e-12,-5.80109398316602e-10,-0.223282014126941,2.14510319229699e-11,8.21943335653974e-09,2.42566768296204e-11,-3.77114722339543e-16,0.00565722563819386,-3.51870268410989e-08,1.18037791398682e-06,1.57043914287088e-09,5.12187911493045e-08,9.97147293233407e-16,-2.42847896803349e-08,3.2306681423963e-05,-2.5763811424493e-11,0.0363356855663073,-0.00251512460480495,7.35428915746425e-08,-4.42189764613722e-06,-7.81827712338927e-10,-3.0940935042892e-09,-1.9450394300229e-10,1.5087030241865e-08,3.14387576004016e-10,-5.28308539917457e-11,-3.31030966174836e-10,-8.15388200818994e-12,-5.67515943477439e-10,-4.90148350466152e-08,-4.72601479099225e-09,-6.36353719559921e-09,1.50539551221454e-07,-1.2135408830501e-16,-1.58741586968025e-15,1.62646968409097e-09,0.0019081956560803,-3.03686928627366e-10,-2.25097513803082e-08,-5.62620534058991e-09,-3.01745528360187e-10,-5.55111512312578e-17,-1.40060616663373e-15,5.08466258602556e-08,2.04218386399856e-09,-7.89905232042210e-09,-8.37470748541345e-09,-0.707106781186548,-2.44377000926293e-06,0.0232521650297523,-4.05560546634158e-10,-6.39567164295542e-10,-2.48412392992443e-11,-1.19712709877647e-09,-4.15864049978649e-09,-1.85473385426026e-05,3.74346194841862e-10,7.66040057305620e-09,1.84065896938375e-08,2.04539541313372e-08,0.00978179574230368,1.68713391608472e-14,0.000575069863143582,2.30900799515924e-16,-6.51106628935659e-11,3.85420984144719e-16,-3.64105488175739e-11,1.26415012149531e-06,3.11816544806831e-16,3.21102474929029e-16,4.25439647229399e-11,5.36775511802219e-11,-4.21997084002048e-11,-2.53108016689749e-06,2.49151897226029e-16,-9.05874247692962e-13,-1.63078597550008e-05,3.97914491106681e-06,-9.26478738533679e-17,-7.05136559738858e-05,1.51904573952817e-11,6.26891055716507e-09,-4.19199797595769e-10,-3.7798777345957e-11,-9.30450384798022e-18,-1.70549400271576e-16,6.00095384503094e-17,1.28837571590434e-16,1.12660024538525e-11,-1.70073312692146e-10,2.20705190194103e-10,-8.37004077158809e-17,-6.6581655488486e-10,-5.0119505056324e-11,2.90958166238096e-10,1.47414794675238e-17,1.67183974997265e-16,-1.6407011862264e-10,7.20885549278953e-12,7.00246035890468e-17,-3.59924270270685e-09,1.45641683843206e-17,3.24935391093906e-16,1.56726819263991e-17,-1.08082274935755e-16,-6.10974003254767e-18
"t56",-0.0593315978161407,-0.164727326743674,-0.00883177655351523,-0.039536713526285,0.0014559698205672,-0.0122226820034828,0.0033178283856508,-0.00202339933302479,0.00108819817178633,-0.0120941205594944,0.0466357119720512,-0.00153508468191599,-0.000445174683753813,0.000176923244958769,0.0151867524774261,-0.151756751366102,-0.00745977164587575,2.28396605573623e-05,-0.000352262575577157,0.00470021951544478,0.0839641837155656,8.25272922222453e-07,1.62217286575617e-07,-7.41818950123624e-06,0.000637844702589137,-0.000417309085499584,3.46991498365225e-05,-3.04043078488711e-05,-2.82238191725735e-06,-0.000106199709999519,-5.15333871589656e-05,1.45370575625603e-05,-0.00365885550892966,-0.000812324695071085,0.00667764165494314,-2.51022408176807e-05,7.66935317043373e-05,-0.00102478582788576,-0.000196636043683698,0.00251591862310382,0.00257281470997309,-0.000774479606928957,0.00261456324951868,-8.25134992061691e-06,-8.51291096836814e-08,0.00491516039813867,-3.01082328845295e-13,0.179957341472561,-2.29918004562811e-05,0.000146152809400506,5.33600446838528e-05,-5.37237735520071e-07,-4.36340902166925e-06,2.36785140488027e-05,-1.18618856046783e-06,8.21760608863895e-06,0.161737268427348,0.0451588007107829,-5.23102999582091e-08,9.33299771549282e-06,4.62387114871822e-05,-1.17117679162976e-05,1.74940300233864e-07,-3.27034258043287e-08,5.665791015649e-08,-0.0272752081432437,-2.49593967911223e-09,-9.52138867295132e-10,-1.30017759752965e-09,-2.49542681899923e-09,-1.9137115757871e-07,3.07418837621441e-08,1.35213326258742e-09,3.69367548302614e-10,4.40151376183604e-09,0.00770275958772909,8.86429749047402e-11,4.13559506887325e-08,1.40515772653623e-10,-3.95588965187981e-16,0.0771398919096498,-6.01176084432208e-07,2.18134352577101e-05,5.15031585112988e-08,1.82050683434644e-06,-1.2411236801899e-15,-1.31018103997885e-06,-0.00373515629639996,2.46792144424249e-09,-0.0567910179220021,0.00180620327192587,-1.52582731681439e-08,-2.74462490542741e-05,-7.45718314014471e-08,-5.84435539567566e-07,-1.56948877925098e-07,1.69051484179344e-05,9.11610009452692e-07,3.35323730270485e-08,5.12767832948412e-08,6.54421159569988e-10,3.00273861405259e-08,1.80598249194946e-06,1.73212674361317e-07,2.33168655707112e-07,-5.37185290046756e-06,-7.85789271383277e-16,-7.00019869042557e-16,-5.23392954311394e-08,-0.0607733158171989,9.49559047002733e-09,7.0115151180665e-07,1.73688067033918e-07,9.23882493866604e-09,5.41233724504764e-15,8.78389224818899e-16,-1.55181198042405e-06,-6.30183722010325e-08,2.45394975361778e-07,2.66214488537815e-07,3.55191759568565e-15,8.220068581421e-05,-0.790860619519046,1.43409008550747e-08,2.3768101102145e-08,9.70544386966393e-10,4.6953988875447e-08,1.63267416108434e-07,0.000760882237157263,-1.55145925078241e-08,-3.24348264859597e-07,-7.92675740692896e-07,-9.47797969349665e-07,-0.477978713111663,-6.80400848078472e-13,-0.0301123855944623,-7.0408854819018e-16,3.98407637351435e-09,1.05730744807688e-16,2.92705944072015e-09,-0.000143688751753269,-2.91433543964104e-16,-1.20395443585898e-16,-5.78907848367994e-09,-7.32091173435561e-09,1.85502392288655e-08,0.001527001381107,2.42951768143481e-16,-1.0485098402161e-09,-0.0031203043685411,0.000464143343598262,-2.31148290962611e-16,-0.0068215335962433,1.41468070142091e-09,5.68911232614482e-07,-3.4929947665982e-08,-2.99440687978776e-09,-4.24225468028173e-17,1.71263244920609e-16,9.72964536281654e-17,3.4697665729636e-16,4.99513937808269e-10,-7.15500998508097e-09,7.84224025184076e-09,-3.36102673470506e-17,-2.12465654394578e-08,-1.51463038202947e-09,8.47151130107669e-09,-4.24744056546878e-17,1.84531209757033e-16,-4.63324535594794e-09,1.97727054092293e-10,1.84020702206479e-16,-8.72750028277618e-08,3.09723306813127e-16,4.17417836406919e-16,8.8075432710816e-17,7.59263015447978e-17,1.5441451436277e-16
"t13",-0.0467590593010071,-0.115119669888135,-0.0033701551852231,-0.0144502568959026,-0.000361274979342705,0.00825759615865169,-0.00382614062824841,0.00321104798651802,-0.00223326322351416,0.0458885961036598,-0.217963305772483,0.0115877396760953,0.00363779063109674,-0.0353943018087122,0.0636946514564978,0.0325679283433096,0.00852751558410455,-3.30374938355238e-05,0.00148409556636085,-0.0170713685802856,0.00320920211409205,-2.5263241090645e-05,2.46211099742995e-06,0.000154500656159337,-0.0157705149776849,0.0164113361322778,-0.00316794763461366,0.00493204103156096,-0.000440572631526774,-0.00817225462016646,-0.00362325327978599,0.000790390713035882,-0.0148308393546973,-0.0334074393919306,0.21382846058677,-0.000498699673821199,0.00147490008822803,-0.0161605545586677,-0.00302746173328725,0.0383520329802836,0.0219049348868464,-0.0063307390238766,0.0209704588832665,-6.57338651883164e-05,-5.42102393525145e-07,0.0211368595470773,-1.17854954201265e-12,0.0711294748857658,1.18446181675627e-06,-0.000135651844444596,-0.000142284952613322,1.86842003759491e-06,6.06132872594417e-05,-0.000532489233968632,3.04879981520272e-05,-0.000902802416512671,0.120639290245705,-0.872219214811905,1.08462026262011e-06,-0.000241359874327805,-0.00135383085455428,0.000350864653428538,-1.51121425178567e-05,3.25441071783155e-06,-1.08070398800368e-05,0.0353702930584201,2.48640787886925e-06,-8.0960094287566e-07,-6.62092074736956e-07,-1.16614463671068e-06,-8.71122235289274e-05,1.37811743387458e-05,5.95171530795417e-07,1.66898364036716e-07,2.25328829245345e-06,0.000114064014656759,-4.2371253172746e-08,-1.28708457268673e-05,-3.21088408810649e-08,-2.94891441517718e-15,-0.0106051324381915,-1.60162347032904e-05,0.000753508995382474,3.98425739392514e-06,0.000148828517114273,7.85576646752968e-16,-0.000130624215354252,-0.0129124500047641,-3.55313368965088e-07,0.0195938697145091,0.278163621602,-1.26378432590581e-05,0.00321687044875046,2.63558488140211e-06,2.0462360577693e-05,5.27488133067479e-06,-0.000565617111867758,-3.02765538149072e-05,-1.08226979689851e-06,-1.51076080152286e-06,-1.65709057487772e-08,-6.04163050547797e-07,-2.11248213936848e-05,-1.99371734467373e-06,-2.68166184133086e-06,5.64118159812776e-05,1.44828474583913e-16,3.82754791163037e-17,1.58214638037001e-07,0.00951786460605134,1.75528006676326e-06,-3.13530542627613e-05,-2.56105288390851e-06,-8.90027813454974e-08,-7.7715611723761e-16,-5.55674365486607e-17,5.79254308142927e-06,1.66395297051729e-07,-5.47710647550577e-07,-3.49712430444558e-07,-7.07593544604478e-18,-1.36535301879972e-05,0.0198621255649081,4.97052803920548e-09,1.48674183677461e-08,7.29009993229165e-10,3.54792327087948e-08,1.2352909024252e-07,0.000577370704600915,-1.16038675328141e-08,-2.30944076429734e-07,-5.32211756268473e-07,-3.57766065569016e-07,-0.0219359609986701,3.68321891605763e-13,0.0163492417118739,-7.85472558667954e-17,-1.05902541481422e-08,-8.99207542988019e-18,-3.36201840013751e-08,-1.53470148213783e-05,2.25514051876985e-17,-4.94021753200298e-17,-5.873776616361e-07,-7.29896103233194e-07,4.21192258006166e-07,0.0332613491556506,1.93976866695126e-16,-1.87441105881273e-08,-0.000716935942593743,0.000229448617632068,-4.40447014682602e-17,-0.0965030042197976,1.9948212712291e-08,8.00699555109671e-06,-4.89879984595434e-07,-4.2040495896469e-08,-4.72384243849535e-16,-9.6255980650178e-18,2.66413125249855e-17,-2.01609314126415e-16,5.91948408118406e-09,-8.4719724182773e-08,9.20711708293941e-08,-1.69135538907739e-16,-2.47624813950076e-07,-1.75838557958366e-08,9.80819117130197e-08,7.23501821383642e-17,4.21754645096861e-16,-5.35227058654221e-08,2.27921459637488e-09,6.97010704496619e-17,-9.96872868305266e-07,1.88771699997314e-16,3.54642530620009e-16,1.75079937757646e-17,5.54264330580032e-17,5.16948531717992e-17
"t21",-0.0476293400694521,-0.118163025623822,-0.00355265715916061,-0.0152530313956202,-0.000400456602598564,0.00945064888890169,-0.00452854924219299,0.00391023668401787,-0.00279750215613334,0.0625593048024967,-0.306483453047052,0.0173494058117206,0.00549306790016534,-0.0585792817187088,0.11535852722435,0.0645863102539476,0.0175932742654966,-6.9239443555809e-05,0.00478502992041696,-0.0592599322308626,0.0127972800011263,-0.000149921469091566,0.000423372315298876,-0.00168197784002522,0.0927814069524308,-0.033967384986988,0.002431527481562,-0.00243060248746971,-3.38701147821841e-05,-0.0027147684212512,-0.00137038231873589,0.000419272038925418,-0.0123484814052029,-0.0318163843968719,0.259190795147039,-0.00143707319539126,0.00465197249312884,-0.124419312770852,-0.0302822769608027,0.614547016657737,-0.0978692596963835,0.0257255118288658,-0.0818915227209812,0.000253219616169318,1.49808077925152e-06,-0.0430210591764888,2.28797911937287e-12,-0.0981885676322983,-1.57970098277511e-06,0.000169840628583769,0.000159535888650751,-2.0014804978582e-06,-4.47514155794673e-05,0.00034311027049708,-1.90559575063928e-05,0.000491018563704709,-0.0565213233417531,0.346868611148396,-4.24308970127476e-07,8.88297445564422e-05,0.000478305441578313,-0.000122966425511432,3.34025582088087e-06,-6.78624052232737e-07,1.89436763762933e-06,-0.00522048879561515,-8.89922388020575e-08,-2.2918983412955e-08,-4.69095117199177e-08,-1.01013447455763e-07,-8.13113401190594e-06,1.3519184864815e-06,6.26604963382873e-08,2.62974883902978e-08,4.12278043890973e-07,2.68002744048225e-05,-1.25370053236443e-08,-3.97738476330807e-06,-1.02646303369637e-08,-1.50798341287994e-15,-0.00423746467950211,-6.75037010980033e-06,0.000323140172142802,1.89819858152099e-06,7.17421115245311e-05,1.67630715321611e-16,-6.62066300949643e-05,-0.00770159973540123,-2.14415768920493e-07,0.0319039860559056,0.477632502963387,-2.24134129808005e-05,0.00857765447334534,-2.59045969864586e-05,-0.000127827640268722,-2.4798396226957e-05,0.00259997801574839,0.000134383829102822,4.26640391626335e-06,4.50524818946561e-06,3.59847038788156e-08,9.41155425259328e-07,2.05206337978506e-05,1.91805264282505e-06,2.57865440732075e-06,-5.15661637541139e-05,-2.43258529541069e-16,2.62993813138339e-18,-1.11659427819698e-07,-0.00647722789182312,-1.10658659272688e-06,1.94005181026883e-05,1.50678590739805e-06,4.92517381871378e-08,-5.82867087928207e-16,3.92000303267406e-17,-2.47295745619598e-06,-6.47550850656076e-08,2.04762610975961e-07,1.17699336185917e-07,1.75470824845355e-16,3.83659369043151e-06,-0.005419686739395,-1.23441465858079e-09,-3.3176477219478e-09,-1.4749620190224e-10,-7.12567077454525e-09,-2.4765165875101e-08,-0.00010682448165885,2.10843027045805e-09,4.04206264835573e-08,9.04690592112931e-08,5.3796402091782e-08,0.00302541979093315,-4.54016489225584e-14,-0.00201790100198687,3.04660227742513e-17,1.0171520034067e-09,1.19120123979302e-16,1.99837153973909e-09,3.85632456956379e-07,-2.90566182226115e-17,4.33716306314799e-18,6.26666173111937e-09,7.65982347561704e-09,2.88767766403775e-08,0.00426592911359358,-8.89171234963963e-17,-1.10542330568176e-09,-0.000105116137305061,5.78604613236198e-05,-4.3431638518516e-17,-0.0336110036615549,7.53981982142039e-09,3.21350148831635e-06,-2.47713489132662e-07,-2.5199444440144e-08,-2.96946738757762e-16,2.22392684682714e-17,4.44752131205398e-17,-4.48713977767257e-17,-2.25911332826442e-09,2.68221715353133e-08,-1.72890952845935e-08,2.01553183865055e-16,3.39361842443349e-08,2.04305796820605e-09,-1.01280785923027e-08,4.52459284068908e-17,2.29525599915181e-16,4.99496424302635e-09,-1.9224307027307e-10,-2.45435168851732e-17,5.03623803394145e-08,-2.24852185489568e-17,1.88380127469356e-16,-9.88596199447512e-17,-1.19858564451046e-17,1.44998456148233e-16
"t22",-0.0473064059892034,-0.117035402707164,-0.00348538646515974,-0.0149572035555455,-0.000386156250140075,0.00901797166962347,-0.00427551496306441,0.00365979543805972,-0.00259654289996374,0.0567220374522708,-0.27567957392835,0.0153693228074341,0.00485654532686817,-0.0507661379156073,0.0982437687547415,0.0541543373456218,0.0146602099849271,-5.75591152538841e-05,0.00378781135859076,-0.0466334705305536,0.00997362934298369,-0.000114537877230269,0.000312719087890257,-0.00122157498383435,0.0665891364670506,-0.0235169390940008,0.00160803952796012,-0.00157922810266361,-2.08672922860855e-05,-0.0016205945147507,-0.000813098930429348,0.000243692627715711,-0.0068870269559636,-0.0174677614176456,0.137858079298433,-0.000675925542673979,0.00216361954383763,-0.0533420553302821,-0.0127912162993576,0.254593708703648,-0.0340438805951781,0.00881026463811736,-0.027847608477166,8.58929349016313e-05,4.70925657351085e-07,-0.0121725247206046,6.3434804798709e-13,-0.0223602935288391,-3.50501115659041e-07,3.57884630709064e-05,3.02924296779881e-05,-3.61772175859433e-07,-4.28309722713422e-06,2.07315558233175e-05,-9.96381061494495e-07,6.98554983501361e-06,0.00156623335006184,-0.0257226221043078,3.34317552231678e-08,-8.52138714996101e-06,-5.13286463506707e-05,1.34701968839811e-05,-7.61428242288149e-07,1.63689355114731e-07,-5.26680012615487e-07,0.00162073692634792,4.05556577023382e-08,1.25184653722911e-08,2.8484228482839e-08,6.36163211498934e-08,5.19875310476918e-06,-8.73523097858625e-07,-4.11261862029748e-08,-1.91782960775609e-08,-3.14828585662631e-07,-2.22720454116994e-05,1.13374818665191e-08,3.65626514802956e-06,9.55800527936365e-09,1.13369002896164e-15,0.00429626050372937,6.98410832425262e-06,-0.000336529488944696,-2.05623692497081e-06,-7.80529666071445e-05,-3.04321358852556e-16,7.33691509819187e-05,0.00904292634178324,2.52773027207725e-07,-0.0486976688924333,-0.735782057020938,3.47141139350218e-05,-0.0140551981700221,4.94087756507517e-05,0.000248571355065785,4.90766818102995e-05,-0.00515375836103423,-0.000267072149732516,-8.56005463726883e-06,-9.29153879905309e-06,-7.74379389228213e-08,-2.15516800187123e-06,-5.3685019068446e-05,-5.03513862041855e-06,-6.7704579950072e-06,0.000137916731739421,4.48953072308321e-17,1.11854438068705e-16,3.33163092027127e-07,0.0196685826110725,3.49304028745757e-06,-6.18458692029245e-05,-4.93688210092408e-06,-1.67098326359569e-07,6.10622663543836e-16,4.0258625946255e-16,9.91935822864185e-06,2.77918209842679e-07,-9.06121115442402e-07,-5.66340890597954e-07,-4.91547690687423e-16,-2.15674638327325e-05,0.0312894928352476,7.78046750705765e-09,2.31981738738614e-08,1.13806222077912e-09,5.53956197511906e-08,1.92880462734223e-07,0.000904017583618924,-1.81844805412067e-08,-3.62657436293144e-07,-8.37280379185207e-07,-5.68322507111501e-07,-0.0351420449078511,5.9746215966852e-13,0.0265186757820777,-2.94820384279648e-16,-1.77350484627484e-08,-1.6205287494097e-16,-6.00063156373614e-08,-2.99071530064023e-05,8.05779054591227e-16,-2.14103838103698e-16,-1.20093585699012e-06,-1.49326553819418e-06,1.44194786331391e-06,0.18593044614753,-5.54571503997785e-16,-3.19885311451849e-08,-0.00196078576626321,0.000857857947843547,-7.48616042093611e-16,-0.451162172607967,9.91045832790754e-08,4.16342841537899e-05,-3.05781842394085e-06,-3.02116580147213e-07,-1.80769385485232e-15,3.14409456668852e-16,-9.36679735474079e-17,3.19318761726998e-16,-1.89029861080454e-08,2.16874360357797e-07,-1.2505548367564e-07,-5.03720329336765e-16,2.28485823918975e-07,1.32631732751795e-08,-6.41273760603335e-08,6.9283221777196e-17,2.60642202265515e-16,3.09835088815115e-08,-1.16934519754307e-09,3.71295173027062e-17,2.81943787712024e-07,9.6082191191898e-17,1.46150452851046e-16,-7.53982377014399e-17,1.01945870959055e-16,-1.03604361445637e-16
"t54",-0.0480671959250639,-0.119703340441088,-0.00364693996689163,-0.015668175678356,-0.000421477018854933,0.0101058560458527,-0.00492368090674024,0.00431146257467638,-0.00312761542874976,0.0728690211703888,-0.362296447516068,0.0211217849068664,0.00671381106964982,-0.074632763889881,0.152812821127388,0.0888002495456083,0.0245683061978353,-9.72781966944355e-05,0.00773789264796282,-0.0977029836675719,0.0218070500384793,-0.000275009040176542,0.000899242290860508,-0.00389574264295507,0.229950347863798,-0.108291304747614,0.0128445407760499,-0.0176132025423586,0.00119640048637045,0.0198589348407738,0.00864708564008838,-0.00178677408602133,0.0309751442903112,0.0683420421685662,-0.425923220738516,0.0011143352569685,-0.00341007451294812,0.0625955794230443,0.0142843414283794,-0.26686380219124,0.0207273439077273,-0.00510518491385921,0.0157741663465758,-4.82622442227434e-05,-2.04363004756857e-07,0.00341932809820748,-1.60503774953709e-13,0.000177178048671419,-8.11517892555097e-09,3.02578602425223e-06,6.33025010830436e-06,-9.7232602486191e-08,-5.19515149452411e-06,4.72763564599893e-05,-2.71323303037332e-06,7.96025060506142e-05,-0.010227521545587,0.0689852121149219,-8.50833390154962e-08,1.83331248531781e-05,0.000100494189800384,-2.59234930224811e-05,8.09724780592366e-07,-1.66466441451013e-07,4.78808092404127e-07,-0.00135049102879977,-2.48655897852851e-08,-6.61236173634895e-09,-1.376129668074e-08,-2.97910439382482e-08,-2.40315960326398e-06,4.00144117949924e-07,1.858599327784e-08,7.9026861292754e-09,1.24505972018485e-07,8.15588968691788e-06,-3.83698030986812e-09,-1.21831975564528e-06,-3.14607614771869e-09,-1.35676028141337e-16,-0.00130210477966733,-2.0747385908546e-06,9.93214484218204e-05,5.83356722151647e-07,2.20466809845056e-05,3.65773760842008e-17,-2.03391167663248e-05,-0.00236129846849635,-6.57266857410616e-08,0.0094750224915929,0.141574159096464,-6.63572838011157e-06,0.00250495223421367,-7.17898618855594e-06,-3.51218465521134e-05,-6.75764887961873e-06,0.000707949460165416,3.65453177377508e-05,1.15478668790232e-06,1.20201964975098e-06,9.36732880870834e-09,2.34929254873944e-07,4.53897853677949e-06,4.22642287675686e-07,5.68097438820608e-07,-1.11211023337648e-05,-7.21104717041731e-17,-2.14032682129952e-17,-2.05886376103101e-08,-0.00115757106646408,-1.83120646782502e-07,3.14210402176841e-06,2.28740504289626e-07,6.80186006540313e-09,-4.57966997657877e-16,3.60729315454247e-16,-1.44698743572612e-07,-1.22111792011191e-09,-1.470326594126e-10,-7.0630323528123e-09,1.62919880323223e-16,-7.51768882669779e-07,0.00120918480526382,3.97291764309745e-10,1.52342524531351e-09,9.04858906170559e-11,4.46303236721958e-09,1.55895281001596e-08,8.36459507459306e-05,-1.73128663721416e-09,-3.65556482139665e-08,-8.8086795798064e-08,-7.05536293981428e-08,-0.00484599639144069,9.36414993390637e-14,0.00413837888852233,4.05930304406837e-16,-3.5267358207134e-09,-4.81436123090864e-17,-1.70955866127644e-08,-1.27971337073102e-05,-3.10862446895044e-15,-3.63342739275017e-16,-6.3007892182358e-07,-7.85499492737375e-07,3.13200435224959e-06,0.651217992542256,3.94648946861255e-15,7.26348477670504e-08,0.00109543311890008,-0.000288350948275883,2.1646320314312e-16,0.122555190574124,-2.57290850449358e-08,-1.04766244958304e-05,6.92166198006983e-07,6.40891403172841e-08,-1.5073955734759e-16,2.97970957837799e-16,4.64068386558443e-17,9.54628829698073e-17,1.50592534080805e-09,-1.51439392189583e-08,4.98027296071701e-09,1.83772268236293e-17,-4.97709985605808e-09,-1.71005074502239e-10,4.41666807293739e-10,2.17112106456668e-16,-4.55690173095658e-16,-6.18218465481301e-11,-3.08727934995858e-12,7.24668799826961e-17,6.2357434133832e-09,-1.27580559047667e-17,8.89154201655362e-16,-4.10274740958019e-17,1.40805858914519e-17,-1.68416910809202e-16
"t55",-0.0479515808704823,-0.119298315027585,-0.0036224997409247,-0.0155606364993682,-0.000416167412828061,0.00994295269155229,-0.00482700415256475,0.00421457719938838,-0.00304890474750933,0.0704967655225946,-0.349609197098317,0.0202840446863408,0.00644353737242965,-0.0711860398758672,0.14498490188153,0.0838602307741692,0.0231589717724518,-9.16337772125563e-05,0.00718733742412911,-0.0906019275150063,0.0201680766286394,-0.00025296323854011,0.00081978742559586,-0.00353606036692142,0.20808927679013,-0.0971234677947192,0.0113946368736356,-0.0155612341934146,0.00104456389984412,0.0172220633190305,0.00748937300526719,-0.00154096453576749,0.0264935703293331,0.0582751724527774,-0.36099850289841,0.000924228943627753,-0.00282308809222727,0.0511613530053163,0.0116490536664905,-0.217009147756959,0.0164653217256192,-0.00404776275399518,0.0124962626599595,-3.82217832777398e-05,-1.60436331293284e-07,0.00265480856307551,-1.24472351990293e-13,0.000134910493468931,-6.16648334478276e-09,2.29016858127075e-06,4.75615239597601e-06,-7.28194752847716e-08,-3.7755706816054e-06,3.39317210962774e-05,-1.94177156318323e-06,5.62059326536472e-05,-0.00711486035323244,0.0472050136894385,-5.81247681958975e-08,1.24481994769488e-05,6.7959796608355e-05,-1.75170099009359e-05,5.24518704973082e-07,-1.07322714894579e-07,3.04649911319656e-07,-0.000849335675205117,-1.48407065174265e-08,-3.819056881854e-09,-7.77318593520038e-09,-1.6689470954919e-08,-1.3415785646495e-06,2.22829556096584e-07,1.03114358949714e-08,4.26837076201661e-09,6.6400476482389e-08,4.2423058661273e-06,-1.94201575653974e-09,-6.13190105356806e-07,-1.57640116003794e-09,-4.23248716221289e-16,-0.000632439245344087,-9.99830229156076e-07,4.77403326942748e-05,2.75979851245911e-07,1.0411366179278e-05,1.82088464825293e-16,-9.53122718024338e-06,-0.00107892775566119,-2.99773576135886e-08,0.00377004384935289,0.0560128425856638,-2.61658097019089e-06,0.000952408418917881,-2.4398325945819e-06,-1.17474332090714e-05,-2.22694378691062e-06,0.000232977199467676,1.19997941093298e-05,3.76063165352426e-07,3.8197673811035e-07,2.86076128541428e-09,6.73886359676436e-08,1.11340255465331e-06,1.03208297479087e-07,1.38697023394411e-07,-2.6488592600143e-06,2.43875546010745e-17,4.02685276013231e-17,-4.15967509388635e-09,-0.000227004931682975,-3.34885568855642e-08,5.6396973775482e-07,3.88869602508529e-08,1.07347757785242e-09,2.77555756156289e-16,-6.54215655612152e-16,-1.41408696861267e-08,-8.8893315641379e-11,-9.02986705684212e-12,-2.1184070481207e-10,-1.75760957464856e-16,2.19077400287655e-08,-4.756032237502e-05,-2.89811694965242e-11,-1.71601588996766e-10,-1.35776694768786e-11,-6.8238915152362e-10,-2.39442201963302e-09,-1.54567852921512e-05,3.32164176690668e-10,7.54924926277732e-09,1.9198837882331e-08,1.87586893043763e-08,0.0014501253022907,-3.21754276165677e-14,-0.00141203529676802,-5.7229100903943e-16,1.51700831605063e-09,7.39229050713945e-17,9.73106218492795e-09,9.17716987726657e-06,3.73572700551605e-15,1.99343408164691e-16,4.92767526593864e-07,6.14933590090372e-07,-3.27289096624532e-06,-0.704289037141951,-4.5789576214586e-15,-9.03091858073659e-08,-0.00173467859553117,0.000552512896625161,-4.22693334087239e-16,-0.260521690782056,5.60234359716391e-08,2.3202474656463e-05,-1.62764360170164e-06,-1.56640237132261e-07,-4.09211070743512e-16,-1.89784046468691e-16,5.75475880407826e-17,-1.58786375989648e-16,-7.65293288376018e-09,8.63391900253496e-08,-4.75034509426185e-08,-5.59014640133526e-16,8.47485824984192e-08,4.87009242730195e-09,-2.34043500425536e-08,-1.97169903006123e-16,9.9703231781767e-16,1.12578957895597e-08,-4.23301916791785e-10,2.29937889062145e-17,1.0116870079787e-07,5.17893082079077e-17,-1.45716771982052e-16,-7.3752374267308e-18,1.13870672131068e-17,1.80312041270793e-16
"t18",-0.0470701647158933,-0.116212653660017,-0.00343674030079201,-0.0147433721440951,-0.000375979800330482,0.0087130418897664,-0.00409892236150239,0.00348639582903559,-0.00245845722734344,0.0527948834364524,-0.255102911663442,0.0140644856300089,0.00443782217294972,-0.0457161621501262,0.0873489310426901,0.0476025833263841,0.0128279559129339,-5.02774563255165e-05,0.0031915083423754,-0.0391207912018185,0.00830717922565973,-9.40007378909778e-05,0.000250275972488251,-0.000965397208074266,0.0521594585829287,-0.0179336535030328,0.00118677725740213,-0.00115299926279859,-1.3438637888516e-05,-0.00107226080351523,-0.000536150011955997,0.000158397648633162,-0.00432603055887319,-0.0108197179767031,0.0829199515125399,-0.000358081644738891,0.0011317214899911,-0.0252687957312,-0.00594194535787715,0.115195283426433,-0.0115329596057936,0.00289076943644511,-0.00900146192557619,2.76154334707338e-05,1.26088504115176e-07,-0.00229917920383924,1.09554890119101e-13,-0.000135848549176822,6.30145984004127e-09,-2.40556264335771e-06,-5.24898718865375e-06,8.20633375947077e-08,5.07674424649399e-06,-4.86987820138701e-05,2.82742418192608e-06,-8.73470063365474e-05,0.0118268464692366,-0.0841451111812189,1.04309140292137e-07,-2.28934043614518e-05,-0.000126996853612733,3.28358177919073e-05,-1.14591078069146e-06,2.38221069313741e-07,-7.05922851436912e-07,0.00204133064695197,4.14813882709288e-08,1.16252661619095e-08,2.49853911102327e-08,5.47051747833767e-08,4.43377588901089e-06,-7.40698171039587e-07,-3.45738893380628e-08,-1.52026075564127e-08,-2.4310513693543e-07,-1.63706613492146e-05,7.91909531699941e-09,2.52813795548928e-06,6.55626527625294e-09,7.46063883933846e-16,0.00279113656383679,4.47728565670851e-06,-0.000214802039167524,-1.27817656186021e-06,-4.83752155736785e-05,-2.05813847375647e-16,4.49008877865921e-05,0.00531313252827348,1.48086395198031e-07,-0.0231944145992183,-0.347558221898318,1.63176798507398e-05,-0.00626722109975096,1.87813746814853e-05,9.2386653405502e-05,1.7863030101637e-05,-0.00187221958224094,-9.67160810987688e-05,-3.06415110805285e-06,-3.21355075528346e-06,-2.532929493696e-08,-6.45503968074563e-07,-1.28739543134374e-05,-1.1996657100998e-06,-1.61260007607462e-06,3.16978738501759e-05,1.9597272828843e-16,-1.05512932594645e-16,6.00258717096974e-08,0.00338625939515274,5.39536475040569e-07,-9.274035347649e-06,-6.78362770799995e-07,-2.02889766532749e-08,1.01307850997046e-15,-1.57204796441986e-16,4.41764674701138e-07,3.75493994188961e-09,4.53402850739127e-10,2.19186120030687e-08,8.62269616696298e-17,2.34779195139485e-06,-0.00377773444085257,-1.2409474804846e-09,-4.74366183885105e-09,-2.801465068335e-10,-1.38100184699626e-08,-4.82323293834066e-08,-0.000256967117497935,5.30872845154954e-09,1.11624527133699e-07,2.68021936542309e-07,2.10897469230059e-07,0.0142682109443924,-2.68535472029911e-13,-0.011915396053241,2.76962315759079e-16,9.55790721035573e-09,-2.42171360406091e-16,4.0417964686721e-08,2.4228389422709e-05,-2.08253553291016e-15,2.43415952078452e-16,1.04253320744445e-06,1.29733958895048e-06,-1.57517087308576e-06,-0.208805111112159,1.35702922006487e-15,3.9866717455847e-08,0.00293726456443233,-0.00147736526748127,1.28337561624163e-15,0.836474342498707,-1.86864591115383e-07,-7.94373774417442e-05,6.08120251726612e-06,6.16895444026811e-07,3.66317143866844e-15,-4.33484116660074e-16,1.03133724995718e-16,-2.28106236246273e-16,6.02737680868368e-08,-7.33907075057909e-07,5.31754035222376e-07,8.36136715420821e-16,-1.17008597533784e-06,-7.59261263315504e-08,3.99639602892806e-07,-1.57084995318822e-16,-2.68882138776405e-16,-2.08350735523465e-07,8.50784280181353e-09,1.07352051666062e-16,-3.16143826191093e-06,-6.52353931275462e-17,9.30245463992563e-16,8.65937201056796e-18,-2.99334710987533e-17,-2.05325217646615e-16
"t2",-0.0219182344414886,-0.0198030295917343,0.00609133200378708,0.0287722094158377,-0.0028634570627956,0.0318255378583769,-0.0103478313466152,0.00693153445232639,-0.0039239778020743,0.0397371913939079,-0.128578517162148,0.000712415864304254,-2.99097397570544e-05,0.026761568425645,-0.0989890691634112,0.00423209691261064,-0.0172753253040464,7.40443022752134e-05,-0.00962837927020161,0.125172423792096,-0.000490029552394301,0.000384085780254969,-0.00130964377652194,0.00566834391968209,-0.331750047645163,0.146538912771349,-0.0146525537613605,0.018216043698081,-0.000781994783310733,-0.00792279139535945,-0.00301457987426985,0.000315666058598697,0.0141161104942752,0.0188841180731503,-0.213644977358967,0.000926061546742791,-0.00272099324319869,0.00773578948848566,-0.00125275473490238,0.107774644833369,-0.0644093223900076,0.0142043112421692,-0.040085269951905,0.000117738497273472,-1.57130331578279e-06,0.328190254015654,-2.29174869920029e-11,-0.0011670428017967,0.00303822613383401,-0.196139991451421,0.111240556222466,-0.00106400773960616,0.0278172441875161,-0.0778929504189915,0.00372584160610075,-0.0538237664428026,0.000393630315004834,-0.00168460570307289,-3.14489559999321e-06,0.00351347785170575,0.0320506144120132,-0.00900086791871486,-0.00261324419133542,0.000423567492968939,-0.000871971813582245,-1.41220663953632e-05,7.79845402000185e-05,-1.91019841872546e-05,-1.30969688983528e-05,-2.16299303506771e-05,-0.00157215961169531,0.000243943317848555,1.0231450543532e-05,2.31311924050715e-06,2.8037086462609e-05,1.06990561851261e-07,-3.07754736819654e-07,-8.69265876700505e-05,-2.03957724250674e-07,-1.97328769040619e-14,-7.94773071368844e-06,-4.82635649716103e-05,0.00210627761820639,5.95024460811494e-06,0.00020086101849203,7.77615772674201e-17,-9.64015136184954e-05,4.69609341376587e-06,4.87256668915043e-07,-0.00020904713922624,-0.00330597229343748,-1.17001699587541e-05,0.0732115763867951,-0.00296764879625778,-0.02205241407742,-0.00685641077213711,0.756853909486245,0.0426589889202068,0.0019693086060388,-0.0208841582200025,-1.2438621462262e-05,-0.000173784172258145,-0.00255679404304534,-0.000237835237675211,-0.000319673450817962,0.006243411805266,-1.86349923731066e-17,3.36903993617857e-16,1.20908984913548e-05,0.00031321546562936,0.000124825882376536,-0.00217641478361063,-0.000167544607913012,-5.44904988257192e-06,-7.70217223333702e-16,-6.03363069764269e-16,0.000276697321383248,7.33353252412544e-06,-2.33273107543481e-05,-1.36134851327754e-05,1.80842396479615e-16,-0.000402583062258544,0.000625369603910873,1.69312822431519e-07,4.53498129768121e-07,2.04024161713232e-08,9.86396834476615e-07,3.42880879578462e-06,0.014839900907533,-2.92607562892587e-07,-5.58013420317777e-06,-1.23887553975582e-05,-6.51603650689977e-06,-0.00112135785291473,1.47689365521471e-13,0.00655353313017644,2.93850447549298e-16,-4.9068079596134e-07,3.43417147262573e-17,-9.70610912803705e-07,-4.33368466443278e-07,5.54677831443584e-16,1.3652018103104e-16,-1.32329192923566e-05,-1.6430459614129e-05,5.1568288098472e-06,0.000999727647416356,1.32811982660869e-16,-3.82408411927318e-07,-2.32536587371737e-05,7.55253653555763e-06,-6.03244640680265e-18,-0.0031872379360221,-3.6665299581905e-08,-2.64941585397435e-05,4.83059849773373e-06,6.615875609026e-07,-4.42463462822498e-19,-6.30277639573035e-17,7.14424368408848e-18,-9.06430106549128e-17,2.70030433467726e-07,-3.52188595230727e-06,3.09457442137065e-06,-5.21067564096533e-16,-7.55825269110769e-06,-5.14672315992665e-07,2.79525822633131e-06,8.17285815507691e-17,1.46280557111744e-15,-1.49387803328556e-06,6.24121574666021e-08,-3.14066834322187e-17,-2.53502141667808e-05,8.53946240670303e-18,7.55472073787899e-16,1.12122461331751e-17,4.01088352576731e-17,-5.40179359615785e-17
"t170",-0.103238205510544,0.0938232182628327,-0.012560348317323,-0.0616204168645156,0.00166651980582318,-0.0711815466694644,-0.0012401197567555,-0.000708497469375393,0.229295358675333,-0.00129008752382662,0.0061428094578511,0.000414640721330871,6.30734067390449e-05,-0.0716499051108187,-0.0115630447054676,-3.97735751801787e-05,-0.000563763654004945,-0.000184487888917803,6.52023994916696e-05,-0.00127104486141541,2.56475550842033e-05,-2.97635228415024e-06,2.93109705601691e-05,-0.000185529001574973,0.015163256797289,0.0384833733951983,-0.00425692962050871,0.0134289503118239,2.80916047569556e-05,0.106023393888274,-0.163441179101543,4.2642247958679e-07,-1.11123037615255e-05,-1.09943792277841e-05,1.78812688514398e-06,-9.84719644454217e-08,-0.00063862406463361,3.45899791856466e-05,1.65911077739249e-05,-0.000219283105582057,-0.000563664331326237,0.000205728365883975,-0.000760666818877114,2.4812856684409e-06,2.03853562378621e-06,-2.32206235186365e-05,-1.70622515619588e-13,6.87701104779903e-05,0.46355410042701,0.00444776458677725,-0.00132947641998983,-0.0109819537793362,0.000149116251518583,-0.0100757732157861,-0.15576199018136,0.00639472793224278,1.36539035626779e-06,7.34038016416991e-07,2.54484985333329e-08,-0.000103986674484827,-0.00247573756703544,-0.00150288701052919,-0.00227017654359366,1.47710280575359e-06,-0.00128557955985059,-1.39488471914445e-08,0.0221570728708675,-7.07996491433665e-08,-0.16899114736599,1.92332625543756e-07,0.000249909598118453,4.73635014113337e-07,-4.36604363234398e-05,-7.9358698192849e-12,7.0556134630258e-10,-8.28477726349544e-12,0.277558177838026,0.00160777206032175,-1.28786217735754e-09,-1.47982124109413e-14,-6.81911760346413e-09,-1.74672008899649e-07,1.13213474080585e-05,3.40343853126471e-09,1.5530167533884e-07,-2.1145174182214e-16,-9.19877947281937e-07,-7.37803432632761e-10,-2.10356919632883e-10,-2.01339656050087e-08,-4.44108766765046e-07,-0.0040505736787848,1.50373880258293e-05,4.47359166967575e-08,1.3882198926526e-07,5.20668553672074e-05,-5.04746502069924e-07,-2.91533408360641e-08,8.4277520054681e-10,-4.17063959280749e-08,-7.91354733779915e-12,1.00866200255153e-09,6.66918337647848e-06,0.000203215857411301,0.000274518733968733,2.33316793397974e-07,-3.38479132427145e-15,-2.73745757811232e-16,-1.68930906285751e-10,-1.38360940566996e-09,-2.45206574942918e-09,4.44814644252333e-08,2.37469355714294e-08,1.33817426452883e-10,0.655726346737929,-1.17621629034952e-14,-8.45392184336491e-09,-4.64215864450069e-05,7.28969672794087e-10,4.27626541650877e-10,-5.03796057225939e-16,4.22412610618137e-06,-5.25961323198846e-09,-4.37749690054284e-12,-1.07475983027526e-11,-4.83414877104091e-13,-2.74573204948814e-11,-5.71709661764159e-05,-8.15049557682256e-07,-2.48222668918745e-11,-3.17746186036832e-12,9.5045564264856e-08,1.60982679838369e-11,-1.72860505067779e-10,5.54886749502765e-16,1.02677522064825e-08,8.83081090666122e-17,-7.20491913400573e-12,5.11823396598121e-17,-2.95771723973901e-11,-7.16587184054313e-12,-3.20710891877977e-16,3.11337252424422e-16,-0.000131255174363752,1.69572759537859e-09,4.13383000935539e-10,2.96721050489338e-08,-3.36209722935524e-16,-3.89951070825343e-11,-1.24473005809638e-09,7.02085594994395e-10,-3.05635687587706e-16,-7.95318901228519e-07,-5.64992030666491e-11,-0.00725153028778474,-1.45573569432612e-09,-1.06286960328917e-08,3.36760816955035e-16,4.69389252651958e-16,-5.83917359449077e-17,-8.17499443657456e-16,1.05761955295895e-10,-4.05806907000426e-10,4.11215867004027e-10,3.44838602365613e-17,-2.94642736013859e-05,-7.22495683538456e-11,3.91339691862433e-10,5.42269459436555e-16,-4.02023728205716e-16,-2.0697899218135e-10,8.48747100406113e-12,-6.00687939740886e-16,-2.0549474812686e-05,3.72959694908781e-16,-1.92735558512122e-15,-1.91876470293744e-16,7.12719851513939e-16,-1.71973916005209e-15
"t82",-0.101722437302505,0.091881875524455,-0.0120423309102004,-0.0590168050702116,0.00153576707731259,-0.0639809050126159,-0.00108609493580596,-0.000607112701917789,0.192305252543521,-0.001015572098269,0.00472691549015839,0.00030488163669338,4.60959102114789e-05,-0.0490907561447264,-0.00745118516639361,-2.41487805744512e-05,-0.000333766491692423,-0.000108147248841667,2.99835699114022e-05,-0.000563839317250846,1.06807661921961e-05,-1.06565311115476e-06,7.31857575539326e-06,-3.52216728224941e-05,0.00219825105523433,-0.000336757885444239,0.00111175008777776,-0.00516273939332443,-2.55929979723782e-05,-0.151987407018759,0.25609054615473,-9.16246182436166e-07,5.26939632053585e-05,8.11766399057527e-05,-0.000234990165248323,-3.17479565730562e-07,-0.00193302677951503,7.72566626248862e-05,3.57434110043796e-05,-0.000453579392613829,-0.00105884118438336,0.000393538665290774,-0.00147021832029581,4.81507531015596e-06,5.05734021679001e-06,0.0010743581117861,9.78246678603379e-13,-5.70674632306731e-06,-0.011152320313231,0.000249117744559721,-0.00018430337406728,-0.0017424244567714,2.57022166899206e-05,-0.00144093752289823,-0.0210473529573107,0.00060484632260087,6.14933780753075e-08,-1.03091008211791e-08,-5.13010385010021e-10,4.48442199128347e-06,0.000145331536151412,9.28568051437421e-05,0.000561902190565809,-4.02640286115469e-07,0.000451124648235704,6.08222891366752e-09,-0.0702917732346844,-3.28795719956089e-08,-0.00480649686608045,-1.44624155143961e-08,-2.97043133883529e-05,-7.14356581648256e-08,8.83964592643604e-06,1.03452919865745e-10,3.32765734213997e-10,-5.48713737608262e-13,2.58938110343122e-05,1.24924017696191e-06,-5.43525228757726e-12,-2.03116445810402e-16,-7.54877953095064e-10,-2.94150682642083e-08,2.16591591447089e-06,1.33811717808899e-09,6.5962013795165e-08,1.12941548185523e-16,-5.43535845014567e-07,-1.45477923774786e-09,-4.62175707676917e-10,2.91813228346743e-08,4.97085585565153e-07,0.00057565477003454,-2.64357547806458e-05,-7.51527088650795e-08,-2.34105589566412e-07,-8.81832801115716e-05,8.55236355096645e-07,4.94319492673554e-08,-1.43287342472077e-09,7.15349215339679e-08,1.37886430541931e-11,-1.80574796294434e-09,-1.27590204307029e-05,-0.00038948037461957,-0.000526185586931673,-4.51606677222239e-07,4.47569877347004e-17,-7.85893667638413e-17,3.46894210709354e-10,2.86858616220763e-09,5.19279637585974e-09,-9.47088679389142e-08,-5.13253536221786e-08,-2.94758310946085e-10,3.02578676088519e-13,3.74264949568583e-16,2.03748833607963e-08,0.000115896939861509,-1.84876954720029e-09,-1.13116691377423e-09,3.04987733749177e-17,-1.20392212872623e-05,1.51755726864442e-08,1.31382879289598e-11,3.37125768220749e-11,1.5747113617756e-12,8.99027386759652e-11,0.000187326679415293,2.75670178349187e-06,8.45522859255794e-11,1.09805410346911e-11,-3.3208424887672e-07,-5.88292979040576e-11,6.50813485056839e-10,7.00315379672474e-17,-4.0077517260751e-08,-2.53162786098687e-17,3.02058879570704e-11,2.516148752016e-17,1.37110353363987e-10,3.65019162949277e-11,-3.21716777382195e-16,5.80676249318081e-17,0.000694439045379518,-8.97568882875646e-09,-2.50656860248952e-09,-1.83012696988493e-07,-7.86032867529678e-17,2.58200444939755e-10,9.37495030962749e-09,-5.875491307421e-09,-4.99924716897109e-16,7.05559759117103e-06,5.08077385971791e-10,0.0658383326295186,1.36734713382447e-08,1.0204499387225e-07,-7.58179302636151e-18,-1.42100772629867e-16,1.68857039408054e-16,-1.24477415004721e-16,-1.52426017243876e-09,6.20797545852167e-09,-8.01702132448941e-09,4.98418339839211e-16,0.000712412560217375,2.00560366920626e-09,-1.21341315065644e-08,-4.49344371815949e-17,-6.1527344418289e-16,7.1180474638738e-09,-3.26577235878765e-10,4.28944698465097e-17,0.00168456286043722,6.89546729274548e-16,-9.90143582090752e-16,-1.81904709075999e-15,-2.2389121428606e-15,-1.15119944773539e-16
"t131",-0.102315825709829,0.0926382418549418,-0.0122407992230239,-0.060013489417606,0.00158427987896044,-0.0665977027943292,-0.00114085125072164,-0.000642484351996037,0.204970378672655,-0.00110437298525798,0.00517545461296262,0.00033820448635279,5.12206713900561e-05,-0.0554909027832559,-0.00854945503418072,-2.80804267594461e-05,-0.000390179577212908,-0.000126684231075959,3.66275304639049e-05,-0.000692276305428418,1.32228880545855e-05,-1.34199589147583e-06,9.48665583411153e-06,-4.63206467015073e-05,0.00292049799876889,-0.000461387492902165,0.00158404385148312,-0.00746801354857002,-3.87378904806548e-05,-0.236318272787064,0.40024865610622,-1.45735379969132e-06,8.68039328992038e-05,0.000135519905734589,-0.000402983017482847,-6.03879217245955e-07,-0.00371160743030298,0.00015878422993334,7.43774851503308e-05,-0.000959185713801572,-0.00258526800715658,0.000973124055124397,-0.00365646644551231,1.19996041019878e-05,1.3402227628105e-05,0.00309645087316551,2.86540377586122e-12,-1.94687371200163e-05,-0.0388058791605317,0.000901206089351583,-0.000720214437546855,-0.00705758285435848,0.000158501953275286,-0.0113811105292485,-0.177796734539543,0.00758774890948566,1.67144325326994e-06,9.25164494283446e-07,3.21660625383872e-08,-0.000132841755384781,-0.00318577262143711,-0.00193671297467874,-0.00324981064158113,2.15241441674613e-06,-0.00199088815875476,-2.32456477378573e-08,0.166810592554752,6.28436646592871e-08,0.00810709544672042,2.3369479047128e-08,4.71549532290191e-05,1.12009215404535e-07,-1.36081303221147e-05,-1.40782150670146e-10,-4.2914110722318e-10,6.40958754854894e-13,-2.74124801728322e-05,-1.29743576365664e-06,5.56089961811833e-12,-2.35208830115973e-16,6.99128601819225e-10,2.66035120380334e-08,-1.94388429662656e-06,-1.14670747177034e-09,-5.62391870507187e-08,-4.14488411764129e-17,4.53494104746397e-07,1.13382801094573e-09,3.58505759551551e-10,-1.66290290764998e-08,-2.80130683153474e-07,-0.000322294667162485,1.38202038806809e-05,3.25664342819208e-08,9.90165595212377e-08,3.6482915904563e-05,-3.53104868729397e-07,-2.03424864254128e-08,5.82622047186834e-10,-2.80899134448608e-08,-5.12837246928544e-12,6.19829250097254e-10,3.67162976663144e-06,0.00011156257928505,0.000150685690891164,1.26132032636538e-07,-7.40715703697108e-17,-1.14151198021366e-16,-8.32891383028821e-11,-6.71874547120485e-10,-1.15073630505246e-09,2.06916162435454e-08,1.07755304261428e-08,5.87853196231131e-11,-5.32810616787411e-14,-2.07125761996784e-16,-3.13674744813995e-09,-1.59585010254331e-05,2.41641758660337e-10,1.27440276916385e-10,9.20814567720944e-17,9.99284823150696e-07,-1.18944444664674e-09,-8.40993345263603e-13,-1.63815246621112e-12,-5.57847235940966e-14,-3.09695260532815e-12,-6.40952805313882e-06,-6.66291645920572e-08,-1.85950846104114e-12,-1.93119920130768e-13,4.73207180323622e-09,6.67446527643205e-14,4.71344353318256e-12,1.02123922272818e-16,-6.81629562838157e-10,2.15212552415051e-17,1.06553636699696e-12,8.24073622273946e-17,8.04324566809702e-12,2.86333912811081e-12,-2.91806631941475e-16,-9.58659063128741e-18,5.96373583049993e-05,-7.71587463481406e-10,-2.76373070767867e-10,-2.06936398174537e-08,-1.0982830932055e-16,3.20833658859656e-11,1.3366183508006e-09,-9.15689258321428e-10,-1.16550828706234e-16,1.14727145826671e-06,8.33845174256629e-11,0.01087488293928,2.30859105529068e-09,1.74632786412636e-08,2.82654782949934e-18,1.38924430478376e-16,1.09876441224843e-16,3.24815965273271e-16,-3.13369227410459e-10,1.30089977176085e-09,-1.7910982036888e-09,3.20124197793103e-16,0.000166110902992801,4.78127913516775e-10,-2.93754804651726e-09,-6.05469484653861e-17,-3.56149788744185e-16,1.74530318054779e-09,-8.10611475163353e-11,1.08020855409388e-17,0.000440798912661936,1.09894146960507e-15,-8.7668269273358e-16,-5.11932951611465e-16,-6.29956118892109e-16,-1.34201903009284e-16
"t67",-0.100300851978839,0.0900633517653724,-0.0115592355058518,-0.0565892762191795,0.00141496251684495,-0.0573715729060185,-0.000945753062665821,-0.000515338589803262,0.159048409544628,-0.000774083441423285,0.0034918077668913,0.000210812064983543,3.15807089937597e-05,-0.0303143901134543,-0.00411970355963257,-1.18281814741943e-05,-0.000154520924921809,-4.8926903404465e-05,5.6541738003086e-06,-8.36050390323119e-05,8.16295912106738e-07,1.093280194912e-07,-4.34133674964401e-06,3.73238722657411e-05,-0.00359732238866714,-0.0130352408609296,0.00189117874779548,-0.00637176276034622,-1.41095222776136e-05,-0.0460827791593609,0.0667646416228024,-1.14161760718912e-07,-6.5546286448454e-06,-1.74189292458895e-05,9.22513361460849e-05,3.42542824834085e-07,0.00220994199450286,-0.000125459526561524,-6.12912696494444e-05,0.000832247936847319,0.00317627566673345,-0.00122438895118922,0.00464927442714379,-1.53140727242697e-05,-1.89449615659793e-05,-0.00491236778413853,-4.63548762519648e-12,3.40815380608335e-05,0.0542796263133599,-0.00202147494533321,0.00160493330459564,0.0160303428302111,-0.000440355398801401,0.034150393323018,0.542632310763924,-0.0249706990042761,-5.92923371652969e-06,-3.52808982049561e-06,-1.23468352693713e-07,0.000521759894581891,0.0126913637697597,0.00773604021805455,0.0139789948565743,-9.22631259787537e-06,0.00827711782908185,9.07488561159131e-08,0.135355459057156,7.39467839957345e-07,-0.0458363482027055,1.71746669489703e-06,0.00361949849889277,9.21865969030249e-06,-0.00127994100096102,-5.83506798122507e-08,-7.5289658786704e-07,-8.59790929744164e-10,0.0124599313606869,-0.0119101934975337,1.61059975328388e-08,2.24025505335476e-13,2.81257320488701e-07,8.55083131444276e-06,-0.00058523924805443,-2.46338825686616e-07,-1.16952666613868e-05,-2.53085105245583e-16,8.28356181246013e-05,1.47500781467629e-07,4.56899158504945e-08,-8.72124515547923e-07,-1.40471614127993e-05,-0.00388429975579579,0.000635690804412548,1.16282630189048e-06,3.44271021641992e-06,0.001239325513945,-1.19698058780519e-05,-6.87274450110318e-07,1.94462266673611e-08,-9.06344590345253e-07,-1.57596263212587e-10,1.78621572165436e-08,9.44333205887834e-05,0.00286206471291628,0.00386525510935693,3.19229655252332e-06,-9.92250607713744e-17,-6.81810259079806e-17,-1.96609801672712e-09,-1.57064119295339e-08,-2.63633299220936e-08,4.71751080658111e-07,2.42522051670983e-07,1.30307249291961e-09,-4.08401274593655e-13,3.97290500897194e-17,-6.57719974278211e-08,-0.000329728189625505,4.96654962986672e-09,2.5936489586337e-09,-1.58586085506554e-16,2.03440726786699e-05,-2.42828055311719e-08,-1.74448392476157e-11,-3.52387018923493e-11,-1.27526410218322e-12,-7.1310302504477e-11,-0.000147820893587645,-1.69087535396518e-06,-4.86639854218567e-11,-5.48289721687717e-12,1.46686194903322e-07,1.27292545822485e-11,-4.72210270797307e-11,1.77584393477809e-16,-3.84589324724574e-09,1.29074110752067e-16,1.26282550314787e-11,1.81286600358073e-16,1.17846074823556e-10,4.69770708928275e-11,2.59317566497474e-16,3.55572701061831e-16,0.00102061280069293,-1.3211286624866e-08,-5.59314630425032e-09,-4.29084604672047e-07,-1.12464154276698e-15,7.45032612400626e-10,4.10652072338915e-08,-4.03590816586629e-08,-6.59400828800363e-15,6.86854713082147e-05,5.46560081940715e-09,0.764734489317953,2.20542799167576e-07,2.18971235078573e-06,3.96406760522254e-15,-7.28437307510027e-16,3.18043258342059e-16,-2.19177315069958e-15,6.43733386098769e-09,-2.21654442906008e-08,1.72684183828228e-08,2.22129054279949e-15,-0.00111332826493064,-2.64442943589067e-09,1.41699901234173e-08,-1.46415760526238e-16,-1.7370415096894e-15,-7.49234895400223e-09,3.09993552390353e-10,1.51388942308808e-17,-0.000958654530897463,1.63925516053575e-16,1.31849548078669e-15,-3.05500857970225e-16,-6.99345057931182e-16,-1.25743535370427e-15
"t27",-0.0927925735712558,0.0804702371313747,-0.00901763479522356,-0.0438186874963847,0.000777065109376854,-0.0220590040104645,-0.000175354596416174,1.23389581965254e-05,-0.0517633044183735,-0.00041644364492752,-7.99505866925706e-05,-0.000125895182241669,-2.09563267408067e-05,0.0417047631159709,0.00888884662059631,3.67557257148896e-05,0.000561657422884678,-0.00175527246629917,-9.13349310166447e-05,0.00183626026823086,-3.88387161405399e-05,4.90916491701968e-06,-5.43277789993395e-05,0.000360738334995878,-0.0303883025034318,-0.0835161843044123,-0.00135886421654255,-0.0269281343055527,-4.99124532264072e-05,-0.0567725890379209,-0.0357213835022209,-9.76290542039019e-06,3.71500799748647e-05,2.61350167825206e-05,5.52011926332822e-05,4.97719486035324e-07,0.0032084106693227,-0.000173490092081444,-8.36304023621898e-05,0.00111468780714273,0.00350024670622388,-0.0013243716768381,0.00498633649396588,-1.63748355111422e-05,-1.8459915129918e-05,-0.00418773935724919,-9.72887254041884e-12,1.78021715801325e-05,0.00295817925206985,-0.00153990411043431,0.00104120044631183,0.0186352228439926,-8.56449677784691e-05,0.00256709617291047,0.0259014473076875,0.00200100579292259,1.30747369572396e-06,1.33693635266498e-06,4.8849681632264e-08,-0.000243161662817529,-0.00778853837761573,-0.010116463847746,-0.0122319356926989,8.49745741045677e-06,-0.00871381551500627,-1.06863859472814e-07,0.00287332716910563,-1.15470186378906e-06,-0.000565490299212839,-3.05720049466073e-06,-0.00663435904871123,-1.71833423871902e-05,0.00243936751264201,1.25657272471841e-07,1.70124952282838e-06,2.11523733826411e-09,-0.000276043916909808,0.0325711984914111,-4.4492763316734e-08,-3.07351642168101e-12,-8.41756157977482e-07,-2.60925764264204e-05,0.00179709510133648,7.8551129397758e-07,3.7448493525424e-05,-3.97067153751658e-16,-0.000269961610186985,-5.0808847487619e-07,-1.57993123945071e-07,3.85357141808194e-06,6.21605902962412e-05,0.000204523011913427,-0.00302880085959955,-6.52659417169422e-06,-2.01036721717838e-05,-0.0139720005580506,7.42627385133922e-06,3.0762394489297e-06,-1.05969040184052e-07,5.28967876243277e-06,9.69215094550251e-10,-1.17452578829775e-07,-0.000714548076345522,-0.0217353850753552,-0.0293592331472161,-2.47297023476781e-05,-1.02036322651506e-15,3.15655739606857e-17,1.71450396313763e-08,1.39641465892448e-07,2.44723840279992e-07,-4.42785751155588e-06,-2.34797018275126e-06,-1.31297481371148e-08,8.64694040301516e-14,-2.01959784549965e-16,8.11469932600098e-07,0.00891090802547394,-6.86027154129639e-08,-4.03914340101324e-08,-3.36859952362241e-17,-0.000399914371113733,4.98397966452082e-07,4.16525712087188e-10,1.03002652136221e-09,4.82410314755173e-11,3.10640740105187e-09,0.0108366980361104,7.84786309219499e-05,2.39573524101206e-09,3.0794097557594e-10,-9.23724877577679e-06,-1.58256862185661e-09,1.71256255690565e-08,4.40106858275953e-17,-1.02725142820286e-06,5.04138221972544e-18,7.35708794052462e-10,5.98559570396961e-17,3.11297862565367e-09,7.75300448195381e-10,-1.04770320491875e-15,1.8210035346415e-16,0.0143459203226504,-1.85360833561872e-07,-4.63567974081703e-08,-3.33143406651947e-06,9.57364225827014e-17,4.36236841135614e-09,1.28665824493555e-07,-5.30521564469507e-08,-3.21248198871497e-16,2.75415586456091e-05,1.06878443273682e-09,0.0395171982235682,-9.91175984825443e-08,-1.67874974260545e-06,1.75431533689192e-16,-8.22528127086671e-17,-2.62993516393368e-17,-2.26492844600301e-16,-4.03866114258287e-08,1.56817698809296e-07,-1.79897453961207e-07,9.36527736921645e-17,0.0283613286900164,4.1133947648169e-08,-2.44672631387719e-07,-1.14323376220667e-16,8.68405277534312e-16,1.41543745393629e-07,-6.40961358828991e-09,3.85576611565677e-17,0.031344461884939,1.30965770010016e-16,7.93321312766065e-16,1.90630056159142e-16,6.61545508972623e-16,-1.0384424217969e-16
"t182",-0.0943747849944544,0.0824143464891247,-0.00946005975858335,-0.0460232358587575,0.000852204473555745,-0.0248735032172646,-0.000203535305883722,1.4678273828968e-05,-0.0631301446690364,-0.00056475271279011,-5.31192592322668e-06,-0.000166782638823911,-2.80072058439024e-05,0.0597967188320552,0.01345944632591,5.84120973750506e-05,0.000910458532282,-0.00296791323376751,-0.000174667724910724,0.00358265071301566,-7.83380897596514e-05,1.06251678041592e-05,-0.000133471047177208,0.000948091269023032,-0.0839033177515249,-0.270735197369288,-0.00650521859458639,-0.122107626617582,-0.00032917238239844,-0.502112048225028,-0.337561054257017,-0.000119550038777292,0.00105608934658855,0.00144431793013523,-0.00360068606327645,-3.73877663613182e-06,-0.0224331945271331,0.00082259981286899,0.000375696338571827,-0.00469224267832423,-0.00978133769907694,0.00360441905248022,-0.0134139555157208,4.38720887772084e-05,4.42544275004143e-05,0.00887450909603535,-0.702754495653251,-3.14503662623286e-05,-0.00513733336749747,0.00259111251432578,-0.00166044313519764,-0.0294570831224505,0.000109172297931735,-0.00305488443348312,-0.0303619248845402,-0.00219348901996542,-1.33917290046e-06,-1.27847504321514e-06,-4.64125332654038e-08,0.000225803924570027,0.00716324444721764,0.00940736477099667,0.00964002997985121,-6.60071301658882e-06,0.00651147643273394,7.73005056011161e-08,-0.00182559345608393,6.84081273530366e-07,0.000320806103152844,1.70798938722401e-06,0.00368281805369176,9.49600503815689e-06,-0.0013390677450092,-6.58803896383852e-08,-8.73817376058549e-07,-1.0455139556782e-09,0.000131199364966349,-0.0153620706038149,2.08582979367318e-08,1.46166830607982e-12,3.78985168629084e-07,1.16341300254302e-05,-0.000798764889942161,-3.42572691203623e-07,-1.62975758653334e-05,5.22262265263346e-17,0.000116443219552248,2.13065599427875e-07,6.61238494061304e-08,-1.41935404440917e-06,-2.27905490607186e-05,-7.47851324225956e-05,0.00107685845695131,2.15266691865406e-06,6.57179131284565e-06,0.00459472837263981,-1.75939976456178e-06,-9.84481918420008e-07,3.39964154321378e-08,-1.67644512342427e-06,-3.00908729273617e-10,3.53782111710463e-08,0.000201852720849965,0.0061300054980377,0.0082794782247268,6.91286475883044e-06,2.64199507445767e-16,1.33509774629293e-17,-4.55257686119698e-09,-3.67790962561957e-08,-6.33160881591154e-08,1.14044271457372e-06,5.97243805404033e-07,3.28755862086303e-09,-2.14262463004689e-14,1.50102640775711e-15,-1.8881083371388e-07,-0.002047476471907,1.5310719100508e-08,8.71488264869882e-09,7.03974133223843e-17,8.12494622591106e-05,-1.00260395285533e-07,-8.11709426349006e-11,-1.93667305461755e-10,-8.7928270632068e-12,-5.66814150526472e-10,-0.00199778515635443,-1.38783964664485e-05,-4.21266703198805e-10,-5.35204633293126e-11,1.59107642151594e-06,2.62819350783831e-10,-2.7756373047106e-09,-3.69720863192873e-16,1.61654144094036e-07,-4.7547702062585e-16,-1.0918210971481e-10,1.32714343030722e-16,-4.25359498580648e-10,-9.80136585992064e-11,-1.6460736226161e-15,-5.24978194134539e-18,-0.00175762943496336,2.27016051761411e-08,5.07388899247942e-09,3.59527657362258e-07,6.78603510510908e-16,-4.43949814002681e-10,-1.17733747242737e-08,4.45162856190622e-09,7.5136115389203e-17,-2.20321438359227e-06,-8.45562992095740e-11,-0.00310198403536397,7.56798769527941e-09,1.25913610373838e-07,-7.43686468514687e-17,-4.69096147851494e-16,2.33041808019196e-16,-8.12555607412356e-16,2.19121732826803e-09,-8.12416754685552e-09,7.76097836006255e-09,5.34895388491485e-16,-0.00106318414739007,-1.38136223211206e-09,7.63307898602809e-09,-2.03661635233473e-16,1.07988608488661e-15,-4.1306367329073e-09,1.7443617803702e-10,-9.14723443279455e-18,-0.000575017739220615,-8.20530056563262e-16,1.31698508728937e-15,-7.47826356653093e-17,-6.54242247555785e-16,1.18158585351912e-15
"t85",-0.0937741881101356,0.0816766804408662,-0.00929245804674189,-0.0451881712471319,0.000823854316289593,-0.0238154004400377,-0.000192995870321418,1.38088704077196e-05,-0.0589446294702764,-0.000516384116658027,-4.82277777095216e-06,-0.000149403236862585,-2.5045368985888e-05,0.0525502416936791,0.011651960978238,4.99003426952692e-05,0.000773698351734616,-0.00251703228022088,-0.000142209129312373,0.00290276769847456,-6.29720727560261e-05,8.40430480969445e-06,-0.00010276855138589,0.000720371698882245,-0.0631629681235818,-0.198246836097255,-0.0046021980541938,-0.0852655408961024,-0.000221189637138725,-0.329967591264821,-0.220892451062024,-7.71219523875021e-05,0.000662428606474355,0.000896465393954977,-0.00218864465279782,-2.10330954548804e-06,-0.0125348014248985,0.000438165901036459,0.000198428508681689,-0.00245127103511403,-0.00465724634543062,0.00170290487196338,-0.00631522786587577,2.06292322593833e-05,2.00613520025541e-05,0.00383582608441383,-0.301053960051178,-1.24498023457712e-05,-0.00201410666296331,0.000997125495620724,-0.000616725393510422,-0.0107692288637029,3.40976980922912e-05,-0.000888324768963528,-0.00867947950833527,-0.000577030920390347,-3.19198809943746e-07,-2.70374506771123e-07,-9.69226317517188e-09,4.49483656906149e-05,0.00137969523530142,0.00180007270641604,0.00121486932474501,-7.84840452637875e-07,0.00064668061195195,6.36111205767622e-09,-1.57193862286584e-05,-2.41271166413816e-08,-2.05416802606795e-05,-1.27254962403653e-07,-0.000290677455401179,-7.79087738945655e-07,0.000116125290482504,7.88449077730352e-09,1.17877688042011e-07,1.71706297298657e-10,-2.56280826517952e-05,0.00309671505438241,-4.30787083370343e-09,-3.15858604304978e-13,-9.1101067913807e-08,-2.89368537752355e-06,0.000200848099005096,9.18248434184631e-08,4.3986957194011e-06,-1.48134334948986e-16,-3.23509099623927e-05,-6.46272874206327e-08,-2.01761913637129e-08,6.10981728303507e-07,9.91981245651252e-06,3.27622187103389e-05,-0.000504030198358811,-1.1904304638398e-06,-3.70808714139618e-06,-0.00263980130537521,1.01249941934127e-06,5.68053877279617e-07,-1.98071340255965e-08,1.00417848360776e-06,1.87958089280695e-10,-2.3450654918262e-08,-0.000150906083534903,-0.0045964826029596,-0.00620914662378762,-5.26760686020557e-06,-2.31064044945612e-16,1.27842726877399e-16,3.79964318025647e-09,3.11316564248373e-08,5.52594619956357e-08,-1.00299314217239e-06,-5.36471457493337e-07,-3.03202453756241e-09,2.00826591671064e-14,6.83490674069705e-16,1.96249627053036e-07,0.00222626374673919,-1.69807228018576e-08,-1.01851575092221e-08,6.21264471124246e-18,-0.000103944871586276,1.30156500229473e-07,1.10388358772451e-10,2.77340153268212e-10,1.31807590818786e-11,8.52630135542301e-10,0.00300763704825698,2.16615525678725e-05,6.62769577680692e-10,8.55804193926971e-11,-2.57602387356582e-06,-4.47358125070614e-10,4.88314989694809e-09,-1.61554046075656e-16,-2.95881849550112e-07,-2.20472669657259e-16,2.15960152357776e-10,8.41420857033714e-17,9.36283133400038e-10,2.38052873642402e-10,-1.29511104859494e-15,7.97516683815182e-17,0.00443925016316134,-5.73638324092893e-08,-1.4716824582406e-08,-1.06076284748906e-06,4.02782477830596e-16,1.4055067409144e-09,4.2265922312471e-08,-1.7674735623398e-08,-7.3182741806814e-17,9.24190386474822e-06,3.59222354372287e-10,0.0132968587587544,-3.34818685225026e-08,-5.68472002255713e-07,5.40008903708152e-17,-2.28836946428707e-16,2.23500828901324e-16,-4.9294056424511e-16,-1.41908165329416e-08,5.53377638783462e-08,-6.44409741435352e-08,3.3141733743533e-16,0.0104186419504884,1.49745043018636e-08,-8.94321514106948e-08,-1.41211590098308e-16,1.05342308586381e-15,5.19123781226727e-08,-2.35854170495932e-09,9.93472380295037e-18,0.0117046848892678,-2.75826885106545e-16,1.16220451356726e-15,-4.94585716851697e-16,-6.00994570337283e-17,3.98358204115596e-16
"t180",-0.0937741881101356,0.0816766804408662,-0.00929245804674189,-0.0451881712471319,0.000823854316289593,-0.0238154004400377,-0.000192995870321418,1.38088704077196e-05,-0.0589446294702764,-0.000516384116658027,-4.82277777095216e-06,-0.000149403236862585,-2.5045368985888e-05,0.0525502416936791,0.011651960978238,4.99003426952692e-05,0.000773698351734616,-0.00251703228022088,-0.000142209129312373,0.00290276769847456,-6.29720727560261e-05,8.40430480969445e-06,-0.00010276855138589,0.000720371698882245,-0.0631629681235818,-0.198246836097255,-0.0046021980541938,-0.0852655408961024,-0.000221189637138725,-0.329967591264821,-0.220892451062024,-7.71219523875021e-05,0.000662428606474355,0.000896465393954977,-0.00218864465279782,-2.10330954548804e-06,-0.0125348014248985,0.000438165901036459,0.000198428508681689,-0.00245127103511403,-0.00465724634543062,0.00170290487196338,-0.00631522786587577,2.06292322593833e-05,2.00613520025541e-05,0.00383582608441383,-0.301053960051178,-1.24498023457712e-05,-0.00201410666296331,0.000997125495620724,-0.000616725393510422,-0.0107692288637029,3.40976980922912e-05,-0.000888324768963528,-0.00867947950833527,-0.000577030920390347,-3.19198809943746e-07,-2.70374506771123e-07,-9.69226317517188e-09,4.49483656906149e-05,0.00137969523530142,0.00180007270641604,0.00121486932474501,-7.84840452637875e-07,0.00064668061195195,6.36111205767622e-09,-1.57193862286584e-05,-2.41271166413816e-08,-2.05416802606795e-05,-1.27254962403653e-07,-0.000290677455401179,-7.79087738945655e-07,0.000116125290482504,7.88449077730352e-09,1.17877688042011e-07,1.71706297298657e-10,-2.56280826517952e-05,0.00309671505438241,-4.30787083370343e-09,-3.15858604304978e-13,-9.1101067913807e-08,-2.89368537752355e-06,0.000200848099005096,9.18248434184631e-08,4.3986957194011e-06,-1.48134334948986e-16,-3.23509099623927e-05,-6.46272874206327e-08,-2.01761913637129e-08,6.10981728303507e-07,9.91981245651252e-06,3.27622187103389e-05,-0.000504030198358811,-1.1904304638398e-06,-3.70808714139618e-06,-0.00263980130537521,1.01249941934127e-06,5.68053877279617e-07,-1.98071340255965e-08,1.00417848360776e-06,1.87958089280695e-10,-2.3450654918262e-08,-0.000150906083534903,-0.0045964826029596,-0.00620914662378762,-5.26760686020557e-06,-2.31064044945612e-16,1.27842726877399e-16,3.79964318025647e-09,3.11316564248373e-08,5.52594619956357e-08,-1.00299314217239e-06,-5.36471457493337e-07,-3.03202453756241e-09,2.00826591671064e-14,6.83490674069705e-16,1.96249627053036e-07,0.00222626374673919,-1.69807228018576e-08,-1.01851575092221e-08,6.21264471124246e-18,-0.000103944871586276,1.30156500229473e-07,1.10388358772451e-10,2.77340153268212e-10,1.31807590818786e-11,8.52630135542301e-10,0.00300763704825698,2.16615525678725e-05,6.62769577680692e-10,8.55804193926971e-11,-2.57602387356582e-06,-4.47358125070614e-10,4.88314989694809e-09,-1.61554046075656e-16,-2.95881849550112e-07,-2.20472669657259e-16,2.15960152357776e-10,8.41420857033714e-17,9.36283133400038e-10,2.38052873642402e-10,-1.29511104859494e-15,7.97516683815182e-17,0.00443925016316134,-5.73638324092893e-08,-1.4716824582406e-08,-1.06076284748906e-06,4.02782477830596e-16,1.4055067409144e-09,4.2265922312471e-08,-1.7674735623398e-08,-7.3182741806814e-17,9.24190386474822e-06,3.59222354372287e-10,0.0132968587587544,-3.34818685225026e-08,-5.68472002255713e-07,5.40008903708152e-17,-2.28836946428707e-16,2.23500828901324e-16,-4.9294056424511e-16,-1.41908165329416e-08,5.53377638783462e-08,-6.44409741435352e-08,3.3141733743533e-16,0.0104186419504884,1.49745043018636e-08,-8.94321514106948e-08,-1.41211590098308e-16,1.05342308586381e-15,5.19123781226727e-08,-2.35854170495932e-09,9.93472380295037e-18,0.0117046848892678,-2.75826885106545e-16,1.16220451356726e-15,-4.94585716851697e-16,-6.00994570337283e-17,3.98358204115596e-16
"t185",-0.0937741881101356,0.0816766804408662,-0.00929245804674189,-0.0451881712471319,0.000823854316289593,-0.0238154004400377,-0.000192995870321418,1.38088704077196e-05,-0.0589446294702764,-0.000516384116658027,-4.82277777095216e-06,-0.000149403236862585,-2.5045368985888e-05,0.0525502416936791,0.011651960978238,4.99003426952692e-05,0.000773698351734616,-0.00251703228022088,-0.000142209129312373,0.00290276769847456,-6.29720727560261e-05,8.40430480969445e-06,-0.00010276855138589,0.000720371698882245,-0.0631629681235818,-0.198246836097255,-0.0046021980541938,-0.0852655408961024,-0.000221189637138725,-0.329967591264821,-0.220892451062024,-7.71219523875021e-05,0.000662428606474355,0.000896465393954977,-0.00218864465279782,-2.10330954548804e-06,-0.0125348014248985,0.000438165901036459,0.000198428508681689,-0.00245127103511403,-0.00465724634543062,0.00170290487196338,-0.00631522786587577,2.06292322593833e-05,2.00613520025541e-05,0.00383582608441383,-0.301053960051178,-1.24498023457712e-05,-0.00201410666296331,0.000997125495620724,-0.000616725393510422,-0.0107692288637029,3.40976980922912e-05,-0.000888324768963528,-0.00867947950833527,-0.000577030920390347,-3.19198809943746e-07,-2.70374506771123e-07,-9.69226317517188e-09,4.49483656906149e-05,0.00137969523530142,0.00180007270641604,0.00121486932474501,-7.84840452637875e-07,0.00064668061195195,6.36111205767622e-09,-1.57193862286584e-05,-2.41271166413816e-08,-2.05416802606795e-05,-1.27254962403653e-07,-0.000290677455401179,-7.79087738945655e-07,0.000116125290482504,7.88449077730352e-09,1.17877688042011e-07,1.71706297298657e-10,-2.56280826517952e-05,0.00309671505438241,-4.30787083370343e-09,-3.15858604304978e-13,-9.1101067913807e-08,-2.89368537752355e-06,0.000200848099005096,9.18248434184631e-08,4.3986957194011e-06,-1.48134334948986e-16,-3.23509099623927e-05,-6.46272874206327e-08,-2.01761913637129e-08,6.10981728303507e-07,9.91981245651252e-06,3.27622187103389e-05,-0.000504030198358811,-1.1904304638398e-06,-3.70808714139618e-06,-0.00263980130537521,1.01249941934127e-06,5.68053877279617e-07,-1.98071340255965e-08,1.00417848360776e-06,1.87958089280695e-10,-2.3450654918262e-08,-0.000150906083534903,-0.0045964826029596,-0.00620914662378762,-5.26760686020557e-06,-2.31064044945612e-16,1.27842726877399e-16,3.79964318025647e-09,3.11316564248373e-08,5.52594619956357e-08,-1.00299314217239e-06,-5.36471457493337e-07,-3.03202453756241e-09,2.00826591671064e-14,6.83490674069705e-16,1.96249627053036e-07,0.00222626374673919,-1.69807228018576e-08,-1.01851575092221e-08,6.21264471124246e-18,-0.000103944871586276,1.30156500229473e-07,1.10388358772451e-10,2.77340153268212e-10,1.31807590818786e-11,8.52630135542301e-10,0.00300763704825698,2.16615525678725e-05,6.62769577680692e-10,8.55804193926971e-11,-2.57602387356582e-06,-4.47358125070614e-10,4.88314989694809e-09,-1.61554046075656e-16,-2.95881849550112e-07,-2.20472669657259e-16,2.15960152357776e-10,8.41420857033714e-17,9.36283133400038e-10,2.38052873642402e-10,-1.29511104859494e-15,7.97516683815182e-17,0.00443925016316134,-5.73638324092893e-08,-1.4716824582406e-08,-1.06076284748906e-06,4.02782477830596e-16,1.4055067409144e-09,4.2265922312471e-08,-1.7674735623398e-08,-7.3182741806814e-17,9.24190386474822e-06,3.59222354372287e-10,0.0132968587587544,-3.34818685225026e-08,-5.68472002255713e-07,5.40008903708152e-17,-2.28836946428707e-16,2.23500828901324e-16,-4.9294056424511e-16,-1.41908165329416e-08,5.53377638783462e-08,-6.44409741435352e-08,3.3141733743533e-16,0.0104186419504884,1.49745043018636e-08,-8.94321514106948e-08,-1.41211590098308e-16,1.05342308586381e-15,5.19123781226727e-08,-2.35854170495932e-09,9.93472380295037e-18,0.0117046848892678,-2.75826885106545e-16,1.16220451356726e-15,-4.94585716851697e-16,-6.00994570337283e-17,3.98358204115596e-16
"t186",-0.0937741881101356,0.0816766804408662,-0.00929245804674189,-0.0451881712471319,0.000823854316289593,-0.0238154004400377,-0.000192995870321418,1.38088704077196e-05,-0.0589446294702764,-0.000516384116658027,-4.82277777095216e-06,-0.000149403236862585,-2.5045368985888e-05,0.0525502416936791,0.011651960978238,4.99003426952692e-05,0.000773698351734616,-0.00251703228022088,-0.000142209129312373,0.00290276769847456,-6.29720727560261e-05,8.40430480969445e-06,-0.00010276855138589,0.000720371698882245,-0.0631629681235818,-0.198246836097255,-0.0046021980541938,-0.0852655408961024,-0.000221189637138725,-0.329967591264821,-0.220892451062024,-7.71219523875021e-05,0.000662428606474355,0.000896465393954977,-0.00218864465279782,-2.10330954548804e-06,-0.0125348014248985,0.000438165901036459,0.000198428508681689,-0.00245127103511403,-0.00465724634543062,0.00170290487196338,-0.00631522786587577,2.06292322593833e-05,2.00613520025541e-05,0.00383582608441383,-0.301053960051178,-1.24498023457712e-05,-0.00201410666296331,0.000997125495620724,-0.000616725393510422,-0.0107692288637029,3.40976980922912e-05,-0.000888324768963528,-0.00867947950833527,-0.000577030920390347,-3.19198809943746e-07,-2.70374506771123e-07,-9.69226317517188e-09,4.49483656906149e-05,0.00137969523530142,0.00180007270641604,0.00121486932474501,-7.84840452637875e-07,0.00064668061195195,6.36111205767622e-09,-1.57193862286584e-05,-2.41271166413816e-08,-2.05416802606795e-05,-1.27254962403653e-07,-0.000290677455401179,-7.79087738945655e-07,0.000116125290482504,7.88449077730352e-09,1.17877688042011e-07,1.71706297298657e-10,-2.56280826517952e-05,0.00309671505438241,-4.30787083370343e-09,-3.15858604304978e-13,-9.1101067913807e-08,-2.89368537752355e-06,0.000200848099005096,9.18248434184631e-08,4.3986957194011e-06,-1.48134334948986e-16,-3.23509099623927e-05,-6.46272874206327e-08,-2.01761913637129e-08,6.10981728303507e-07,9.91981245651252e-06,3.27622187103389e-05,-0.000504030198358811,-1.1904304638398e-06,-3.70808714139618e-06,-0.00263980130537521,1.01249941934127e-06,5.68053877279617e-07,-1.98071340255965e-08,1.00417848360776e-06,1.87958089280695e-10,-2.3450654918262e-08,-0.000150906083534903,-0.0045964826029596,-0.00620914662378762,-5.26760686020557e-06,-2.31064044945612e-16,1.27842726877399e-16,3.79964318025647e-09,3.11316564248373e-08,5.52594619956357e-08,-1.00299314217239e-06,-5.36471457493337e-07,-3.03202453756241e-09,2.00826591671064e-14,6.83490674069705e-16,1.96249627053036e-07,0.00222626374673919,-1.69807228018576e-08,-1.01851575092221e-08,6.21264471124246e-18,-0.000103944871586276,1.30156500229473e-07,1.10388358772451e-10,2.77340153268212e-10,1.31807590818786e-11,8.52630135542301e-10,0.00300763704825698,2.16615525678725e-05,6.62769577680692e-10,8.55804193926971e-11,-2.57602387356582e-06,-4.47358125070614e-10,4.88314989694809e-09,-1.61554046075656e-16,-2.95881849550112e-07,-2.20472669657259e-16,2.15960152357776e-10,8.41420857033714e-17,9.36283133400038e-10,2.38052873642402e-10,-1.29511104859494e-15,7.97516683815182e-17,0.00443925016316134,-5.73638324092893e-08,-1.4716824582406e-08,-1.06076284748906e-06,4.02782477830596e-16,1.4055067409144e-09,4.2265922312471e-08,-1.7674735623398e-08,-7.3182741806814e-17,9.24190386474822e-06,3.59222354372287e-10,0.0132968587587544,-3.34818685225026e-08,-5.68472002255713e-07,5.40008903708152e-17,-2.28836946428707e-16,2.23500828901324e-16,-4.9294056424511e-16,-1.41908165329416e-08,5.53377638783462e-08,-6.44409741435352e-08,3.3141733743533e-16,0.0104186419504884,1.49745043018636e-08,-8.94321514106948e-08,-1.41211590098308e-16,1.05342308586381e-15,5.19123781226727e-08,-2.35854170495932e-09,9.93472380295037e-18,0.0117046848892678,-2.75826885106545e-16,1.16220451356726e-15,-4.94585716851697e-16,-6.00994570337283e-17,3.98358204115596e-16
"t198",-0.100319943346616,0.0899447166191874,-0.0113738352660688,-0.0556139572029104,0.00126207582611962,-0.0430535108119924,-0.000426443386560035,3.72645044580513e-05,-0.201885435795056,-0.00703383676894471,0.0218006192723327,0.00107364280100104,0.000159666895274747,-0.15951660426317,-0.0255701453735199,-0.000106675053623888,-0.00273830741185298,0.294179780277524,0.000106478785497754,-0.00210130760908351,4.31856773380415e-05,-5.20542828321868e-06,5.5859732352043e-05,-0.000376689203891717,0.0326260594098973,0.113067207882361,0.266474586121313,-0.043012246868702,-4.05423692863341e-06,0.003213365607852,0.00260765821355038,1.13085544814257e-06,-6.36047568038982e-06,-5.11293426235232e-06,-8.36880464837899e-06,-1.02450295353183e-07,-0.000664805743555314,3.72068409371885e-05,1.80241924664651e-05,-0.000241736765057666,-0.000807702983190358,0.000307804685043928,-0.00116283840599538,3.82335818356468e-06,4.49933952870034e-06,0.00111028086943982,2.69324949285126e-12,-6.71756759960288e-06,-0.00120238994026888,0.00075632713030184,-0.00111265193408332,-0.0704519930722498,4.28060193938989e-07,-0.000112792631455251,-0.00128667010796517,-0.000137367992723688,-1.06837784594071e-07,-1.28069288557722e-07,-4.79194161691751e-09,2.82011395879912e-05,0.00168941925588018,0.00466383707483179,0.00109129819058564,-7.6421165259471e-07,0.000796597318780334,9.86532813297416e-09,-0.000270738109046748,1.09345147205822e-07,5.36761769166672e-05,2.90422360621223e-07,0.000630452402643399,1.63329628481877e-06,-0.000231948502482509,-1.19807534786878e-08,-1.62437555690221e-07,-2.02619847001312e-10,2.65563510966747e-05,-0.00313656501680036,4.28810434795435e-09,1.72303388803482e-12,8.1650873396298e-08,2.53564097597053e-06,-0.000174747787872805,-7.66911075128646e-08,-3.65792277400056e-06,7.56449934520215e-17,2.64251744021499e-05,5.01099273987832e-08,1.5590995397247e-08,-4.03358203868884e-07,-6.52735342212053e-06,-2.15181769587125e-05,0.000326077100320253,8.16562051138968e-07,2.80658249353379e-06,0.00622493487154159,4.00827381348353e-05,2.26713805998529e-07,7.80958759749228e-09,-5.52138610284835e-07,-1.10875479720594e-10,1.44582912063088e-08,0.000102793112663249,0.00314129826233637,0.00424411275472644,3.66805434302012e-06,-4.57445458560585e-16,-1.04396298114493e-15,-3.06409284546585e-09,-2.58956041902906e-08,-4.97058467512659e-08,9.22563531385395e-07,5.28302876867735e-07,3.30767739773319e-09,-3.40056847104092e-14,1.97416382058687e-14,-6.26086594404932e-07,-0.849137831481007,-1.11709501191019e-07,-1.63582803068812e-08,-6.34767679662188e-16,-6.10593692433575e-05,6.78734558825064e-08,4.08338794088747e-11,7.18218286873896e-11,8.76431386267176e-13,-2.92334808493631e-10,-0.00474293135480301,4.03768347409155e-06,1.16764501459424e-10,1.36075915215608e-11,-3.81183300190948e-07,-5.0613463641143e-11,4.66748367742225e-10,-1.20788044390201e-16,-2.3171610960871e-08,5.94847364051839e-16,1.14148220315651e-11,4.85802544458469e-17,2.76490869241399e-11,3.67960892292301e-12,7.09258258787377e-16,1.46995380323879e-17,4.97011546975504e-05,-6.39581512172606e-10,-4.20329099868495e-12,7.57448693930758e-10,1.85821547417514e-15,-5.96409686385835e-12,-3.66901991349446e-10,1.95181375873866e-10,-2.38848833762599e-16,-1.11095244162633e-07,-4.38935537976156e-12,-0.000164335018729405,4.28952524097713e-10,7.43526524333455e-09,2.15330173636658e-16,-6.47772665877106e-16,4.63760030324112e-16,-1.56782848050057e-15,2.38814349401102e-10,-9.73212826125057e-10,1.63570112324999e-09,1.45649553268846e-15,-0.063352738669571,2.54494713884575e-10,-5.50921054996004e-10,7.39160573959922e-16,-3.27198742837213e-16,1.2421623444443e-10,-8.48763906112195e-13,2.380508608939e-16,-2.87431190142205e-05,-1.30110113124493e-16,3.44010799635401e-16,7.10179737214196e-16,7.69965726221174e-16,7.32292473241132e-16
"t111",-0.0984372049682892,0.0875643557734981,-0.0107726422483965,-0.0526020420709387,0.00113471684415794,-0.0374403509759247,-0.000358044550681618,3.03673724277787e-05,-0.159700143887316,-0.00508791542485467,0.0152599531085657,0.00070295118252159,0.000103596234512603,-0.0938384918495397,-0.0136588763852935,-5.17073858485345e-05,-0.00127231621202995,0.134409239106965,3.080779622406e-05,-0.000562746422043139,1.0012054407089e-05,-8.03919650206006e-07,5.59080994775295e-07,2.66936032065936e-05,-0.00431973207851509,-0.0399405218016913,-0.209991415478461,0.0459154865200177,2.06112429750256e-05,0.0145936998392847,0.00841827069184795,1.70500603655556e-06,-3.17528751064511e-06,-1.55570413907646e-06,-1.08145296433162e-07,7.35786275709378e-08,0.000515462169282381,-4.40996282095308e-05,-2.27276163321521e-05,0.000328951942742169,0.00189997980600295,-0.000754732221148126,0.00290482225233056,-9.61370919230391e-06,-1.37000857127285e-05,-0.00433321308653642,-1.10184478750504e-11,4.27759087675905e-05,0.00812160757616424,-0.00574992860500356,0.0108292000865749,0.775161812350802,0.00014796860412006,-0.00320942991763286,-0.030518401295821,-0.00187659230648828,-1.02241654457475e-06,-9.39627684366348e-07,-3.43926422072301e-08,0.000187574233847037,0.0107264619031026,0.0293531791561904,0.00481031787451164,-3.26713394982086e-06,0.00314845699018743,3.66275823477758e-08,-0.000800350234894499,2.88559451836613e-07,0.000132271989062085,6.98689914664732e-07,0.00150161862231297,3.86303855874802e-06,-0.00054289574367933,-2.61047342830469e-08,-3.42785774288941e-07,-4.0261697089799e-10,4.95938952112292e-05,-0.00578599993250694,7.83387585769302e-09,3.08824218167033e-12,1.39687058420722e-07,4.26894785276216e-06,-0.000292668048085532,-1.24429302295491e-07,-5.9139238746817e-06,-1.02238186088304e-17,4.20819530516669e-05,7.60216845102851e-08,2.35720042094104e-08,-4.7903826413175e-07,-7.67878292054825e-06,-2.51724472193761e-05,0.000359170687121726,7.51574340495519e-07,2.51932659840767e-06,0.00545948982798993,3.50779401813964e-05,1.97716202622746e-07,6.72366880076818e-09,-4.57608248774087e-07,-8.64111134239323e-11,1.02300875996267e-08,5.70969867786976e-05,0.00173265044909732,0.00234011218831382,1.94575613392814e-06,6.12368607564802e-17,-2.4252073524365e-16,-1.24868062387343e-09,-1.00457500944288e-08,-1.71386714891444e-08,3.08013576901189e-07,1.60344569567923e-07,8.76538359385783e-10,-5.33758511337124e-15,-8.53050774645897e-17,-5.13981627220047e-08,-0.00766625997619161,2.67055186816075e-09,1.86067221336242e-09,-1.18687445559088e-16,1.71830896588397e-05,-2.10922451805309e-08,-1.68165015879352e-11,-4.04590954542271e-11,-3.42126969763242e-12,-5.52891620730765e-10,-0.00551405837307983,-2.07315314751045e-06,-6.43483853812159e-11,-8.32926792545291e-12,2.48244392835465e-07,3.98724728108576e-11,-4.07153902251062e-10,7.58149283208238e-18,2.2569838243846e-08,-1.40405760160194e-17,-1.35054885751812e-11,-1.12749028819996e-16,-4.18850241837429e-11,-7.08084350200639e-12,-9.16440652394868e-16,5.15855891451544e-18,-0.000107230456045123,1.38193790496652e-09,8.81647250149592e-11,4.15229808338221e-09,-5.51845198272808e-17,6.04661500565617e-12,7.44512187655704e-10,-4.80007460390796e-10,-1.26959169562095e-16,2.95569468699914e-07,1.1875385476464e-11,0.000449592782773228,-1.21921100777082e-09,-2.16263081556888e-08,-3.59730658649653e-16,7.12702149152803e-17,-1.1458612376731e-18,4.44688700076685e-16,-8.8535519145419e-10,3.60985552058069e-09,-4.89551894846492e-09,2.52928978283972e-16,0.0108780575297312,1.18999869372212e-09,-7.48575356792276e-09,9.21087174205729e-17,1.19356650417977e-15,4.48587099229792e-09,-2.09407769908863e-10,-4.29743422143423e-17,0.00115116188676009,-9.7925725461514e-16,1.47372503965742e-15,-1.10344466922834e-16,8.56173149483235e-17,-4.56860469540969e-16
"t187",-0.0993774825094484,0.088748127747652,-0.011067174986948,-0.0540765053639419,0.00119531792274991,-0.0400604476533459,-0.000389317614053075,3.34647710134749e-05,-0.17830335750976,-0.00589878742460643,0.0179275261226678,0.000847507476048105,0.000125326758918918,-0.117604884596911,-0.0176763785180282,-6.89346244532832e-05,-0.00171696762161271,0.182237644644378,4.63081881699731e-05,-0.000857259547946942,1.55963416331265e-05,-1.31382514402145e-06,9.97778543190336e-07,4.99694159451935e-05,-0.00837668259518953,-0.0870379434925687,-0.545595994635213,0.129057369982369,7.73443408455876e-05,0.0688220782764182,0.0417905185801585,1.03248214613159e-05,-3.49077088979552e-05,-2.50298762607917e-05,-3.46062893018111e-05,-3.08462359228247e-07,-0.00196975770558038,0.000101267914442423,4.85246248305247e-05,-0.000642641129869254,-0.00203427369885323,0.000774512062357007,-0.00292523740735205,9.61740789729081e-06,1.13601378467847e-05,0.00286500932858134,6.99467371953016e-12,-1.9186507116246e-05,-0.00349503719422988,0.00228505093698181,-0.00369792708909912,-0.247276970636884,-2.26358689828142e-05,0.000323468476817238,0.00273965991709365,7.97460452067497e-05,-2.80534070544704e-09,-4.34221612294143e-08,-1.72737060676461e-09,1.21190438599853e-05,0.000791484472837121,0.00221771124449742,0.000751512712843626,-5.35625218133268e-07,0.000580173991476573,7.36105314247118e-09,-0.000211975033251269,8.59508060592427e-08,4.20544945800539e-05,2.27064660996296e-07,0.000492413932631984,1.27471345941387e-06,-0.000180806416812462,-9.24031601405966e-09,-1.24527150293711e-07,-1.53259586764509e-10,1.97570403384571e-05,-0.00232512967779087,3.1695296151153e-09,1.26594552781752e-12,5.90792143440418e-08,1.82440123216193e-06,-0.000125497048186881,-5.44359610406426e-08,-2.59294181392844e-06,1.56309635084943e-16,1.86230519612333e-05,3.46307545837304e-08,1.0759414917794e-08,-2.47809672620736e-07,-3.98962595042963e-06,-1.31121620650161e-05,0.000192127158156911,4.31549514474238e-07,1.45960530389974e-06,0.0031888420456775,2.05040760540708e-05,1.15709731456922e-07,3.95225995443082e-09,-2.7243158607596e-07,-5.24631682744949e-11,6.39154070088606e-09,3.79319713136987e-05,0.0011528964347748,0.0015572207358006,1.30589589962402e-06,1.17615373725726e-16,6.88621286941872e-17,-8.81593632860693e-10,-7.150568978748e-09,-1.2421381033317e-08,2.24262851001661e-07,1.1824920140142e-07,6.57057121947776e-10,-4.18905528322806e-15,3.27193759059777e-16,-4.16965272825526e-08,-0.00642326402725589,2.27064187935607e-09,1.64725934959256e-09,1.31515386151497e-17,1.64125227357745e-05,-2.04125190787377e-08,-1.69975694222724e-11,-4.30683416067011e-11,-3.82648201966237e-12,-6.20739747153452e-10,-0.00619644495591762,-2.42945978579463e-06,-7.61346205634921e-11,-1.0054367155585e-11,3.04392711980944e-07,5.2281647193357e-11,-5.60105081750601e-10,-2.27473538162775e-16,3.30371767259357e-08,-1.11185090670721e-16,-2.27250000141883e-11,-5.81052393267268e-17,-9.02237391589697e-11,-2.10890270040631e-11,-3.57677245753854e-16,-5.82045337703634e-16,-0.000380140004366383,4.9101922082698e-09,1.11574014907125e-09,7.92098349358231e-08,-4.26415343686318e-16,-9.85518034626707e-11,-2.64640879471694e-09,1.00996223931203e-09,5.61726050400697e-16,-5.02278567014951e-07,-1.92973039532953e-11,-0.000708499159995242,1.73320727040221e-09,2.88858092867966e-08,0.670040971992953,1.38445588622972e-15,-4.76460093655318e-16,1.32016461432916e-15,5.17876086055057e-10,-1.92898633160388e-09,1.89338350215688e-09,1.22086484702711e-15,-0.00330146282535523,-3.14388318810406e-10,1.78406645650679e-09,4.97166649061158e-16,8.15990464730281e-16,-9.76539526402295e-10,4.1569176781599e-11,4.97392020552433e-16,-0.000140747986574755,2.73213095040114e-16,1.71677705283379e-15,-1.42436851228405e-16,-1.29488396072801e-16,-6.28195359069741e-19
"t191",-0.099381004989832,0.0887525520840336,-0.0110682670510375,-0.0540819702117749,0.00119553939161393,-0.0400699388024656,-0.000389429890403494,3.34758101841515e-05,-0.17836919446088,-0.00590160097380655,0.0179367198490707,0.000847999292625558,0.00012540056801404,-0.117684251700262,-0.0176895975219683,-6.89905621788059e-05,-0.00171840380545767,0.182391813344222,4.63561065610736e-05,-0.000858165420498351,1.56133762491204e-05,-1.31535424866384e-06,9.99056517193e-07,5.00362426001931e-05,-0.00838821181975652,-0.0871676946176331,-0.546484616611597,0.129274161905156,7.74855955183637e-05,0.0689534357370498,0.0418709290019838,1.03452206881445e-05,-3.49801457666755e-05,-2.50827296178507e-05,-3.46818372405771e-05,-3.09213451194647e-07,-0.00197459567128754,0.000101531344864163,4.86520670922558e-05,-0.000644349489624871,-0.00204020507638849,0.000776786205892278,-0.00293385347674684,9.64576640009031e-06,1.13947024873199e-05,0.00287406249214201,7.01692422943091e-12,-1.92510156004081e-05,-0.00350686203906271,0.00229287384116886,-0.00371086258554018,-0.248149973407529,-2.27224870581931e-05,0.000324744991718659,0.00275054647947164,8.00730392344659e-05,-2.81722915487333e-09,-4.36126609010072e-08,-1.73497431956289e-09,1.21730486897462e-05,0.000795039861799437,0.00222768885202988,0.000755166614587105,-5.38250654931788e-07,0.000583080935243068,7.39863168864876e-09,-0.000213143941385218,8.64457189754474e-08,4.23033661952332e-05,2.28421600777321e-07,0.000495368694478624,1.28238451684203e-06,-0.000181899182332321,-9.29785416798856e-09,-1.25313088068641e-07,-1.54251824306639e-10,1.98883640599378e-05,-0.00234066527010745,3.1907942232452e-09,1.27450465344799e-12,5.94866831752874e-08,1.83706859444604e-06,-0.000126370309581278,-5.48197641930965e-08,-2.61125014717372e-06,1.58911720298908e-16,1.87553656270561e-05,3.48817007607632e-08,1.0837489141963e-08,-2.49780222973836e-07,-4.02145708081739e-06,-1.32169826111677e-05,0.000193694996885929,4.35274483460278e-07,1.47229504769716e-06,0.00321674759679851,2.06836154169024e-05,1.1672389836883e-07,3.98702362380453e-09,-2.74852596468121e-07,-5.29368518668452e-11,6.45060365853574e-09,3.83003153845937e-05,0.0011641060495667,0.00157236255349961,1.31868120556992e-06,1.1588065024975e-16,7.14642139081524e-17,-8.90579647050387e-10,-7.22392314870846e-09,-1.25506166295e-08,2.26604498828692e-07,1.19496202141691e-07,6.6407361350221e-10,-4.23564647891762e-15,3.41554039084729e-16,-4.21688456267105e-08,-0.00649772858556906,2.29723885918295e-09,1.66709834809212e-09,1.74883473050917e-17,1.66202406599514e-05,-2.06729915487194e-08,-1.72202740894801e-11,-4.36498243852955e-11,-3.87956976219769e-12,-6.29368461216161e-10,-0.00628262221117028,-2.46399107149354e-06,-7.7222005953556e-11,-1.01994056506879e-11,3.08817254472298e-07,5.30656173044083e-11,-5.68680895420909e-10,-2.36147155542659e-16,3.35559864017115e-08,-1.16389261098651e-16,-2.31004071848157e-11,-6.15746862786804e-17,-9.18254214874035e-11,-2.14899025174031e-11,-3.48163961901868e-16,-6.0025993420139e-16,-0.0003875692820787,5.00618610512902e-09,1.13985143495578e-09,8.09433649740901e-08,-4.41160493232121e-16,-1.00825626953277e-10,-2.71364405287655e-09,1.03773404239842e-09,5.79073285160465e-16,-5.16709163114964e-07,-1.98574027956013e-11,-0.000729211785932901,1.78518570324481e-09,2.97664540872435e-08,0.691834306036287,1.43302814355707e-15,-4.92939966677098e-16,1.37442422731271e-15,5.39223591931971e-10,-2.01202985505056e-09,1.99026510559101e-09,1.2433080257281e-15,-0.00349716977132955,-3.34792707058869e-10,1.90827644428808e-09,5.16248607296902e-16,8.74108781496213e-16,-1.04899668299639e-09,4.48660378296512e-11,5.13004531836224e-16,-0.000157016109100946,2.73213095040114e-16,1.7155294557054e-15,-1.49375745132312e-16,-1.34692566500731e-16,-1.49555709705814e-18
"t97",-0.0991960072453577,0.0885220299973401,-0.0110128822637624,-0.0538051793950892,0.00118480837386516,-0.0396204548313514,-0.000384196205839827,3.29634901757503e-05,-0.175294646863227,-0.00575547559432583,0.0174194736912764,0.000812824032769954,0.000119902920570007,-0.107382757334144,-0.0140428967114366,-2.236649605731e-05,0.000979028181310792,-0.304760472268483,8.95712879351674e-05,-0.00170601039153538,3.33043027602164e-05,-3.65540007533267e-06,3.34927031546809e-05,-0.000206120644709704,0.0165766300748594,0.0415491855288297,0.0198783350116667,0.00538735172527743,1.31630406533291e-05,0.0143219428114412,0.00892304421904409,2.35923342109481e-06,-8.61138082466411e-06,-6.27262241900261e-06,-8.8201398054671e-06,-7.52053777933258e-08,-0.000475618048961664,2.23561122618355e-05,1.05033374161914e-05,-0.000135373651316485,-0.000312042127612206,0.000114718570259641,-0.000426269814174786,1.39331051393657e-06,1.35642642128489e-06,0.000245942272003634,5.56872065785123e-13,-5.5865995850602e-07,-8.36080769773439e-05,3.4023345771879e-05,-9.07132499423702e-06,9.61758275000087e-05,-4.8555483991276e-06,0.000248489896249869,0.0028007601973911,0.000357368393994321,4.25587315965853e-07,1.16067959273466e-06,4.92463518220147e-08,-0.000555511268098789,-0.0794328954484916,-0.298611047719254,0.00465630017417573,-2.96800645000933e-06,0.00250565662858539,2.68685183672346e-08,-0.0004878646392275,1.67338055549397e-07,7.51344374352306e-05,3.94584782460125e-07,0.000846174637839986,2.17366379218385e-06,-0.00030484417237435,-1.45016999007871e-08,-1.8987890078057e-07,-2.22539257306553e-10,2.74766632214399e-05,-0.00320900239007833,4.34899937308786e-09,-0.326065277828299,7.83364027174784e-08,2.40236991964793e-06,-0.000164902530983804,-7.0706830886545e-08,-3.36414899293513e-06,-2.14827050275025e-15,2.40537471359148e-05,4.42729542786618e-08,1.37486732864071e-08,-3.47309402576869e-07,-5.65469037299899e-06,-1.87160854339184e-05,0.000302957649388084,1.89263351657242e-06,1.08458386075401e-05,0.0874714038967537,0.000768047015997583,1.07410703079876e-05,-7.81226234247876e-08,1.05504502079842e-06,7.5317478899952e-11,-3.58880412226285e-09,-2.88181328238231e-06,-8.12683062683978e-05,-0.000109352140892467,-5.68915411391598e-08,5.26142752318264e-16,1.78149707680726e-16,-4.20270308567882e-11,-3.9609774988881e-10,-8.4631697329606e-10,1.58240241433237e-08,8.96852329961111e-09,5.24811666769171e-11,-7.31319401717467e-16,5.08235356962057e-16,-2.88972768238659e-09,-0.000101812775816559,1.725616160125e-10,7.15103166004925e-11,8.34078393922104e-17,2.22417675692561e-08,1.23424873555729e-10,5.19546373817186e-13,2.50067223341767e-12,2.01733241691184e-13,2.01494452568918e-11,0.000144992610431222,3.32304499708742e-07,1.06318363030684e-11,1.49015165754857e-12,-4.74922220053592e-08,-1.00329212425047e-11,1.22017311541194e-10,5.6153750159433e-17,-8.28279845159821e-09,1.83717900245337e-16,7.27433720156983e-12,8.3274723965383e-17,3.84590856536284e-11,1.12865630520254e-11,-1.07245208720009e-15,1.50007969158579e-16,0.000221108288975502,-2.85874088059159e-09,-8.49466164582015e-10,-6.22013972482763e-08,2.98169304955827e-17,8.7558332520238e-11,2.88739860587936e-09,-1.28493917802448e-09,-3.42064880583219e-16,6.92563103596229e-07,2.70994696225788e-11,0.00100777450443086,-2.57832979620416e-09,-4.42101996618605e-08,-3.06961649786775e-16,1.2591400440855e-16,1.33295208150529e-16,4.80868654114453e-16,-1.2678405140699e-09,5.01921042419493e-09,-6.16577560180006e-09,3.23860126416589e-16,0.00357992939659343,1.48321219624524e-09,-9.0098508086965e-09,3.05260340233962e-17,-3.84799994999563e-16,5.29280684030021e-09,-2.43096563850863e-10,-2.49406435855582e-16,0.00126177862726974,-3.74706123237223e-16,2.12243630409988e-16,-1.15548637350764e-16,1.22913869681825e-16,6.5162783160821e-16
"t137",-0.0997234798843315,0.0891866915028344,-0.011178779355401,-0.0546358107223305,0.00121915005368143,-0.0411109541587352,-0.000402056732230589,3.47380597305386e-05,-0.185983649930874,-0.00622413551150106,0.0189619130556346,0.000896053206629553,0.000132397871994752,-0.120575679512105,-0.0160028463141211,-2.58298418598185e-05,0.00113669067991346,-0.354566032944553,0.000108776960299928,-0.00208275146531047,4.10126626545654e-05,-4.58321467181621e-06,4.33166472425764e-05,-0.000270816982710751,0.0220249047125541,0.0571409943216683,0.0285998047639959,0.00789032662265409,2.03656713184065e-05,0.0229157352126062,0.0143712346461492,3.88610662016685e-06,-1.48536121423687e-05,-1.10155853548607e-05,-1.60716589599138e-05,-1.59655448918681e-07,-0.00102476025767604,5.38900507281476e-05,2.58688903745362e-05,-0.000343078498591518,-0.00105456436801441,0.000399055057148221,-0.00150270228719713,4.93514007361374e-06,5.59811726659151e-06,0.00129846944525529,3.1050766684306e-12,-6.24469952635976e-06,-0.00106778345968,0.000600259973580998,-0.000600243689128461,-0.0266780024272341,2.48726343837304e-05,-0.000870796750803344,-0.0091177669934543,-0.000861184926985731,-7.79326866817749e-07,-1.6360360893408e-06,-6.77441827209204e-08,0.000699843045174989,0.0945536067525636,0.351577208484563,-0.00319912477513275,1.92560061955777e-06,-0.00138708720133127,-1.29228321077868e-08,0.000117680245399729,-2.27863362154608e-08,-5.79587754727331e-06,-2.25611507697369e-08,-4.14345298093761e-05,-9.40255502051178e-08,1.0607475260244e-05,-3.10326125016133e-10,-8.65698650007566e-09,-1.99553189666692e-11,3.66692867101091e-06,-0.000455512859619931,6.46333879433359e-10,3.30648144021677e-11,1.51186384648685e-08,4.89272636508827e-07,-3.41558526115521e-05,-1.6126031482115e-08,-7.75076134232663e-07,-3.80587280729879e-16,5.78016117763805e-06,1.20408335527394e-08,3.76996304288259e-09,-1.51662457648108e-07,-2.5081386177682e-06,-8.37801044626192e-06,0.000149375911156255,1.24019743045003e-06,7.40563421888793e-06,0.0620959009185726,0.000547239577403912,7.69848633538122e-06,-5.72394649618788e-08,8.26562224018747e-07,6.62364339561592e-11,-3.88991915447693e-09,-7.96425606504702e-06,-0.000236131675525258,-0.000318550772252221,-2.33708243210751e-07,-2.38870300587508e-16,-2.91497476985025e-17,6.79746010784644e-11,4.71964309844633e-10,5.56897224318961e-10,-8.99032523404853e-09,-3.31665274885387e-09,-9.77879526600603e-12,-3.43159932115096e-16,6.57293245220664e-16,-9.97951536929475e-10,-5.58390143459941e-05,1.13713096205302e-10,7.98216664727179e-11,6.08564342045119e-17,8.584062138152e-07,-1.06899691969446e-09,-8.73507267373836e-13,-2.04595819983765e-12,-1.0491209243376e-13,-1.01656489280488e-11,-7.26163436639415e-05,-1.2196794034831e-07,-3.65120025596903e-12,-4.46889147984463e-13,1.2838970127512e-08,1.75348914684256e-12,-1.54156354260253e-11,-4.09907644952682e-17,6.50022121916863e-10,9.0042832542589e-17,-4.57665229919873e-14,-3.98906428289703e-17,2.48656728678378e-12,1.27344598041983e-12,-1.4407644602482e-15,2.16384319362951e-17,2.85024697736004e-05,-3.69027214457109e-10,-1.49441678287767e-10,-1.1250755991887e-08,1.50606660855185e-15,1.74918035525553e-11,6.5928879030611e-10,-3.18024844702069e-10,7.77382006031682e-17,1.7787425336236e-07,7.01589332750755e-12,0.00026234246076317,-6.83820859756802e-10,-1.18596043850795e-08,1.3086451278953e-16,2.87694897538486e-17,1.33295208150529e-16,4.14782213064327e-16,-3.94240704165886e-10,1.58391179529949e-09,-2.04270652814183e-09,4.82852110536926e-17,0.00122441980342249,5.15663779859001e-10,-3.16795871969712e-09,6.69552270189092e-17,-2.69112285376751e-16,1.87841330850254e-09,-8.70471794989319e-11,2.66673798247518e-16,0.00046935776278291,4.79645188681354e-16,2.15589582244126e-15,-1.45906298180358e-16,-3.32112431560878e-17,-1.4721232907911e-16
"t140",-0.099739748820121,0.0892071732890766,-0.0111838757963456,-0.0546613242650637,0.00122019918980437,-0.0411563351240999,-0.00040259867363172,3.47917555152461e-05,-0.186306218871039,-0.00623817331300861,0.0190079968333425,0.000898527850963719,0.000132769150816189,-0.120965230083012,-0.016060401595891,-2.59310504497943e-05,0.0011412890768493,-0.356017587759717,0.000109328266371601,-0.00209354629489534,4.12328761694643e-05,-4.6095595399652e-06,4.35927497527282e-05,-0.000272626046006148,0.0221767093136543,0.057570795006258,0.0288370009417999,0.00795804988007706,2.05575993981233e-05,0.0231426967609992,0.0145148754133547,3.92613095988088e-06,-1.50153856817994e-05,-1.11379768000685e-05,-1.62571846140865e-05,-1.6174763718333e-07,-0.00103832612018335,5.46534585943963e-05,2.62395365519121e-05,-0.000348065389192672,-0.00107169338736063,0.00040559217900487,-0.00152741255061976,5.01640142595702e-06,5.69389123011703e-06,0.00132174146650946,3.16119503498086e-12,-6.36560395163677e-06,-0.00108862022925228,0.000612148741737496,-0.00061245998320336,-0.027227350800533,2.54406266702125e-05,-0.000891498547240369,-0.00933650246783034,-0.000882719812391247,-7.9969119475871e-07,-1.68083445154119e-06,-6.96076556316218e-08,0.000719418498294126,0.0972275554236107,0.361540974714303,-0.00330013174670816,1.98710015282927e-06,-0.0014327964178409,-1.33602893552964e-08,0.000122142066038584,-2.37087245426372e-08,-6.04060574670011e-06,-2.35284118239752e-08,-4.32223766570502e-05,-9.81009787414276e-08,1.10703637486906e-05,-3.24524167063741e-10,-9.06173178250417e-09,-2.09277533392784e-11,3.85356802031916e-06,-0.000478899879844684,6.79746971171236e-10,3.47973935078464e-11,1.59376556193121e-08,5.16083650008433e-07,-3.60345310227303e-05,-1.70334186024174e-08,-8.18799209781671e-07,-3.86658812895798e-16,6.10977855416109e-06,1.27517306231167e-08,3.99309045179298e-09,-1.62289366210437e-07,-2.6850141676102e-06,-8.97107065876744e-06,0.000160382277223314,1.34256414162717e-06,8.02616468201253e-06,0.0673711802958087,0.000593788942478198,8.35467785465901e-06,-6.21552114956662e-08,8.99123396394942e-07,7.22549772587808e-11,-4.26207810396788e-09,-8.81950124587374e-06,-0.000261566589446237,-0.000352868686427347,-2.59307501167228e-07,-2.31931406683601e-16,-3.52212798644213e-17,7.62125782191881e-11,5.30125344860513e-10,6.28135391593851e-10,-1.01514540105098e-08,-3.75669647782114e-09,-1.11221048441617e-11,-3.57875954391339e-16,6.6254155301923e-16,-1.16123596457505e-09,-6.56843006831736e-05,1.34469404335889e-10,9.58861790401331e-11,6.25911576804887e-17,1.0680812592443e-06,-1.33940467144015e-09,-1.12251814873293e-12,-2.72412058719517e-12,-1.45480335642953e-13,-1.41465999135759e-11,-0.000101139344465654,-1.77187047277632e-07,-5.36141208923028e-12,-6.72151664957431e-13,1.97070279140113e-08,2.99681923850289e-12,-2.92943530456229e-11,-4.44602114472218e-17,1.51087333167762e-09,8.1369215162705e-17,-6.98297503630209e-13,-4.24927280429355e-17,-4.56833444697252e-13,5.04234029340458e-13,-1.45502887245651e-15,2.25057936742835e-17,1.40266811261675e-05,-1.81952598242409e-10,-1.00192438185022e-10,-7.69160332658973e-09,1.54249580154736e-15,1.27294793370205e-11,5.14066222827768e-10,-2.56768927696615e-10,8.29423710310987e-17,1.45717046756484e-07,5.76491570740338e-12,0.000216009505435915,-5.66921856692444e-10,-9.87244431022534e-09,1.36507275473163e-16,2.87694897538486e-17,1.4370354900639e-16,4.21969740373376e-16,-3.43876973472652e-10,1.38720874735232e-09,-1.81201544038153e-09,4.31488268190724e-17,0.00109467188625069,4.62803106121475e-10,-2.85061000988641e-09,7.04246739708629e-17,-2.68335990417346e-16,1.69381094385797e-09,-7.86486901296995e-11,2.77082139103379e-16,0.00042754854073707,4.94390338227157e-16,2.17916918071157e-15,-1.54579915560242e-16,-3.1476519680111e-17,-1.5241649950704e-16
"t74",-0.0923069758297816,0.0797332174223741,-0.00871728281379619,-0.0422839338922174,0.000658346481766334,-0.0145328727033628,-1.39916595544816e-05,9.18982755903206e-05,-0.0457995749630531,0.00273440785162746,-0.0127473920698394,-0.00107821041893847,-0.000169932962041371,0.283446939245932,0.0663610811150694,0.00033661698155333,0.00569292704217198,0.0121314524126992,0.00210209093232631,-0.0291350775423895,0.000401925195391888,-2.84822213214801e-05,0.000167444301064467,-0.000869893005324346,0.062642785502707,0.113137856478005,-0.0295283677138622,-0.0476764853862864,-9.48421174333789e-08,0.00168565526739828,0.000802409135544369,2.39911697599101e-06,-9.24765311066859e-05,-0.000188578878967008,0.000941565036469992,2.61665544838106e-05,0.614544682911588,0.00185540107355917,0.000756329598150277,-0.0084273670634127,-0.0117208411470038,0.00425542143750539,-0.0157379458407202,5.13627306356314e-05,4.92115273460164e-05,0.00944332682142124,3.12318520646629e-12,-3.11301135150213e-05,-0.00227998703615365,0.00254468004585263,-0.00139008837032006,-0.0061247183611753,0.000114344340366961,-0.00249722625234742,-0.0176032984171374,-0.00379573433616195,-2.10486606845502e-06,-2.12056353690757e-06,-7.75040754257036e-08,0.000379265771945147,0.00922508212362034,0.00189409374435202,0.0448339297875026,-3.93738039381575e-05,0.370608746299421,-5.48531466302338e-07,0.00065763413419704,-2.16358572432968e-07,-2.94505691736885e-05,-2.29296843928031e-07,-0.000445992905222857,-1.08981821473998e-06,0.000657090117012373,2.72875016009757e-10,-2.2103576731981e-08,-7.4515873825476e-11,1.15571414204579e-05,-0.00175964243688609,2.48816841501531e-09,-3.13015049449755e-14,5.56874158309822e-08,1.77581355776418e-06,-0.000123342656873832,-5.63302271596051e-08,-2.69675362457622e-06,2.53380126486941e-17,1.97637974388623e-05,3.87124334813799e-08,1.2064189431921e-08,-3.03310278799316e-07,-4.88282369478011e-06,-8.03855525385779e-06,0.000233841464529684,4.61776939086188e-07,1.36508137708898e-06,0.000266584785319637,-6.99216736185044e-06,-3.104899815752e-07,8.19916782321039e-09,-3.79214424772322e-07,-6.66811839282058e-11,7.6982143538454e-09,4.20413093484979e-05,0.00127505741462214,0.00172204006914032,1.42734174197193e-06,4.21549025207352e-17,-4.47622589822937e-17,-8.94291343798952e-10,-7.15936796806294e-09,-1.20666163590823e-08,2.16121535851849e-07,1.11361443405982e-07,5.99768913916195e-10,-1.69308491260535e-15,-2.53211170444947e-16,-3.03497168468664e-08,-7.57213903637824e-05,2.29826361585136e-09,1.18916548119855e-09,-5.97068473758762e-17,9.14260238773964e-06,-1.08636073965376e-08,-7.66824651778913e-12,-1.50641107280257e-11,-5.16506462131825e-13,-2.6809113312507e-11,-3.14819335731399e-05,-6.68130182457521e-07,-1.89793730148129e-11,-2.07195381415087e-12,5.37564664734117e-08,3.46034602490128e-12,3.41881940306107e-12,6.65620910152938e-17,-3.14022212848433e-09,1.10859514254311e-16,6.38396175458738e-12,2.86309344721136e-17,5.23563856311007e-11,2.24954302197922e-11,-1.91455880286748e-17,-2.64769672738018e-18,0.00393937199863085,-7.50399396816135e-08,-1.33601437949391e-09,-1.00163016355142e-07,2.54079757919099e-16,1.51237821285638e-10,5.36877101854466e-09,-2.46289689723895e-09,-4.02229957632545e-17,1.29465597534357e-06,4.74855764876901e-11,0.00108879294935581,-5.47565269516343e-09,-9.24198717753886e-08,8.22550585475954e-16,-2.40112649022556e-16,4.13548639237587e-17,3.73812671371073e-16,-2.74674046968285e-09,1.0929384116656e-08,-1.36102597628677e-08,-1.39332947069759e-16,0.000660414434892615,3.40491217768112e-09,-2.06425095208553e-08,-6.14143102033745e-17,-3.99136580092597e-16,1.21394968295652e-08,-5.5858575417873e-10,5.50375341783474e-17,0.00292993064172361,2.71478371564138e-16,4.10019875265894e-16,1.54229850854847e-17,-1.22549502168894e-16,1.12996192317411e-16
"t46",-0.0917831110982414,0.0790959009256804,-0.00857868574328433,-0.0415952587954359,0.000638502375243197,-0.0139691210474146,-1.33263550561883e-05,8.6869264868895e-05,-0.0429764888103589,0.00251228841562586,-0.0116253965401279,-0.000969039527193731,-0.000152431016753742,0.249118425153174,0.0572110319598729,0.000284799199000795,0.00477801300650406,0.0101495709946574,0.0016189993552018,-0.0221410578408167,0.000298082344365051,-1.98261367385659e-05,9.69820026974498e-05,-0.000424026124324907,0.0250705474974087,-0.0109413686210444,0.0831435799274244,0.35115100479251,2.90136341777048e-05,-0.0189923785626047,-0.00695698931433482,-1.04375492850627e-05,0.000157623689511886,0.000242338004746487,-0.000727763082768513,-3.05858024078622e-06,-0.0573088420158158,3.27604974901558e-05,2.28834028814013e-05,-0.000373954466291508,-0.00121186986916632,0.000447978360028274,-0.00166853963988442,5.458315020855e-06,5.45176420723771e-06,0.00104260351331827,3.42953163514728e-13,-3.08557131398938e-06,-0.000222013770820598,0.000238774120126997,-0.000120334954078799,-0.000509331889199113,5.44347638979859e-06,-8.02383325214926e-05,-0.000503352939637464,-4.72955218505728e-05,8.42541146047375e-09,4.16793550975436e-08,1.62934658736883e-09,-9.7538901720219e-06,-0.000262855005435871,-5.49339684888744e-05,-0.00150657969364835,1.19652938103782e-06,-0.00581728192087942,-3.24198009192809e-09,0.00019685628224911,-2.10602887757572e-07,-7.73624264609102e-05,-1.09265139865235e-06,-0.00316193221670076,-1.18705566086435e-05,0.0527307702249032,1.03450262800803e-08,1.90348269255163e-07,2.97271495728507e-10,-3.55253553794694e-05,0.00524406902573702,-7.25843967504014e-09,8.63096201505647e-14,-1.47944913069899e-07,-4.6566867306791e-06,0.00032226669115826,1.44775135741111e-07,6.92193879932268e-06,-8.13474811238795e-17,-5.05001604383147e-05,-9.84378077728337e-08,-3.06806585556315e-08,8.46690299267034e-07,1.37068213290453e-05,2.26408382358423e-05,-0.000683534356107129,-1.51869357098087e-06,-4.56473215071343e-06,-0.000905251201970022,2.37775301563836e-05,1.05828067493375e-06,-2.81841356457489e-08,1.33645091392783e-06,2.44527364586424e-10,-2.99929204010904e-08,-0.000188278950339641,-0.00573170647410857,-0.00774245175749566,-6.54950210646345e-06,-2.93514090080777e-16,-1.00677894627576e-17,4.65195620683592e-09,3.80288977341766e-08,6.71778914542707e-08,-1.21787058355768e-06,-6.49294485888557e-07,-3.65501272247352e-09,1.16446241197133e-14,-1.70844833267191e-16,2.31867416250235e-07,0.000638463805187704,-2.02946894689144e-08,-1.19825820795155e-08,-1.55984000292589e-16,-0.000120862809557067,1.51088584149818e-07,1.27464008694267e-10,3.17935437346949e-10,1.42388102979637e-11,7.5554212950483e-10,0.000892172825286175,2.49931805279233e-05,7.63250662938534e-10,9.82870337991962e-11,-2.95392366573056e-06,-5.10773120547632e-10,5.56422528747761e-09,-3.75213175433146e-17,-3.36547839143209e-07,2.06538935035167e-17,2.4529457353464e-10,8.93462561313018e-17,1.07107994773563e-09,2.92383333911993e-10,-1.09436381991991e-15,1.06639882259159e-16,0.0220190139970297,-3.99233551335563e-07,-1.54677014812589e-08,-1.1182702002317e-06,3.37278339981641e-16,1.49065212644824e-09,4.48056093889979e-08,-1.85346792813473e-08,-6.62438479029067e-17,9.28061533662351e-06,3.36815774308704e-10,0.00766649637938757,-3.76058921290546e-08,-6.25069583436914e-07,1.61557872353378e-16,-2.45553281373394e-18,-4.01771394471513e-17,6.78335660734925e-17,-1.51152142338836e-08,5.88748327140867e-08,-6.8266430418205e-08,-1.51950706975898e-16,0.00315875851347293,1.58892970924271e-08,-9.4699239916491e-08,3.57302044513267e-17,7.20767811038023e-16,5.49088066940853e-08,-2.49247668178383e-09,-3.34333630964698e-17,0.0123303639984248,2.60149997134196e-17,9.1779665260968e-16,-1.48508383394324e-16,-1.01732820457172e-16,6.3106985448375e-18
