"","t1","t2","t3","t4","t5","t6","t7","t8","t9","t10","t11","t12","t13","t14","t15","t16","t17","t18","t19","t20","t21","t22","t23","t24","t25","t26","t27","t28","t29","t30","t31","t32","t33","t34","t35","t36","t37","t38","t39","t40","t41","t42","t43","t44","t45","t46","t47","t48","t49","t50","t51","t52","t53","t54","t55","t56","t57","t58","t59","t60","t61","t62","t63","t64","t65","t66","t67","t68","t69","t70","t71","t72","t73","t74","t75","t76","t77","t78","t79","t80","t81","t82","t83","t84","t85","t86","t87","t88","t89","t90","t91","t92","t93","t94","t95","t96","t97","t98","t99","t100","t101","t102","t103","t104","t105","t106","t107","t108","t109","t110","t111","t112","t113","t114","t115","t116","t117","t118","t119","t120","t121","t122","t123","t124","t125","t126","t127","t128","t129","t130","t131","t132","t133","t134","t135","t136","t137","t138","t139","t140","t141","t142","t143","t144","t145","t146","t147","t148","t149","t150","t151","t152","t153","t154","t155","t156","t157","t158","t159","t160","t161","t162","t163","t164","t165","t166","t167","t168","t169","t170","t171"
"t1",0,0.673349848238746,5.03850566972149,5.77809190363223,7.04452252034628,7.72320485428064,7.20952173572196,7.19481343448629,8.19401637919156,8.79284761880083,11.7949373034141,10.8115845447553,10.7470792414834,11.0468431500258,10.6474222721389,10.9576762450033,14.0538428086041,12.1323892561353,11.0789674427759,11.4392596188997,12.3348157687263,11.6404994326563,11.514220974899,11.9724774251324,13.348763302368,13.5563637085382,12.2352047446549,12.4049221631448,13.8340748691687,13.7292735729948,12.7718128305318,15.1343159090243,15.1343159090243,13.0619429181446,14.52214408807,15.1343159090243,12.5080557602408,12.8950803865717,12.6454113875249,13.6156884864812,15.1343159090243,14.3479245907141,13.8323263578383,14.3666520986872,13.6608921919859,13.6624158033707,13.5876164965209,15.1343159090243,15.1343159090243,13.8945789532961,14.4950805743292,13.5603848922402,13.5390779846698,13.7219433122379,15.1343159090243,14.6463041451973,14.0954526812451,15.1343159090243,15.1343159090243,15.1343159090243,13.6533847432232,14.7239927847768,13.7914988692143,15.1343159090243,15.1343159090243,15.0182883943284,13.9288072709632,14.0042676134787,14.6592420230661,15.1343159090243,15.1343159090243,15.1343159090243,15.1343159090243,15.1343159090243,14.4595646323515,15.1343159090243,15.1343159090243,15.1343159090243,14.9344817527424,15.1343159090243,14.22221737168,14.9906936282987,14.2496763826534,15.1343159090243,15.1343159090243,15.1343159090243,15.1343159090243,15.1137155210311,15.1343159090243,14.7064240868192,15.1343159090243,15.1343159090243,14.5194057698145,15.1343159090243,15.0195890620338,15.1343159090243,15.1343159090243,15.1343159090243,15.1343159090243,15.1343159090243,15.1343159090243,15.1343159090243,15.1343159090243,15.1343159090243,15.0320641791995,15.1343159090243,14.668000746639,14.7233544308506,15.1343159090243,15.1343159090243,15.1343159090243,15.1343159090243,15.1343159090243,14.7742883237921,15.1343159090243,15.1343159090243,15.1343159090243,15.1343159090243,15.1343159090243,15.1343159090243,15.1343159090243,15.1343159090243,15.1343159090243,15.1343159090243,15.1343159090243,15.1343159090243,15.1343159090243,15.1343159090243,15.038961709626,15.1343159090243,15.1343159090243,15.1343159090243,15.1343159090243,15.1343159090243,15.1343159090243,15.1343159090243,15.1343159090243,15.1343159090243,15.1343159090243,15.1343159090243,15.1343159090243,15.1343159090243,15.1343159090243,15.1343159090243,15.1343159090243,15.1343159090243,15.1343159090243,15.1343159090243,15.1343159090243,15.1343159090243,15.1343159090243,15.1343159090243,15.1343159090243,15.1343159090243,15.1343159090243,15.1343159090243,15.1343159090243,15.1343159090243,15.1343159090243,15.1343159090243,15.1343159090243,15.1343159090243,15.1343159090243,15.1343159090243,15.1343159090243,15.1343159090243,15.1343159090243,15.1343159090243,15.1343159090243,15.1343159090243,15.1343159090243
"t2",0.673349848238746,0,5.45625116235634,6.19583739626708,7.46226801298114,8.1409503469155,7.62726722835682,7.61255892712115,8.61176187182641,9.21059311143568,12.212682796049,11.2293300373901,11.1648247341183,11.4645886426606,11.0651677647738,11.3754217376382,14.471588301239,12.5501347487701,11.4967129354108,11.8570051115346,12.7525612613612,12.0582449252911,11.9319664675339,12.3902229177673,13.7665087950029,13.974109201173,12.6529502372898,12.8226676557797,14.2518203618035,14.1470190656297,13.1895583231666,15.5520614016591,15.5520614016591,13.4796884107795,14.9398895807049,15.5520614016591,12.9258012528756,13.3128258792065,13.0631568801598,14.0334339791161,15.5520614016591,14.7656700833489,14.2500718504731,14.7843975913221,14.0786376846207,14.0801612960056,14.0053619891558,15.5520614016591,15.5520614016591,14.312324445931,14.9128260669641,13.9781303848751,13.9568234773046,14.1396888048727,15.5520614016591,15.0640496378322,14.5131981738799,15.5520614016591,15.5520614016591,15.5520614016591,14.0711302358581,15.1417382774117,14.2092443618491,15.5520614016591,15.5520614016591,15.4360338869632,14.346552763598,14.4220131061136,15.076987515701,15.5520614016591,15.5520614016591,15.5520614016591,15.5520614016591,15.5520614016591,14.8773101249863,15.5520614016591,15.5520614016591,15.5520614016591,15.3522272453772,15.5520614016591,14.6399628643149,15.4084391209336,14.6674218752883,15.5520614016591,15.5520614016591,15.5520614016591,15.5520614016591,15.5314610136659,15.5520614016591,15.124169579454,15.5520614016591,15.5520614016591,14.9371512624493,15.5520614016591,15.4373345546687,15.5520614016591,15.5520614016591,15.5520614016591,15.5520614016591,15.5520614016591,15.5520614016591,15.5520614016591,15.5520614016591,15.5520614016591,15.4498096718344,15.5520614016591,15.0857462392739,15.1410999234854,15.5520614016591,15.5520614016591,15.5520614016591,15.5520614016591,15.5520614016591,15.192033816427,15.5520614016591,15.5520614016591,15.5520614016591,15.5520614016591,15.5520614016591,15.5520614016591,15.5520614016591,15.5520614016591,15.5520614016591,15.5520614016591,15.5520614016591,15.5520614016591,15.5520614016591,15.5520614016591,15.4567072022609,15.5520614016591,15.5520614016591,15.5520614016591,15.5520614016591,15.5520614016591,15.5520614016591,15.5520614016591,15.5520614016591,15.5520614016591,15.5520614016591,15.5520614016591,15.5520614016591,15.5520614016591,15.5520614016591,15.5520614016591,15.5520614016591,15.5520614016591,15.5520614016591,15.5520614016591,15.5520614016591,15.5520614016591,15.5520614016591,15.5520614016591,15.5520614016591,15.5520614016591,15.5520614016591,15.5520614016591,15.5520614016591,15.5520614016591,15.5520614016591,15.5520614016591,15.5520614016591,15.5520614016591,15.5520614016591,15.5520614016591,15.5520614016591,15.5520614016591,15.5520614016591,15.5520614016591,15.5520614016591,15.5520614016591,15.5520614016591
"t3",5.03850566972149,5.45625116235634,0,4.68104979022343,5.94748040693748,6.62616274087184,6.11247962231316,6.09777132107749,7.09697426578276,7.69580550539203,10.6978951900053,9.71454243134647,9.65003712807463,9.94980103661696,9.55038015873014,9.86063413159452,12.9568006951953,11.0353471427265,9.98192532936713,10.3422175054909,11.2377736553175,10.5434573192475,10.4171788614902,10.8754353117236,12.2517211889592,12.4593215951294,11.1381626312461,11.307880049736,12.7370327557599,12.632231459586,11.674770717123,14.0372737956155,14.0372737956155,11.9649008047358,13.4251019746612,14.0372737956155,11.411013646832,11.7980382731629,11.5483692741161,12.5186463730724,14.0372737956155,13.2508824773053,12.7352842444295,13.2696099852784,12.5638500785771,12.5653736899619,12.4905743831121,14.0372737956155,14.0372737956155,12.7975368398873,13.3980384609204,12.4633427788314,12.442035871261,12.6249011988291,14.0372737956155,13.5492620317885,12.9984105678363,14.0372737956155,14.0372737956155,14.0372737956155,12.5563426298144,13.626950671368,12.6944567558055,14.0372737956155,14.0372737956155,13.9212462809196,12.8317651575544,12.9072255000699,13.5621999096573,14.0372737956155,14.0372737956155,14.0372737956155,14.0372737956155,14.0372737956155,13.3625225189427,14.0372737956155,14.0372737956155,14.0372737956155,13.8374396393336,14.0372737956155,13.1251752582712,13.8936515148899,13.1526342692446,14.0372737956155,14.0372737956155,14.0372737956155,14.0372737956155,14.0166734076223,14.0372737956155,13.6093819734104,14.0372737956155,14.0372737956155,13.4223636564057,14.0372737956155,13.922546948625,14.0372737956155,14.0372737956155,14.0372737956154,14.0372737956155,14.0372737956155,14.0372737956155,14.0372737956155,14.0372737956155,14.0372737956155,13.9350220657907,14.0372737956155,13.5709586332302,13.6263123174418,14.0372737956155,14.0372737956155,14.0372737956155,14.0372737956155,14.0372737956155,13.6772462103833,14.0372737956155,14.0372737956155,14.0372737956155,14.0372737956155,14.0372737956155,14.0372737956155,14.0372737956155,14.0372737956155,14.0372737956155,14.0372737956155,14.0372737956155,14.0372737956155,14.0372737956155,14.0372737956155,13.9419195962172,14.0372737956155,14.0372737956155,14.0372737956155,14.0372737956155,14.0372737956155,14.0372737956155,14.0372737956155,14.0372737956154,14.0372737956154,14.0372737956155,14.0372737956155,14.0372737956155,14.0372737956155,14.0372737956155,14.0372737956155,14.0372737956155,14.0372737956155,14.0372737956155,14.0372737956155,14.0372737956155,14.0372737956155,14.0372737956155,14.0372737956155,14.0372737956155,14.0372737956155,14.0372737956155,14.0372737956155,14.0372737956155,14.0372737956155,14.0372737956155,14.0372737956155,14.0372737956155,14.0372737956155,14.0372737956155,14.0372737956155,14.0372737956155,14.0372737956155,14.0372737956155,14.0372737956155,14.0372737956155,14.0372737956155,14.0372737956155
"t4",5.77809190363223,6.19583739626708,4.68104979022343,0,4.40258590764409,5.08126824157846,4.56758512301978,4.5528768217841,5.55207976648937,6.15091100609864,9.15300069071191,8.16964793205308,8.10514262878124,8.40490653732357,8.00548565943675,8.31573963230113,11.4119061959019,9.49045264343307,8.43703083007374,8.79732300619752,9.69287915602415,8.99856281995411,8.87228436219686,9.33054081243022,10.7068266896658,10.914427095836,9.59326813195276,9.76298555044265,11.1921382564665,11.0873369602926,10.1298762178296,12.4923792963221,12.4923792963221,10.4200063054424,11.8802074753679,12.4923792963221,9.8661191475386,10.2531437738695,10.0034747748227,10.973751873779,12.4923792963221,11.7059879780119,11.1903897451361,11.724715485985,11.0189555792837,11.0204791906685,10.9456798838188,12.4923792963221,12.4923792963221,11.252642340594,11.853143961627,10.918448279538,10.8971413719676,11.0800066995357,12.4923792963221,12.0043675324952,11.4535160685429,12.4923792963221,12.4923792963221,12.4923792963221,11.011448130521,12.0820561720746,11.1495622565121,12.4923792963221,12.4923792963221,12.3763517816262,11.286870658261,11.3623310007765,12.0173054103639,12.4923792963221,12.4923792963221,12.4923792963221,12.4923792963221,12.4923792963221,11.8176280196493,12.4923792963221,12.4923792963221,12.4923792963221,12.2925451400402,12.4923792963221,11.5802807589778,12.3487570155965,11.6077397699512,12.4923792963221,12.4923792963221,12.4923792963221,12.4923792963221,12.4717789083289,12.4923792963221,12.064487474117,12.4923792963221,12.4923792963221,11.8774691571123,12.4923792963221,12.3776524493316,12.4923792963221,12.4923792963221,12.4923792963221,12.4923792963221,12.4923792963221,12.4923792963221,12.4923792963221,12.4923792963221,12.4923792963221,12.3901275664973,12.4923792963221,12.0260641339369,12.0814178181484,12.4923792963221,12.4923792963221,12.4923792963221,12.4923792963221,12.4923792963221,12.13235171109,12.4923792963221,12.4923792963221,12.4923792963221,12.4923792963221,12.4923792963221,12.4923792963221,12.4923792963221,12.4923792963221,12.4923792963221,12.4923792963221,12.4923792963221,12.4923792963221,12.4923792963221,12.4923792963221,12.3970250969238,12.4923792963221,12.4923792963221,12.4923792963221,12.4923792963221,12.4923792963221,12.4923792963221,12.4923792963221,12.4923792963221,12.4923792963221,12.4923792963221,12.4923792963221,12.4923792963221,12.4923792963221,12.4923792963221,12.4923792963221,12.4923792963221,12.4923792963221,12.4923792963221,12.4923792963221,12.4923792963221,12.4923792963221,12.4923792963221,12.4923792963221,12.4923792963221,12.4923792963221,12.4923792963221,12.4923792963221,12.4923792963221,12.4923792963221,12.4923792963221,12.4923792963221,12.4923792963221,12.4923792963221,12.4923792963221,12.4923792963221,12.4923792963221,12.4923792963221,12.4923792963221,12.4923792963221,12.4923792963221,12.4923792963221,12.4923792963221
"t5",7.04452252034628,7.46226801298114,5.94748040693748,4.40258590764409,0,1.25801657338641,0.744333454827734,0.72962515359206,1.8683537439329,2.3276593379066,5.32974902251987,4.34639626386104,4.28189096058919,4.58165486913153,4.18223399124471,4.49248796410909,7.5886545277099,5.66720097524103,4.6137791618817,4.97407133800548,5.86962748783211,5.31483679739764,5.04903269400482,5.50728914423818,6.88357502147378,7.23070107327953,5.90954210939629,5.93973388225061,7.50841223391002,7.40361093773618,6.30662454963755,8.66912762813002,8.66912762813002,6.59675463725037,8.05695580717581,8.66912762813002,6.04286747934656,6.42989210567744,6.18022310663067,7.29002585122257,8.8086532737656,7.88273630981984,7.36713807694407,7.90146381779297,7.19570391109166,7.19722752247648,7.12242821562671,8.66912762813002,8.66912762813002,7.42939067240192,8.029892293435,7.09519661134597,7.07388970377553,7.25675503134363,8.66912762813002,8.18111586430311,7.63026440035086,8.66912762813002,8.66912762813002,8.66912762813002,7.188196462329,8.25880450388258,7.32631058832002,8.66912762813002,8.66912762813002,8.55310011343412,7.46361899006893,7.53907933258449,8.19405374217187,8.66912762813002,8.66912762813002,8.66912762813003,8.66912762813002,8.66912762813002,7.99437635145724,8.66912762813002,8.66912762813002,8.66912762813002,8.46929347184815,8.66912762813002,7.7570290907858,8.52550534740448,7.7844881017592,8.66912762813002,8.66912762813002,8.66912762813002,8.66912762813002,8.64852724013684,8.66912762813002,8.24123580592496,8.66912762813002,8.66912762813002,8.05421748892025,8.66912762813002,8.55440078113959,8.66912762813002,8.66912762813002,8.66912762813002,8.66912762813002,8.66912762813002,8.66912762813002,8.66912762813002,8.66912762813002,8.66912762813002,8.56687589830528,8.66912762813002,8.20281246574481,8.25816614995633,8.66912762813003,8.66912762813003,8.66912762813002,8.66912762813002,8.66912762813002,8.30910004289791,8.66912762813002,8.66912762813002,8.66912762813002,8.66912762813002,8.66912762813002,8.66912762813002,8.66912762813002,8.66912762813003,8.66912762813002,8.66912762813002,8.66912762813003,8.66912762813003,8.66912762813002,8.66912762813002,8.57377342873178,8.66912762813003,8.66912762813002,8.66912762813002,8.66912762813002,8.66912762813002,8.66912762813003,8.66912762813003,8.66912762813002,8.66912762813002,8.66912762813003,8.66912762813003,8.66912762813002,8.66912762813002,8.66912762813002,8.66912762813002,8.66912762813003,8.66912762813003,8.66912762813003,8.66912762813003,8.66912762813002,8.66912762813002,8.66912762813003,8.66912762813002,8.66912762813002,8.66912762813002,8.66912762813002,8.66912762813002,8.66912762813002,8.66912762813002,8.66912762813002,8.66912762813002,8.66912762813002,8.66912762813002,8.66912762813002,8.66912762813002,8.66912762813002,8.66912762813002,8.66912762813002,8.66912762813002,8.66912762813002,8.66912762813002,8.66912762813002
"t6",7.72320485428064,8.1409503469155,6.62616274087184,5.08126824157846,1.25801657338641,0,1.15987183661668,1.14516353538101,2.54703607786727,2.74319771969555,5.74528740430882,4.76193464564999,4.69742934237815,4.99719325092048,4.59777237303366,4.90802634589804,8.00419290949885,6.08273935702998,5.02931754367065,5.38960971979443,6.28516586962106,5.99351913133201,5.46457107579377,5.92282752602713,7.29911340326273,7.90938340721389,6.58822444333065,6.35527226403956,8.18709456784439,8.08229327167055,6.7221629314265,9.08466600991897,9.08466600991897,7.01229301903932,8.47249418896476,9.08466600991897,6.45840586113551,6.84543048746639,6.59576148841963,7.96870818515693,9.48733560769996,8.29827469160879,7.78267645873301,8.31700219958192,7.61124229288061,7.61276590426543,7.53796659741566,9.08466600991897,9.08466600991897,7.84492905419087,8.44543067522395,7.51073499313492,7.48942808556448,7.67229341313258,9.08466600991897,8.59665424609206,8.04580278213981,9.08466600991898,9.08466600991897,9.08466600991897,7.60373484411794,8.67434288567153,7.74184897010897,9.08466600991897,9.08466600991897,8.96863849522307,7.87915737185788,7.95461771437344,8.60959212396082,9.08466600991897,9.08466600991897,9.08466600991898,9.08466600991897,9.08466600991897,8.40991473324619,9.08466600991897,9.08466600991897,9.08466600991897,8.8848318536371,9.08466600991897,8.17256747257475,8.94104372919343,8.20002648354815,9.08466600991897,9.08466600991897,9.08466600991897,9.08466600991897,9.06406562192579,9.08466600991897,8.65677418771391,9.08466600991897,9.08466600991897,8.46975587070919,9.08466600991897,8.96993916292854,9.08466600991898,9.08466600991897,9.08466600991897,9.08466600991897,9.08466600991897,9.08466600991897,9.08466600991897,9.08466600991897,9.08466600991897,8.98241428009423,9.08466600991897,8.61835084753376,8.67370453174528,9.08466600991897,9.08466600991897,9.08466600991897,9.08466600991897,9.08466600991897,8.72463842468686,9.08466600991897,9.08466600991897,9.08466600991897,9.08466600991897,9.08466600991897,9.08466600991897,9.08466600991897,9.08466600991897,9.08466600991897,9.08466600991897,9.08466600991897,9.08466600991897,9.08466600991897,9.08466600991897,8.98931181052073,9.08466600991897,9.08466600991897,9.08466600991898,9.08466600991897,9.08466600991897,9.08466600991898,9.08466600991898,9.08466600991897,9.08466600991897,9.08466600991898,9.08466600991898,9.08466600991898,9.08466600991898,9.08466600991897,9.08466600991897,9.08466600991898,9.08466600991898,9.08466600991898,9.08466600991898,9.08466600991897,9.08466600991897,9.08466600991897,9.08466600991897,9.08466600991897,9.08466600991897,9.08466600991897,9.08466600991897,9.08466600991897,9.08466600991897,9.08466600991897,9.08466600991897,9.08466600991897,9.08466600991897,9.08466600991897,9.08466600991897,9.08466600991897,9.08466600991897,9.08466600991897,9.08466600991897,9.08466600991897,9.08466600991897,9.08466600991897
"t7",7.20952173572196,7.62726722835682,6.11247962231316,4.56758512301978,0.744333454827734,1.15987183661668,0,0.386329751747449,2.03335295930859,1.98436393606199,4.98645362067526,4.00310086201643,3.93859555874458,4.23835946728692,3.8389385894001,4.14919256226448,7.24535912586529,5.32390557339642,4.27048376003709,4.63077593616087,5.5263320859875,5.47983601277333,4.70573729216021,5.16399374239357,6.54027961962917,7.39570028865522,6.07454132477198,5.596438480406,7.67341144928571,7.56861015311187,5.96332914779294,8.32583222628541,8.32583222628541,6.25345923540576,7.7136604053312,8.32583222628541,5.69957207750195,6.08659670383283,5.83692770478606,7.45502506659825,8.97365248914129,7.53944090797523,7.02384267509945,7.55816841594836,6.85240850924705,6.85393212063187,6.7791328137821,8.32583222628541,8.32583222628541,7.08609527055731,7.68659689159039,6.75190120950136,6.73059430193092,6.91345962949902,8.32583222628541,7.8378204624585,7.28696899850624,8.32583222628541,8.32583222628541,8.32583222628541,6.84490106048438,7.91550910203797,6.98301518647541,8.32583222628541,8.32583222628541,8.20980471158951,7.12032358822432,7.19578393073988,7.85075834032726,8.32583222628541,8.32583222628541,8.32583222628542,8.32583222628541,8.32583222628541,7.65108094961263,8.32583222628541,8.32583222628541,8.32583222628541,8.12599807000354,8.32583222628541,7.41373368894118,8.18220994555987,7.44119269991459,8.32583222628541,8.32583222628541,8.32583222628541,8.32583222628541,8.30523183829223,8.32583222628541,7.89794040408035,8.32583222628541,8.32583222628541,7.71092208707564,8.32583222628541,8.21110537929498,8.32583222628541,8.32583222628541,8.32583222628541,8.32583222628541,8.32583222628541,8.32583222628541,8.32583222628541,8.32583222628541,8.32583222628541,8.22358049646067,8.32583222628541,7.8595170639002,7.91487074811172,8.32583222628541,8.32583222628541,8.32583222628541,8.32583222628541,8.32583222628541,7.9658046410533,8.32583222628541,8.32583222628541,8.32583222628541,8.32583222628541,8.32583222628541,8.32583222628541,8.32583222628541,8.32583222628541,8.32583222628541,8.32583222628541,8.32583222628541,8.32583222628541,8.32583222628541,8.32583222628541,8.23047802688717,8.32583222628542,8.32583222628541,8.32583222628541,8.32583222628541,8.32583222628541,8.32583222628541,8.32583222628541,8.32583222628541,8.32583222628541,8.32583222628542,8.32583222628542,8.32583222628541,8.32583222628541,8.32583222628541,8.32583222628541,8.32583222628542,8.32583222628542,8.32583222628542,8.32583222628542,8.32583222628541,8.32583222628541,8.32583222628542,8.32583222628541,8.32583222628541,8.32583222628541,8.32583222628541,8.32583222628541,8.32583222628541,8.32583222628541,8.32583222628541,8.32583222628541,8.32583222628541,8.32583222628541,8.32583222628541,8.32583222628541,8.32583222628541,8.32583222628541,8.32583222628541,8.32583222628541,8.32583222628541,8.32583222628541,8.32583222628541
"t8",7.19481343448629,7.61255892712115,6.09777132107749,4.5528768217841,0.72962515359206,1.14516353538101,0.386329751747449,0,2.01864465807292,1.96073568018612,4.9628253647994,3.97947260614056,3.91496730286872,4.21473121141105,3.81531033352423,4.12556430638862,7.22173086998942,5.30027731752056,4.24685550416123,4.60714768028501,5.50270383011163,5.46512771153765,4.68210903628434,5.1403654865177,6.5166513637533,7.38099198741954,6.0598330235363,5.57281022453013,7.65870314805003,7.55390185187619,5.93970089191707,8.30220397040955,8.30220397040955,6.22983097952989,7.69003214945534,8.30220397040955,5.67594382162608,6.06296844795696,5.8132994489102,7.44031676536258,8.95894418790561,7.51581265209937,7.00021441922359,7.5345401600725,6.82878025337118,6.830303864756,6.75550455790624,8.30220397040955,8.30220397040955,7.06246701468144,7.66296863571452,6.72827295362549,6.70696604605505,6.88983137362315,8.30220397040955,7.81419220658263,7.26334074263038,8.30220397040955,8.30220397040955,8.30220397040955,6.82127280460852,7.8918808461621,6.95938693059954,8.30220397040955,8.30220397040955,8.18617645571364,7.09669533234845,7.17215567486402,7.8271300844514,8.30220397040955,8.30220397040955,8.30220397040955,8.30220397040955,8.30220397040955,7.62745269373676,8.30220397040955,8.30220397040955,8.30220397040955,8.10236981412767,8.30220397040955,7.39010543306532,8.15858168968401,7.41756444403872,8.30220397040955,8.30220397040955,8.30220397040955,8.30220397040955,8.28160358241636,8.30220397040955,7.87431214820448,8.30220397040955,8.30220397040955,7.68729383119977,8.30220397040955,8.18747712341911,8.30220397040955,8.30220397040955,8.30220397040955,8.30220397040955,8.30220397040955,8.30220397040955,8.30220397040955,8.30220397040955,8.30220397040955,8.1999522405848,8.30220397040955,7.83588880802433,7.89124249223586,8.30220397040955,8.30220397040955,8.30220397040955,8.30220397040955,8.30220397040955,7.94217638517744,8.30220397040955,8.30220397040955,8.30220397040955,8.30220397040955,8.30220397040955,8.30220397040955,8.30220397040955,8.30220397040955,8.30220397040955,8.30220397040955,8.30220397040955,8.30220397040955,8.30220397040955,8.30220397040955,8.20684977101131,8.30220397040955,8.30220397040955,8.30220397040955,8.30220397040955,8.30220397040955,8.30220397040955,8.30220397040955,8.30220397040955,8.30220397040955,8.30220397040955,8.30220397040955,8.30220397040955,8.30220397040955,8.30220397040955,8.30220397040955,8.30220397040955,8.30220397040955,8.30220397040955,8.30220397040955,8.30220397040955,8.30220397040955,8.30220397040955,8.30220397040955,8.30220397040955,8.30220397040955,8.30220397040955,8.30220397040955,8.30220397040955,8.30220397040955,8.30220397040955,8.30220397040955,8.30220397040955,8.30220397040955,8.30220397040955,8.30220397040955,8.30220397040955,8.30220397040955,8.30220397040955,8.30220397040955,8.30220397040955,8.30220397040955,8.30220397040955
"t9",8.19401637919156,8.61176187182641,7.09697426578276,5.55207976648937,1.8683537439329,2.54703607786727,2.03335295930859,2.01864465807292,0,3.61667884238746,6.61876852700073,5.63541576834189,5.57091046507005,5.87067437361238,5.47125349572557,5.78150746858995,8.87767403219076,6.95622047972189,5.90279866636256,6.26309084248634,7.15864699231297,4.35934724614076,6.33805219848568,6.79630864871903,8.17259452595463,6.27521152202265,4.95405255813941,7.22875338673146,6.55292268265314,6.4481213864793,7.5956440541184,9.95814713261088,9.95814713261088,7.88577414173123,9.34597531165667,9.95814713261088,7.33188698382741,7.71891161015829,7.46924261111153,6.33453629996569,7.85316372250872,9.1717558143007,8.65615758142492,9.19048332227383,8.48472341557251,8.48624702695733,8.41144772010757,9.95814713261088,9.95814713261088,8.71841017688278,9.31891179791585,8.38421611582682,8.36290920825639,8.54577453582449,9.95814713261088,9.47013536878396,8.91928390483171,9.95814713261088,9.95814713261088,9.95814713261088,8.47721596680985,9.54782400836344,8.61533009280088,9.95814713261088,9.95814713261088,9.84211961791498,8.75263849454979,8.82809883706535,9.48307324665273,9.95814713261088,9.95814713261088,9.95814713261088,9.95814713261088,9.95814713261088,9.2833958559381,9.95814713261088,9.95814713261088,9.95814713261088,9.75831297632901,9.95814713261088,9.04604859526665,9.81452485188534,9.07350760624005,9.95814713261088,9.95814713261088,9.95814713261088,9.95814713261088,9.9375467446177,9.95814713261088,9.53025531040582,9.95814713261088,9.95814713261088,9.3432369934011,9.95814713261088,9.84342028562044,9.95814713261088,9.95814713261088,9.95814713261088,9.95814713261088,9.95814713261088,9.95814713261088,9.95814713261088,9.95814713261088,9.95814713261088,9.85589540278614,9.95814713261088,9.49183197022566,9.54718565443719,9.95814713261088,9.95814713261088,9.95814713261088,9.95814713261088,9.95814713261088,9.59811954737877,9.95814713261088,9.95814713261088,9.95814713261088,9.95814713261088,9.95814713261088,9.95814713261088,9.95814713261088,9.95814713261088,9.95814713261088,9.95814713261088,9.95814713261088,9.95814713261088,9.95814713261088,9.95814713261088,9.86279293321264,9.95814713261088,9.95814713261088,9.95814713261088,9.95814713261088,9.95814713261088,9.95814713261088,9.95814713261088,9.95814713261088,9.95814713261088,9.95814713261088,9.95814713261088,9.95814713261088,9.95814713261088,9.95814713261088,9.95814713261088,9.95814713261088,9.95814713261088,9.95814713261088,9.95814713261088,9.95814713261088,9.95814713261088,9.95814713261088,9.95814713261088,9.95814713261088,9.95814713261088,9.95814713261088,9.95814713261088,9.95814713261088,9.95814713261088,9.95814713261088,9.95814713261088,9.95814713261088,9.95814713261088,9.95814713261088,9.95814713261088,9.95814713261088,9.95814713261088,9.95814713261088,9.95814713261088,9.95814713261088,9.95814713261088,9.95814713261088
"t10",8.79284761880083,9.21059311143568,7.69580550539203,6.15091100609864,2.3276593379066,2.74319771969555,1.98436393606199,1.96073568018612,3.61667884238746,0,3.22177300689795,2.23842024823911,2.17391494496727,2.4736788535096,2.07425797562278,2.38451194848716,5.48067851208797,3.5592249596191,2.50580314625978,2.86609532238355,3.76165147221018,7.06316189585219,2.94105667838289,3.39931312861625,4.77559900585185,8.97902617173408,7.65786720785084,3.83175786662868,9.25673733236457,9.15193603619073,4.19864853401562,6.56115161250809,6.56115161250809,4.48877862162844,5.94897979155389,6.5611516125081,3.93489146372463,4.32191609005551,4.07224709100875,9.03835094967712,10.5569783722202,5.77476029419792,5.25916206132214,5.79348780217105,5.08772789546973,5.08925150685455,5.01445220000479,6.5611516125081,6.5611516125081,5.32141465677999,5.92191627781307,4.98722059572404,4.9659136881536,5.1487790157217,6.5611516125081,6.07313984868118,5.52228838472893,6.5611516125081,6.5611516125081,6.5611516125081,5.08022044670707,6.15082848826065,5.21833457269809,6.5611516125081,6.5611516125081,6.44512409781219,5.355642974447,5.43110331696256,6.08607772654994,6.56115161250809,6.5611516125081,6.5611516125081,6.5611516125081,6.5611516125081,5.88640033583532,6.5611516125081,6.5611516125081,6.5611516125081,6.36131745622622,6.56115161250809,5.64905307516387,6.41752933178256,5.67651208613727,6.5611516125081,6.5611516125081,6.5611516125081,6.5611516125081,6.54055122451491,6.56115161250809,6.13325979030303,6.5611516125081,6.5611516125081,5.94624147329832,6.56115161250809,6.44642476551766,6.5611516125081,6.5611516125081,6.5611516125081,6.5611516125081,6.56115161250809,6.5611516125081,6.5611516125081,6.5611516125081,6.5611516125081,6.45889988268335,6.5611516125081,6.09483645012288,6.1501901343344,6.5611516125081,6.5611516125081,6.5611516125081,6.5611516125081,6.5611516125081,6.20112402727599,6.56115161250809,6.56115161250809,6.5611516125081,6.56115161250809,6.56115161250809,6.5611516125081,6.5611516125081,6.5611516125081,6.5611516125081,6.5611516125081,6.5611516125081,6.5611516125081,6.5611516125081,6.5611516125081,6.46579741310985,6.5611516125081,6.56115161250809,6.5611516125081,6.56115161250809,6.56115161250809,6.5611516125081,6.5611516125081,6.5611516125081,6.5611516125081,6.5611516125081,6.5611516125081,6.5611516125081,6.5611516125081,6.5611516125081,6.5611516125081,6.5611516125081,6.5611516125081,6.5611516125081,6.5611516125081,6.5611516125081,6.5611516125081,6.5611516125081,6.5611516125081,6.5611516125081,6.5611516125081,6.5611516125081,6.5611516125081,6.5611516125081,6.5611516125081,6.5611516125081,6.56115161250809,6.56115161250809,6.5611516125081,6.5611516125081,6.5611516125081,6.5611516125081,6.5611516125081,6.5611516125081,6.5611516125081,6.5611516125081,6.5611516125081,6.5611516125081
"t11",11.7949373034141,12.212682796049,10.6978951900053,9.15300069071191,5.32974902251987,5.74528740430882,4.98645362067526,4.9628253647994,6.61876852700073,3.22177300689795,0,5.01041883830681,2.50733810277335,2.67907005711338,2.27964917922656,2.71793510629325,5.81410166989405,3.89264811742519,2.83922630406586,4.99368400832835,4.09507463001627,10.0652515804655,5.06864536432768,5.52690181456104,6.90318769179664,11.9811158563474,10.6599568924641,5.95934655257347,12.2588270169778,12.154025720804,6.32623721996041,8.68874029845288,6.89457477031418,7.26077721169615,8.07656847749868,8.68874029845288,6.06248014966942,6.4495047760003,6.19983577695354,12.0404406342904,13.5590680568334,8.54675888426562,7.38675074726693,7.92107648811584,7.85972648553743,7.86125009692225,7.78645079007249,8.68874029845288,8.68874029845289,7.44900334272478,8.04950496375786,5.32064375353012,5.29933684595968,7.92077760578941,9.3331502025758,8.84513843874888,5.85571154253501,8.68874029845289,8.68874029845288,9.3331502025758,7.20780913265186,8.92282707832836,7.9903331627658,6.89457477031418,6.89457477031418,9.2171226878799,5.68906613225308,7.55869200290735,8.21366641249474,9.3331502025758,6.89457477031418,6.89457477031418,9.3331502025758,8.68874029845289,8.65839892590302,9.3331502025758,9.3331502025758,8.68874029845289,9.13331604629392,9.3331502025758,8.42105166523157,9.18952792185026,8.44851067620498,9.3331502025758,6.89457477031418,9.3331502025758,6.89457477031418,9.31254981458262,9.3331502025758,8.90525838037074,9.3331502025758,9.3331502025758,8.71824006336602,9.3331502025758,6.77984792332374,6.89457477031418,8.68874029845289,9.3331502025758,8.68874029845289,9.3331502025758,8.68874029845289,8.68874029845289,9.3331502025758,8.68874029845289,6.79232304048943,6.89457477031418,8.22242513606767,8.2777788202792,8.68874029845289,8.68874029845289,8.68874029845289,8.68874029845289,8.68874029845289,6.53454718508207,9.3331502025758,9.3331502025758,9.3331502025758,9.3331502025758,9.3331502025758,6.89457477031418,6.89457477031418,8.68874029845289,9.3331502025758,9.3331502025758,8.68874029845289,8.68874029845289,9.3331502025758,9.3331502025758,6.79922057091594,6.89457477031418,9.3331502025758,9.3331502025758,9.3331502025758,9.3331502025758,9.3331502025758,9.3331502025758,9.3331502025758,9.3331502025758,6.89457477031418,6.89457477031418,9.3331502025758,9.3331502025758,8.68874029845289,8.68874029845289,8.68874029845289,8.68874029845289,6.89457477031418,6.89457477031418,6.89457477031418,6.89457477031418,6.89457477031418,6.89457477031418,6.89457477031418,8.68874029845289,8.68874029845289,6.89457477031418,6.89457477031418,8.68874029845289,8.68874029845289,9.3331502025758,9.3331502025758,6.89457477031418,6.89457477031418,8.68874029845289,8.68874029845289,9.3331502025758,9.3331502025758,9.3331502025758,9.3331502025758,8.68874029845289,8.68874029845289
"t12",10.8115845447553,11.2293300373901,9.71454243134647,8.16964793205308,4.34639626386104,4.76193464564999,4.00310086201643,3.97947260614056,5.63541576834189,2.23842024823911,5.01041883830681,0,3.96256077637613,4.26232468491847,3.86290380703165,4.17315777989603,7.26932434349684,5.34787079102797,4.29444897766864,4.65474115379242,5.55029730361905,9.08189882180663,4.72970250979176,5.18795896002512,6.56424483726072,10.9977630976885,9.67660413380528,5.62040369803755,11.275474258319,11.1706729621452,5.98729436542449,8.34979744391696,8.34979744391696,3.67315645761772,7.73762562296275,8.34979744391696,5.7235372951335,6.11056192146438,5.86089292241761,11.0570878756316,12.5757152981746,4.95913813018719,7.047807892731,7.58213363357991,4.27210573145901,4.27362934284383,4.19883003599406,8.34979744391696,8.34979744391696,7.11006048818886,7.71056210922194,6.77586642713291,6.75455951956247,4.33315685171098,5.74552944849737,5.25751768467046,7.3109342161378,8.34979744391697,8.34979744391696,5.74552944849737,6.86886627811593,5.35410208350936,4.40271240868737,8.34979744391696,8.34979744391696,5.62950193380147,7.14428880585587,7.21974914837143,7.87472355795881,5.76442520775681,8.34979744391696,8.34979744391697,5.74552944849737,8.34979744391696,5.07077817182459,5.76442520775681,5.76442520775681,8.34979744391696,5.5456952922155,5.74552944849737,4.83343091115315,5.60190716777183,4.87978568138598,5.74552944849737,8.34979744391696,5.74552944849737,8.34979744391696,5.72492906050419,5.74552944849737,5.31763762629231,5.74552944849737,5.74552944849737,5.14951506854703,5.7644252077568,8.23507059692653,8.34979744391696,8.34979744391696,5.7644252077568,8.34979744391696,5.7644252077568,8.34979744391696,8.34979744391696,5.74552944849737,8.34979744391696,8.24754571409222,8.34979744391696,7.88348228153175,7.93883596574327,8.34979744391696,8.34979744391696,8.34979744391696,8.34979744391696,8.34979744391696,7.98976985868485,5.7644252077568,5.7644252077568,5.74552944849737,5.74552944849737,5.74552944849737,8.34979744391696,8.34979744391696,8.34979744391696,5.74552944849737,5.74552944849737,8.34979744391696,8.34979744391696,5.74552944849737,5.74552944849737,8.25444324451872,8.34979744391696,5.7644252077568,5.74552944849737,5.7644252077568,5.7644252077568,5.74552944849737,5.74552944849737,5.7644252077568,5.7644252077568,8.34979744391697,8.34979744391697,5.74552944849737,5.74552944849737,8.34979744391696,8.34979744391696,8.34979744391697,8.34979744391697,8.34979744391697,8.34979744391697,8.34979744391696,8.34979744391696,8.34979744391697,8.34979744391696,8.34979744391696,8.34979744391696,8.34979744391696,8.34979744391696,8.34979744391696,8.34979744391696,8.34979744391696,5.76442520775681,5.76442520775681,8.34979744391696,8.34979744391696,8.34979744391696,8.34979744391696,5.74552944849737,5.74552944849737,5.74552944849737,5.74552944849737,8.34979744391696,8.34979744391696
"t13",10.7470792414834,11.1648247341183,9.65003712807463,8.10514262878124,4.28189096058919,4.69742934237815,3.93859555874458,3.91496730286872,5.57091046507005,2.17391494496727,2.50733810277335,3.96256077637613,0,1.759243949385,1.35982307149819,0.751067036247898,3.84723359984871,1.92578004737984,0.87235823402051,3.94582594639767,2.12820655997092,9.01739351853479,4.020787302397,4.47904375263036,5.85532962986596,10.9332577944167,9.61209883053344,4.91148849064279,11.2109689550472,11.1061676588733,5.27837915802973,7.64088223652221,4.92770670026883,6.21291914976547,7.028710415568,7.64088223652221,5.01462208773874,5.40164671406962,5.15197771502286,10.9925825723597,12.5112099949027,7.49890082233494,6.33889268533625,6.87321842618516,6.81186842360676,6.81339203499157,6.73859272814181,7.64088223652221,7.64088223652221,6.40114528079411,7.00164690182718,3.35377568348477,3.33246877591434,6.87291954385873,8.28529214064512,7.79728037681821,3.88884347248966,7.64088223652221,7.64088223652221,8.28529214064512,6.15995107072118,7.87496901639768,6.94247510083512,4.92770670026883,4.92770670026883,8.16926462594922,3.72219806220774,6.51083394097668,7.16580835056406,8.28529214064512,4.92770670026883,4.92770670026883,8.28529214064512,7.64088223652221,7.61054086397234,8.28529214064512,8.28529214064512,7.64088223652221,8.08545798436325,8.28529214064512,7.37319360330089,8.14166985991958,7.4006526142743,8.28529214064512,4.92770670026883,8.28529214064512,4.92770670026883,8.26469175265194,8.28529214064512,7.85740031844006,8.28529214064512,8.28529214064512,7.67038200143534,8.28529214064512,4.81297985327839,4.92770670026883,7.64088223652221,8.28529214064512,7.64088223652221,8.28529214064512,7.64088223652221,7.64088223652221,8.28529214064512,7.64088223652221,4.82545497044409,4.92770670026883,7.17456707413699,7.22992075834852,7.64088223652221,7.64088223652221,7.64088223652221,7.64088223652221,7.64088223652221,4.56767911503672,8.28529214064512,8.28529214064512,8.28529214064512,8.28529214064512,8.28529214064512,4.92770670026883,4.92770670026883,7.64088223652221,8.28529214064512,8.28529214064512,7.64088223652221,7.64088223652221,8.28529214064512,8.28529214064512,4.83235250087059,4.92770670026883,8.28529214064512,8.28529214064512,8.28529214064512,8.28529214064512,8.28529214064512,8.28529214064512,8.28529214064512,8.28529214064512,4.92770670026883,4.92770670026883,8.28529214064512,8.28529214064512,7.64088223652221,7.64088223652221,7.64088223652221,7.64088223652221,4.92770670026883,4.92770670026883,4.92770670026883,4.92770670026883,4.92770670026883,4.92770670026883,4.92770670026883,7.64088223652221,7.64088223652221,4.92770670026883,4.92770670026883,7.64088223652221,7.64088223652221,8.28529214064512,8.28529214064512,4.92770670026883,4.92770670026883,7.64088223652221,7.64088223652221,8.28529214064512,8.28529214064512,8.28529214064512,8.28529214064512,7.64088223652221,7.64088223652221
