"","V_1","V_2","V_3","V_4","V_5","V_6","V_7","V_8","V_9","V_10","V_11","V_12","V_13","V_14","V_15","V_16","V_17","V_18","V_19","V_20","V_21","V_22","V_23","V_24","V_25","V_26","V_27","V_28","V_29","V_30","V_31","V_32","V_33","V_34","V_35","V_36","V_37","V_38","V_39","V_40","V_41","V_42","V_43","V_44","V_45","V_46","V_47","V_48","V_49","V_50","V_51","V_52","V_53","V_54","V_55","V_56","V_57","V_58","V_59","V_60","V_61","V_62","V_63","V_64","V_65","V_66","V_67","V_68","V_69","V_70","V_71","V_72","V_73","V_74","V_75","V_76","V_77","V_78","V_79","V_80","V_81","V_82","V_83","V_84","V_85","V_86","V_87","V_88","V_89"
"t170",-0.0676257049356948,-0.00283488463900042,0.0272672957338493,0.0112565868324133,-0.189933992716489,0.0513521724221242,-0.00760210804490578,0.195019295209458,-0.124524352279835,0.00379610771272522,-0.00144472811885542,0.00207670834378936,-0.000146398683882249,0.00331655392291415,0.000207881980571809,0.000338334692170579,-0.00268744048175868,0.000207971800840334,-4.19631436283371e-05,8.089500284922e-05,-0.00655648382849566,0.00257191371108707,-0.0324220742408857,0.623232381884485,-0.0233078909596825,0.000769194554036183,-0.00136156824669637,0.00457329734455323,-0.000826615975571152,0.000770485139578024,-0.0151465755598599,0.0161906969169971,-0.00355935187958896,0.0196071678421982,-0.000480367541469492,0.00178956950469088,2.96274495981456e-07,-0.00298721016722321,0.00078271057517686,0.00622144173516906,-0.000119366348870309,-0.00048965006471883,-0.000941150986150902,0.000777899332018045,0.000913957251480868,-0.00684893735552907,-1.52934479421261e-05,-0.000293973844678189,-1.01413139996493e-05,-0.000220033709012747,0.00138458422929606,0.000152552653872992,0.00106778853942099,-0.00217784628969063,-0.000437361262048556,-1.71979636714681e-06,0.0020654272916392,-2.56599315738967e-05,-1.46565996224463e-15,-4.62770793142997e-15,-1.74592517564424e-14,-4.52900688175622e-15,-1.02583239575838e-14,-3.35511624573837e-15,-1.12527611205265e-13,-8.38470719817509e-15,-2.42209227532977e-14,-9.46519832373079e-13,-1.16222368106623e-13,-1.62480715672551e-14,0.707106781186549,4.89690790357987e-15,6.3651698499546e-15,1.51187218409605e-15,4.10802120145958e-15,2.45445503365748e-15,8.37895957629982e-15,1.05070624089071e-15,1.72923479625101e-15,3.25305229813376e-15,1.7814755410868e-15,2.42766064438028e-15,1.3016524251114e-15,8.04857317890868e-16,1.08857954605581e-15,1.07683523317084e-15,1.08624963260476e-15,2.05119137929445e-15,3.08286112353083e-16
"t189",-0.0676257049356949,-0.00283488463900072,0.0272672957338491,0.0112565868324133,-0.189933992716489,0.0513521724221239,-0.00760210804490583,0.195019295209458,-0.124524352279835,0.00379610771272494,-0.00144472811885521,0.00207670834378937,-0.000146398683882322,0.00331655392291474,0.0002078819805717,0.000338334692170449,-0.00268744048175868,0.000207971800840277,-4.19631436284799e-05,8.08950028494573e-05,-0.00655648382849592,0.00257191371108673,-0.0324220742408852,0.623232381884485,-0.0233078909596828,0.000769194554036069,-0.00136156824669635,0.00457329734455329,-0.000826615975571956,0.000770485139578076,-0.0151465755598598,0.0161906969169966,-0.0035593518795895,0.0196071678421981,-0.00048036754146906,0.00178956950468966,2.9627449636012e-07,-0.00298721016722369,0.000782710575175998,0.00622144173517174,-0.000119366348871323,-0.000489650064721849,-0.000941150986151321,0.000777899332017262,0.000913957251480555,-0.0068489373555278,-1.52934479415967e-05,-0.000293973844675554,-1.01413140005194e-05,-0.000220033709013328,0.00138458422929639,0.00015255265387846,0.00106778853942048,-0.00217784628968567,-0.000437361262048891,-1.71979636732024e-06,0.00206542729163989,-2.56599315730665e-05,1.46970927222509e-15,4.68860064938345e-15,1.70473534904974e-14,4.4914585147462e-15,1.02952500107244e-14,3.30743827717814e-15,1.13700014927661e-13,8.56527519628655e-15,2.42210281425008e-14,9.46378603281996e-13,1.16041378726495e-13,1.62680066630978e-14,-0.707106781186547,-4.73762542529038e-15,-6.5354675058986e-15,-1.52250087022441e-15,-4.2418312112176e-15,-2.39624427320561e-15,-8.42438044839842e-15,-1.08906334803369e-15,-1.74073324102082e-15,-3.17529418152426e-15,-1.68235801289995e-15,-2.61023694544301e-15,-1.35693104145881e-15,-8.16608190079353e-16,-1.08100835505471e-15,-1.31262458588154e-15,-1.13603005689149e-15,-2.0616673628135e-15,-3.38616854986312e-16
"t150",-0.070064821366466,-0.00301668691659163,0.0309495425441211,0.0137716360216144,-0.237432386722699,0.0652983552819407,-0.0100614457784911,0.282657870472242,-0.192001837738724,0.00811306731936434,-0.00317291213374486,0.00472274754253523,-0.000488765084959593,0.0239507188379398,0.00548846629279693,-0.00387838288275515,0.0277705063267035,-0.00207087319397385,5.7842091189693e-05,-8.51611477932915e-05,0.00463606368386682,-0.00134541986854893,0.0154459073645443,-0.2303912758636,0.00519424736722383,-0.00014230250630275,0.000219658602270106,-0.000559698594066604,0.500421454108971,5.53333048209801e-05,-0.00180519502385603,0.00315923195910372,-0.000721925403066917,0.00418564307425321,-0.000105984701038725,0.00041097650478074,6.83873463672215e-08,-0.000695285825382765,0.000199176192457134,0.00170289065318538,-3.27849386502396e-05,-0.000135518578828147,-0.000262998109162018,0.000218266337589442,0.00025958383890607,-0.00194832498408528,-4.3521824336101e-06,-8.38419260110828e-05,-2.90441949446439e-06,-6.37829506781582e-05,0.000404977670848345,4.48653252182038e-05,0.000321722524986662,-0.000656499215503049,-0.000132071211534315,-5.1973438199335e-07,0.000625123478924026,-8.02754416275393e-06,3.69764206273212e-14,-1.1479749558055e-14,-5.9267749713562e-14,-2.09669387493131e-14,-1.85710233981548e-13,7.07931208664078e-12,-0.707106781186547,-3.97552338640964e-14,-2.18224942093366e-14,3.30799800619534e-14,2.06337110039234e-14,8.38498883199446e-15,-1.13464793116691e-13,-2.4464307132235e-14,-2.41510684604413e-14,-9.17770609519961e-16,-7.04314886118096e-15,-4.20861751378207e-15,-5.06291228034373e-14,7.2078585219325e-16,-1.24141013876024e-14,-1.13974593742398e-14,-3.37553471747174e-15,1.61945504948241e-14,9.06877585400554e-15,-1.04504003430705e-15,-3.65626064082486e-15,1.13063528848713e-15,2.25264112301117e-15,-4.26285166153274e-16,1.33347840185387e-14
"t154",-0.070064821366466,-0.00301668691659196,0.0309495425441214,0.0137716360216143,-0.237432386722699,0.0652983552819407,-0.0100614457784912,0.282657870472242,-0.192001837738724,0.00811306731936461,-0.00317291213374488,0.00472274754253536,-0.000488765084959689,0.0239507188379395,0.00548846629279704,-0.00387838288275523,0.0277705063267031,-0.00207087319397374,5.7842091189561e-05,-8.51611477931107e-05,0.0046360636838668,-0.00134541986854924,0.0154459073645442,-0.230391275863601,0.00519424736722448,-0.0001423025063028,0.000219658602270438,-0.000559698594067325,0.500421454108972,5.53333048210359e-05,-0.00180519502385578,0.00315923195910298,-0.000721925403066347,0.004185643074252,-0.000105984701039981,0.000410976504781388,6.83873462437743e-08,-0.000695285825382258,0.000199176192457403,0.00170289065318472,-3.27849386508059e-05,-0.000135518578828978,-0.000262998109160731,0.000218266337591213,0.000259583838907467,-0.0019483249840849,-4.35218243302801e-06,-8.38419260134034e-05,-2.90441949224216e-06,-6.37829506791399e-05,0.00040497767084902,4.48653252174308e-05,0.00032172252498413,-0.000656499215505767,-0.00013207121153584,-5.19734380870386e-07,0.000625123478925429,-8.02754416107194e-06,-3.71348315582995e-14,1.17496577284972e-14,5.96161943283007e-14,2.09693847134693e-14,1.85737404865465e-13,-7.07949280120742e-12,0.707106781186547,3.93355261147013e-14,2.17860537686727e-14,-3.19063689906261e-14,-2.06931706817027e-14,-8.40358310146017e-15,1.12937437179994e-13,2.49114308738664e-14,2.40757681287724e-14,9.29556189709634e-16,7.06506999574469e-15,4.33728109595174e-15,5.06142548983668e-14,-7.98295120965983e-16,1.25176559386171e-14,1.14232845137911e-14,3.32510419492047e-15,-1.61787092329639e-14,-9.12084928970457e-15,9.71021384387948e-16,3.67934328516654e-15,-1.33141784268945e-15,-1.8127880589756e-15,6.02125036778957e-16,-1.32231356021376e-14
"t163",-0.0700692157693213,-0.00301701426873191,0.030956163936384,0.0137761520395457,-0.237517641073786,0.0653233794627424,-0.0100658555815714,0.282814780848499,-0.192122538260847,0.00812075792451485,-0.0031759900005303,0.00472745844163425,-0.000489372706424648,0.0239872081648509,0.00549778354192648,-0.00388580235682309,0.0278240869006954,-0.00207488173499148,5.80152519889862e-05,-8.54478474445208e-05,0.00465519486004263,-0.00135204485645499,0.0155265403176614,-0.231810988381102,0.00523995222722152,-0.000143737697170849,0.000222110026412347,-0.000567363799899639,-0.499577506401423,5.34926311865179e-05,-0.0017762224756012,0.00313328771266592,-0.000716304128779204,0.00415527964243172,-0.000105250375316307,0.000408284448689799,6.79425826649949e-08,-0.000690816700165719,0.000198048581544592,0.00169421791063238,-3.26188083414015e-05,-0.000134839538772826,-0.000261698859488463,0.00021719453557229,0.00025833190440377,-0.00193895049386148,-4.33125331684666e-06,-8.34400479198344e-05,-2.89058380997322e-06,-6.34845303132489e-05,0.000403108135304891,4.46599016955522e-05,0.000320302129625264,-0.000653602916505381,-0.000131490090200783,-5.17450200426519e-07,0.000622382350784782,-7.99407383655437e-06,2.09006667443771e-14,6.63897428478829e-16,-9.3746550267852e-15,-2.13301444093549e-15,4.58115237377223e-17,-2.83781090034783e-14,-3.26330380402408e-14,4.35617784084551e-14,-3.20591793721369e-14,-0.707106781186548,-5.21113558620763e-14,-3.10209301720733e-13,-9.4618757273679e-13,-2.57521281281455e-14,-2.04230239308491e-14,-1.02563816765596e-14,-1.386421117096e-14,-1.70529553634669e-14,-5.51913088480869e-14,-8.75414245325311e-15,-1.51112484256757e-14,-1.81655483659228e-14,-2.57998298984016e-14,1.2615541154034e-14,1.64683854500528e-14,-2.39828084456426e-15,1.24827424041094e-15,-1.58412913731702e-15,1.73158990098351e-16,2.33810622336181e-16,-8.00604309427815e-15
"t164",-0.0700692157693213,-0.00301701426873185,0.0309561639363841,0.0137761520395458,-0.237517641073786,0.0653233794627425,-0.0100658555815714,0.282814780848498,-0.192122538260847,0.00812075792451479,-0.00317599000053023,0.00472745844163436,-0.000489372706424749,0.023987208164851,0.00549778354192636,-0.0038858023568231,0.0278240869006957,-0.00207488173499163,5.80152519890897e-05,-8.54478474441821e-05,0.00465519486004255,-0.00135204485645511,0.0155265403176613,-0.231810988381101,0.00523995222722181,-0.00014373769717084,0.00022211002641199,-0.0005673637998996,-0.499577506401425,5.34926311869588e-05,-0.00177622247560085,0.00313328771266579,-0.000716304128779353,0.00415527964243272,-0.00010525037531631,0.000408284448689417,6.79425833003877e-08,-0.000690816700165319,0.000198048581543631,0.00169421791063112,-3.26188083424191e-05,-0.000134839538772979,-0.000261698859488423,0.000217194535571366,0.000258331904404745,-0.00193895049386127,-4.3312533154191e-06,-8.34400479204912e-05,-2.89058381092141e-06,-6.34845303135225e-05,0.000403108135305287,4.46599016957259e-05,0.000320302129626365,-0.000653602916505497,-0.000131490090202095,-5.17450196548108e-07,0.000622382350783782,-7.99407383777588e-06,-2.08477498031672e-14,-8.58971617606001e-16,9.27815386662514e-15,2.11332123466421e-15,-1.03500688758233e-16,2.83018890011488e-14,3.24819821333137e-14,-4.33921855390948e-14,3.21603273989464e-14,0.707106781186547,5.22995652039147e-14,3.10353329615999e-13,9.47020240005259e-13,2.53252325220289e-14,2.03360205257822e-14,1.01845911270991e-14,1.37115645387657e-14,1.70666329640853e-14,5.51643953102262e-14,8.72784807606302e-15,1.51389086987533e-14,1.81654691032954e-14,2.58303419177419e-14,-1.26637813745063e-14,-1.64181103005183e-14,2.37516867510871e-15,-1.21602826735786e-15,1.43544847947966e-15,-5.61814859083105e-16,-2.60376713672346e-16,7.87308781604486e-15
"t123",-0.139051690092688,-0.0490410909080014,-0.0240277473584172,-0.00458772612060553,0.0861215912996551,0.0991852060055907,0.00150585362789732,0.00125218888163647,-1.211852339629e-05,-0.000186541683131137,9.58565915300871e-05,-0.0158343421119071,9.70394622264656e-05,-0.552132883065029,0.00555438450493964,-0.00582026653483022,0.0754531631690027,-0.00971336333283743,0.000465582711038821,-1.9550161426507e-05,0.00102197353173824,-0.000444482862229576,0.188486344937998,-0.00533617335191028,-0.0159322593911515,1.37032720305033e-05,-3.49995012632372e-05,0.0396277231741778,-1.44292777008308e-06,7.41292456640552e-05,-0.00184520998276429,0.00370574868044383,-0.000984737364813882,0.0186679719877787,-8.77542240648266e-06,0.000307649603200989,5.40156254850457e-08,-0.000592415697725376,0.000338422976466516,0.264600636033761,0.00105560611054944,-0.171481802634047,0.00133511502540719,-0.00092223185496529,-0.0012849434926113,0.0203202725025739,8.18071176153483e-05,-0.00920754412777174,0.0257544196170899,6.31648735266886e-05,-0.000347515396416633,-0.00103900698144826,-0.000234681931055851,0.00150412109455482,5.17284034550732e-05,2.13096419670553e-07,-0.000261191209581945,1.87948478603654e-06,-2.26838298644492e-14,-9.64863478404178e-14,-0.707106781186546,-2.01904841905857e-14,-1.4667804274708e-14,5.66884813483587e-14,5.89574027337016e-14,5.25988989035176e-14,2.18176304838091e-14,9.64915342060567e-15,-1.43463934885015e-15,-9.69660431435039e-15,-1.64313007644523e-14,-1.51480056915056e-15,-1.26390418867413e-14,-5.76450508052797e-15,-2.06771013678429e-14,-3.40354676118794e-15,-2.08140375946761e-15,3.87102888616374e-16,2.59536218799252e-15,8.84182759430175e-15,-7.07559239714561e-15,-5.11762261600625e-15,-1.00968810962585e-15,8.08330771556169e-17,-2.92031059641685e-15,-4.10146637072225e-15,-7.39208420605939e-16,-4.6276377868386e-16,3.02196651812058e-14
"t124",-0.139051690092688,-0.0490410909080014,-0.0240277473584172,-0.00458772612060532,0.0861215912996549,0.0991852060055906,0.00150585362789726,0.0012521888816367,-1.21185233966647e-05,-0.000186541683131279,9.58565915299657e-05,-0.015834342111907,9.7039462226559e-05,-0.552132883065027,0.00555438450493943,-0.00582026653483024,0.0754531631690027,-0.00971336333283745,0.000465582711038556,-1.95501614264344e-05,0.00102197353173829,-0.000444482862229748,0.188486344937998,-0.00533617335190986,-0.0159322593911514,1.37032720300336e-05,-3.49995012631162e-05,0.0396277231741774,-1.44292777031797e-06,7.41292456640054e-05,-0.00184520998276415,0.00370574868044436,-0.00098473736481533,0.0186679719877791,-8.77542240592576e-06,0.000307649603201423,5.40156261346109e-08,-0.000592415697726147,0.000338422976465999,0.264600636033757,0.00105560611055023,-0.171481802634043,0.00133511502540725,-0.000922231854964583,-0.00128494349261132,0.020320272502574,8.18071176155651e-05,-0.00920754412777028,0.0257544196170903,6.31648735271094e-05,-0.000347515396417602,-0.00103900698144735,-0.00023468193105635,0.00150412109455368,5.17284034542489e-05,2.13096418011899e-07,-0.00026119120958242,1.87948478567275e-06,2.26224670723755e-14,9.66246510050075e-14,0.707106781186549,2.02146962911437e-14,1.52360430368486e-14,-5.68539930657342e-14,-5.90336093839997e-14,-5.26315167224606e-14,-2.19178999526264e-14,-9.23838792215698e-15,1.66806975413474e-15,9.89598840725692e-15,1.81521464526213e-14,1.5714015746142e-15,1.22817826645075e-14,5.13177658095549e-15,2.05597195244149e-14,3.44264457690315e-15,1.80835859184714e-15,-4.96506416166815e-16,-2.28630732725609e-15,-8.81958498751736e-15,7.08763583212234e-15,4.81690320401843e-15,8.85609923848216e-16,5.6550447338388e-17,2.80255622961908e-15,4.02211432249966e-15,8.1482617132185e-16,5.97576516577766e-16,-3.0420691115514e-14
"t94",-0.136710197302829,-0.0476294399206451,-0.0227007369598859,-0.00421031840135633,0.0784232347533719,0.0897783312349121,0.00134468328739826,0.00108708685560244,-1.03397110456371e-05,-0.000148081069959213,7.57275471472765e-05,-0.0124351076069655,7.23633284208346e-05,-0.389279986210155,0.00378762903446082,-0.00381387524797604,0.0492960684416441,-0.0063388696176787,0.000254885275246416,-1.01248039567576e-05,0.000476578066439363,-0.000187566093850022,0.0768141873412357,-0.00196016376884178,-0.00457223893271894,3.54812773202106e-06,-8.37217807361746e-06,0.0080183057895814,2.28866121358348e-08,-1.04824589456654e-05,0.000589096201008388,-0.003154171343957,0.000924339384022116,-0.0201185656240817,1.04027494781513e-05,-0.000412756820579438,-7.36728356483524e-08,0.000830355656184173,-0.000659160577865784,-0.726286192387655,-0.00295216606098695,0.500402354107449,-0.00411903420429202,0.00291534968264287,0.00438167614960506,-0.0700021438902491,-0.000282509062652241,0.0322545080549839,-0.0927544798865992,-0.000247449106422505,0.00145503558756619,0.00453942857966395,0.00126399459615305,-0.00813867246355007,-0.000284647371544907,-1.18146740342608e-06,0.0014695736958433,-1.55656863310343e-05,-4.75988751082608e-17,-1.69657664252052e-16,-3.22363276040887e-15,-1.00981208438373e-18,-4.06356059611899e-16,9.32080519731435e-17,1.8418681865461e-16,5.33185753519318e-16,1.04230343433023e-16,-7.62945143455196e-16,-3.11154404245243e-16,-2.26696539869584e-16,-2.33840724561674e-15,3.87580614132009e-16,-3.64182801044853e-16,7.94240145844499e-16,-9.57429917083747e-17,1.11863000189622e-16,2.92666822660216e-16,1.11737540147979e-16,-2.96719870618583e-16,-2.3139046334451e-16,1.99014553782349e-16,4.10034666075078e-16,2.21920558767226e-16,-2.82481397529911e-16,2.60436332674621e-17,-5.49433994488096e-16,-6.54812092635354e-17,-1.60948038553445e-16,1.41145698417343e-16
"t177",-0.152190579417369,-0.0578326051044311,-0.0349286853431533,-0.00917271822727361,0.193085988710457,0.246009364641042,0.00497624487434772,0.0166952807557904,0.000153660054969529,0.000216551119396252,-0.000103772436672728,0.0157912052870167,-5.36888329788036e-05,0.182770000073702,-0.00138020423551597,0.00101779292653023,-0.0128390233802697,0.00163554659414181,1.12322841153852e-05,-1.47633292278638e-06,0.000209733034718662,-0.000230778527874759,0.158464928046956,0.00902101674260925,0.00496535920431562,-3.91284456644631e-06,1.08066497926593e-05,-0.0627708814048641,-7.85963481797491e-11,-2.02397503132334e-08,8.82054383477548e-06,-0.000155317467834593,4.91885941109466e-05,-0.001183120262086,6.51411288438153e-07,-2.78483015732356e-05,-5.01732957182223e-09,5.74161620572541e-05,-5.32851550343865e-05,-0.0650567277606266,-0.00026508467543682,0.0450561697317114,-0.000368539518990362,0.00025836876560704,0.000338132825117456,-0.00504793424661545,-1.99217658381931e-05,0.00178506724418541,0.890895894151784,-2.95141545050639e-05,0.000166098368468691,0.000514191544734681,0.000144463069994993,-0.000930624100220274,-3.26065145828803e-05,-1.35448006956854e-07,0.000168749837825041,-1.86629415716717e-06,2.05117905286677e-16,1.10967247003079e-15,-3.95206265440435e-16,-1.35400862933674e-16,-2.79382944426049e-16,-3.16533580237198e-16,-1.46057253536879e-15,-5.61363163450335e-16,-2.89402202758689e-16,6.79883217790939e-16,-4.38515653749104e-16,3.96227265835952e-16,-4.92661467177413e-16,7.24498353035102e-16,-2.04026149065682e-15,2.13018313287e-16,8.43076492595422e-16,-3.64752243954499e-16,-4.98009598967221e-16,7.41793520421478e-17,7.38030825761855e-16,1.43996418124677e-15,-1.15505042685399e-16,-1.78937583667427e-17,-1.81560695810987e-16,-8.93388150781065e-16,-4.17510111467883e-16,-2.25070697382307e-15,1.81840106486258e-16,1.06548300628632e-15,4.9474869464719e-16
"t186",-0.154659759598645,-0.0594548432944846,-0.0368572110996204,-0.00994762828231177,0.210938596642586,0.270276676519178,0.00553716912077143,0.0190745660594764,0.000178430623157172,0.00026893300615638,-0.000129451086192036,0.0198076383937098,-7.0644133127711e-05,0.253205408914283,-0.00197132220711981,0.00150741791752139,-0.019066758108824,0.0024313930074243,1.95525825090811e-05,-2.6993717699873e-06,0.000420347507344668,-0.000504134960634506,0.356612161289894,0.0221585183133587,0.0149191256179336,-1.27482131315167e-05,3.74248165146609e-05,-0.246348488516689,-1.43365481465596e-09,3.40141082574158e-07,-3.99940519463238e-05,0.000223191028947023,-6.3616002302147e-05,0.00132111794179124,-6.58051444385813e-07,2.47305676044779e-05,4.38034758878306e-09,-4.87337413501848e-05,3.23504307794646e-05,0.028098698561714,0.000112415787812526,-0.018330126708355,0.000142028330034384,-9.72470237860408e-05,-0.000118287876672785,0.00174866658474018,6.88496828615167e-06,-0.000608503937518197,-0.29572303736091,9.04071425756204e-06,-4.7767044498612e-05,-0.000142048984689207,-3.28322556596922e-05,0.000210604697320873,7.26546859773983e-06,2.99726003275826e-08,-3.68403188598671e-05,2.87960330176375e-07,-6.88872307641607e-15,-1.01949618248966e-14,1.26773080552165e-14,-3.16517375184732e-14,-1.27378478957471e-14,9.06059956460479e-15,2.43555665076348e-14,1.55991534698014e-14,2.61412423401846e-14,2.02274844829213e-14,-9.54767693463329e-15,1.56450251918411e-14,7.11930514540882e-15,2.32142325477239e-12,-0.707106781186547,-3.41988922716508e-14,-3.97599063685818e-14,2.04531349237364e-14,-1.30051178764486e-14,7.41538409545143e-15,1.4442979568003e-14,1.98132889417491e-16,1.36766672335689e-15,4.24837756371796e-15,9.88916509849065e-17,4.35770072714341e-15,3.39801235603535e-15,4.19337501358243e-16,5.94082816333217e-16,1.15234375911726e-15,8.07979110219191e-16
"t187",-0.154659759598645,-0.0594548432944846,-0.0368572110996205,-0.00994762828231147,0.210938596642586,0.270276676519178,0.00553716912077126,0.0190745660594764,0.000178430623157158,0.000268933006156713,-0.000129451086192056,0.0198076383937099,-7.06441331280068e-05,0.253205408914283,-0.00197132220711965,0.00150741791752149,-0.0190667581088242,0.00243139300742439,1.95525825096127e-05,-2.6993717701161e-06,0.000420347507344702,-0.000504134960634467,0.356612161289894,0.0221585183133587,0.0149191256179333,-1.27482131314792e-05,3.74248165146993e-05,-0.246348488516688,-1.43365451368144e-09,3.40141082220274e-07,-3.99940519465458e-05,0.000223191028947856,-6.36160023017585e-05,0.00132111794179152,-6.58051444060552e-07,2.47305676048144e-05,4.38034771287678e-09,-4.87337413500669e-05,3.23504307793779e-05,0.0280986985617138,0.000112415787812099,-0.0183301267083542,0.00014202833003372,-9.72470237859697e-05,-0.000118287876673047,0.00174866658473881,6.88496828482263e-06,-0.000608503937519231,-0.295723037360907,9.04071425847971e-06,-4.77670444979424e-05,-0.000142048984689536,-3.28322556624044e-05,0.000210604697319254,7.26546859822208e-06,2.99726022787434e-08,-3.68403188585054e-05,2.87960329703419e-07,6.4659754396107e-15,9.57173014919424e-15,-1.24050823848731e-14,3.17621717635018e-14,1.30485163935676e-14,-8.70243459967156e-15,-2.34736205793661e-14,-1.47400161062401e-14,-2.59297400643974e-14,-2.07737895250746e-14,9.80102737817535e-15,-1.57338036775624e-14,-5.84254866708989e-15,-2.32217038455287e-12,0.707106781186548,3.39904162659622e-14,3.9109274767689e-14,-2.01532335111414e-14,1.33898413671557e-14,-7.4437543099353e-15,-1.49106795464484e-14,-1.37809163734392e-15,-1.26281948890737e-15,-4.36204235615938e-15,5.38419973616235e-17,-3.75489550712587e-15,-3.2309010087152e-15,3.01541504679362e-16,-6.76367841441508e-16,-1.95866857102578e-15,-9.69096085449348e-16
"t235",-0.151007456288931,-0.0570364266404973,-0.0339306384274971,-0.00874936334506015,0.183192345759671,0.232412999357906,0.00465419659081323,0.0152594071879669,0.000138254987331677,0.000179805968947788,-8.56183376570785e-05,0.0129243682872235,-4.05576013892128e-05,0.123377618210423,-0.000856677841033705,0.00055857567916185,-0.00697340665743978,0.000884769338686635,1.28549845405425e-06,9.24254401047341e-08,-9.72970334132683e-05,0.000216938548477888,-0.179139049813703,-0.0160743496642623,-0.0195489807359171,2.01164339227004e-05,-6.71374263728659e-05,0.561343294604098,2.6697143096048e-08,5.42038731429079e-06,-0.00022427717124639,0.000561189117401467,-0.000148925095294308,0.00279307361729536,-1.2945569372062e-06,4.41420880124242e-05,7.71481460975414e-09,-8.39299463600007e-05,4.08791575263849e-05,0.0216633031805382,8.348584196639e-05,-0.0124185152377415,8.38512086589107e-05,-5.36412641115279e-05,-5.06245734097528e-05,0.000718692254915138,2.80160047780455e-06,-0.000233009698165497,-0.0993241223362834,1.70580145020119e-06,-3.21061631828115e-06,1.85041332683811e-06,1.44372252427853e-05,-9.47291016221152e-05,-3.53642765856931e-06,-1.50881306605781e-08,1.97532735536597e-05,-4.38436861983991e-07,-1.52050737116984e-15,7.61105441236446e-16,-3.54148681827431e-15,2.1317857848404e-16,5.40056217994769e-15,-1.84204900307446e-15,1.9442747817127e-15,-2.30391436109668e-15,1.39775299996279e-15,-1.60813200141897e-15,3.98163502420145e-15,7.21177642387747e-16,-8.89913143176102e-16,1.82374011635203e-15,8.63891424272591e-17,6.98229528887654e-16,-2.56278656772627e-15,1.12488934206701e-15,-3.5461800060031e-15,-2.92839347189107e-15,4.87289836385235e-16,1.63352953669398e-15,1.3491904619925e-15,-1.51986153981901e-15,2.09623859818947e-15,-4.87584834989629e-15,5.11765527945523e-15,0.707106781186549,5.69497776237406e-15,-8.74837367461654e-15,-3.11790302154482e-15
"t236",-0.151007456288931,-0.0570364266404973,-0.0339306384274971,-0.00874936334506008,0.183192345759671,0.232412999357906,0.00465419659081334,0.0152594071879669,0.000138254987331776,0.000179805968947677,-8.5618337657134e-05,0.0129243682872235,-4.05576013891452e-05,0.123377618210423,-0.000856677841033655,0.000558575679161972,-0.00697340665744003,0.00088476933868659,1.28549845393499e-06,9.2425440061366e-08,-9.72970334136014e-05,0.000216938548477999,-0.179139049813704,-0.0160743496642623,-0.0195489807359168,2.01164339226068e-05,-6.71374263729319e-05,0.561343294604099,2.669714325651e-08,5.42038731406354e-06,-0.000224277171246082,0.000561189117401911,-0.000148925095294287,0.002793073617296,-1.29455693769539e-06,4.41420880121293e-05,7.71481452523126e-09,-8.39299463606877e-05,4.0879157526862e-05,0.0216633031805388,8.34858419657353e-05,-0.0124185152377426,8.38512086587945e-05,-5.36412641122183e-05,-5.06245734103964e-05,0.000718692254913764,2.80160047816646e-06,-0.000233009698166822,-0.0993241223362864,1.70580145021203e-06,-3.21061631763236e-06,1.85041332792079e-06,1.44372252429796e-05,-9.47291016230555e-05,-3.53642766008373e-06,-1.5088130151657e-08,1.9753273554541e-05,-4.3843686382849e-07,1.54359297869591e-15,-1.08941662282963e-15,4.20940268052573e-15,-2.39523588771747e-16,-5.37299817803363e-15,1.20215020420188e-15,-8.11695073745541e-16,1.98970062360051e-15,-1.28056632051731e-15,1.5476867900081e-15,-3.79211574153562e-15,-9.28917863781621e-16,1.28803218091278e-15,-1.21578869056286e-15,5.90701610359222e-17,-8.17581715992329e-16,2.25929634434403e-15,-1.01807678156539e-15,3.63398533882883e-15,2.68015335993048e-15,-6.18741805407634e-16,-2.01589797958438e-15,-1.44209708087284e-15,1.42767848078885e-15,-1.97547582621823e-15,5.01355862406129e-15,-5.25907453081842e-15,-0.707106781186547,-5.76760102040797e-15,8.13708508305069e-15,2.8023064506053e-15
"t185",-0.144702230273813,-0.0528818102726554,-0.0289604784828219,-0.00674003176077543,0.136828944092379,0.169316930069453,0.00319205065795103,0.00902702041976836,7.31935130512847e-05,4.10207531911233e-05,-1.75545862095977e-05,0.00227324318709218,4.53025351540917e-06,-0.0638695531527412,0.000711604090767315,-0.000734708891023853,0.00946943412745527,-0.00121612496014302,-1.95157328907221e-05,3.05251976357389e-06,-0.000562822995355747,0.000742896961044008,-0.536024767516474,-0.033842567480349,-0.0161703695427268,7.937908143716e-06,-4.7317445105062e-06,-0.346959490583125,-1.46278451934254e-06,6.44280353761552e-05,-0.00139719029136015,0.00213227772552264,-0.000544255314077431,0.00967744330236783,-4.3260858179784e-06,0.000140733694890829,2.4441378159576e-08,-0.000263112856351888,0.000111165689547086,0.0446853401828691,0.00016751231210213,-0.0231237435619011,0.000136317350979062,-8.03996317464209e-05,-4.82128830356365e-05,0.000612970278435848,2.31920883410325e-06,-0.000156076310434215,-0.0294427378417554,-3.49125413609715e-06,3.73478335294053e-05,0.000147885383919501,7.86941930882926e-05,-0.000511448393640847,-1.8486156568135e-05,-7.7825836944056e-08,9.94393878325228e-05,-1.65282770959909e-06,-8.19339397853511e-15,-3.78914152314849e-15,1.6917547945644e-15,-1.59762077699258e-14,-6.58136851262512e-15,1.2743927072196e-14,2.44128565167959e-14,5.22515031969399e-15,5.5644888532308e-15,2.55482883946274e-14,1.73511228841065e-14,-2.730172106145e-14,5.00901403688303e-15,-0.707106781186548,-2.32236570976959e-12,4.30665674571005e-14,5.28377686652137e-14,1.06848576914664e-14,-2.95479990318963e-15,4.86317183479439e-15,2.6615988546541e-14,-9.26706048264071e-15,-1.27322182806185e-14,-5.91348604238535e-16,-3.18125109926494e-15,1.30008120513464e-15,6.20226326895634e-16,1.72375181254558e-15,5.55001835659814e-16,-1.14410306069969e-15,-8.63138119233333e-18
"t200",-0.144702230273813,-0.0528818102726554,-0.0289604784828219,-0.00674003176077537,0.136828944092379,0.169316930069453,0.0031920506579511,0.00902702041976842,7.31935130513211e-05,4.10207531913453e-05,-1.75545862096047e-05,0.00227324318709216,4.53025351548897e-06,-0.0638695531527416,0.000711604090767285,-0.000734708891023835,0.00946943412745532,-0.00121612496014302,-1.95157328904388e-05,3.0525197634813e-06,-0.000562822995355816,0.000742896961044064,-0.536024767516475,-0.033842567480349,-0.0161703695427271,7.93790814373032e-06,-4.73174451060985e-06,-0.346959490583126,-1.46278451959928e-06,6.44280353762905e-05,-0.00139719029136082,0.0021322777255238,-0.000544255314076909,0.00967744330236708,-4.32608581928465e-06,0.000140733694891371,2.44413781633309e-08,-0.00026311285635254,0.00011116568954728,0.0446853401828705,0.000167512312103379,-0.0231237435619005,0.000136317350979152,-8.03996317481279e-05,-4.82128830369757e-05,0.000612970278436098,2.31920883456279e-06,-0.000156076310435812,-0.0294427378417565,-3.49125413774513e-06,3.73478335289196e-05,0.000147885383918223,7.86941930879317e-05,-0.000511448393640229,-1.84861565692487e-05,-7.78258367723996e-08,9.94393878314681e-05,-1.65282770900636e-06,8.33021394513687e-15,3.81512271554859e-15,-1.64807493808934e-15,1.59992896013533e-14,6.38721599147986e-15,-1.2705953159354e-14,-2.47404431491725e-14,-5.75403568003908e-15,-5.50154531050076e-15,-2.56895152006981e-14,-1.74492121957959e-14,2.73431279446933e-14,-4.71584576944295e-15,0.707106781186547,2.32287437237849e-12,-4.30603609181688e-14,-5.29611334493257e-14,-1.04800021396077e-14,2.8804802273145e-15,-4.81204503225227e-15,-2.66198262406342e-14,9.14500946563949e-15,1.28109591615312e-14,4.57297765581664e-16,2.96739275022545e-15,-1.26674708364566e-15,-5.09342154603861e-16,-1.30376577695467e-15,-5.31299391005627e-16,8.87275787955951e-16,5.04527832731552e-18
"t148",-0.146362411230035,-0.0538308520391966,-0.0292903594206432,-0.00525791856859028,0.0518697665946702,-0.222962809925978,0.00729945916847103,0.0167285443923098,0.00014399199187498,0.000315412314588537,-0.000214500760955263,0.223733361944404,-1.1400583333751e-05,0.0225217493403461,-1.04079814080074e-05,-0.000188542479629197,0.00260308167666934,-0.000342779721360972,-0.274518134450399,-2.16412264124289e-06,0.000103735733428345,-2.78548489376345e-05,0.00338183879429466,-0.00211289404561681,-0.0133815864537816,1.58981802011321e-08,-1.70524101295727e-06,0.000397215203887066,-4.93022747063629e-08,-3.54303775710251e-07,0.000118911151246209,-0.000962905007504206,0.00028918106009453,-0.00650089291465882,3.43326708326474e-06,-0.000139900546313724,-2.50585437877597e-08,0.000284077047157941,-0.000243232989739356,-0.341176807492845,-0.00150407887009624,-0.531432817884007,-0.0014379212259498,0.00112077225239112,0.00246917058769417,-0.0473497631000717,-0.000204676698095728,0.142632926165239,-0.00017482592112707,-9.81188016316754e-05,0.000848763449502764,0.602785971146285,0.000362646964888046,-0.00234685622161145,-8.34641322445089e-05,-3.48766742956321e-07,0.000439063002999909,-5.27967270066011e-06,1.66454165755036e-16,2.81833360060772e-16,-1.89206801754024e-16,-3.47880915219887e-16,-6.12567708707799e-16,8.1025039334175e-16,-1.33742475237795e-18,4.87627570979373e-16,2.55701840155684e-16,-1.36243578802734e-16,2.74307817179891e-16,6.70682355184793e-17,3.08650674463173e-15,1.22530642679925e-15,5.65133751134775e-16,-2.6658921573814e-16,2.49803269107585e-16,-5.64843499888417e-16,-2.99047171162329e-16,-3.62488199698787e-16,1.66819271435724e-16,-5.25449500476681e-16,1.05744045783242e-16,-1.57515267767104e-17,-8.45975918344162e-16,3.19228490717719e-16,-3.93641010304082e-16,5.28183256445166e-16,2.40421025687432e-17,1.89347981325434e-15,1.60164987525031e-16
"t152",-0.148617702675824,-0.0552642131424276,-0.0308236789404105,-0.00567852383879232,0.0564094025808738,-0.243776097696385,0.0080776100727811,0.0189802722594027,0.000165898024356956,0.000387162415110776,-0.000264404964189141,0.277219828811385,-1.4775611519257e-05,0.0306333908199258,-1.45662535466391e-05,-0.00027296159652548,0.00377808367632729,-0.000497984662248152,-0.461689839355249,-3.8081826334883e-06,0.000198556425245938,-5.76608225510249e-05,0.00719145779976735,-0.00486140682764413,-0.036811820724345,4.69357359436651e-08,-5.30715110786881e-06,0.00137550817417983,-5.08823982899032e-07,2.72626746263827e-05,-0.000707677928042438,0.00153501863608937,-0.000411806479625444,0.0079190000350913,-3.76208902370511e-06,0.000133870600180276,2.35538680698112e-08,-0.000259248885511804,0.000156541641751225,0.154336041898178,0.000667638495128837,0.225989530682788,0.000578200781137621,-0.000439814388211134,-0.00089841807122755,0.0170547825356558,7.35434849806301e-05,-0.0505283360735482,6.02548508308503e-05,3.1124700175713e-05,-0.000252243515917863,-0.171854657782533,-8.44828363490563e-05,0.00054431980194318,1.90497514680268e-05,7.90328596110118e-08,-9.81099650452927e-05,8.22191484826625e-07,3.48186329834169e-15,2.37006274453346e-15,5.24828901723628e-14,-1.02866357803417e-14,-1.06714479063375e-12,2.01025683904104e-13,-3.94735539937002e-14,0.707106781186547,-1.20201125907318e-13,4.34273350561963e-14,1.19313266966416e-16,2.59710632436017e-14,7.72407311722123e-15,5.21330638730793e-15,1.52263635465388e-14,-1.64281251358505e-14,8.29540109523962e-15,-9.31679464415381e-15,-5.85720307062044e-15,6.92987636658721e-16,2.57440426524633e-15,7.7318384377683e-15,6.3398284157159e-16,5.54624428347668e-15,5.3794863834275e-15,2.92093103884299e-15,-5.01518571756702e-15,1.81110169599506e-15,-6.84266657196744e-16,-1.81055619842393e-15,-1.65317112981221e-15
"t153",-0.148617702675824,-0.0552642131424276,-0.0308236789404104,-0.00567852383879231,0.0564094025808738,-0.243776097696385,0.00807761007278109,0.0189802722594027,0.00016589802435696,0.000387162415111081,-0.00026440496418921,0.277219828811384,-1.47756115193368e-05,0.0306333908199259,-1.45662535463997e-05,-0.000272961596525359,0.00377808367632682,-0.000497984662248291,-0.46168983935525,-3.80818263348874e-06,0.000198556425246021,-5.76608225511116e-05,0.00719145779976804,-0.004861406827644,-0.0368118207243447,4.69357358348112e-08,-5.30715110782197e-06,0.00137550817417958,-5.08823983419449e-07,2.72626746264729e-05,-0.000707677928042105,0.00153501863608982,-0.000411806479625722,0.00791900003509116,-3.76208902399568e-06,0.000133870600180667,2.35538681986559e-08,-0.000259248885512563,0.000156541641752759,0.154336041898177,0.00066763849512899,0.225989530682787,0.000578200781138759,-0.00043981438821087,-0.000898418071226953,0.0170547825356568,7.35434849816893e-05,-0.0505283360735461,6.02548508296969e-05,3.11247001759333e-05,-0.000252243515918044,-0.171854657782532,-8.448283635068e-05,0.000544319801943138,1.90497514687971e-05,7.90328589374783e-08,-9.81099650480266e-05,8.2219148499511e-07,-3.64657067937641e-15,-2.45532487376479e-15,-5.26130867266934e-14,1.04709977142695e-14,1.06748010393197e-12,-2.02148298623073e-13,3.97293189901988e-14,-0.707106781186548,1.20058290808979e-13,-4.34260619723121e-14,-3.26999834058976e-16,-2.60724831061718e-14,-9.13353594145239e-15,-5.7712042124831e-15,-1.5331776670441e-14,1.66915884268931e-14,-8.25327718307249e-15,9.94466872155156e-15,6.06217163352432e-15,-6.03016083669079e-16,-2.72710762490435e-15,-7.27129263666158e-15,-8.6021443412519e-16,-5.56892729687295e-15,-4.68848181922841e-15,-3.25853187555543e-15,5.30462054333786e-15,-2.40174307821865e-15,7.08724815364366e-16,5.27138209236605e-16,1.52097541453879e-15
"t241",-0.148675712459243,-0.0553019229991275,-0.0308662142354412,-0.00569090102772417,0.0565452068249907,-0.244406791587769,0.00810189937490606,0.01905524081208,0.000166658465921957,0.000390184965595175,-0.000266537361736596,0.279546400670747,-1.49493906686504e-05,0.0311523804114265,-1.48762024303195e-05,-0.000280766041792946,0.0038886685203243,-0.000512692912876303,0.460790549891882,-3.3174757664324e-06,0.000187958704404023,-5.55093621234445e-05,0.0069451751540838,-0.00472390677313374,-0.0360068221651701,4.59746175816844e-08,-5.20283467978638e-06,0.0013502226174609,-5.01413879737747e-07,2.68874075327564e-05,-0.000698127716805497,0.00150960412365173,-0.000404579561223591,0.00776516244487468,-3.68252173096797e-06,0.000130643738144941,2.29750842088286e-08,-0.000252665336242776,0.000149944559262299,0.139702579313005,0.000600664181812279,0.200047414187341,0.000497716890382742,-0.000372748802234778,-0.000710014150423113,0.0133030478824577,5.71755124243822e-05,-0.0384667335036386,4.36212348410544e-05,1.6161673197632e-05,-9.15547591391619e-06,0.212822028189424,-0.000133761986633604,0.000855383322737213,2.92078848822541e-05,1.19993703361367e-07,-0.000146393771983694,1.05873035212206e-06,6.86571326756013e-16,2.79218501902163e-16,-8.63691268463686e-16,4.36172551802161e-16,-2.0185963658641e-15,2.39990022632144e-15,-1.16383635623758e-16,9.72762310973023e-16,-3.30125230869793e-16,3.43098938610496e-16,-3.50883058971043e-16,-5.74117275948087e-16,-1.30158470806885e-15,-1.34077709683836e-15,1.55986187268385e-15,2.30517455014514e-16,1.10675472910143e-15,1.9268696686119e-15,3.05103193188204e-16,-1.25835599275804e-15,1.58809586657588e-16,-1.33207350701342e-15,-1.74018020313127e-16,-7.12124358297733e-16,7.67013881563643e-16,1.56466913748359e-15,1.007289220472e-15,7.94412035552661e-15,1.18387781526261e-14,0.707106781186548,-3.86128617930477e-14
"t242",-0.148675712459243,-0.0553019229991275,-0.0308662142354412,-0.00569090102772416,0.0565452068249907,-0.244406791587769,0.00810189937490604,0.0190552408120799,0.000166658465921957,0.000390184965595244,-0.000266537361737096,0.279546400670747,-1.49493906682618e-05,0.0311523804114265,-1.48762024301391e-05,-0.000280766041792598,0.00388866852032413,-0.000512692912876273,0.460790549891882,-3.31747576660935e-06,0.000187958704404217,-5.55093621234029e-05,0.00694517515408374,-0.00472390677313363,-0.0360068221651699,4.59746176701553e-08,-5.20283467997373e-06,0.00135022261746073,-5.01413879770707e-07,2.68874075328163e-05,-0.000698127716805434,0.00150960412365211,-0.000404579561223651,0.00776516244487464,-3.68252173061495e-06,0.000130643738145024,2.29750836956258e-08,-0.000252665336241464,0.000149944559262326,0.139702579313004,0.000600664181811954,0.200047414187339,0.000497716890382685,-0.000372748802235307,-0.00071001415042325,0.0133030478824568,5.71755124240569e-05,-0.0384667335036379,4.3621234842692e-05,1.61616731975235e-05,-9.15547591431864e-06,0.212822028189425,-0.0001337619866318,0.000855383322737185,2.92078848807623e-05,1.19993702897707e-07,-0.000146393771983361,1.05873035114801e-06,-7.83824935003892e-16,-2.88891650395062e-16,4.58413985536936e-16,-3.63213655637034e-16,1.44823772929609e-15,-2.9215225556129e-15,7.965193359092e-16,-1.40372958821294e-15,2.26801218955808e-16,-6.72989195939515e-17,6.13746264342371e-17,4.09839756881173e-16,2.75918610875836e-15,9.20960452237929e-16,-1.50790109151404e-15,-2.55790250684967e-16,-1.12827769948197e-15,-1.95761012377268e-15,-5.47759988999803e-16,1.45306925906633e-15,-2.71340077766003e-16,1.28240874147355e-15,3.563587789972e-16,5.41574593600764e-16,-4.1234248679438e-16,-1.6402659606582e-15,-7.18765766335945e-16,-8.04839518677262e-15,-1.21632916160423e-14,-0.707106781186548,3.84260381326374e-14
"t203",-0.146373571938273,-0.0538386229848685,-0.0293004000439796,-0.00526121381842344,0.0519069907458829,-0.223139463787085,0.00730658578349493,0.0167525437654465,0.00014424744847171,0.000316610772354259,-0.000215354270464929,0.22467525530478,-1.14774756786312e-05,0.0227702315642061,-1.05624217379557e-05,-0.000192597685897047,0.0026607081939044,-0.000350452707207553,0.271413170016589,-1.86619148837691e-06,9.70729105606583e-05,-2.64745206847838e-05,0.00322309086083858,-0.00202356336003052,-0.0128624962969958,1.52848043596943e-08,-1.63931969560799e-06,0.000381622194418091,-4.61188434525139e-08,-4.48216727282069e-07,0.000118182342302653,-0.000931209426130897,0.000278855823397615,-0.00623976956055805,3.28312583080734e-06,-0.000133021360896865,-2.38061100233315e-08,0.000269483847064655,-0.000224871834909657,-0.294749912239831,-0.00129060330944274,-0.447933478609237,-0.00117595444974118,0.000901526113068733,0.00184601693187819,-0.0349237941233909,-0.000150447646816275,0.102598527869318,-0.000119434600024765,-4.78847341712878e-05,2.88560547565403e-05,-0.697625692310782,0.000530021286557852,-0.00340337446108452,-0.000117965589144842,-4.87885003049439e-07,0.000603042545635868,-6.07509826894021e-06,3.78377763692837e-17,-4.49565068699747e-17,7.68161509202573e-16,2.95555622544497e-17,7.37846091176116e-16,-1.00558454522325e-16,-5.95139570292353e-16,3.02950754571376e-16,1.31628538717485e-16,-2.68353834787322e-16,2.13267386796985e-16,4.13977093389196e-16,-2.08275237334465e-15,2.25149364464541e-17,-1.55703927201126e-17,-1.24580647225637e-16,-5.9146549453431e-16,7.85837265171845e-17,3.22439160374578e-16,-8.09008653215453e-17,2.46981814595775e-16,-1.87594961130092e-16,-5.78427183711968e-17,6.1737586820032e-17,-3.68219622749317e-16,6.04606457687513e-17,8.68348585296214e-17,-3.2049181198118e-16,2.92453503812364e-16,4.08302750948892e-18,1.88812907861175e-16
"t179",-0.145148392797292,-0.052996307543891,-0.0282140683421786,-0.00489173112898312,0.047664957215064,-0.20271394171536,0.00644934359495746,0.0135086218745965,0.000106061604553007,-0.00016084678928513,0.000180786230149554,-0.329036680276883,-3.70066404852265e-05,0.0472178675017594,-2.02326006209785e-05,-0.000351963611608948,0.00485111389726722,-0.00063841737284308,0.00067056080242435,-3.91009757225169e-06,0.000214203881676006,-6.5745281102092e-05,0.00843609677333346,-0.00646648029587291,-0.122848262091564,-1.54535358470407e-05,1.81087591196068e-05,-0.00125204986328026,1.87064244823454e-09,-3.90811919680212e-07,6.41687233881028e-05,-0.000619533243163606,0.000187808749289562,-0.00425851380899431,2.25406688297153e-06,-9.16041102623638e-05,-1.63927563146651e-08,0.000185492228233039,-0.000147631738286309,-0.123911858900312,-0.000495140455480342,-0.121468356206207,-1.28117202791329e-05,-0.000168222092404356,-0.00436790732419843,0.121054331439596,0.00057809411419605,-0.865919868003503,-0.00163044468826741,-0.000161308810974341,0.000774814479525064,0.0156279429014308,0.000520731569690402,-0.00334688259142599,-0.000116328792333843,-4.81570116164765e-07,0.000596085976313471,-5.9359923027533e-06,-3.74490184138502e-16,-1.50250221242841e-16,6.73267734556134e-16,-4.01203018341074e-16,-8.406023105623e-16,-2.00657368259207e-16,-1.45993423008985e-15,-1.09895119073759e-15,-2.79665911050995e-16,-3.32281204539159e-16,3.13953125392775e-16,3.69595229766296e-16,-1.28307195597366e-15,-6.10592337903713e-16,-5.10726476300228e-16,-3.26107989684189e-16,1.88597345086601e-17,-2.17576365809524e-16,4.52524665272466e-17,-9.80551546719982e-16,2.67830223437122e-16,3.89496540638868e-17,-4.01381128456369e-16,-2.16253533846974e-16,-3.14700224590252e-16,-1.646827549025e-16,1.65668933134942e-16,5.58416085179946e-16,-2.72961574671309e-16,8.90852779417831e-18,-2.04089999187357e-16
"t232",-0.147529428910014,-0.0544995527859111,-0.0297897717058934,-0.00530986382683461,0.0521244414037854,-0.222949548295945,0.00718511760284636,0.0154576833033079,0.00012337489947049,-0.000200278551352746,0.00022612751955739,-0.413864686973427,-4.88602414789874e-05,0.0656874954755965,-2.90318067347681e-05,-0.000523993257540382,0.00724200161893089,-0.000954061422916952,0.0011766127287975,-7.21326348239459e-06,0.000433959524433147,-0.000145455966599914,0.0192409067166519,-0.0161335027766017,-0.377123791805584,-5.15806718017695e-05,6.43897346619474e-05,-0.00507028000337223,4.16282628645792e-08,5.54130214874826e-06,-0.0002752250553128,0.000868889235191636,-0.000237417580741233,0.00465665523722839,-2.23237234252423e-06,7.9857651033854e-05,1.40515698260746e-08,-0.000154622579069088,8.82629772352983e-05,0.052814400339345,0.000207233739257363,0.0487822131500856,4.87539394456588e-06,6.25293245181055e-05,0.00150956312980785,-0.041430457025816,-0.000197389372357526,0.291653369685171,0.000534812010105492,4.88465833995548e-05,-0.000220339487594992,-0.00426998988104216,-0.000117152229655915,0.000749782367778618,2.56612234072889e-05,1.05500759393315e-07,-0.000128842518244299,9.08231461902581e-07,-3.0740373182292e-15,1.18463118199671e-14,-2.65422257910449e-15,-8.41414860380408e-16,9.41326254068313e-16,1.69457929615823e-15,-2.71846522461433e-15,5.23435633571024e-15,4.42995355962332e-16,1.59056019458232e-15,-1.81721434796258e-15,8.07635435786784e-16,-4.10858413263382e-16,6.05681397900353e-16,3.49100557199578e-15,2.58212009596898e-15,3.0430607432978e-15,3.17295689996163e-15,4.49966250009314e-15,4.37914810782548e-15,1.7263545405161e-15,2.01553072953403e-15,4.98946431509281e-15,-6.18114300415141e-15,-2.21399482700731e-15,3.86425031603025e-12,0.707106781186548,-5.35200324134774e-15,2.48866981321785e-15,-1.07157258866331e-15,-2.12491109782708e-15
"t233",-0.147529428910014,-0.0544995527859112,-0.0297897717058934,-0.00530986382683461,0.0521244414037854,-0.222949548295945,0.00718511760284637,0.0154576833033078,0.000123374899470424,-0.00020027855135271,0.000226127519557411,-0.413864686973427,-4.88602414789735e-05,0.0656874954755965,-2.90318067344697e-05,-0.000523993257540489,0.00724200161893095,-0.000954061422916892,0.00117661272879766,-7.21326348235296e-06,0.000433959524432981,-0.000145455966599949,0.019240906716652,-0.0161335027766017,-0.377123791805584,-5.15806718017805e-05,6.43897346617982e-05,-0.00507028000337231,4.16282626980458e-08,5.54130214874826e-06,-0.000275225055312606,0.000868889235191572,-0.000237417580741573,0.0046566552372283,-2.23237234227638e-06,7.98576510345483e-05,1.40515703364261e-08,-0.000154622579068731,8.8262977235111e-05,0.0528144003393449,0.000207233739257476,0.048782213150086,4.8753939441426e-06,6.25293245179112e-05,0.00150956312980744,-0.041430457025816,-0.000197389372340738,0.291653369685171,0.000534812010104866,4.88465834017654e-05,-0.0002203394875955,-0.00426998988104282,-0.000117152229655096,0.000749782367779506,2.56612234062967e-05,1.05500759166744e-07,-0.000128842518243355,9.08231462082992e-07,3.42831829602209e-15,-1.17279378390055e-14,2.36813182558286e-15,1.13061841868505e-15,-1.44512654685417e-16,-1.91334355115581e-15,4.40575081962002e-15,-4.7951853958171e-15,-2.43610991786072e-16,-1.29787147373106e-15,1.56215695633518e-15,-1.03674075153835e-15,1.79413775502901e-15,-5.02842692167741e-16,-3.40082935632361e-15,-2.38002064458626e-15,-3.20631923947144e-15,-2.94122693373349e-15,-4.58486689133501e-15,-3.7215098115094e-15,-1.83339682689089e-15,-1.74972839938265e-15,-4.74845873244836e-15,6.35933577116385e-15,2.39288706484282e-15,-3.86422920561705e-12,-0.707106781186547,4.53706928752808e-15,-2.32275440115976e-15,9.59146050086097e-16,2.28210222657762e-15
"t149",-0.143838754833909,-0.0521506457610878,-0.027282246753845,-0.00463145760294018,0.0448512236914811,-0.189812995611382,0.00596923068994253,0.0121748825543715,9.38685248475982e-05,-0.000129667808258498,0.000144663722795455,-0.260827343903134,-2.66906519234417e-05,0.0297544547876994,-1.15030304868036e-05,-0.000171410848546563,0.00233134786331468,-0.000305231904224049,-5.04471814886248e-06,8.21769348518728e-07,-0.000143906064970806,8.04472776243749e-05,-0.0121945165357045,0.0142871347390015,0.587863863568402,9.66367600064681e-05,-0.00013718617862488,0.0137815609609906,-1.58747181325074e-06,6.83011607944331e-05,-0.0014496519292604,0.00215379989964332,-0.000548435572559555,0.00971854982036102,-4.33370682985899e-06,0.000140474942765631,2.43834774404845e-08,-0.000262248574968149,0.00010860800243959,0.0381948444509267,0.000143793659610124,0.0305554562139577,2.61331212965052e-06,3.09996307165401e-05,0.000554501048816384,-0.0144868955006675,-6.8183504974827e-05,0.0934674524196043,0.000145214898080807,5.77790437433431e-06,1.82569988271125e-06,0.000392609949041445,6.2941365341615e-05,-0.00041071254282693,-1.50467344713148e-05,-6.36962759102352e-08,8.22009798687739e-05,-1.51534195986288e-06,6.82099680122859e-15,6.07144786118177e-15,-5.68892221050829e-14,-1.77171063281521e-14,-1.65524344947792e-12,-0.707106781186547,-7.07953190171878e-12,2.02021405183235e-13,-6.79591695019998e-15,2.8487694964672e-14,-2.25113337644152e-14,5.22401003799842e-14,-3.06715373585287e-15,-1.27982803047751e-14,-8.48728695205297e-15,1.1812699130506e-15,-6.53337861923275e-15,-3.39724284951837e-15,-2.15727444243393e-15,1.13393052785521e-14,-1.0407350373584e-15,3.87815151653642e-15,-3.19335189814769e-15,-4.744236271632e-15,4.83086031625851e-15,4.22877991767535e-15,1.6226752984279e-15,-1.25991413747217e-15,1.00101732067358e-16,2.91991122561851e-15,2.47398713050388e-15
"t228",-0.143838754833909,-0.0521506457610878,-0.027282246753845,-0.00463145760294018,0.0448512236914812,-0.189812995611382,0.00596923068994261,0.0121748825543715,9.38685248476292e-05,-0.000129667808258613,0.000144663722795519,-0.260827343903134,-2.66906519234868e-05,0.0297544547876993,-1.1503030486304e-05,-0.000171410848546653,0.00233134786331464,-0.000305231904224062,-5.04471814896656e-06,8.21769348610668e-07,-0.000143906064971028,8.0447277624407e-05,-0.0121945165357046,0.0142871347390015,0.587863863568401,9.66367600064993e-05,-0.000137186178625168,0.0137815609609915,-1.58747181339125e-06,6.83011607945927e-05,-0.00144965192926019,0.00215379989964359,-0.000548435572560062,0.00971854982036074,-4.33370682989716e-06,0.00014047494276502,2.43834771501368e-08,-0.000262248574967983,0.000108608002439559,0.0381948444509276,0.000143793659609542,0.0305554562139588,2.61331213002175e-06,3.0999630717057e-05,0.000554501048816533,-0.0144868955006679,-6.81835049751088e-05,0.0934674524196037,0.000145214898081432,5.77790437388329e-06,1.82569988473741e-06,0.000392609949040531,6.29413653404076e-05,-0.000410712542826888,-1.50467344710928e-05,-6.36962746962269e-08,8.22009798692458e-05,-1.51534196230797e-06,-6.91450831315687e-15,-6.02548939630019e-15,5.68456477101282e-14,1.77708660766808e-14,1.65533483500604e-12,0.707106781186548,7.07955017644012e-12,-2.0159009633239e-13,6.89964506470978e-15,-2.84866851826371e-14,2.24934752470635e-14,-5.22937765885107e-14,3.44728857005344e-15,1.29012851904108e-14,8.79345451428728e-15,-1.10915592677827e-15,6.44942075835828e-15,3.53716106029677e-15,2.04995386643923e-15,-1.12251165751586e-14,9.70524096056224e-16,-4.03939282266339e-15,3.26279461081383e-15,4.55235290944156e-15,-4.69995977029161e-15,-4.1429900490412e-15,-1.91405731665996e-15,1.59171427312866e-15,1.70964284313943e-17,-2.46671248054854e-15,-2.54553139308434e-15
"t161",-0.108217420968539,-0.0271409206734099,0.00782042094417895,0.0109710869464311,-0.239425570990548,0.0613025443317036,-0.0273082986405932,-0.270056911141103,0.0671281433700398,0.00107162479815038,-0.000463058327348247,0.00947599121129921,-0.000134683166423824,0.0556399783151424,0.00285065948575242,-0.0150948917358706,0.23740587063052,-0.0332228158954874,1.70231536683607e-06,-2.43595111618089e-06,0.000193068117558984,-5.24080718518061e-05,0.0015702207576118,-0.00494368705718829,-0.00109449565289108,5.88305420603022e-06,-1.28265902704233e-05,0.000327894026516562,-6.67315888935871e-08,-1.42328138319214e-05,0.00118692043135212,-0.0171180284033933,0.00676524090844519,-0.341911549675876,-0.00248907243780281,0.00405573494954954,6.32699311725393e-07,-0.00585566384951611,0.0010365556227957,0.0455612545134802,-6.40320057717315e-05,-0.00413131257556482,-0.0022363947382588,0.00223274029652171,0.0125392635730278,-0.278828611382324,-0.00123824904130727,-0.0389564362691392,0.000358927294291234,0.000113997556397041,0.000310176210095076,0.000449231571132237,0.0490311022691163,-0.758036873718845,0.00672107257438757,1.80930795198764e-05,-0.0134907150798416,1.46268064104803e-05,2.14154074991014e-16,-5.6242415291125e-17,-2.13469824102749e-16,2.43517689556291e-16,1.50138135788218e-15,-9.78657879806819e-17,-1.23576009764988e-15,-3.61485181015168e-16,-4.39934304291818e-16,2.12496899303665e-16,-1.85217761752306e-17,7.00740375740058e-17,-2.93126593419075e-15,5.83430973407186e-17,-1.01997469894656e-15,-6.25297157588383e-17,4.36348009871967e-16,1.72256546358334e-16,1.3294045858554e-16,3.75285799563593e-17,5.13130231660245e-17,-1.03099939993925e-15,7.60196774565311e-17,1.93875798863851e-16,2.30504265012482e-16,-2.73085205252067e-16,-3.55307182155534e-16,5.66452331333267e-16,-7.52704098219407e-17,5.4839185979952e-16,3.20938365578149e-16
"t210",-0.110022820177341,-0.0279240606675683,0.00826496866793772,0.0119261877951896,-0.262243553371383,0.0675368658784827,-0.0304832055836881,-0.309789896978216,0.0783065440200952,0.00134008161616824,-0.000581748154891475,0.0119730721455695,-0.000178836754000742,0.0779482871609716,0.00412259274424615,-0.022672897338528,0.357595189937255,-0.0500961285021887,3.02926370282508e-06,-4.56554917971363e-06,0.000398837733693064,-0.000118680981369038,0.0036708883283416,-0.0126988766031146,-0.00350145712685035,2.05814351332579e-05,-4.80283206260399e-05,0.00141346711288487,-2.6546593961535e-06,0.000152630927750797,-0.00456183022416714,0.0226996403583566,-0.00810581849863874,0.355383808805356,0.00234706944285984,-0.00337240605860651,-5.17404585103127e-07,0.00465831124531967,-0.000593046125172095,-0.0185951394866737,2.56614768066451e-05,0.0015885547288603,0.000814700048243007,-0.000794416933890887,-0.00414681179890734,0.0913099966284087,0.000404547235110959,0.0125536766208571,-0.000112624899101477,-3.30033204057091e-05,-8.4286017932908e-05,-0.000117241241864441,-0.0105114614319885,0.161812912318803,-0.00141240113019514,-3.77566077370199e-06,0.00277702984726924,-2.11661161279159e-06,-7.79910272756295e-16,-1.46662341979752e-15,-9.06151944113185e-15,3.81258770575879e-15,-2.16178594538945e-15,-3.86267080322795e-15,1.2002299965185e-14,7.74862915283467e-15,6.76868313746038e-15,1.76563931095674e-14,7.36547001623076e-15,-8.37456242337371e-15,3.88680380198833e-15,9.2494526819456e-15,-5.17998864704443e-16,-6.36454533600693e-16,-3.05143441675302e-15,-5.90886331651296e-15,-5.26124723081983e-14,-7.92726407781033e-14,-1.03373867686545e-13,-0.707106781186547,4.96830112853624e-13,1.29945853349135e-15,9.59214401943872e-15,1.64402721127661e-15,1.69643305351712e-15,1.7070323415663e-15,-1.97139026653407e-16,-1.66486600835833e-15,2.23096571077408e-15
"t211",-0.110022820177341,-0.0279240606675684,0.00826496866793772,0.0119261877951897,-0.262243553371383,0.0675368658784828,-0.0304832055836881,-0.309789896978216,0.0783065440200952,0.00134008161616828,-0.000581748154891499,0.0119730721455694,-0.000178836754000712,0.0779482871609716,0.00412259274424623,-0.0226728973385277,0.357595189937256,-0.0500961285021888,3.02926370315815e-06,-4.56554917988017e-06,0.000398837733693144,-0.000118680981369149,0.00367088832834163,-0.0126988766031146,-0.00350145712685022,2.05814351331643e-05,-4.80283206258647e-05,0.00141346711288481,-2.65465939580656e-06,0.000152630927751196,-0.00456183022416692,0.0226996403583571,-0.0081058184986387,0.355383808805356,0.00234706944285937,-0.00337240605860594,-5.17404585477178e-07,0.00465831124531901,-0.000593046125172291,-0.018595139486674,2.56614768067653e-05,0.00158855472885988,0.000814700048243718,-0.000794416933891194,-0.00414681179890712,0.0913099966284084,0.000404547235111838,0.0125536766208572,-0.000112624899104006,-3.30033204058462e-05,-8.42860179343652e-05,-0.000117241241864083,-0.0105114614319902,0.161812912318801,-0.00141240113019279,-3.77566077511997e-06,0.00277702984726931,-2.11661161242382e-06,7.07246781270127e-16,1.51091358603905e-15,8.73346918809501e-15,-3.80530876158699e-15,1.32004241576299e-15,4.0524410819291e-15,-1.03307219463251e-14,-7.62425597283891e-15,-6.58181826330579e-15,-1.83453533448663e-14,-7.42873615005677e-15,8.42807637226062e-15,-2.55948877408074e-15,-8.75191880775768e-15,1.14979350586775e-15,5.28955395879272e-16,2.80682039557571e-15,6.02401877837709e-15,5.25291784283788e-14,7.92272985932327e-14,1.0340942605545e-13,0.707106781186548,-4.96942348411812e-13,-1.43882368178689e-15,-9.74711837177468e-15,-1.52941536830245e-15,-1.5602024278518e-15,-1.96036139530063e-15,2.91108832857553e-16,1.12247743710927e-15,-2.44877410459229e-15
"t222",-0.105442347020558,-0.0259415820185789,0.00714517676442821,0.00953254712441971,-0.205134763599411,0.0519496880181008,-0.0225635281946981,-0.211143683093411,0.0506325017991374,0.000683004538354802,-0.000291455845550977,0.00587122135036209,-7.17695783240447e-05,0.0242817198360997,0.00107662607784246,-0.00462076748523671,0.0713934669492705,-0.00992232625494091,-6.42263031647161e-08,3.69433118818652e-07,-7.29934156318071e-05,3.18971132184931e-05,-0.00108769919467461,0.00472175545531959,0.00181416970235343,-1.16846968990069e-05,2.89200279972521e-05,-0.000940656470254042,2.69148506543138e-06,-0.000182219149359231,0.00649360749118855,-0.043931734510432,0.0161695674175812,-0.737451721790437,-0.00498839790131197,0.00735162580050179,1.13102259880314e-06,-0.010225697583918,0.0012982194509344,0.0320505549375641,-4.2983595318282e-05,-0.00246631190368828,-0.00111164014381379,0.00101001389302842,0.00387447270036792,-0.0806322242460816,-0.000352184588854032,-0.00998795867356962,7.22372090628357e-05,3.1342538172538e-06,-3.6421270503656e-05,-9.60975981269853e-05,-0.036159918633126,0.568573636717159,-0.00535185021053703,-1.47848435825497e-05,0.0115796135994758,-3.1447991880533e-05,-4.17884952709526e-16,8.29958592722395e-17,8.50913541137323e-16,-3.43770922896771e-16,-4.37565774530318e-16,-3.24549737885471e-16,4.47564154399464e-16,-3.77123283555397e-17,4.02193844286203e-16,7.21087696133735e-16,8.29031351302315e-18,-1.26441007793364e-16,2.01688031510258e-15,-7.16792458605858e-16,5.44545511940258e-16,1.52479566591904e-16,-4.14342316272521e-16,-2.45816077847894e-16,-4.11880096789129e-17,-1.75470667942362e-16,2.38858194368358e-17,6.83367507544507e-16,2.44539249651181e-17,-2.69919817603517e-16,-2.03152515420033e-16,8.47987233150637e-17,1.90881891191118e-16,-6.13880726416032e-16,6.58485465249647e-17,-1.33026824426055e-16,-1.01897067306117e-16
"t141",-0.104500717929566,-0.0255133060030449,0.00687465485344181,0.00888206674126859,-0.189115667328667,0.0474692240196686,-0.0201574586644491,-0.177484362945629,0.0404814324766679,0.000353761236808289,-0.000142810774828897,0.00266140711825581,1.85126554113979e-07,-0.0241379005597788,-0.00226939694427446,0.0212846586583053,-0.348337417317719,0.0494909030992919,0.000102560670912133,-2.47161051429856e-05,0.000955116009247241,-0.000196706803535007,0.00552952971336729,-0.0151639946395727,-0.00282580537502982,1.46030298630723e-05,-3.11271195454071e-05,0.000771006328683571,-3.24047083499757e-07,-6.61817267583187e-06,0.00100053225360932,-0.0100015642947929,0.00354644887599567,-0.14566214857531,-0.000865893041721112,0.000938606347474003,1.35716857858696e-07,-0.0010870801625571,-0.000276612962410189,-0.0534175910859696,8.0209054936164e-05,0.00602933914196067,0.00402895477005315,-0.00443897858197511,-0.0355084657680726,0.835024430581194,0.00375983938194096,0.128728464004446,-0.00142921245125011,-0.00125815259158314,0.00562098654296683,0.00265528388841741,0.0149678429074776,-0.202193906807659,0.000893035820491137,1.37531529216462e-06,0.000411316227161673,-2.9934314829963e-05,1.95980865958623e-16,2.42059237554818e-16,-6.36951023023036e-16,1.80787030959265e-16,-1.66602255278743e-15,4.96022113428424e-16,-3.65571440533779e-16,6.1388260782541e-16,-2.23503697319395e-17,5.94454048246802e-17,6.69638748059669e-17,8.70881762740584e-17,9.72184182793491e-17,2.61666421254936e-16,6.59524351766915e-16,-1.77923120466438e-16,-2.87129385850698e-17,1.22151631065501e-17,-1.59690743317518e-16,3.51317580269121e-16,5.63848835524326e-17,-2.29600645152472e-17,6.95636448318705e-17,3.37271336108509e-16,2.29506042328197e-16,1.47458772553618e-16,-3.5672702669422e-17,-1.0231988745135e-15,5.84207660152495e-17,-1.96817044842212e-16,9.89324871588281e-17
"t146",-0.106140416203329,-0.0262052231752272,0.00724137237065922,0.00960645810908843,-0.20599262073809,0.0519880725295858,-0.0223493778656807,-0.201865961583622,0.0467687999123863,0.000436034353221318,-0.000176782330705616,0.003312020703452,2.41229335243528e-07,-0.0330483034183262,-0.0031993716749281,0.0310684838067703,-0.509770032602494,0.0724983064681883,0.000174669509225379,-4.41069905167055e-05,0.00185937084866685,-0.000415370777080738,0.0120075440147624,-0.0357471824426095,-0.00803375343722932,4.4728815776455e-05,-0.000100821364256409,0.00279774407841225,-4.05044294089774e-06,0.000206621770333518,-0.0052626416626183,0.0151848456600178,-0.00482423230444818,0.170107520115849,0.000911576158296275,-0.00086497294228181,-1.22891081772589e-07,0.000956152006244465,0.000172358518202756,0.0234649329198414,-3.45775673985053e-05,-0.00249071919022781,-0.00157430691661039,0.00169295298831622,0.0125611366221805,-0.292426659091261,-0.00131352750436997,-0.0443415383748963,0.000479020251176597,0.000388231851051893,-0.00162531981282889,-0.000736631686422741,-0.00339419327109962,0.0456489113045352,-0.000198407929016347,-3.03373763868614e-07,-8.94683553145717e-05,4.53657969479854e-06,3.23629513960605e-15,3.29125720390464e-16,-1.46722911598118e-14,1.38112990631104e-14,0.707106781186548,-1.65551253261675e-12,-1.8552000213834e-13,1.06734066029901e-12,-6.82637033227608e-14,1.43385737311208e-16,-7.13743433813527e-15,1.0128914381382e-14,1.00573448020788e-14,-6.31439345255558e-15,-1.34718625144359e-14,-2.22860565470074e-14,2.49636009019431e-14,4.54901139932255e-15,1.28036853987191e-14,-2.55114078766941e-15,-8.96966700692701e-15,-1.31145094783847e-15,-2.12889717775293e-15,1.70275786621848e-16,5.54990789883981e-16,-9.88803202412468e-16,-6.66133814775094e-16,-4.78957151717196e-15,-6.2467441643006e-16,2.06605565988838e-15,-3.12109882981925e-17
"t147",-0.106140416203329,-0.0262052231752272,0.00724137237065923,0.00960645810908845,-0.20599262073809,0.0519880725295859,-0.0223493778656809,-0.201865961583622,0.0467687999123864,0.000436034353221459,-0.000176782330705547,0.00331202070345183,2.41229335298334e-07,-0.0330483034183263,-0.00319937167492799,0.0310684838067701,-0.509770032602495,0.0724983064681884,0.000174669509225314,-4.41069905169067e-05,0.00185937084866692,-0.00041537077708044,0.0120075440147627,-0.0357471824426096,-0.00803375343722951,4.47288157765036e-05,-0.000100821364256338,0.00279774407841231,-4.05044294086998e-06,0.000206621770333273,-0.00526264166261882,0.0151848456600176,-0.00482423230444834,0.170107520115849,0.00091157615829629,-0.000864972942282743,-1.22891082103049e-07,0.000956152006244507,0.000172358518202458,0.0234649329198425,-3.45775673990187e-05,-0.00249071919022838,-0.0015743069166106,0.00169295298831575,0.0125611366221785,-0.292426659091264,-0.00131352750436975,-0.0443415383748954,0.000479020251176226,0.000388231851051437,-0.00162531981282733,-0.000736631686424486,-0.00339419327109847,0.0456489113045338,-0.000198407929015863,-3.03373763542426e-07,-8.94683553139056e-05,4.53657969592784e-06,-3.30370786273049e-15,-4.81754371333099e-16,1.51701567974172e-14,-1.38987093459715e-14,-0.707106781186546,1.65513436289899e-12,1.85816639852732e-13,-1.06742392702586e-12,6.82711058686202e-14,-6.21247844834194e-17,7.0685206977531e-15,-1.01290090143137e-14,-1.04478403844715e-14,6.46704911844154e-15,1.26088375851374e-14,2.23509365275639e-14,-2.51039026802879e-14,-4.4501181390305e-15,-1.27652194592836e-14,2.21184029697078e-15,8.97852961834746e-15,1.4432899320127e-15,2.02471922977538e-15,-5.32497426638315e-16,-7.21564913830273e-16,8.66642833476264e-16,6.59194920871187e-16,5.80091530366644e-15,4.49248472881644e-16,-1.42594269725294e-15,-7.20141690056836e-17
"t188",0.0552590515505806,0.0109565674218476,0.192713465935394,0.0909408081636777,0.0408183238796977,-0.00905375830271538,-0.0346795059267497,-0.00802648163723104,-0.000509047806902903,-0.29519339303972,0.271955281882465,0.000623251977361466,-0.000713925131725355,0.00150683641133704,0.00610920738578336,-0.0237745771044743,0.00948476360581735,0.0670979335951702,2.48127422808504e-06,-0.000161743635116314,0.00597882346903475,-0.000250278761038258,0.000331566377969132,-0.00292408888021087,-6.31231729301197e-05,0.000261644178886167,-0.00013294598960081,3.10943293694063e-05,-9.9392489932848e-08,-0.000118659095808841,0.0146578095636958,-0.0989407457575489,-0.154706115850326,0.00245468125494225,-0.00153278648991168,-0.269016561986089,-0.00246890836787099,-0.0411074003147226,0.0160450014038606,0.00176688318183267,-0.00256612850955404,-0.000151192574357224,-0.004066638565552,0.00354059515304504,0.0848203914860666,0.00138240663438652,-0.000109427923957544,-4.07595099969414e-05,-2.6543238453591e-06,-0.00122777393157757,0.0382401270280512,5.58385651125458e-05,0.657907824828468,0.0397187366246863,-0.462438323395054,0.000642226212708479,-0.0755718903138994,0.000283583824137305,-4.9795583168923e-17,-2.96922249937434e-16,-7.0906822080552e-17,-2.4405397912964e-16,2.46200235126848e-16,7.56339435525888e-16,7.89516022003944e-16,-9.19403442267708e-16,1.36911109982144e-15,-1.17233425658142e-15,-4.27072282662571e-16,-2.35179114539168e-16,5.74712801006664e-16,-1.09287578986539e-16,1.87306767318596e-15,-1.57125010664872e-16,-6.37871108607841e-16,8.10420989505593e-17,5.73188221438101e-16,1.66809324235995e-16,2.03996360963516e-16,1.62023172656234e-15,-2.98082312303684e-16,3.27833971450892e-16,-3.85596518892429e-16,4.1353228754239e-16,5.57279916657549e-16,6.23958350265408e-16,-2.03534110504132e-15,1.19240554929956e-15,-1.32667643587816e-16
"t239",0.0561453431871009,0.0112603381364865,0.203225919864528,0.098527742035557,0.0445448766879807,-0.00993553583709461,-0.0385382140477207,-0.00915509881820368,-0.00058999057985567,-0.365538913500486,0.338247095943635,0.000779392435108797,-0.000935792485683728,0.00207767175530157,0.00867954683460411,-0.0350010378029966,0.0140004536654363,0.0991432729010287,4.27831962918068e-06,-0.000292577425861565,0.0118256488153657,-0.000538191349204128,0.000733817591288249,-0.00704295057205428,-0.000184517820178167,0.000826299966112541,-0.000444968209416967,0.000117157288882007,-1.43967107034751e-06,0.00275460504504633,-0.0729882433778989,0.148732058608472,0.208895063550391,-0.00285514371118893,0.00161080591552655,0.248185427848538,0.00223889914255357,0.0362327552252669,-0.0100967749935936,-0.00079097854174851,0.00112799345619965,6.37657114123365e-05,0.0016250577526236,-0.00138198605007153,-0.0307837243850423,-0.000496848309191818,3.9237691822271e-05,1.44170954929634e-05,9.1438967277091e-07,0.000390554623997576,-0.0114267312744754,-1.60347447643334e-05,-0.155799716667368,-0.00936641562953104,0.107397759202698,-0.000148137988642375,0.0172010497861924,-4.59245408880905e-05,-3.38298725266011e-16,1.59968641268051e-15,9.37618038765464e-16,-1.05752198487394e-17,-6.7339832669539e-16,-1.78676518025611e-16,-2.24213009270002e-15,-4.64905891561784e-16,-7.13281552603893e-16,-1.78947568568733e-16,-1.11426687024945e-15,8.58158858608376e-17,1.06655593509536e-15,-8.04911692853238e-16,-1.18828558104411e-15,-3.81848959990725e-16,-2.83235535635398e-15,1.28533224940242e-16,2.16064745104782e-15,7.7054055638199e-16,-7.407847790329e-16,-4.37150315946155e-16,1.38463905713518e-15,6.01381657025779e-16,2.18964304324122e-15,1.13411890055149e-14,1.76247905159244e-15,5.37417332857615e-15,-0.707106781186546,1.166775009942e-14,-2.70961755596527e-15
"t240",0.0561453431871009,0.0112603381364865,0.203225919864528,0.0985277420355569,0.0445448766879806,-0.00993553583709464,-0.0385382140477207,-0.00915509881820368,-0.000589990579855677,-0.365538913500486,0.338247095943635,0.00077939243510876,-0.00093579248568366,0.00207767175530159,0.00867954683460414,-0.0350010378029965,0.0140004536654362,0.0991432729010285,4.27831962914599e-06,-0.00029257742586177,0.0118256488153656,-0.00053819134920436,0.000733817591288192,-0.00704295057205423,-0.000184517820178235,0.000826299966112384,-0.000444968209417392,0.000117157288881979,-1.43967107077078e-06,0.00275460504504629,-0.0729882433778988,0.148732058608471,0.20889506355039,-0.00285514371118895,0.00161080591552661,0.248185427848538,0.00223889914255367,0.0362327552252671,-0.0100967749935938,-0.000790978541748464,0.00112799345619939,6.37657114125343e-05,0.00162505775262322,-0.00138198605007186,-0.0307837243850413,-0.000496848309191884,3.92376918220799e-05,1.44170954923493e-05,9.14389672757032e-07,0.000390554623997202,-0.0114267312744756,-1.60347447641113e-05,-0.155799716667365,-0.00936641562953077,0.107397759202697,-0.000148137988642949,0.017201049786192,-4.59245408882709e-05,3.05310760255142e-16,-1.53343764972399e-15,-6.61797006085152e-16,1.20656177950851e-16,5.34541955238797e-16,8.67361737988404e-18,1.82666382020358e-15,9.92261828258734e-16,9.67182618062154e-18,8.1393767593918e-16,1.20250787644072e-15,3.99108497671229e-17,-1.1707724337058e-15,2.98372437868011e-16,1.9819215713035e-16,3.78274446273321e-16,3.51209420276834e-15,-1.22970639371901e-16,-2.43695665095177e-15,-9.3182788102718e-16,6.68162616045994e-16,-5.82867087928207e-16,-1.18399318166985e-15,-1.04579757259919e-15,-2.10537316305686e-15,-1.16461374342965e-14,-2.08166817117217e-15,-5.69726557597683e-15,0.707106781186548,-1.20866858188684e-14,2.73542712414633e-15
"t129",0.0538202310586409,0.0104650392201577,0.17582735720561,0.0788454601232398,0.0348891735356047,-0.00765294703968266,-0.0285704643181436,-0.00625217788504416,-0.000382336979761936,-0.186937771262566,0.170050917194427,0.000383558188513209,-0.000377260365851127,0.000651018713717114,0.00228224390802236,-0.00719334206628258,0.00281911111486023,0.0198061254574472,-8.62020639313954e-08,2.34488814523613e-05,-0.0021621739410242,0.00014488172367743,-0.000217916813485428,0.00262810137198953,9.61381321449642e-05,-0.00047203198705632,0.000269711881551421,-7.85426254837872e-05,1.47646331911944e-06,-0.00333441752855309,0.10571751415435,-0.296607030949679,-0.430442094346117,0.00614567176565661,-0.00356378594170328,-0.566339729095749,-0.0051274403835321,-0.083450264905243,0.0238229270855693,0.00158844683618647,-0.00221985350282851,-0.000118951998872185,-0.00277200203967373,0.0022470938401659,0.0410641089534901,0.000640535123445949,-5.01565802733314e-05,-1.74833602006146e-05,-9.85026994443361e-07,-0.000231790501087096,0.00140059266629658,-3.61845378837183e-06,-0.406321125533883,-0.0250598351260507,0.314455255246903,-0.000450951323036728,0.0563725973560179,-0.000607379471560043,-4.05562735259636e-17,3.83769297913855e-16,2.77555756156289e-17,5.11864802277329e-17,1.04968360176e-17,-6.24500451351651e-16,-1.35308431126191e-16,3.88578058618805e-16,-7.20879365933712e-16,3.79579180587175e-16,2.63614353293221e-16,2.05343179821732e-16,1.01008091330968e-15,1.16573417585641e-15,-6.43582409587395e-16,1.06926691547526e-16,-4.76381915528342e-16,2.33196614826876e-17,-5.33163542658342e-16,-1.25057004102855e-16,-3.94163728852067e-17,-4.57966997657877e-16,4.62959394908044e-17,-1.42361944268104e-17,3.13414470539278e-16,-3.51411795623903e-17,-5.20417042793042e-16,-5.23886489744996e-16,5.81961182055216e-16,-6.45317133063372e-16,-1.76625657027961e-18
"t178",0.0589024873635952,0.0123110545262802,0.251028524049043,0.148339623428657,0.0721525767546426,-0.0171721405605539,-0.0800843652708168,-0.0410533072139862,-0.0498408629830291,0.181261922550804,-0.145743253288761,-0.000281239867887275,-1.93811903827712e-06,0.00049546443641188,0.00377414621980479,-0.0563171738368471,0.0285072031850124,0.225002048110191,1.08596855113476e-07,-1.81724264341843e-05,0.00112288189659683,-5.77584320979197e-05,8.02956251949219e-05,-0.000786918917844979,-1.9467738030548e-05,8.34136472837985e-05,-4.32413212841916e-05,1.04318052766025e-05,-2.8722750042981e-08,-8.83511359757599e-05,0.008791620983488,-0.0942381871734891,-0.178465656058567,0.00508919845557011,-0.0289341912848584,0.265930203610595,0.00198457935349097,0.0239150072594768,0.00264121163706364,0.000758407677869028,-0.00115821031367187,-7.78639707687341e-05,-0.00266875741531688,0.00271479191721127,0.265588863181677,0.0109624234427912,-0.00143158616524033,0.000165717416712941,2.44376292809112e-06,9.26020945649144e-05,0.0027212892698243,7.04532868437769e-06,0.447522107369672,0.0344500755452481,0.624734585679931,-0.000263692006479807,0.00525933956194545,7.46826886179248e-05,-2.84879255228169e-16,-2.26399269922063e-16,5.33861149731862e-16,7.38467848394518e-17,9.82594181709868e-17,3.71230823859037e-16,1.1069704181077e-15,-2.25514051876985e-17,1.46369530854336e-16,2.84874120820566e-17,5.29274086784308e-16,8.71611826029249e-19,-3.13496350107579e-16,8.29197821516914e-16,9.04658292721905e-16,3.45922969096571e-17,-1.19585918969677e-15,1.12632171101954e-17,-3.45984672710196e-16,4.73763275623641e-17,3.39319335678394e-17,-5.49907341884648e-16,-7.6011339575719e-17,4.98957841889148e-16,-1.68835451445333e-16,-9.17970134500617e-16,3.46944695195361e-17,-9.03899351201165e-16,-7.49225450710368e-16,-3.40439482160448e-16,-1.06962301466101e-15
"t193",0.0598668073312132,0.0126595563688697,0.265019197890633,0.160992675159884,0.0788888283867585,-0.0188826827773404,-0.0892011913664916,-0.0469636000332232,-0.0579587032171875,0.225593971622814,-0.182209456828693,-0.000353573557635512,-2.55738494382834e-06,0.000688768925883316,0.00541118246183637,-0.0837681236140318,0.0425185707368397,0.335941628394198,1.90293377739376e-07,-3.34735595775397e-05,0.00227074743080191,-0.000127514874573187,0.000182728129442392,-0.00195824820667475,-5.95528772309607e-05,0.000277320247102213,-0.000153094890582642,4.20302154744111e-05,-6.18257678434986e-07,0.00128284977208649,-0.0380061499048539,0.132580570704024,0.226254188024336,-0.00557920346056467,0.0287230793246891,-0.232318756173198,-0.00170468074466183,-0.0199754970394253,-0.0015813922020653,-0.000323554259311864,0.000485189916961008,3.1296687647446e-05,0.00101633498744168,-0.00100982482838856,-0.0918425472321897,-0.00375400643209871,0.000489091421692198,-5.58463408410152e-05,-8.01995251932877e-07,-2.8051361331282e-05,-0.000774064470525491,-1.9253156888048e-06,-0.100660618796254,-0.00771595158165887,-0.137776781474986,5.77533219954205e-05,-0.0011364566636129,-1.1413655531322e-05,6.12657811088223e-15,5.28841901788814e-15,-2.04142258652951e-14,-9.44139242996697e-15,-2.49228498267205e-14,-6.84521883620448e-15,-7.4350248180366e-15,-8.32667268468867e-15,1.48585973675803e-14,-1.368271273193e-14,3.72211992077734e-15,1.06434177497471e-14,-4.03542322353173e-15,5.23955878684035e-14,-3.99905802916933e-14,-2.04359336035896e-12,0.707106781186548,7.38674476164574e-14,-1.93125960367201e-14,1.31054220889708e-14,7.60886746356265e-15,-2.63677968348475e-15,-3.19666173305486e-14,5.64499249387719e-15,5.98769163982362e-15,-9.77666865334334e-17,-3.19189119579733e-15,2.53443099840212e-15,-2.88672986776881e-15,-9.59302082215174e-16,-1.03415186343518e-15
"t194",0.0598668073312132,0.0126595563688697,0.265019197890633,0.160992675159884,0.0788888283867585,-0.0188826827773403,-0.0892011913664915,-0.0469636000332232,-0.0579587032171875,0.225593971622814,-0.182209456828693,-0.000353573557635509,-2.55738494384413e-06,0.000688768925883303,0.00541118246183631,-0.0837681236140319,0.0425185707368397,0.335941628394198,1.90293377565903e-07,-3.34735595776472e-05,0.00227074743080197,-0.000127514874573267,0.000182728129442393,-0.00195824820667478,-5.9552877230981e-05,0.000277320247102396,-0.000153094890582428,4.20302154744631e-05,-6.18257678504375e-07,0.00128284977208674,-0.0380061499048535,0.132580570704025,0.226254188024338,-0.00557920346056464,0.028723079324689,-0.232318756173198,-0.00170468074466233,-0.0199754970394253,-0.00158139220206627,-0.000323554259311794,0.000485189916961005,3.129668764742e-05,0.00101633498744119,-0.00100982482838799,-0.0918425472321902,-0.00375400643209874,0.000489091421691414,-5.58463408407654e-05,-8.01995250290094e-07,-2.80513613316862e-05,-0.000774064470524603,-1.92531568812479e-06,-0.100660618796255,-0.00771595158165969,-0.137776781474988,5.77533219964796e-05,-0.00113645666361257,-1.14136555328104e-05,-6.15022480014829e-15,-5.2500201220697e-15,2.07030573240452e-14,9.27238347103082e-15,2.53401191677422e-14,6.3872518385466e-15,6.9336897334793e-15,8.01442245901285e-15,-1.52124431446204e-14,1.37601518720998e-14,-4.13380367788257e-15,-1.05335513228274e-14,4.32881264598038e-15,-5.29853938502356e-14,3.92151588979317e-14,2.04355771980616e-12,-0.707106781186547,-7.38369307410101e-14,1.9499088374964e-14,-1.33219908225015e-14,-7.64245608115515e-15,3.10168557504653e-15,3.20147756730353e-14,-5.99599443692027e-15,-6.01268014247829e-15,7.66445183013643e-16,3.20923843055709e-15,-2.30718222304915e-15,3.23326755734515e-15,1.30277733045858e-15,1.55596564161857e-15
"t182",0.0573782923667227,0.0117621351757429,0.229162618458699,0.128722006348647,0.0617306484674698,-0.0145299915139278,-0.0660535080782334,-0.032024974806238,-0.0374962724412401,0.115061612276677,-0.0913530294043318,-0.000173508674411002,-1.02712200182507e-06,0.000214721608352242,0.00141408976346596,-0.0170795263010048,0.00849228355186321,0.0665652939765855,-4.11355878006392e-09,2.72860008302019e-06,-0.000417764791655972,3.44397678650535e-05,-5.44075456874279e-05,0.000731694357611298,3.10149835963773e-05,-0.000158278000370423,9.26836250963459e-05,-2.81278221516187e-05,6.31265906414144e-07,-0.00154386786784837,0.0546195632729038,-0.260541753353832,-0.458809875837168,0.0117921748116712,-0.0622830499382691,0.518055514773749,0.00381335146890676,0.0449041856993063,0.00359111319525451,0.000601237571182201,-0.000879895163076579,-5.3212465036151e-05,-0.00155023008435703,0.00145250064054263,0.103058485496424,0.00403129447411448,-0.000519462608582931,5.53703646772544e-05,6.78443623627033e-07,9.21535176698091e-06,-0.000133564016531737,-1.04326200197962e-06,-0.3071653939301,-0.0240917291219545,-0.466652530616166,0.000202643345461259,-0.00426512401811243,-0.000160820647836517,2.36548574781168e-16,3.62812917224386e-16,-7.31619625993218e-16,8.46975095124773e-17,-6.42515552873348e-16,7.02563007770607e-17,-1.47494863544928e-15,3.50414142147315e-16,5.15919095075627e-16,-3.70133069159395e-16,-1.57294923510113e-16,-2.47248147188485e-17,3.97527120525224e-18,-1.35308431126191e-16,-3.30464822173582e-16,-1.60874761777105e-16,3.38980056393314e-16,5.4300207971546e-17,1.51868088477474e-16,1.64831751318539e-16,1.84176609115993e-16,1.83880688453542e-16,3.11011300998274e-16,-4.07737524400921e-16,1.66638674506467e-17,2.77491588171993e-16,5.67254576644416e-16,3.46944695195361e-18,2.73473928022742e-17,1.73472347597681e-16,7.6302312502411e-16
"t227",0.0569115945891698,0.0115848412518938,0.221198867113524,0.120616254909635,0.057275838436534,-0.0133706642303398,-0.0595213698810065,-0.0272665495177141,-0.030467646286067,0.0624932248801698,-0.0471528514477334,-8.34086743770952e-05,-3.75517586372019e-08,-0.000203400451811296,-0.00293232461423194,0.0796096009470245,-0.0420197671433366,-0.336988531669161,2.26374616650506e-06,-0.000135634583949331,0.00458805243363945,-0.000182773512853817,0.000238913642780954,-0.00203838064257261,-4.1534492767968e-05,0.000168770279686974,-8.45269873723429e-05,1.92076443712953e-05,-3.39504955780556e-08,-0.00013566845768566,0.0105852815940808,-0.0662529019946749,-0.112480576123759,0.0026241709247618,-0.0123513634378519,0.0790041018829567,0.000552505282224367,0.00589769235972375,-0.000648560958596181,-0.000939959068876772,0.00153969775909263,0.000121726716725863,0.00522271359597175,-0.00590575114951843,-0.849535906023168,-0.0373109311473162,0.00494795877631546,-0.000629643320316156,-1.14811834006591e-05,-0.00164873308903548,0.0317629499916974,3.59321058532643e-05,0.157536135505391,0.0108152112012218,0.113169731546883,-3.2831679868424e-05,9.48944802127054e-05,-0.000153890488126165,3.06862137562446e-16,2.21746219811231e-16,2.99239799605999e-16,3.07962424676744e-16,1.15950313254679e-15,5.55111512312578e-17,1.40078920685127e-15,-4.40619762898109e-16,6.44793308027085e-17,3.40039682609344e-16,-1.39007397940564e-16,1.37810268696743e-16,2.1665339241699e-16,-4.05925293378573e-16,-7.58941520739853e-17,1.39538360507321e-16,-4.91784665347313e-17,-1.98424544633679e-15,-6.26745769841878e-17,-1.20930752700809e-16,-6.14609834993876e-17,1.21430643318376e-17,-2.47674077790547e-16,-9.67138916389793e-17,1.13202680237564e-16,-1.21972747352258e-16,-1.73472347597681e-18,6.77192676934446e-16,1.91010307056955e-16,5.68121938382404e-17,-6.32257422784244e-17
"t197",0.0578517239029004,0.0119157826722372,0.23364312327812,0.131004520483084,0.0626755689676331,-0.0147156686677172,-0.0663650884462882,-0.0312324832258969,-0.0354821804421917,0.0779506366661026,-0.0590852354628668,-0.000105106817647867,-4.96953270829508e-08,-0.000283773198798091,-0.00422107671797854,0.118949585770888,-0.0629584589559495,-0.505446656324031,3.99485668816334e-06,-0.00025182891736462,0.00936862685453986,-0.000408193457524875,0.000550369262078165,-0.00514566985814733,-0.000129629082595636,0.000574002781739426,-0.000306819633694179,7.97388153145726e-05,-9.18725125215875e-07,0.00170291944164363,-0.0433835421632043,0.090836335297438,0.139146675662879,-0.00281148476121242,0.0119935763013129,-0.067580155337583,-0.000464747039255595,-0.00482502211862095,0.000381022018349716,0.000393834579546126,-0.000633478127945528,-4.80553227498954e-05,-0.00195361394867759,0.00215777351967733,0.288567009019633,0.0125503405454989,-0.00166046449157724,0.00020842591469241,3.70107210791344e-06,0.000490559707190396,-0.00887365927999331,-9.64357978507167e-06,-0.0347848908876656,-0.00237790339794654,-0.0244991073140845,7.05835077967839e-06,-2.01267671772181e-05,2.30478756682003e-05,4.63623404593824e-16,-5.57130946828036e-15,3.41003267290141e-15,1.88782476673994e-14,3.90315753527673e-15,3.42607886505419e-15,3.86149445752437e-15,-9.48546796664118e-15,-1.58549356969747e-15,1.70309323284726e-14,-7.83417598576782e-16,-7.35479536248637e-15,2.45421765327651e-15,-1.09079412169422e-14,-2.08262226908396e-14,-7.65601379512079e-15,7.32880196724533e-14,-0.707106781186547,-3.5050077692882e-14,7.37861220319536e-15,3.71577483950217e-14,5.67948466034807e-15,1.75283994072145e-14,-7.8812683630494e-15,-1.58506804132914e-15,3.06736802979408e-15,2.72178113380761e-15,7.42678488152571e-16,2.43715970487686e-17,1.62760430133524e-15,2.6782316772579e-16
"t198",0.0578517239029004,0.0119157826722372,0.23364312327812,0.131004520483084,0.0626755689676331,-0.0147156686677172,-0.0663650884462881,-0.031232483225897,-0.0354821804421916,0.0779506366661025,-0.0590852354628668,-0.000105106817647854,-4.96953271242024e-08,-0.000283773198798039,-0.00422107671797855,0.118949585770888,-0.0629584589559495,-0.505446656324031,3.99485668831599e-06,-0.000251828917364647,0.00936862685453985,-0.000408193457524793,0.000550369262078222,-0.0051456698581473,-0.000129629082595635,0.000574002781739461,-0.000306819633694046,7.97388153146784e-05,-9.18725125222813e-07,0.00170291944164355,-0.0433835421632041,0.0908363352974376,0.139146675662879,-0.00281148476121261,0.0119935763013134,-0.0675801553375828,-0.000464747039255715,-0.00482502211862094,0.000381022018349499,0.000393834579545652,-0.000633478127946023,-4.80553227510225e-05,-0.00195361394867861,0.0021577735196784,0.28856700901963,0.012550340545499,-0.00166046449157826,0.000208425914692234,3.70107210801145e-06,0.000490559707191026,-0.00887365927999261,-9.64357978415573e-06,-0.0347848908876651,-0.00237790339794598,-0.0244991073140841,7.05835077921405e-06,-2.01267671767029e-05,2.3047875669157e-05,-7.35190300544267e-16,5.2864103673517e-15,-3.33370483995843e-15,-1.90915004768217e-14,-4.84174368276472e-15,-3.73312492030209e-15,-4.86069517968701e-15,9.90874049477952e-15,1.46741728460422e-15,-1.73728625886202e-14,8.67739439059669e-16,7.23947402624451e-15,-2.39184212057093e-15,1.11091691401555e-14,2.08505088195032e-14,7.59941606547797e-15,-7.33137966429941e-14,0.707106781186548,3.51430938372201e-14,-7.42259080883096e-15,-3.71275341301078e-14,-5.7367305350553e-15,-1.76006188549162e-14,7.89889128060976e-15,1.6314951903219e-15,-3.15920530517264e-15,-3.21964677141295e-15,-1.38322513165701e-15,1.50476597877498e-16,-1.82709750107257e-15,-3.47448741795518e-16
"t105",0.0816975829860942,-0.0293395853453752,0.0808823446072486,-0.113305580993099,0.000768842782462874,0.00156853186208818,0.266283258082648,-0.0252746945217906,-0.0229415538363553,0.0239191919882143,0.010488750003301,1.61395638315932e-06,-5.19297566296941e-05,9.09580602162271e-05,0.0002101809488099,0.000131692999449238,2.53620299567586e-06,-1.55300907716243e-05,-7.64789922239051e-07,0.000258658582640202,-0.0142691979371394,0.000189930398374352,-0.000288742350937629,0.00347841417067005,0.000128498575750209,-0.00214097851638289,0.000367211047261159,-0.00010958894150314,2.64731125360074e-06,-0.0267696613423492,0.527206500972992,0.131220766819362,0.0661614400429203,0.00251379835024675,-0.177235791975454,0.0272505534168215,-0.00245891873060673,-0.00574395750928205,0.10977435952198,0.00225247012399701,-0.019794874642186,-0.000197652904182881,-0.00562396048638046,0.00494340902599906,0.024639032923665,-0.00357767189213764,0.00370642585935722,-0.000197972927551852,-8.42498606606901e-06,-0.00529112388043641,0.736744714604353,-0.000441022708713212,-0.0210526402489252,-0.000196862620271028,0.00831343662163059,0.000311408778222446,-0.00798244163113364,0.0011929234729637,-8.61173101384952e-17,2.48004342033584e-17,6.31439345255558e-16,-4.64348019378897e-16,6.28843063531077e-16,-1.23512311489549e-15,-6.45317133063372e-16,5.27355936696949e-16,-2.67653930562962e-16,-2.79941000935757e-16,-1.18555415847703e-16,-1.51267100134429e-16,1.44201853555887e-16,-2.22044604925031e-16,-3.85108611666851e-16,5.36746762083541e-17,5.86893101768811e-16,-1.28529335643631e-16,-1.18411786513198e-16,-2.51675544741127e-16,6.83654896636636e-17,5.55111512312578e-16,-1.54670059059185e-16,2.31608529083131e-16,-2.83153511184877e-17,-2.87216720549123e-16,-2.08166817117217e-16,4.66640615037761e-16,1.0669833802633e-16,-1.90819582357449e-16,4.78399574032579e-16
"t243",0.0859070825162442,-0.0320220400327472,0.096374550753365,-0.148986003057186,0.0010393186909717,0.00216686273929666,0.386837736106054,-0.0410298187018941,-0.040075335000767,0.0599293708721012,0.0270341016447652,4.31192887126974e-06,-0.00020089045416385,0.000652176428053771,0.00293248077993202,-0.0202563802423795,-0.000207840318795756,0.0010801490384164,2.35965020095943e-06,-0.000628342593768191,0.0252582296296616,-0.000272277317477646,0.000389670193399894,-0.00403357028378377,-0.000115909994054145,0.00178987026283005,-0.000291814678141565,7.9610595750566e-05,-1.17357395389844e-06,-0.491440891236301,-0.208652705617481,-0.0313222262924322,-0.0148909869526474,-0.000519013605485997,0.0344014362114977,-0.00486834715140644,0.000434371609564624,0.000995809087953929,-0.0150121211147536,-0.00023595714392931,0.00204268274365413,1.97079599951848e-05,0.000535924615189715,-0.000461773048314599,-0.00216211770514448,0.000311302779049009,-0.000321853090792973,1.69882044535989e-05,7.06435369283651e-07,0.000413397940398543,-0.0544063209410479,3.14072534768929e-05,0.00125139013378356,1.16547054093991e-05,-0.000485001076758211,-1.80484211323549e-05,0.000456731402667644,-4.84747418168906e-05,1.68949121359314e-14,1.30975038488962e-14,3.021714822804e-14,4.66983748096892e-15,1.50389249953068e-16,2.75474087985117e-15,1.35967626047062e-14,1.57512891618694e-15,9.19102541768347e-16,-7.71198426299802e-15,-4.03786748836845e-16,-1.71683082257613e-16,-1.52006044554974e-16,-1.38777878078145e-17,8.52616588442601e-16,3.02290115635183e-16,8.60697249679452e-16,4.2558557472875e-16,5.62420687097185e-15,-2.98051446128193e-16,8.00837061796865e-16,2.61249355482107e-15,1.13519089242741e-15,-5.06710051085273e-15,-5.41298961212389e-15,-1.42085161013079e-15,2.32452945780892e-15,3.06872582900297e-15,-3.1849369065888e-15,3.77805425832989e-14,0.707106781186547
"t244",0.0859070825162442,-0.0320220400327472,0.0963745507533649,-0.148986003057186,0.0010393186909717,0.00216686273929667,0.386837736106054,-0.0410298187018941,-0.040075335000767,0.0599293708721012,0.0270341016447652,4.31192887126855e-06,-0.000200890454163857,0.000652176428053867,0.00293248077993201,-0.0202563802423794,-0.000207840318795753,0.00108014903841644,2.35965020100107e-06,-0.000628342593768243,0.0252582296296615,-0.00027227731747765,0.000389670193399947,-0.00403357028378377,-0.000115909994054212,0.00178987026283002,-0.000291814678141579,7.96105957503899e-05,-1.17357395369028e-06,-0.4914408912363,-0.20865270561748,-0.0313222262924322,-0.0148909869526472,-0.000519013605486181,0.0344014362114977,-0.00486834715140642,0.000434371609564447,0.000995809087953992,-0.0150121211147534,-0.000235957143929585,0.00204268274365411,1.97079599952984e-05,0.000535924615189722,-0.000461773048314667,-0.00216211770514479,0.000311302779048981,-0.000321853090793261,1.69882044540465e-05,7.06435369797129e-07,0.000413397940398397,-0.0544063209410474,3.14072534768929e-05,0.00125139013378266,1.16547054089672e-05,-0.000485001076759665,-1.8048421131284e-05,0.000456731402667204,-4.84747418171613e-05,-1.68532023112772e-14,-1.30609305389255e-14,-3.03056191253148e-14,-4.54431777057268e-15,-5.99277592821261e-17,-2.45289899503121e-15,-1.3012160793302e-14,-1.80411241501588e-15,-7.91374197127941e-16,7.8917178781418e-15,4.08321402154336e-16,3.3281632820921e-16,5.29477304243568e-16,2.28983498828939e-16,-8.69963823202369e-16,-4.78590574889241e-16,-1.44948335434956e-15,-3.72464728560012e-16,-5.68652420982498e-15,4.35340925868351e-16,-7.27737836221095e-16,-2.17881268582687e-15,-1.19726427584295e-15,4.88022758685914e-15,5.21326327410615e-15,1.41357549190684e-15,-2.29677388219329e-15,-3.11035919242642e-15,2.64052445809812e-15,-3.7919320461377e-14,-0.707106781186548
"t230",0.085949021266704,-0.0320490547349656,0.0965344063876393,-0.149363659620929,0.00104220109726148,0.00217327256710322,0.388144582509424,-0.0412048490850201,-0.0402685672616553,0.0603615371784267,0.0272334872235877,4.34460765928908e-06,-0.000202776095405147,0.000659625428301312,0.00296963900807828,-0.0205440701550141,-0.000210816204036599,0.00109566259395868,2.41071581894015e-06,-0.000643496949919473,0.0259915065892974,-0.000281534771788945,0.000403620097021025,-0.00420039654369399,-0.000122370784655994,0.00190117140610562,-0.00031145663635904,8.58647245617463e-05,-1.52924306429103e-06,0.507531441608205,-0.163566408197668,-0.0287662940224918,-0.0137550161977739,-0.000482762949895035,0.0321304475212997,-0.00456814845673258,0.000407817487540853,0.000935786860232803,-0.0142339645843453,-0.000225143586004119,0.00194961401484673,1.88215721180652e-05,0.000512210583472085,-0.000441480778736188,-0.00206904702959311,0.00029793831120396,-0.000308044514117365,1.62620570998227e-05,6.76452567656763e-07,0.000396209122984676,-0.0521784098921496,3.01330857417573e-05,0.00120267498923933,1.1201377691502e-05,-0.000466192633969877,-1.7349426553903e-05,0.000439088045703778,-4.67055094326915e-05,-2.05454985985729e-15,1.4894817159731e-14,1.67400815431762e-16,-1.80099559512351e-16,-1.15314733288703e-15,-4.1286418728248e-15,8.67361737988404e-16,3.04617442381527e-15,-5.0186460502937e-16,2.22920098179313e-15,-2.05541209474801e-15,1.91934129670153e-15,1.05339301662524e-15,-1.37390099297363e-15,-4.05925293378573e-15,-3.11208557925468e-15,-4.42009384178145e-16,-2.94538645347058e-15,-5.59904296437587e-16,2.23032636444479e-15,-7.61957486185284e-16,-1.62370117351429e-15,2.34006789784121e-15,-6.99051221963509e-17,1.37566967324934e-15,-0.707106781186548,3.86429777066155e-12,-5.56759499614756e-15,-1.14116906969315e-14,1.03736463863413e-15,-1.41679690713007e-15
"t231",0.085949021266704,-0.0320490547349657,0.0965344063876393,-0.149363659620929,0.0010422010972615,0.00217327256710323,0.388144582509424,-0.0412048490850201,-0.0402685672616553,0.0603615371784267,0.0272334872235877,4.34460765930972e-06,-0.000202776095405158,0.00065962542830126,0.00296963900807831,-0.0205440701550141,-0.000210816204036594,0.00109566259395863,2.41071581893321e-06,-0.000643496949919399,0.0259915065892974,-0.000281534771789035,0.000403620097021012,-0.00420039654369402,-0.000122370784656103,0.0019011714061055,-0.000311456636359017,8.58647245617515e-05,-1.5292430642494e-06,0.507531441608205,-0.163566408197668,-0.0287662940224917,-0.013755016197774,-0.000482762949895105,0.0321304475212997,-0.00456814845673202,0.00040781748754113,0.000935786860232705,-0.0142339645843451,-0.000225143586004294,0.00194961401484694,1.88215721187712e-05,0.000512210583471843,-0.000441480778736033,-0.00206904702959277,0.000297938311203628,-0.000308044514096292,1.62620570995312e-05,6.76452568695862e-07,0.000396209122983981,-0.0521784098921492,3.01330857414711e-05,0.00120267498923943,1.12013776913441e-05,-0.000466192633968474,-1.73494265545181e-05,0.000439088045703435,-4.67055094328043e-05,1.94976755541516e-15,-1.48536167975718e-14,-1.90819582357449e-17,2.30822996409382e-16,1.05852961870225e-15,4.06272238073768e-15,-9.05525654459893e-16,-3.2612801348364e-15,5.1513447414313e-16,-2.35309818505391e-15,1.96265912892563e-15,-1.90504475764453e-15,-5.45643854484203e-16,1.23512311489549e-15,4.39231984117328e-15,3.16664257177629e-15,4.71986495920506e-16,3.07237959722717e-15,5.88534517733652e-16,-2.383814075397e-15,7.8672841439575e-16,1.29063426612674e-15,-2.2022886391378e-15,8.18585444400827e-18,-1.25241881510271e-15,0.707106781186548,-3.86441226241097e-12,5.19289472533657e-15,1.18475585514097e-14,-1.14665221762067e-15,1.3588178163807e-15
"t88",0.0780409274642463,-0.0270251681898004,0.0677169994967442,-0.0834583171396683,0.000543532432221113,0.00107171711846062,0.166904999490945,-0.0124793303193463,-0.0091523401239998,-0.00400987015843388,-0.0023125857034249,-4.67281670892763e-07,6.00769368696687e-05,-0.000319806908041068,-0.00175133533275403,0.0145548049096825,0.000151161665164754,-0.000789199209129082,-2.80939752280579e-06,0.000826210391129008,-0.0385594913451604,0.000463901261721283,-0.000686055540910517,0.00772978576733964,0.000257218785525282,-0.00415748267671659,0.000698972636118809,-0.000201456078173975,4.12110007135674e-06,-0.0302845629691926,0.682732156370666,0.123234910609805,0.0586227740438898,0.0020196840708875,-0.131260590904314,0.0177378499599345,-0.00156939724591193,-0.003543118648503,0.0343701424438648,-0.00026928433439604,0.00291919333690024,4.20737101192795e-05,0.00170246949654037,-0.00169850372772569,-0.0117595863978061,0.00177465014767328,-0.00185526802878042,0.000104380741991171,4.88754383616563e-06,0.00396787612734095,-0.659247594726969,0.000437848555439905,0.0324716561844826,0.000306304186262311,-0.0133495162286469,-0.000507082948723816,0.013354628066327,-0.00374227152798118,3.63180123998199e-17,-4.18777956918872e-17,-5.22151766269019e-16,2.60006756908684e-16,-1.13319380295657e-15,8.46545056276682e-16,2.15105711021124e-16,3.05311331771918e-16,2.57761623282014e-16,8.98803600990483e-17,9.84408920357304e-17,7.06082987027854e-17,-6.57356859375645e-17,-1.2490009027033e-16,5.17814957579077e-16,3.99408519967918e-18,-2.28009913337112e-16,2.37700666112929e-16,5.17056113096963e-17,1.36455483617376e-16,-8.95446443060282e-17,-7.42461647718073e-16,2.20556029944402e-16,-2.23573396013405e-16,-6.39380863565019e-17,-2.09083745566074e-16,3.46944695195361e-16,5.20417042793042e-18,-1.29896456720817e-16,3.46944695195361e-18,3.55287105541796e-16
"t58",0.102100901939848,-0.0594120215876222,0.0120236390871085,-0.146932825388982,0.0062132187752398,-0.0027974713108158,-0.0728647253319657,-0.00042334235899687,-0.000766531677029683,-0.0184405992137152,-0.0191812231959849,3.50787415606298e-06,2.23121677913198e-05,-0.000171541907917539,-0.00110938791748281,0.0334941899546419,0.00254314027034076,0.00557185122319879,-2.11857491364681e-06,0.00243333210955508,-0.203187183136397,-0.000270728009520993,0.000213458019298511,-2.61651514422615e-05,4.70209182015266e-05,-0.0030489750354041,0.00015814951258082,-5.03900129372598e-05,1.246123984118e-06,-0.00668289044274514,0.193273037126304,-0.00798185041819159,-0.0151345706389531,-0.00206806836563394,0.687774146017556,0.0383833402425702,0.0256738704692418,-0.00522838382125523,-0.566577663277009,0.00257589927105669,-0.244717217692548,-8.50948489979101e-05,-0.00249698262165903,0.00209036426300772,0.00844520646359387,-0.00121803406459937,0.011061705519076,-6.09321509609396e-05,-2.33582809111739e-06,-0.000956491016025594,0.0763617292325088,-2.36853471672913e-05,0.00431999255096644,4.15883508404873e-05,-0.00194130038823617,-0.000886190125518566,0.00210029670921853,0.069405761135212,3.15611663947425e-16,-2.0037195761613e-16,-1.17093834628434e-16,-4.98453844538549e-17,3.66257489231655e-16,-1.38777878078145e-17,5.3256010712488e-16,-5.82867087928207e-16,5.49704772658319e-17,-4.47612866910641e-16,1.95401764550437e-16,1.22981880963423e-16,9.55948546428097e-16,4.37150315946155e-16,-1.38777878078145e-16,7.1628791996006e-17,2.58204682007473e-16,-5.22564887715753e-16,2.63195674346299e-17,-1.8345786393346e-16,3.51225033484653e-16,1.76941794549634e-16,-8.09754593266623e-19,8.23460887902504e-17,-8.72086100586269e-17,-3.76103455831973e-16,3.7470027081099e-16,-1.36609473733174e-16,-8.14411916187794e-17,-2.60208521396521e-18,8.22583439136385e-17
"t82",0.109725542370939,-0.0675765776029271,0.0158622175579517,-0.237137201092991,0.0107145783929192,-0.00510151665127158,-0.153775637542007,-0.00141362116494584,-0.00440805027772497,0.0259297066474245,0.023517391014254,-3.6501275248226e-06,-4.46487072530263e-06,-3.42360858243606e-05,-0.000406468183539721,0.0180671048668182,0.00140304831738113,0.00310008625724315,-2.85331579497061e-06,0.00414224078643493,-0.563909045791392,-0.00141592865529301,0.00152951113826028,-0.010036239926063,-0.00018791673694604,0.00913440690138582,-0.000404070789289387,0.000101407989937534,-1.1554911778424e-06,0.00481682669765626,-0.107629335177792,0.00292735790706568,0.0053852238379179,0.000720483827709516,-0.243070383209036,-0.0150533075586851,-0.0103571350136689,0.00223977300690875,-0.00864882225150159,-0.000186357538405642,0.0177678329165136,6.19087103119909e-06,0.000180349174105703,-0.000150092248303392,-0.000590655970465586,8.48248998723154e-05,-0.000769539387567386,4.21227698788919e-06,1.59393914435368e-07,6.24367339548283e-05,-0.00479401959054703,1.44856426228515e-06,-0.000231453557920101,-2.22195652452208e-06,0.000102677901248494,4.66642494447993e-05,-0.000109657044757067,0.0272543396879679,0.707106781186548,-1.15732327350971e-15,-2.24490565026159e-14,-2.55990600998604e-15,-3.17563932396788e-15,6.72205346941013e-15,3.68234089054287e-14,-3.46250805804971e-15,3.89496088833464e-15,2.07874082530646e-14,9.83889174329159e-16,-5.15817564385056e-15,1.55626393073459e-15,-8.50361447923831e-15,-6.83177472926566e-15,-1.26133763188613e-15,-6.25082471616756e-15,8.36113285296518e-16,-7.90988774602731e-15,-3.69895667044835e-15,-1.29727344268108e-15,-9.85322934354826e-16,-5.98735064138177e-15,7.12822889743349e-15,7.29498660380525e-15,-2.04742136740736e-15,3.5006719745212e-15,1.50812522192734e-15,-3.49739286653924e-16,-1.27241966962899e-15,-1.70260580431837e-14
"t109",0.109725542370939,-0.0675765776029271,0.0158622175579517,-0.237137201092991,0.0107145783929192,-0.00510151665127163,-0.153775637542007,-0.00141362116494584,-0.00440805027772495,0.0259297066474245,0.023517391014254,-3.65012752485046e-06,-4.46487072533967e-06,-3.42360858244257e-05,-0.000406468183539751,0.0180671048668182,0.00140304831738103,0.00310008625724317,-2.85331579509204e-06,0.00414224078643494,-0.563909045791392,-0.00141592865529299,0.00152951113825998,-0.010036239926063,-0.000187916736946233,0.00913440690138584,-0.000404070789289401,0.00010140798993761,-1.15549117795689e-06,0.00481682669765615,-0.107629335177792,0.00292735790706588,0.00538522383791768,0.000720483827709751,-0.243070383209037,-0.015053307558685,-0.0103571350136692,0.00223977300690866,-0.00864882225150244,-0.000186357538405716,0.0177678329165132,6.1908710312442e-06,0.000180349174105527,-0.000150092248303488,-0.000590655970466043,8.48248998723991e-05,-0.000769539387566224,4.2122769884391e-06,1.59393914910683e-07,6.24367339547563e-05,-0.00479401959054716,1.44856426250979e-06,-0.000231453557920454,-2.22195652518561e-06,0.000102677901248215,4.66642494450665e-05,-0.000109657044757126,0.0272543396879675,-0.707106781186548,1.29557231739579e-15,2.25709208268032e-14,2.62084317807016e-15,3.14135299174536e-15,-6.73679861895593e-15,-3.71877008353838e-14,3.37230243729891e-15,-3.92604424497097e-15,-2.06377883532616e-14,-8.3670758770629e-16,5.19432840589691e-15,-1.34664678145344e-15,8.17748646575467e-15,6.94908540432859e-15,1.16857504510282e-15,5.97290091005244e-15,-6.03709766336036e-16,7.89256284918628e-15,3.76187037611091e-15,1.27813753176114e-15,1.02522157430229e-15,5.93019543624692e-15,-7.08696969805621e-15,-7.29144011745642e-15,2.17488931789073e-15,-3.30464822173582e-15,-1.54368705318486e-15,2.74742046721694e-16,4.41487124636097e-16,1.69467523009987e-14
"t216",0.111822920308827,-0.0699242112555021,0.0170836113425477,-0.269138288274979,0.0123595858982586,-0.00596312591345418,-0.185662536419593,-0.00184999390899075,-0.00613027811330545,0.0546984116121744,0.0518351769721218,-8.53326533820845e-06,-2.82460020991398e-05,0.00013661029817001,0.000706582042045133,-0.0167812002327477,-0.0012525722837064,-0.00272649486482142,3.68374958657595e-07,-0.000258096488722267,-0.00568090529816854,-6.45344084023026e-05,8.19696843793005e-05,-0.000693389406421972,-1.47840899083061e-05,0.000705327012735485,-3.03197273380505e-05,6.96899049214056e-06,1.42220525920292e-08,-0.000407958013375382,0.023257110078748,-0.00258677319468681,-0.00569566536278051,-0.00100923575397409,0.424410668268239,0.036823763703536,0.0266608236405266,-0.00630001192213037,0.566191834354962,-0.000674131806146672,0.0607744245947,1.88042230160669e-05,0.000475062984123533,-0.000372674364248277,-0.00122818565515438,0.000172274626203449,-0.0015540982223451,8.22985674019724e-06,2.91915580172362e-07,9.29812242590619e-05,-0.00591581592393869,1.55136576983806e-06,-3.01845627039689e-05,-2.31425166689891e-07,5.18956835160228e-07,-1.91876551308827e-06,1.48081389036566e-05,-0.59240703222487,-3.18984440324511e-16,1.73644125199383e-16,8.23993651088983e-18,-2.40250574779505e-16,-4.24373441495814e-16,-9.41521166586412e-16,1.07444435293313e-15,4.92661467177413e-16,-2.57765775122238e-16,-1.32706345912226e-16,-9.05746366833134e-17,-1.50893743284979e-16,-4.55319305013658e-16,2.81025203108243e-16,-1.56884054358652e-16,4.82214587539393e-17,2.53306359444532e-16,4.42000026925062e-16,-3.72990551389344e-17,2.35285447895675e-17,-8.72774208451325e-17,4.03323208164608e-16,3.7129396066334e-18,-5.58553427418143e-16,7.97610524959261e-17,-1.49909225157729e-16,-3.24393290007663e-16,5.67254576644416e-16,6.7746811807148e-17,3.72098185597025e-16,1.91938143214241e-16
"t217",0.114230404253073,-0.0725562404672982,0.0183831556714877,-0.301402024605416,0.0139946165363217,-0.00681019938930684,-0.216252657822408,-0.00224811521825395,-0.00765442755370854,0.0772102287897484,0.0738169943171646,-1.22865627812379e-05,-4.5041564736445e-05,0.000246984963303746,0.00138932481288448,-0.0368937912693886,-0.00277838467563119,-0.00606847363231757,1.79815928792043e-06,-0.00206490958726189,0.192948312884682,0.000356589456354096,-0.000349052908162916,0.00174100149319538,1.84051734268015e-05,-0.000721323494109728,2.72161596456717e-05,-4.95818093064048e-06,-2.40762086309299e-09,9.42191662813181e-06,0.00264038116352111,-0.000894887200078014,-0.00213100120566507,-0.000420414046503453,0.190173568648491,0.0181411105179108,0.0133022262709527,-0.00321045845939886,0.378557257627056,-0.000649126026325359,0.0599730137945995,1.96722980939489e-05,0.000539934710864383,-0.000440358714901313,-0.0016586199491355,0.000237266685030662,-0.00215062995895261,1.17178701322749e-05,4.40485423072387e-07,0.000172128856975238,-0.0134273716739056,4.13165895611373e-06,-0.000798129639006733,-7.71114794465011e-06,0.000365084851050679,0.000167816236384302,-0.000403594608045111,0.773615987894162,-4.44006467723425e-16,-4.1261529382866e-16,1.196959198424e-16,3.41734926637651e-16,6.70951949046317e-16,1.52829138233557e-15,-8.43075609324728e-16,4.57966997657877e-16,6.53678022181213e-16,9.57187887978828e-16,-3.73495898288343e-19,1.93764174906014e-16,3.60329615706992e-16,-3.46944695195361e-16,6.28837260041593e-17,-7.31999870606093e-17,-8.59166060803702e-16,-4.79207542271152e-16,-3.6176048996567e-17,-8.00017527809108e-17,5.8554164598993e-17,-1.59594559789866e-16,8.16509826247719e-16,1.72605956103454e-15,-1.87169682508819e-16,-1.22582629187436e-16,1.00613961606655e-16,-1.09374315160338e-15,1.37566623445113e-16,-3.76434994286967e-16,2.39804709969127e-17
"t218",0.115974476365326,-0.0744698109020683,0.0193355063461634,-0.32524012459398,0.0152052770673704,-0.00743845672785309,-0.23902514551885,-0.00254675214946631,-0.00880297685087011,0.0944898037938033,0.0907098774002188,-1.51751766323541e-05,-5.81298332725917e-05,0.000334114620788433,0.00193228697155546,-0.0530265098022196,-0.00400303830926334,-0.00875146855737418,2.98626139718511e-06,-0.00358118882015505,0.362560822347745,0.000721680525605957,-0.000724589648271574,0.00389178810744201,4.85708925354947e-05,-0.00203110171297397,8.04156369590379e-05,-1.61352686390351e-05,-1.93313600821421e-08,0.000456010544726118,-0.0211314923436611,0.00162734440651198,0.00344626674657861,0.000578871531653674,-0.235017553554594,-0.0195411389530604,-0.0140728009846152,0.00329685157188851,-0.274483642745165,0.000333670535831158,-0.0302707326802734,-9.52793575748588e-06,-0.000247851530615828,0.000197483904497061,0.000692161127902531,-9.80664763553622e-05,0.000886850966690168,-4.7675049482214e-06,-1.74614059617745e-07,-6.31005584682716e-05,0.00463059551879982,-1.37072408360611e-06,0.000219791704976774,2.11498442711025e-06,-9.8677636077713e-05,-4.50630149725737e-05,0.000107002674779991,-0.148727699749813,-7.13822827394703e-15,1.81659925403671e-15,-4.95783969434171e-15,1.11619719917748e-16,-6.15105640414997e-16,-4.96824803519758e-15,1.59143531686112e-14,-5.89805981832114e-15,2.51438585305378e-15,1.28335926954937e-14,4.4829020528616e-15,-5.55308456908853e-15,-2.3372505691877e-15,-2.4980018054066e-16,4.06272238073768e-15,-5.92219818484433e-15,-5.32737514104241e-15,-7.93138775072816e-15,-7.35479476387554e-15,1.42014741926367e-14,2.41134724435652e-14,1.18655085756814e-15,-1.98180994274605e-14,0.707106781186547,-2.16054918660643e-13,-5.68147230689791e-17,6.27276008913213e-15,1.30104260698261e-15,7.80588690170991e-16,9.85322934354826e-16,4.73611237230562e-15
"t219",0.115974476365326,-0.0744698109020683,0.0193355063461633,-0.32524012459398,0.0152052770673704,-0.00743845672785312,-0.23902514551885,-0.00254675214946627,-0.00880297685087008,0.0944898037938032,0.0907098774002187,-1.51751766323544e-05,-5.81298332726102e-05,0.000334114620788359,0.00193228697155542,-0.0530265098022195,-0.0040030383092633,-0.0087514685573742,2.98626139707409e-06,-0.00358118882015515,0.362560822347744,0.000721680525606005,-0.000724589648271488,0.00389178810744188,4.85708925353125e-05,-0.00203110171297385,8.0415636959083e-05,-1.61352686390039e-05,-1.93313599988754e-08,0.000456010544726233,-0.021131492343661,0.00162734440651192,0.00344626674657838,0.000578871531653591,-0.235017553554593,-0.0195411389530605,-0.0140728009846151,0.00329685157188855,-0.274483642745164,0.000333670535830588,-0.0302707326802739,-9.52793575719618e-06,-0.000247851530616296,0.000197483904496533,0.000692161127902319,-9.80664763549927e-05,0.000886850966689854,-4.7675049479716e-06,-1.7461405952407e-07,-6.31005584680981e-05,0.00463059551880023,-1.37072408392877e-06,0.000219791704977769,2.11498442662453e-06,-9.86776360771434e-05,-4.50630149752367e-05,0.000107002674779151,-0.14872769974981,7.56094395517347e-15,-1.46898220761626e-15,5.08967867851595e-15,-2.8997980620065e-16,4.30050869006e-16,4.19803081186387e-15,-1.61329283265843e-14,5.53723733531797e-15,-2.79909154180705e-15,-1.33961309926878e-14,-4.49604663700591e-15,5.53125458077476e-15,2.6913408343261e-15,4.71844785465692e-16,-4.1962960883879e-15,5.90047890289387e-15,5.662083130314e-15,8.21323849650694e-15,7.33131652556541e-15,-1.42644786512687e-14,-2.41387412041637e-14,-1.14491749414469e-15,1.92469871215041e-14,-0.707106781186548,2.16071618561927e-13,1.79079713986773e-16,-6.32827124036339e-15,-1.49359691281603e-15,-8.91770181655387e-16,-2.61943244872498e-16,-4.92289146208244e-15
"t224",0.116958145461646,-0.0809276231294341,-0.0474381265021877,-0.0206121733941858,0.00111164259824626,-0.000485236662015015,-0.00416535015300977,0.000428253705382976,0.00295412056304582,-0.232014126979713,-0.266709803637965,5.79839324656572e-05,-0.000152605660517965,1.39465869117585e-05,-0.00244500096348082,0.457873649517939,0.0449320367224112,0.110444386415811,3.28898785051032e-06,-0.0297062818584934,0.0859637437314821,-9.97867075770049e-05,0.000188919616881551,-0.00239877065190654,-7.3408039065971e-05,0.0240757734035366,-0.000166389397442456,4.61642557979711e-05,-6.38136367215117e-07,0.00273883594585212,-0.061176304586317,0.00134516392103757,0.00228868294095198,0.000256493259242222,-0.0697068671858733,-0.00229027768495774,0.00512314349314842,0.000168902147737161,0.0849472418881635,0.0010076179172162,-0.281151730415433,5.11793154412182e-05,0.000659252740339721,-0.000459056699342364,-0.000729587102862596,-0.000297282030961006,0.11522190014779,1.38418672387909e-05,3.93477685579468e-07,0.000123150770565723,-0.00862752265620317,2.49189711011913e-06,-0.000341148361601767,-3.26635991764997e-06,0.000149787697632983,0.000843348736866356,-0.000156911973084702,0.000412814996484117,-7.28504954439921e-15,-2.41362548824463e-15,-7.63928850733286e-16,-1.12478579561801e-16,-6.36308292195209e-16,4.84074585971328e-15,9.06653224719278e-15,-5.08100506113607e-15,2.37372430754991e-15,1.64247887751538e-14,-1.37277965598077e-15,7.39084385038634e-16,-1.01480537192189e-15,-2.47024622979097e-15,3.49113099540332e-17,-4.11697285916778e-15,-6.12322472144311e-15,-1.3219416140427e-15,-2.85764617221948e-14,-4.50679954015555e-15,-2.88504133955972e-15,9.64332780295507e-15,8.25891684950952e-15,2.14869823463792e-13,0.707106781186549,-4.53934407027816e-16,3.68542002471273e-15,-2.04881684534586e-15,2.26964795860382e-15,-3.62990887348147e-16,5.34769660382224e-15
"t225",0.116958145461646,-0.0809276231294342,-0.0474381265021877,-0.0206121733941858,0.00111164259824628,-0.00048523666201501,-0.0041653501530098,0.000428253705382976,0.00295412056304579,-0.232014126979713,-0.266709803637965,5.79839324656632e-05,-0.000152605660517972,1.39465869117835e-05,-0.00244500096348083,0.457873649517939,0.0449320367224112,0.110444386415811,3.28898785053981e-06,-0.0297062818584935,0.0859637437314821,-9.97867075770474e-05,0.000188919616881714,-0.00239877065190656,-7.34080390659223e-05,0.0240757734035365,-0.000166389397442486,4.61642557980308e-05,-6.38136367393793e-07,0.00273883594585232,-0.0611763045863171,0.0013451639210375,0.00228868294095205,0.000256493259242177,-0.0697068671858735,-0.00229027768495766,0.00512314349314863,0.000168902147737082,0.0849472418881639,0.00100761791721671,-0.281151730415435,5.11793154421524e-05,0.000659252740339373,-0.000459056699342436,-0.000729587102862919,-0.000297282030960841,0.115221900147791,1.38418672386864e-05,3.93477685656663e-07,0.000123150770565558,-0.00862752265620339,2.49189710978736e-06,-0.000341148361602623,-3.26635991827447e-06,0.000149787697633403,0.000843348736864038,-0.0001569119730846,0.000412814996483816,7.38463510882105e-15,2.22111255330266e-15,1.37129890775967e-15,-1.0034234825457e-16,6.30898304926871e-16,-4.81038819888369e-15,-9.48590164751018e-15,5.39325528681189e-15,-2.52861623392802e-15,-1.68542277031482e-14,1.32123353854738e-15,-8.51007610658431e-16,1.6358429077397e-15,2.88657986402541e-15,1.36175792864179e-16,4.23051310216988e-15,5.93309418524415e-15,1.43452689536211e-15,2.83779437584024e-14,4.45304228406762e-15,2.88811046593432e-15,-9.63725627078915e-15,-8.23484557509933e-15,-2.14661606525133e-13,-0.707106781186547,-2.88690138350242e-15,-9.10729824887824e-16,2.11376055547774e-15,-2.61538622813671e-15,8.55001833222069e-16,-5.43538383532391e-15
"t215",0.11500673534658,-0.0786194754589415,-0.044842249512517,-0.0189321009204028,0.00101318688182679,-0.000439639168815653,-0.00372363651924962,0.000372308020426482,0.00252449596841928,-0.18461988116175,-0.21122035467707,4.56512296157735e-05,-0.00011415865989192,9.87112989523067e-06,-0.00167450157475403,0.301498816869806,0.029500247163611,0.072431517367918,1.81445086853017e-06,-0.0155182554159676,0.0405167605655303,-4.26492633903764e-05,7.80403316999234e-05,-0.000895406089519711,-2.15597770128334e-05,0.00640211886395789,-4.09966533386514e-05,9.68899998394991e-06,3.94150944087873e-09,-0.000357345403365225,0.0187525104692371,-0.00112043805782622,-0.00210449825738131,-0.000271134757930579,0.0811153543620034,0.00301899076308808,-0.00686606429382864,-0.000232666083680892,-0.162889689725702,-0.00272597936680953,0.775013661959577,-0.000147220489595358,-0.00200517337666522,0.00143073936987374,0.00245320357936984,0.00100985142570012,-0.392360194090167,-4.78144419528131e-05,-1.39745496894814e-06,-0.000475800348777382,0.0356277432629549,-1.07381072780486e-05,0.00181234326913589,1.74327525957578e-05,-0.000812986792872324,-0.00461191214116684,0.000870792916711908,-0.00337070536986219,-2.76282271182687e-16,3.20832253910515e-16,-3.63641408651638e-16,3.13407680266237e-16,-2.23760758284912e-16,2.09467859724199e-16,8.4372613062822e-16,-3.71230823859037e-16,2.75876569099742e-16,7.01295846481514e-16,-4.21250518535642e-17,3.87467057422328e-17,-4.41034908303937e-16,-3.66026653431106e-16,-3.29055359349351e-16,-1.19366934673833e-16,1.15706878447995e-16,-1.73793180029096e-16,-1.69021400471695e-17,1.24440177202102e-16,1.23744742968472e-16,2.25514051876985e-17,6.85869314210998e-16,-3.58028422086868e-16,-1.12968979903405e-15,5.76233923987779e-15,-4.72148362073987e-15,-4.54389130488675e-16,2.6450518053687e-16,-1.30537941567255e-16,1.10579549950596e-16
"t212",0.13704635349595,-0.110924084385531,-0.128402474395512,0.0968238132230515,-0.00258240344337217,0.000776170813335893,0.00350929144468061,-0.000119011315578249,-0.000346843563094707,-0.0512488268711113,-0.0636693982075382,1.51428331836836e-05,-8.3042087349762e-05,0.000286947046502412,0.00177552828847819,-0.113333999747375,-0.0104263714533073,-0.0250098137215168,-1.83626987504404e-08,0.40290653999242,0.00928561454964843,-8.21485823621765e-06,1.35563241339585e-05,-5.88797413017168e-05,3.81138158839891e-05,-0.494131753112895,-0.000236415053116057,2.95741016102316e-05,-2.12241510918337e-07,0.000841831732525001,-0.0175845151495037,0.000339054656234527,0.000567876406456365,6.27236825781301e-05,-0.0172908253455685,-0.000993034764576864,0.0476623430898871,1.12862120922597e-05,0.0135609789637106,0.000115087742644203,-0.0313452311527954,5.40768172653961e-06,6.6156803752144e-05,-4.60980981758447e-05,-0.000260427049731907,0.000134873938313538,-0.0291189251581347,-5.5633978323158e-07,2.63022172965199e-09,1.18610969395642e-06,4.085661216012e-05,-4.02078016853435e-08,3.37778024721187e-05,3.394304548196e-07,-2.31854591470121e-05,-0.0132800123427703,1.03035384357263e-05,-0.000117610280475982,-5.81171498293784e-15,2.32267646417013e-15,7.02736480118205e-15,-1.47125601290785e-15,-2.1058320715726e-15,3.28036209307214e-15,3.70623670642445e-15,6.73072708679001e-16,3.36099840686455e-15,2.56291298947331e-14,7.18185900327717e-15,1.51863162205618e-15,2.03164637577427e-15,1.32116539930394e-14,-1.27762384005692e-15,-5.42242268988324e-15,-3.2219542948159e-14,-1.7737065205004e-14,7.25879095119379e-14,-2.23548994006986e-14,7.54979399469083e-14,-4.96495206059322e-13,-0.707106781186549,-1.95039114870797e-14,8.29987524668824e-15,-1.8012038748429e-15,4.58660887048268e-15,1.12496817417096e-15,-1.62658733519468e-15,-4.1286418728248e-16,1.0806817908372e-15
"t213",0.13704635349595,-0.110924084385531,-0.128402474395512,0.0968238132230516,-0.00258240344337221,0.000776170813335878,0.00350929144468062,-0.000119011315578298,-0.000346843563094722,-0.0512488268711113,-0.0636693982075381,1.51428331836781e-05,-8.30420873497672e-05,0.000286947046502556,0.00177552828847818,-0.113333999747376,-0.0104263714533074,-0.025009813721517,-1.83626987504404e-08,0.402906539992421,0.00928561454964845,-8.21485823613091e-06,1.35563241339538e-05,-5.88797413018092e-05,3.81138158840021e-05,-0.494131753112896,-0.000236415053115932,2.95741016103279e-05,-2.12241510866296e-07,0.000841831732525025,-0.0175845151495038,0.000339054656234489,0.000567876406456228,6.27236825781891e-05,-0.017290825345569,-0.000993034764576961,0.0476623430898877,1.12862120924748e-05,0.01356097896371,0.000115087742644325,-0.0313452311527963,5.40768172634272e-06,6.61568037520735e-05,-4.60980981754283e-05,-0.000260427049732133,0.000134873938313526,-0.0291189251581343,-5.56339784340068e-07,2.63022211302588e-09,1.18610969409867e-06,4.08566121604947e-05,-4.02078019576951e-08,3.37778024725012e-05,3.39430454987869e-07,-2.31854591468132e-05,-0.013280012342773,1.0303538435192e-05,-0.000117610280476981,5.71379201879494e-15,-1.96555097611159e-15,-7.0160890985882e-15,1.43267761874462e-15,2.13557533833878e-15,-3.21444260098502e-15,-3.46250805804971e-15,-8.74300631892311e-16,-3.23007196901578e-15,-2.56779189924949e-14,-7.33256049990514e-15,-1.44937078349015e-15,-1.44374470929604e-15,-1.301736496373e-14,1.28022592527088e-15,5.4373832059319e-15,3.19955921683644e-14,1.7774899534531e-14,-7.25875946325288e-14,2.22951528598001e-14,-7.54819754872537e-14,4.9665133117216e-13,0.707106781186547,1.95204465174272e-14,-8.42284750292682e-15,2.62582697443769e-15,-5.00641195166907e-15,-1.38300829122251e-15,1.32943201472507e-15,1.72604985859692e-16,-1.22386076970464e-15
"t122",0.14711325601737,-0.126113261622721,-0.170548510825285,0.160246600187813,-0.0046005708471457,0.00147185456652372,0.00784164723710992,-0.000446684990669947,-0.00241477537450741,0.10550971163922,0.118754322199287,-2.5231951528873e-05,6.61828244262232e-05,-0.000127839695287498,-0.000580705603057255,0.0257380338192585,0.00230318025717483,0.00546631906803089,-9.16541582213215e-11,0.0204189031113065,0.00128269640379121,-2.17309942889855e-06,4.63106435340634e-06,-8.21930691294932e-05,-8.19915045498459e-06,0.0666715097912596,2.39499223876104e-05,-1.81592042423602e-06,-5.99782445931396e-11,-5.37032510159038e-06,0.000728309294639685,-0.000134067248420871,-0.000306482007266495,-5.86820834768123e-05,0.0278662722095457,0.00792698370751597,-0.72642777859061,0.000370462532783312,0.0136073339801072,5.71356519253538e-05,-0.0149758565463507,2.35508438166951e-06,2.50839344062221e-05,-1.62998008499959e-05,-6.95635133209083e-05,3.43058880111617e-05,-0.00731613820910557,-1.29427638524172e-07,5.10808647116723e-10,5.97386732264886e-08,-4.61209190462733e-06,1.04378664054008e-08,-0.000204135549273548,-2.40723396048061e-06,0.00040281246915699,0.580248328874061,0.000253084775141941,-0.000141455580175906,2.6414994978696e-16,-1.40770475635958e-16,7.12971348626468e-16,5.7057763277755e-16,3.39547098339389e-16,-7.18175519054398e-16,-5.57279916657549e-16,-2.35922392732846e-16,4.67522581876503e-17,-1.39853948734336e-15,2.5137604197788e-16,2.51015498551938e-16,-1.83486394616595e-16,-1.00613961606655e-16,-7.38124839028131e-16,2.63732344957994e-16,2.84054968316956e-16,2.62961613557566e-16,5.71328229309299e-16,-1.77377933265457e-17,4.45828581439694e-16,4.40619762898109e-16,1.34251012687851e-15,-9.44600415538728e-16,-7.09951659200591e-16,5.15540986704345e-16,-7.0603245472256e-16,-6.0281640790194e-17,5.3461110284311e-16,1.54390389361936e-16,3.49290041829174e-16
"t159",0.150897621200089,-0.131809020948833,-0.186272836864257,0.183803503906649,-0.00534939089822711,0.00172978582260817,0.00944542009445369,-0.000567681202916778,-0.00317758608873798,0.16335181913515,0.186087376950786,-4.01408700036153e-05,0.000121642906411067,-0.00028402301181018,-0.00147794463904076,0.0796221820919106,0.00724260154485248,0.0172986757252615,8.15406355977877e-09,-0.167348276951163,-0.00374939474683292,3.83805650065738e-06,-7.14768313028551e-06,9.10270519147247e-05,5.17007218135039e-06,-0.0349878984366589,-1.10527316722463e-05,6.56787568198945e-07,1.47892115220927e-12,-4.37698065828933e-07,0.000137770328881002,-5.38317378021846e-05,-0.000132101847434554,-2.80181232919612e-05,0.0143150098662938,0.00450051311810035,-0.418178365801461,0.00021828684206171,0.0111564536800632,8.26428373242472e-05,-0.0226730619404166,3.99603987197121e-06,5.07964521006662e-05,-3.61318268983671e-05,-0.000221237281182409,0.000116064014279775,-0.0251373171446735,-4.89556431716026e-07,2.40979474569469e-09,1.26612604318867e-06,5.13635566745663e-05,-5.77429048256861e-08,0.000304233003451483,3.52613646292799e-06,-0.000555093933698582,-0.778789803721881,-0.000323097362543583,7.20178218998925e-05,-4.78170454026764e-16,7.01662540371036e-16,-3.40873163029443e-16,-2.53291673138715e-16,9.7861690899774e-17,7.59808882477842e-16,4.54497550705923e-16,2.4980018054066e-16,-4.15034526289813e-17,2.30588118044217e-15,-3.79753008877053e-16,-3.94230814586424e-16,8.84535860389577e-17,1.73472347597681e-16,8.72565908416334e-16,-3.69963750259571e-16,-4.07642551759057e-16,-3.9300428602491e-16,-6.858649215144e-16,2.8335267093428e-16,-5.73141889267576e-16,-8.53483950180589e-16,-1.04585442211029e-15,1.40620309008577e-15,9.89379670075968e-16,-1.77310319692632e-16,2.77555756156289e-17,-4.83987849797529e-16,-2.24834222898769e-16,5.759281940243e-16,-5.51015129658272e-16
"t204",0.153416617263053,-0.135614717430323,-0.196868395070681,0.199815748672191,-0.00585955911530793,0.00190582450049308,0.0105443471772812,-0.000651265510265423,-0.00370713357566084,0.204308411875089,0.233825499615363,-5.07277605926834e-05,0.000161558299697485,-0.00039801259667579,-0.00213807283429713,0.119638194664694,0.0109132739498444,0.026094044862088,1.45188031319687e-08,-0.313863591687805,-0.00775202828732894,8.70042144366159e-06,-1.6728252839426e-05,0.000234126962776968,1.65711755565779e-05,-0.122669170003639,-4.148604942978e-05,2.8396086580347e-06,6.11221281920926e-11,4.63882368471197e-06,-0.000526769822467941,7.11761848098888e-05,0.000157831844885955,2.90430050024111e-05,-0.013462433234838,-0.00373250125098441,0.341086591906281,-0.000173202426908742,-0.00636665178123829,-3.36398196722643e-05,0.00906223253710958,-1.53240732030796e-06,-1.84543221473346e-05,1.28206079305975e-05,7.29600414742064e-05,-3.79017774234588e-05,0.00818955533118956,1.573148270817e-07,-7.54003356279176e-10,-3.65486366366019e-07,-1.39157039109744e-05,1.50242138383105e-08,-6.50077936925897e-05,-7.50216726581876e-07,0.000116262630290744,0.161975796548261,6.62855531468678e-05,-1.03792109041531e-05,-7.45239091171138e-15,-5.01202841124009e-15,2.26207941267376e-15,1.23020230719343e-15,1.27149674661645e-14,1.85962356624714e-15,5.0487392044829e-14,-6.06459327201492e-15,7.84006276238118e-15,5.49994620159533e-14,2.01384576063566e-15,-1.73568957154186e-15,8.44209299397157e-15,3.02535774210355e-15,1.28534335952502e-14,-1.91076368589271e-14,-1.88794943652729e-14,3.5337845651556e-14,-0.707106781186548,1.59887959646774e-13,6.66018386009107e-14,5.29368215929082e-14,-7.21941714486344e-14,-7.71154167284453e-15,-2.88174816131705e-14,6.52823020748663e-16,4.82253126321552e-15,-3.40266009812851e-15,-2.5003387045295e-15,2.04697370165263e-16,5.87906691386547e-15
"t205",0.153416617263053,-0.135614717430323,-0.196868395070681,0.199815748672191,-0.00585955911530793,0.00190582450049303,0.0105443471772812,-0.000651265510265441,-0.00370713357566083,0.204308411875089,0.233825499615363,-5.07277605927591e-05,0.0001615582996975,-0.000398012596675821,-0.00213807283429715,0.119638194664694,0.0109132739498443,0.0260940448620879,1.45188031250298e-08,-0.313863591687805,-0.00775202828732888,8.70042144361649e-06,-1.67282528394897e-05,0.000234126962777004,1.65711755565831e-05,-0.122669170003639,-4.14860494296274e-05,2.83960865795664e-06,6.11221420698804e-11,4.63882368473625e-06,-0.000526769822467915,7.11761848098472e-05,0.000157831844885882,2.90430050024597e-05,-0.0134624332348382,-0.00373250125098447,0.341086591906281,-0.000173202426908853,-0.00636665178123811,-3.36398196719278e-05,0.00906223253710918,-1.53240732067399e-06,-1.84543221472483e-05,1.28206079306348e-05,7.296004147451e-05,-3.79017774231136e-05,0.00818955533118922,1.57314827241295e-07,-7.54002422997946e-10,-3.65486366490919e-07,-1.39157039106552e-05,1.50242148513891e-08,-6.50077936931032e-05,-7.50216726397995e-07,0.000116262630291825,0.161975796548258,6.62855531469442e-05,-1.03792109042433e-05,7.53368137793711e-15,4.63653126018232e-15,-2.2065682614425e-15,-1.33977040009581e-15,-1.29112088667821e-14,-2.28289609438548e-15,-5.06972935854222e-14,6.21724893790088e-15,-7.72010043381498e-15,-5.58384718671312e-14,-1.8812225558391e-15,1.91829179854611e-15,-8.30456507182578e-15,-3.12250225675825e-15,-1.33495645093795e-14,1.92080779435581e-14,1.92324076443136e-14,-3.50854013708166e-14,0.707106781186548,-1.60151376762129e-13,-6.6317096028573e-14,-5.25759991099051e-14,7.23477932617651e-14,7.0492779479736e-15,2.83468966928489e-14,-7.19292309590391e-16,-4.48252546192407e-15,3.38357813989276e-15,2.44377888719261e-15,-5.27355936696949e-16,-5.5497719199437e-15
"t130",0.144478298556366,-0.122053821877041,-0.158746402726728,0.141601496953172,-0.00399951050811953,0.00126258139780101,0.00650871409616892,-0.000341046404422199,-0.00172865427107003,0.0468580713870547,0.0499451675651563,-9.8495554120012e-06,4.08293084748163e-06,6.268662875385e-05,0.000569521367756789,-0.0474702243581478,-0.00443637492604144,-0.0107046164037162,-1.44405196203512e-08,0.371635236741449,0.012020318677978,-1.66397927338774e-05,3.41607946783323e-05,-0.000571150680946013,-5.73760037650803e-05,0.481514484503107,0.000178292811219413,-1.45730201166032e-05,-2.32703338542972e-09,9.28365274762743e-05,-0.0034643218117835,0.000126814935048068,0.000234764294072796,3.19193070836034e-05,-0.0114011341964118,-0.00200116778361608,0.16923563699073,-7.45789167408833e-05,0.00185231175595061,2.87993096595995e-05,-0.00796050859299278,1.41712805535547e-06,1.79992384448213e-05,-1.27370651141884e-05,-7.53268347271638e-05,3.92463264020614e-05,-0.00848534670857312,-1.63486256588019e-07,7.85631372457463e-10,3.73025279257547e-07,1.3465058551064e-05,-1.37373301362792e-08,2.4254133766625e-05,2.66229881201382e-07,-3.32242131322468e-05,-0.0410572898694779,-1.2448778732025e-05,-3.2772437477905e-05,1.60154040588993e-15,0.707106781186548,-9.65078711390177e-14,9.04559573711919e-15,-3.18514619159274e-16,5.89805981832114e-15,-1.14908083048704e-14,-2.51187959321442e-15,2.04982663309836e-15,9.09401677226529e-16,3.51453197495539e-15,9.84154636925041e-16,4.856142801112e-15,-3.65679708735911e-15,-1.01481323344643e-14,-4.20579533880821e-15,-5.5822931736534e-15,-5.35662955183835e-15,-5.06424724209018e-15,-6.39813272510535e-16,9.38041548490784e-16,-1.64451785522601e-15,2.42900480494662e-15,-1.85907517158467e-15,2.37096107300022e-15,1.50443509155201e-14,-1.19765308781439e-14,-8.11850586757146e-16,1.52131855070393e-15,-4.70110061989715e-16,-1.30981566137405e-14
"t142",0.144478298556366,-0.122053821877041,-0.158746402726728,0.141601496953172,-0.00399951050811953,0.00126258139780103,0.00650871409616891,-0.000341046404422196,-0.00172865427107004,0.0468580713870547,0.0499451675651563,-9.84955541197898e-06,4.08293084749804e-06,6.26866287538958e-05,0.00056952136775674,-0.0474702243581479,-0.00443637492604142,-0.0107046164037161,-1.4440519696679e-08,0.371635236741449,0.012020318677978,-1.66397927338253e-05,3.41607946783514e-05,-0.000571150680945975,-5.73760037650833e-05,0.481514484503107,0.000178292811219213,-1.45730201167298e-05,-2.32703315644622e-09,9.28365274762569e-05,-0.00346432181178356,0.000126814935047957,0.000234764294072333,3.19193070835132e-05,-0.0114011341964121,-0.00200116778361607,0.16923563699073,-7.45789167407376e-05,0.00185231175595046,2.87993096595666e-05,-0.00796050859299227,1.41712805521235e-06,1.79992384443856e-05,-1.27370651143745e-05,-7.53268347275047e-05,3.92463264023771e-05,-0.00848534670857327,-1.6348625636077e-07,7.85632650948664e-10,3.73025278521157e-07,1.34650585511265e-05,-1.37373298101512e-08,2.42541337659007e-05,2.66229881175362e-07,-3.32242131322959e-05,-0.0410572898694788,-1.2448778731397e-05,-3.27724374785347e-05,-1.52183262526433e-15,-0.707106781186548,9.69831853714354e-14,-9.21107307798479e-15,2.66947683771313e-16,-6.01602101468757e-15,1.19002030452009e-14,2.31759056390501e-15,-2.09373227796576e-15,-1.12746183916768e-15,-3.51230026529553e-15,-1.05214051398524e-15,-4.43107350433429e-15,3.73312492030209e-15,1.01576733135822e-14,4.13399356504353e-15,5.02640110591218e-15,5.38000224877342e-15,4.75512746512837e-15,5.32720469342516e-16,-9.64793586233353e-16,1.7277845820729e-15,-2.03011085128869e-15,1.8289318579008e-15,-2.31887317106175e-15,-1.48280343628052e-14,1.20528587110869e-14,9.74047231760977e-16,-1.64545992924171e-15,1.40512601554121e-16,1.30698456634394e-14
"t162",0.12816673753552,-0.0976766715365567,-0.0925208227998998,0.0440571440104308,-0.000912881885995232,0.000203109555857557,-2.71568080435355e-05,0.000144114511074651,0.00130018533530325,-0.174372116920962,-0.207019814198906,4.68977728814339e-05,-0.000203172575730491,0.00064386105020337,0.00394683470686307,-0.258209884727345,-0.023839098151574,-0.0572648130072258,1.18131384591914e-07,-0.151474444566266,0.00647210740894207,-9.61589077774425e-06,1.89740549059226e-05,-0.000258957895698718,-9.44468470106771e-06,0.0228786440820077,-7.08295281758942e-06,3.152685501408e-06,-1.56505383895611e-08,-4.10583489116941e-05,0.00470362803297379,-0.000380238944933046,-0.000729186147076194,-9.67452969241689e-05,0.0296188192885731,0.00124509510897032,-0.015057247362709,-7.96846103854366e-05,-0.0638352091869423,-0.00121395253075354,0.35037659045659,-6.95978674024899e-05,-0.00104894715115186,0.000809650837225087,0.00670822680848336,-0.0036957878670176,0.810202764726427,1.70000929151019e-05,-9.87868941518602e-08,-0.00012969689511015,0.0111319617291529,-3.50992628200993e-06,0.000660186371475873,6.37391154110697e-06,-0.000309099514367265,-0.0229208358080938,0.000307606950418294,-0.00128569246184819,5.07708549324262e-16,9.69843125296334e-17,-4.16767315103428e-16,-3.56101763488058e-16,-1.45619179194303e-17,2.34187669256869e-16,-1.32706345912226e-16,6.27969898303604e-16,-6.53383746352062e-16,-5.40603531992007e-16,3.09649238602284e-18,2.58818903656143e-15,2.79188259960889e-16,-7.16440795578421e-16,1.03020890429573e-15,-1.89975507725023e-16,-5.52366084622509e-16,8.04418751786519e-16,4.0167736672452e-16,-3.64071956774799e-17,-1.3981656238469e-16,-6.80011602582908e-16,-7.00679018004555e-17,-2.28967483814179e-16,3.34847410241524e-16,-1.19257114597948e-14,9.39699706936636e-15,-2.12503625807159e-17,3.27031493704415e-16,-3.27862736959617e-16,-1.63951099719792e-16
"t168",0.130202535716806,-0.100358541996823,-0.0975186672140191,0.0476967034422162,-0.000995406698039639,0.000222696775624319,-3.01487107131153e-05,0.000164177804613892,0.00150486803942345,-0.215505199626252,-0.256971916661488,5.85277086094131e-05,-0.000265664581041776,0.00088523688583543,0.00558997037997873,-0.378845377434878,-0.0350684860007516,-0.0843237585626841,2.02735831745723e-07,-0.272617622991353,0.012727632724918,-2.05449712825452e-05,4.17139040511264e-05,-0.00061915431862776,-2.73613092870352e-05,0.0715584185761272,-2.34661817355953e-05,1.17450072029936e-05,-2.18931523735064e-07,0.00099608704437647,-0.0235036127673778,0.000567392350722978,0.000976488749162881,0.000111456412038126,-0.0308009789904315,-0.00113521556088873,0.0134920168439022,6.93790965912641e-05,0.0395214042558995,0.000531821967901265,-0.150669582022072,2.86930233866725e-05,0.000409306917183415,-0.00030844589836409,-0.00237250406546398,0.00129413422156912,-0.283028818834181,-5.85636715390021e-06,3.31239079010611e-08,4.00794157866543e-05,-0.00322626255537478,9.76519737248436e-07,-0.000150578754046332,-1.44749860632866e-06,6.90952453868116e-05,0.00508762885071572,-6.73436210385492e-05,0.000197437306091212,4.93308899774734e-15,-1.2086482740844e-15,-9.55084535764206e-15,1.14966043566955e-14,-1.01075635901982e-14,5.21104426970398e-14,8.59728954694106e-15,-2.57051324670243e-14,1.52008975737731e-14,-3.10102648176961e-13,3.44028756216026e-13,0.707106781186546,1.64379951437672e-14,-2.69532660079896e-14,1.54841959566776e-14,-1.77965658839679e-14,-1.03448172635788e-14,-7.30329232732605e-15,-2.05050914959002e-15,-2.46745020553053e-15,1.16190421540207e-14,-8.29978447081103e-15,1.8475565290492e-15,5.63658642897076e-15,-7.0348978753747e-16,5.98732012840453e-15,-4.46778031237827e-15,-8.13856360776244e-16,2.54893440696976e-17,4.64363790475542e-16,3.01421879210242e-16
"t169",0.130202535716806,-0.100358541996823,-0.0975186672140191,0.0476967034422162,-0.000995406698039638,0.000222696775624308,-3.01487107131077e-05,0.000164177804613915,0.00150486803942346,-0.215505199626252,-0.256971916661488,5.85277086093995e-05,-0.000265664581041686,0.000885236885835443,0.00558997037997873,-0.378845377434878,-0.0350684860007516,-0.0843237585626838,2.02735831831159e-07,-0.272617622991353,0.0127276327249179,-2.05449712824765e-05,4.17139040512217e-05,-0.000619154318627799,-2.73613092870272e-05,0.0715584185761269,-2.34661817354168e-05,1.17450072027982e-05,-2.18931523938027e-07,0.000996087044376325,-0.0235036127673778,0.000567392350723209,0.000976488749162622,0.000111456412038202,-0.0308009789904311,-0.00113521556088881,0.0134920168439021,6.93790965914307e-05,0.0395214042558989,0.000531821967901191,-0.15066958202207,2.86930233860148e-05,0.000409306917183375,-0.000308445898364073,-0.00237250406546426,0.00129413422156925,-0.283028818834178,-5.85636715420964e-06,3.31239084793745e-08,4.00794157864175e-05,-0.00322626255537497,9.76519736744608e-07,-0.000150578754046698,-1.44749860652555e-06,6.90952453871612e-05,0.0050876288507162,-6.73436210390319e-05,0.000197437306091568,-5.40065914625708e-15,1.14016646665226e-15,9.9774789125151e-15,-1.12820502207648e-14,1.01175766157303e-14,-5.25573508325383e-14,-8.58796540825768e-15,2.52914009180039e-14,-1.47441169877761e-14,3.10634940621675e-13,-3.44049745322684e-13,-0.707106781186549,-1.61138245903374e-14,2.75170511376821e-14,-1.63433719682637e-14,1.791640285027e-14,1.08049305237884e-14,6.91363328227441e-15,1.73552162883369e-15,2.31062832548697e-15,-1.15286749407686e-14,8.62287671821171e-15,-1.82138466687326e-15,-5.50034004417524e-15,5.31632240467935e-16,2.21733077933266e-15,-2.36703018297035e-15,6.97304627234052e-16,-5.77821350033175e-17,-5.39065320159793e-16,-2.0197672202067e-16
"t133",0.0177736291967092,0.0965094413510007,0.0181405911536387,0.00512242326716033,-0.0360424347955077,0.0110669361141248,0.0131570497054811,0.118760705726569,0.260338716008917,0.0217044716125218,-0.00796435507151801,0.0002313646738032,-0.125765209315081,0.00154908700059484,0.0380525531688128,-0.000965936721402461,0.000780578845321108,0.000677686661967514,9.97017563647562e-09,8.31294115691272e-06,-0.000950018735231825,0.00124973122642968,-0.000404475815425418,0.00486530420877353,0.000175830959805032,-0.000225847988118075,0.00205549052933123,-0.000140466083410591,2.39968579371364e-06,-0.00177336345014862,0.0589504202140899,-0.450927040162495,0.280491159176047,0.0280799413019291,-0.00721410877304942,-0.0387528278114404,-1.13194405449563e-05,0.533128272047454,0.00970617053345688,0.00325534720507041,-0.000941024759362964,-0.00024853836794916,-0.0307080339820996,0.023029317737204,0.00215551016310359,-0.00163229813089883,4.30801838789511e-05,-6.89748136716711e-05,-2.16410534182795e-06,-0.00180843950441298,-0.000305791149377524,-1.81907809761947e-05,-0.0363934863896333,0.00651688767424819,0.0320848740284159,0.000168093059014906,-0.549136567073307,-0.000336221141243473,-1.4872195136388e-16,-2.37819336419517e-16,4.80518402845576e-16,-1.25268214506996e-16,1.99222832151361e-17,1.45716771982052e-16,-4.5102810375397e-17,7.49400541621981e-16,-6.45960909755869e-17,-5.05671893247239e-16,-2.69887888842231e-16,1.33103295119906e-16,-1.46410121388939e-16,2.91433543964104e-16,6.97358837342676e-16,7.31442159947184e-16,3.07077443976563e-17,2.84363406396655e-16,-1.46328488821292e-18,5.05237872313309e-18,2.3630630825938e-16,4.5102810375397e-16,-3.98899752977585e-16,2.72655694366946e-16,-3.92612750614778e-17,-6.61140708068918e-17,-2.42861286636753e-16,-8.86443696224148e-16,-1.22969324937479e-16,2.94902990916057e-17,2.2284235412181e-16
"t175",0.0182299536111741,0.100858848363559,0.01980872376196,0.00587301535719376,-0.0418890474853898,0.0129994895829818,0.0158375671565494,0.150782417092558,0.342158352315239,0.0335103673919433,-0.0124438631508198,0.000366936424657395,-0.229966627737459,0.0034114682476038,0.0956776318491875,-0.00293441932595546,0.00240906748446142,0.00210433331366166,5.0490687149643e-06,-7.86815713980787e-05,0.00298404678942453,-0.0023431172097863,0.000661602917460492,-0.00570113200462314,-0.000117928756900349,0.000126582653438782,-0.00101686077627487,5.49556959685421e-05,-1.0697798849546e-07,-0.000112588511323519,0.0101534543292635,-0.172603741811684,0.115414312678852,0.0128139967105059,-0.00354294125645927,-0.0210252644886426,-6.22618674428543e-06,0.300076885396455,0.00753718165840518,0.00430269716368183,-0.00129649205633096,-0.000379477265748173,-0.054837940261261,0.0444918986341564,0.00563966354553087,-0.00448975181236545,0.000119973309706358,-0.000207306089152363,-7.7025337114206e-06,-0.0152585668992712,0.0189334653817925,0.000172543782188641,0.0622667818460162,-0.0109367577813119,-0.0503122210696491,-0.00025600787753417,0.791494365973336,0.000183283059779361,-1.6136126912844e-16,3.33841386061452e-16,5.65519853168439e-16,1.97003909878206e-16,3.57126791002907e-16,-6.93889390390723e-17,-1.04777297948999e-15,-1.83186799063151e-15,-9.67312805239954e-17,4.6599009373427e-16,4.51196190441044e-17,-2.94169274893733e-16,4.05615967534147e-16,1.0547118733939e-15,-5.27355936696949e-16,-2.79984254066039e-15,4.06007777095683e-16,-2.30210760849543e-16,6.97515151782681e-17,9.90998119495502e-17,-2.70067538402745e-17,3.88578058618805e-16,2.39488058345009e-16,-4.92739376695596e-16,-5.96519582019727e-18,2.919432455619e-16,4.78783679369599e-16,3.01841884819964e-16,9.84285410320349e-17,5.13478148889135e-16,-2.47058733539755e-16
"t191",0.0185292582301123,0.103722249616934,0.0209160406267937,0.00637552433331227,-0.0458120963174325,0.0142984678647382,0.0176462905407524,0.172561765192239,0.398075373425923,0.0417361262958714,-0.0155688731327014,0.000461660249104823,-0.303733359280159,0.00474799212657579,0.137357079283579,-0.00437120493434501,0.00359848495861221,0.00314659403459984,8.86809144969025e-06,-0.00014531226982669,0.00605396415460573,-0.00519287943751892,0.00151174638199543,-0.0142553904903035,-0.000363189478279038,0.0004240742777913,-0.00363053193934424,0.000223664880991094,-2.47832542274451e-06,0.00154983777838555,-0.0430586142950703,0.24053265662501,-0.144996704493806,-0.0139278744618561,0.00348809610295966,0.0182222185684576,5.30586436961793e-06,-0.248682303850012,-0.00447967480665926,-0.0018224100536603,0.000539205076753851,0.000151426927814745,0.0207326794956832,-0.0164297821951515,-0.00193601122422647,0.00152625834990552,-4.06886850338242e-05,6.93505884922507e-05,2.50927093334991e-06,0.00458786883471402,-0.00534516413845776,-4.6795363194678e-05,-0.0138945474651995,0.00243011387764524,0.0110072103729342,5.56223850510673e-05,-0.169657019796101,-2.77560333865612e-05,1.43796565655441e-15,4.06137228921551e-15,-5.81479309147426e-15,1.39542892349875e-15,2.21427118026392e-14,1.12410081243297e-15,-3.19189119579733e-16,1.7125190154843e-14,-2.78095065264334e-14,-1.019204252245e-14,-1.73127994461542e-14,1.78462739033805e-14,-1.36501604087341e-15,4.19941859064465e-14,-3.3809760546788e-14,0.707106781186549,2.0432705651841e-12,-7.89902066852995e-15,-1.91727352811476e-14,-3.14509673526962e-14,2.21594275596866e-14,-7.21644966006352e-16,-5.02739514391398e-15,5.9801784760121e-15,3.94477963880304e-15,-3.16484415602363e-15,-2.67841304690819e-15,-8.13585310233123e-16,-3.82563957938858e-16,-4.19803081186387e-16,-3.67036305666542e-16
"t192",0.0185292582301123,0.103722249616934,0.0209160406267937,0.00637552433331226,-0.0458120963174325,0.0142984678647382,0.0176462905407524,0.172561765192239,0.398075373425923,0.0417361262958714,-0.0155688731327014,0.000461660249104777,-0.303733359280159,0.0047479921265758,0.137357079283579,-0.00437120493434497,0.00359848495861217,0.00314659403459981,8.86809144957923e-06,-0.00014531226982669,0.00605396415460576,-0.00519287943751894,0.00151174638199533,-0.0142553904903035,-0.000363189478278994,0.00042407427779128,-0.00363053193934434,0.000223664880991029,-2.478325422689e-06,0.00154983777838573,-0.0430586142950703,0.240532656625011,-0.144996704493806,-0.0139278744618564,0.00348809610295973,0.0182222185684577,5.30586436961241e-06,-0.248682303850013,-0.0044796748066593,-0.00182241005366104,0.000539205076753553,0.000151426927815976,0.0207326794956833,-0.0164297821951517,-0.00193601122422672,0.0015262583499052,-4.06886850334093e-05,6.93505884926948e-05,2.50927093352338e-06,0.00458786883471416,-0.00534516413845784,-4.67953631948514e-05,-0.0138945474651999,0.00243011387764554,0.0110072103729348,5.56223850517588e-05,-0.169657019796105,-2.77560333866722e-05,-1.24543596047997e-15,-4.15601545438499e-15,5.14172038279526e-15,-1.48421396302574e-15,-2.2403254833717e-14,-1.41553435639707e-15,1.29063426612674e-15,-1.60704782814491e-14,2.79337690250022e-14,1.01432534246881e-14,1.72821368465488e-14,-1.76310983104578e-14,1.6670542255789e-15,-4.29378754773779e-14,3.40213968108571e-14,-0.707106781186546,-2.04377611072814e-12,8.02226940462227e-15,1.90761726342741e-14,3.14016135618073e-14,-2.21846061469613e-14,4.02455846426619e-16,5.10121829421515e-15,-5.79859940777083e-15,-4.01413505942386e-15,2.92186198956132e-15,2.56739074444567e-15,6.93889390390723e-16,3.92842610549e-16,7.97972798949331e-17,4.23010796534452e-16
"t69",0.0225573134505974,0.170083579617138,-0.0406703341302093,-0.00066880770301176,0.000831128829081942,0.000414027263590215,0.00174160349091751,0.0284357813065238,0.0720273541036783,0.0073585297314455,-0.00270415047049567,7.85241454937643e-05,0.135256014545891,0.000552452177308604,0.00373705548576735,-0.000509162872187552,0.000401347515100914,0.000345436619633606,-2.2845472036348e-07,8.7065523530494e-06,-0.000752263443479321,0.0388574330797501,-0.000200646521182996,0.00298398647759858,0.000112701763626473,-0.000150578720927781,0.0253283588828986,-8.59843671677969e-05,1.58576232631158e-06,-0.00121689229614681,0.0431558327091907,-0.482463211764039,0.34273348370278,0.0488313933322705,-0.0238065722446453,0.101425422621786,2.11660990665961e-05,-0.626405150723745,0.00289985087631092,0.00276038968700237,-0.000869947445403843,-0.000302009319375993,-0.124757099786292,0.196057128451287,-0.00062923185102394,0.000308401879344618,-7.25137678492368e-06,4.98619333305639e-06,-2.59201165392353e-08,0.343672705641227,0.00592823479522994,4.24254225182691e-05,0.0049938703209287,-0.0008385365664276,-0.003204599367208,-1.48052277531353e-05,0.0366122924580406,-5.91332966449545e-05,-1.683499620081e-16,-2.75034266160859e-16,3.12250225675825e-17,7.45789487746883e-17,-2.42616561675619e-16,6.52256026967279e-16,-4.16333634234434e-17,-1.38777878078145e-16,-1.10170781601612e-16,2.66713734431434e-16,-3.66319060948137e-14,-2.59510178982458e-16,1.05282066058092e-16,5.55111512312578e-16,-1.14491749414469e-16,-6.01431697006743e-17,1.58402442494063e-16,-2.53162662347455e-16,4.09109205492988e-17,2.46987340773388e-17,3.05437187848186e-16,2.77555756156289e-17,1.20807117674561e-19,-9.24585323745346e-17,1.04294629082787e-16,1.83835900591254e-17,3.19189119579733e-16,-5.20417042793042e-18,2.1225392766493e-16,-8.91647866652079e-16,1.51671069326094e-16
"t199",0.0254375180312799,0.213312781440392,-0.0730524473912621,-0.00358971899606657,0.0189148776846177,-0.00469070018000011,-0.00341922752687269,-0.00650941741481798,0.00808707068406295,0.00660470545622648,-0.00256586418443667,7.96841019704501e-05,0.248985004548799,0.00283013112858322,0.284428151719036,0.0026615221275677,-0.00194735498812615,-0.00163141857859182,2.27238212437836e-07,-7.19276599406814e-06,0.000531767857769904,-0.0982931481241544,-7.36208042744646e-05,-0.000504466445819766,-1.99312726478357e-05,2.69708084461593e-05,-0.0159862587884686,8.58702924366132e-06,-3.94704378452182e-08,-1.27804704212189e-05,0.00217743904748947,-0.066936263519982,0.0519933635580861,0.00841669354097589,-0.00449233817889385,0.0216449672934086,4.59438939308851e-06,-0.139906565985634,0.00097211653914212,0.00197812747117057,-0.000668939606767302,-0.000281827318047818,-0.220092378578747,0.171767421675425,-0.00164124844953963,0.000952147541256846,-2.34090121601692e-05,2.19140434849392e-05,-3.74682445163782e-07,-0.823716865111237,-0.00725480122155527,-3.92004866570156e-05,-0.0019841729858373,0.00032866771743768,0.00119660509668886,5.41256070422039e-06,-0.0128537643994329,9.19011744032229e-06,3.94679406663384e-17,4.84744263128776e-16,2.53269627492614e-16,-4.70339514717622e-16,-4.16322427383084e-17,-2.46330733588707e-16,-4.37150315946155e-16,-2.63677968348475e-16,1.61517903983802e-16,-9.97194948143543e-17,-3.84465092800453e-14,1.46929213798593e-16,4.7736939904548e-16,-6.17561557447743e-16,3.18321757841744e-16,-8.46035601089851e-17,2.72049517871166e-16,1.27872123008785e-16,-1.36059599969988e-16,-1.30855053948139e-15,1.80353995690199e-16,-6.93889390390723e-18,1.59077859544538e-16,-1.38174837652672e-16,2.33214566980691e-17,-3.03488142027362e-16,-1.20736753927986e-15,-2.22478285794026e-16,-2.14649104285691e-16,-9.4542429440736e-17,-1.54950167902098e-16
"t206",0.0258441552101636,0.219206785416651,-0.0770231204637624,-0.0038880606852564,0.0206350690841578,-0.00514576121738304,-0.00379815405629742,-0.0074208589030416,0.00936738864891728,0.00817087889329636,-0.00318821522719802,9.9546946869119e-05,0.325940864751829,0.00389590310273778,0.403349274030786,0.00390999361751812,-0.00286833233938133,-0.00240538592697384,3.90426959488016e-07,-1.29583974887749e-05,0.00104646694485337,-0.210068346215797,-0.000161871053450392,-0.00120559078101983,-5.7611498072237e-05,8.40926142882722e-05,-0.0527571755124603,3.18100304678732e-05,-5.22561017166079e-07,0.000361772944819202,-0.0113919772388806,0.103188379943469,-0.0719364092699629,-0.0100221903641976,0.00483084857497993,-0.0204251278992891,-4.26138318415373e-06,0.126120916036516,-0.000625634133334937,-0.000906819001344024,0.000301141627614259,0.000121760652798713,0.0901290256152338,-0.0687177818402926,0.000610867471120184,-0.000350978074205878,8.60904133858921e-06,-7.95095377112767e-06,1.32431551579104e-07,0.26904721197701,0.00222744971504329,1.15717389483141e-05,0.000484271645557886,-7.98859991294441e-05,-0.000286503524987266,-1.28725653948656e-06,0.00301717271790659,-1.54502148395734e-06,-3.807266798874e-15,-5.86012963256909e-16,-4.90926743701436e-16,1.44537467688976e-15,-2.02843819424369e-15,-1.13971332371676e-14,-5.20417042793042e-16,9.85322934354826e-16,-2.46647575833204e-15,8.6913982955128e-15,-5.98933699719422e-16,-2.4081106564302e-15,1.07700186303825e-15,-4.59354776438659e-15,-7.19476561661381e-15,-3.1336455260034e-14,1.30282596717917e-14,-7.24426352051178e-15,-1.59942415453131e-13,-0.707106781186547,-1.0263262919128e-12,7.92144128070049e-14,2.25738742954996e-14,1.41717044113343e-14,-4.53199267810956e-15,-2.17638089465083e-15,4.59007831743463e-15,-2.79203743458467e-15,-8.04690884161924e-16,-1.18481613409216e-15,-3.27096101528269e-16
"t207",0.0258441552101636,0.219206785416651,-0.0770231204637624,-0.00388806068525639,0.0206350690841578,-0.00514576121738305,-0.00379815405629742,-0.00742085890304159,0.00936738864891729,0.00817087889329636,-0.00318821522719806,9.95469468691343e-05,0.325940864751829,0.0038959031027378,0.403349274030786,0.00390999361751802,-0.00286833233938138,-0.00240538592697387,3.90426959269441e-07,-1.29583974888478e-05,0.00104646694485344,-0.210068346215796,-0.000161871053450416,-0.00120559078101985,-5.76114980721507e-05,8.40926142882878e-05,-0.0527571755124602,3.1810030468123e-05,-5.22561017089751e-07,0.000361772944819393,-0.0113919772388805,0.103188379943469,-0.0719364092699626,-0.0100221903641976,0.00483084857498005,-0.0204251278992892,-4.26138318378518e-06,0.126120916036516,-0.000625634133335017,-0.00090681900134432,0.000301141627613955,0.000121760652797885,0.0901290256152331,-0.0687177818402921,0.00061086747112005,-0.000350978074206252,8.60904133874251e-06,-7.95095377241137e-06,1.3243155135359e-07,0.269047211977008,0.00222744971504368,1.1571738948642e-05,0.000484271645557605,-7.98859991291319e-05,-0.000286503524987002,-1.28725653934027e-06,0.00301717271790647,-1.54502148383417e-06,3.75005782522057e-15,3.32526948306503e-16,3.36536354339501e-16,-1.16754977557989e-15,2.24462303398641e-15,1.14838694109665e-14,9.74914593498966e-16,-7.91033905045424e-16,2.45954748929006e-15,-8.74262684816274e-15,1.33832377789024e-15,2.43468207865009e-15,-1.06989583894594e-15,5.17641485231479e-15,6.84261675099052e-15,3.13099402754314e-14,-1.3418463313182e-14,7.3256818435173e-15,1.59972266753514e-13,0.707106781186548,1.02624162512605e-12,-7.92491072765245e-14,-2.26165348847188e-14,-1.42031595232656e-14,4.38015410405188e-15,2.29205698475505e-15,-3.51454976232901e-15,2.72611794249755e-15,9.15308976139182e-16,1.45369827286856e-15,4.07846349517425e-16
"t165",0.026830318656244,0.235306353095858,-0.091786626918737,-0.00557568062676075,0.0318299158679504,-0.00848476631813986,-0.00764709172684493,-0.0430453512033796,-0.0727355378210774,-0.0016134512393136,0.000509518998563877,-1.18864626761055e-05,0.0238697731775849,0.000554378052139067,0.062334517259708,0.000595343887909628,-0.000434527518434776,-0.000363637912422233,-9.77994216166955e-09,1.94627281899229e-06,-0.000650071520209322,0.522354656836901,0.00101902376881319,-0.00333189790480011,-2.36904683194638e-05,-5.79081078849915e-05,0.356875722985432,8.11942910237916e-05,-5.11240850771533e-07,0.000310607659912377,-0.00867290643301843,0.0619855798291099,-0.0417819632678928,-0.00552188876153938,0.0025555123616688,-0.010183112728868,-2.10654770200971e-06,0.0614510127034085,-0.000244862709313988,-0.000251648162491609,8.23102501972248e-05,3.3039912415881e-05,0.0379299930501042,0.00878330442496238,6.95665973088778e-05,-3.95018958702625e-05,9.65093339162261e-07,-8.64532911613869e-07,1.31899066044272e-08,0.0165593956086024,5.75513399243971e-05,1.47133548747402e-08,-6.55354205998313e-05,1.10739379382725e-05,4.3183776787492e-05,2.01058124736668e-07,-0.000503761653822273,7.6511466205742e-07,9.60651634056122e-16,3.45274954267688e-15,1.65492619608187e-15,-5.20625252923436e-15,-6.85026856346882e-15,2.21350715534641e-14,-2.05495342964213e-14,2.91433543964104e-16,9.56562278802112e-14,5.22321443909013e-14,-0.707106781186473,3.44152726019741e-13,-1.16207839118519e-13,-1.72917236085368e-14,9.66587920814277e-15,-1.70064078410592e-14,3.79954995614911e-15,7.30353972575219e-16,-1.88584019175247e-15,8.76820541484863e-16,-4.47192365864806e-15,-7.2997163869104e-15,-7.53217913605464e-15,4.50450095616505e-15,-1.37406395207149e-15,2.06769009576071e-15,-1.60288449180257e-15,3.66547070473899e-15,1.00525084695893e-15,-1.37043154602168e-16,-4.76909822912594e-16
"t238",0.0268303186562438,0.235306353095855,-0.0917866269187351,-0.00557568062676049,0.0318299158679494,-0.00848476631813954,-0.00764709172684455,-0.0430453512033775,-0.0727355378210735,-0.00161345123931352,0.000509518998563853,-1.18864626760722e-05,0.0238697731775826,0.000554378052139021,0.0623345172597006,0.000595343887909541,-0.000434527518434693,-0.000363637912422133,-9.77994207146393e-09,1.94627281905821e-06,-0.000650071520208999,0.522354656836789,0.00101902376881289,-0.00333189790479914,-2.36904683195462e-05,-5.7908107885047e-05,0.356875722985331,8.11942910236702e-05,-5.11240850709083e-07,0.000310607659912364,-0.00867290643301435,0.0619855798290684,-0.0417819632678632,-0.00552188876153518,0.00255551236166673,-0.0101831127288596,-2.10654770203301e-06,0.0614510127033554,-0.000244862709313499,-0.000251648162491302,8.23102501971959e-05,3.30399124167033e-05,0.0379299930500499,0.00878330442494947,6.95665973084372e-05,-3.95018958704065e-05,9.65093339181397e-07,-8.64532911218352e-07,1.31899070693331e-08,0.016559395608574,5.75513399245081e-05,1.4713354888618e-08,-6.55354205995416e-05,1.10739379382656e-05,4.31837767863427e-05,2.01058123897206e-07,-0.000503761653821287,7.65114661974153e-07,-1.01519390898002e-15,-3.47919590394726e-15,-1.38083988687754e-15,5.20556472116372e-15,7.02319148731865e-15,-2.2065682614425e-14,2.07299455379228e-14,-1.2490009027033e-16,-9.55276342083724e-14,-5.22188629142883e-14,0.707106781186623,-3.43923279634656e-13,1.16048832664292e-13,1.72223346694977e-14,-9.43689570931383e-15,1.6937363555893e-14,-4.12118803005118e-15,-6.41805085238738e-16,1.90109743022333e-15,-9.55530329388038e-16,4.62323957954689e-15,7.42461647718073e-15,7.44890461039061e-15,-4.48828567141541e-15,1.564569906486e-15,-2.05919947117596e-15,1.67921232474555e-15,-3.93261812003942e-15,-1.16656920840338e-15,2.55004350968591e-16,3.72927784581959e-16
"t184",0.0282413213376395,0.257731315666689,-0.111128839185431,-0.00764615818616259,0.0453207703636665,-0.0124531034659498,-0.0120789375975065,-0.081390591708402,-0.157410315520606,-0.00994470870288553,0.00361499349363999,-0.000103873323814669,-0.188332780238232,-0.00135608373609371,-0.106266347584165,-0.000736566705506921,0.000526595972886896,0.000437256753880653,5.12652768500099e-09,-8.59661345067875e-07,0.000223061961882305,-0.152011409004919,-0.000285015463558094,0.00088445947716,1.65941313112692e-05,-3.12537278276778e-05,0.0595046694873127,3.67636358802892e-06,4.52019498220491e-13,-5.15825041450988e-07,0.00010628299024076,-0.00633583260250908,0.00524182093751034,0.000927835598768231,-0.000527291781441208,0.00276514927394278,5.93829213814714e-07,-0.018441655278427,0.000171468322618798,0.000790780330762389,-0.000300545649678152,-0.00018580759894182,-0.617687453592084,-0.646243049428089,0.000560135297647932,-0.000279095184520106,6.62625607203639e-06,-5.10282150649954e-06,6.16069619488934e-08,0.0488729998726026,0.000134772760428601,3.07093687428213e-08,-9.44598954159836e-05,1.58686100781286e-05,6.0614533798461e-05,2.79696528245727e-07,-0.000688965158807557,7.79311833567988e-07,3.2511426920712e-16,2.14646055786971e-16,2.81404673868613e-16,5.50187639239367e-16,2.020374669667e-16,3.56268833878737e-16,1.15109744652786e-15,-7.32053306862213e-16,1.53907816309391e-16,-4.61776951854627e-16,-3.71101804404641e-14,1.24223530936086e-18,6.14638716407648e-16,-5.03069808033274e-16,-2.2101461286117e-16,7.26599906556656e-17,4.80126753789491e-17,-1.17837828539254e-16,-1.4202340172832e-17,-1.17435243550409e-16,-1.82328971514784e-16,2.52185425320128e-16,1.81765745144364e-16,4.20366506333095e-16,1.36567961082121e-16,-7.45330799902981e-17,2.75604192245815e-16,1.42111799758537e-16,-2.05763697492605e-16,2.8238045582385e-16,2.77619322573283e-16
"t127",0.0287202754936855,0.265293821272236,-0.117557873888866,-0.00832418752082747,0.0497213715893674,-0.0137436561214552,-0.0135105763530286,-0.09360921133979,-0.184171265048017,-0.0124942577585134,0.00456340613350188,-0.000131896272491951,-0.251659015846577,-0.00191492197978306,-0.155064327567091,-0.00111774225454594,0.000801444373262742,0.000666218054408423,9.2791783033383e-09,-1.64281349025481e-06,0.000472191630085092,-0.354634693331386,-0.000687809052950611,0.00236023313785802,5.61545288385762e-05,-0.000116680044080228,0.239524203501922,1.73327443492375e-05,-1.67739603457173e-10,4.08935644430689e-06,-0.000353294532597093,0.0077072316611219,-0.00577521920965569,-0.000889152522469233,0.000459034994994252,-0.0021252798544003,-4.48922345631972e-07,0.0135644131546411,-9.06842064221421e-05,-0.000296970726027623,0.00011078533016874,6.56542154588609e-05,0.20650321857574,0.210884630038847,-0.000169536077676938,8.36236608096239e-05,-1.98058560860697e-06,1.50375956720289e-06,-1.76627437098974e-08,-0.0128912792749055,-3.32837727295837e-05,-7.27147038154935e-09,1.81938383026791e-05,-3.04257487969721e-06,-1.1431029332891e-05,-5.23575983115752e-08,0.000127117373435749,-9.84625412722359e-08,2.21020311596267e-15,-9.23526830567978e-15,-2.01392721943527e-14,0.707106781186547,-1.38805195617027e-14,-1.79604595085259e-14,-2.15305204220861e-14,1.05679354156507e-14,6.13826136648995e-15,-1.88304233317282e-15,-5.65276873658847e-15,-1.14702620281896e-14,4.4839545851771e-15,-1.57582280557733e-14,-3.14388272359967e-14,-1.46785855420678e-15,9.18521729787065e-15,1.90388676180064e-14,1.0973641558142e-15,1.1960790284453e-15,4.35200060227677e-15,3.72705338813617e-15,-1.74653889938774e-15,-3.20721636762548e-16,-1.12728238740107e-16,-2.63783104352942e-16,1.046905617752e-15,-4.24898831397069e-16,3.92680384520576e-17,-4.85505732839009e-16,-4.69118586360969e-15
"t135",0.0287202754936855,0.265293821272236,-0.117557873888866,-0.00832418752082746,0.0497213715893673,-0.0137436561214552,-0.0135105763530286,-0.09360921133979,-0.184171265048017,-0.0124942577585134,0.00456340613350187,-0.000131896272491969,-0.251659015846577,-0.00191492197978306,-0.155064327567091,-0.00111774225454595,0.00080144437326276,0.000666218054408361,9.27917837012515e-09,-1.64281349035325e-06,0.000472191630085033,-0.354634693331386,-0.000687809052950613,0.002360233137858,5.61545288385395e-05,-0.000116680044080186,0.239524203501922,1.73327443492056e-05,-1.67739565293257e-10,4.08935644425268e-06,-0.000353294532597215,0.00770723166112172,-0.00577521920965581,-0.000889152522469025,0.000459034994994269,-0.00212527985440002,-4.48922346160826e-07,0.0135644131546412,-9.06842064221664e-05,-0.000296970726027318,0.000110785330168985,6.56542154592547e-05,0.20650321857574,0.210884630038846,-0.00016953607767734,8.36236608097536e-05,-1.98058560925674e-06,1.50375956768948e-06,-1.76627438525784e-08,-0.0128912792749049,-3.32837727302776e-05,-7.27147075017809e-09,1.8193838302623e-05,-3.04257488030393e-06,-1.14310293325125e-05,-5.23575975768016e-08,0.000127117373436143,-9.84625406394955e-08,-2.36773461901002e-15,9.07993687481096e-15,1.9896844588585e-14,-0.707106781186547,1.3838621864467e-14,1.77366801801249e-14,2.07793851569882e-14,-1.01082336945169e-14,-6.08265541475117e-15,2.0294909416213e-15,4.51227021340271e-15,1.15193770662298e-14,-4.53786969472516e-15,1.63237479089418e-14,3.18419336037268e-14,1.38879541917532e-15,-9.43184023754327e-15,-1.88318845665717e-14,-1.26014506944983e-15,-1.24110180074214e-15,-4.25841223613556e-15,-3.9863945477947e-15,1.65004314913439e-15,-6.39935303952452e-17,-3.29377422722654e-17,1.32591506357814e-16,-1.16139736716647e-15,4.7271214720368e-17,1.81485706535264e-16,3.11816544806831e-16,4.47008360911843e-15
"t160",0.028029936040631,0.254303582066128,-0.108038557974514,-0.00730013165110434,0.0430392721288057,-0.0117758943856582,-0.0113071618437739,-0.0744316537155353,-0.141655974017805,-0.00823125519259767,0.00297212038930485,-8.46771896883383e-05,-0.140883619948925,-0.000896312570712337,-0.063890328586564,-0.000383987924964964,0.000271184690965637,0.000224110073237028,1.02256585252265e-10,1.65194811849699e-07,-0.000153264670426241,0.197197750331537,0.000441130100737737,-0.00214963350949536,-9.30832724576283e-05,0.000235795537770499,-0.556822969317689,-5.27717511866781e-05,-1.26092502951512e-08,3.37816673829797e-05,-0.00152853951260009,0.0169550627850743,-0.011867078027154,-0.00165329471929849,0.000793771151392856,-0.00332287430197299,-6.92070991523643e-07,0.0204201715144479,-9.64413836390363e-05,-0.000165161882378893,5.82777725246537e-05,2.99635718457545e-05,0.0748513766583335,0.0675607077855869,-3.13679416125498e-05,1.39060227144692e-05,-3.20438622642874e-07,2.03404509379929e-07,-1.46703988730288e-09,0.00105461451795278,7.3094951589613e-06,2.26503488231014e-09,-1.47596974068692e-05,2.50484024073286e-06,9.91580032469929e-06,4.6462346886549e-08,-0.000117810209219024,2.12919872263597e-07,3.84424705171908e-15,2.20098203296474e-15,-2.1817156371437e-14,5.88947080899335e-15,-6.824058918205e-14,6.70074889672079e-15,2.16054930023135e-14,-1.19854430200017e-13,-0.707106781186547,3.19995715174085e-14,-1.13560668053589e-13,1.51709756845008e-14,-2.42504605273014e-14,-5.46546315149943e-15,-2.60091563087164e-14,-2.77270287129489e-14,1.50662650242521e-14,1.21664816904785e-15,-7.67940084980013e-15,2.2262794217311e-15,3.9990699256517e-16,-6.93022028652734e-15,-2.98732211667367e-15,2.60918540392848e-15,2.40281120521513e-15,5.52262705146978e-16,2.85578852232682e-16,1.22653081267854e-15,4.27245602027254e-16,-1.92066414855807e-16,9.42545251046498e-16
"t171",0.028029936040631,0.254303582066128,-0.108038557974514,-0.00730013165110435,0.0430392721288057,-0.0117758943856582,-0.0113071618437738,-0.0744316537155352,-0.141655974017805,-0.00823125519259769,0.0029721203893048,-8.46771896883329e-05,-0.140883619948925,-0.000896312570712385,-0.0638903285865639,-0.000383987924964966,0.000271184690965633,0.000224110073237033,1.02256618157801e-10,1.6519481186954e-07,-0.000153264670426293,0.197197750331537,0.000441130100737806,-0.00214963350949535,-9.30832724576682e-05,0.000235795537770565,-0.55682296931769,-5.27717511866759e-05,-1.26092502240275e-08,3.37816673830524e-05,-0.00152853951260014,0.0169550627850744,-0.0118670780271532,-0.00165329471929838,0.00079377115139269,-0.00332287430197339,-6.92070991575516e-07,0.0204201715144479,-9.64413836392339e-05,-0.000165161882378642,5.82777725247021e-05,2.99635718459243e-05,0.0748513766583339,0.0675607077855868,-3.13679416127868e-05,1.39060227144375e-05,-3.20438621323222e-07,2.03404508819342e-07,-1.46703956136461e-09,0.0010546145179529,7.30949515940409e-06,2.26503482986186e-09,-1.47596974084892e-05,2.50484023972991e-06,9.91580032617598e-06,4.64623468304014e-08,-0.000117810209218739,2.12919871295784e-07,-3.98889243725482e-15,-2.07336732355287e-15,2.19340604706852e-14,-6.01419493544134e-15,6.80358264350862e-14,-7.1860377891253e-15,-2.18748088219589e-14,1.19927505426443e-13,0.707106781186547,-3.21544209986278e-14,7.70507596952221e-14,-1.52646382054915e-14,2.41859854968774e-14,5.69054352250742e-15,2.58402782678246e-14,2.77646102412337e-14,-1.48646446957904e-14,-1.23450909835854e-15,7.76661221027791e-15,-2.30394606926013e-15,-2.65026377965532e-16,7.03744788138616e-15,3.05820066519658e-15,-2.77537696560789e-15,-2.61052770388714e-15,-4.23502174208609e-16,-2.88018307120774e-16,-1.36223226709226e-15,-3.15163856759046e-16,4.0424478001122e-16,-9.29399426042712e-16
"t208",0.0209224826031352,0.142539827812939,-0.0141539734944763,0.00242967384148154,-0.0197481671558737,0.00654987559597499,0.00877926599345174,0.0916814288786082,0.213204875171795,0.0199319144036195,-0.00730153408313882,0.000211050588763759,0.313272969581974,-0.000831416384611476,-0.436118063404795,-0.00987830639950845,0.0076380944675053,0.00653421131237565,8.66498352005557e-06,-0.000135400580384195,0.00536024609403284,-0.0328826151382999,0.00121698712156698,-0.0115407644481018,-0.000285787977776831,0.000332709548104372,-0.0137539887828773,0.000168563347350599,-1.76127270976566e-06,0.00106768360301637,-0.0285589588049934,0.159802283923869,-0.101705947444197,-0.0120878677300853,0.00506905896052032,-0.01688102170809,-3.38795530488502e-06,0.0935701696894711,1.44678504502035e-05,0.00119333548789923,-0.000429379723135455,-0.000208728292265054,-0.197423583323661,0.186644672998876,-0.00333327236356114,0.0023417856522059,-6.08706905779835e-05,9.07765672195572e-05,2.67962047524649e-06,0.057436885203132,-0.00202838515554393,-1.55390507826977e-05,-0.00136082133049537,0.000226790758392949,0.000843479866802542,3.85017892589564e-06,-0.00930117821494249,8.77756944103053e-06,-1.32528728513657e-15,1.15427420409806e-15,-2.47111359152896e-15,4.10579537924214e-15,-8.79219254817873e-15,9.31546506599545e-16,1.2493912154854e-14,2.56045185054177e-15,2.3084688870914e-17,1.52621649042797e-14,3.96783355204182e-15,1.14405111005402e-14,1.78849364362921e-15,-2.58300325572947e-14,-1.46770616493708e-14,2.21627543802193e-14,8.0043309377436e-15,-3.74979752722416e-14,-6.64860092527553e-14,1.02590858882416e-12,-0.707106781186548,1.03610696411405e-13,-7.53997454479525e-14,2.41807196871413e-14,-2.70894440349964e-15,6.61206604003625e-16,1.80064296806393e-15,5.09032919981944e-16,6.49315662878158e-16,2.60642202265515e-16,7.89260640634114e-16
"t209",0.0209224826031352,0.142539827812939,-0.0141539734944763,0.00242967384148154,-0.0197481671558737,0.00654987559597499,0.00877926599345173,0.0916814288786083,0.213204875171795,0.0199319144036196,-0.00730153408313879,0.000211050588763759,0.313272969581974,-0.000831416384611416,-0.436118063404796,-0.0098783063995085,0.00763809446750527,0.00653421131237561,8.66498351994281e-06,-0.000135400580384221,0.00536024609403291,-0.0328826151383001,0.00121698712156695,-0.0115407644481017,-0.000285787977776779,0.000332709548104378,-0.0137539887828773,0.000168563347350602,-1.76127270978647e-06,0.0010676836030164,-0.0285589588049935,0.159802283923869,-0.101705947444197,-0.0120878677300853,0.00506905896052001,-0.01688102170809,-3.38795530490594e-06,0.093570169689471,1.44678504505388e-05,0.00119333548789917,-0.000429379723135447,-0.000208728292264218,-0.197423583323661,0.186644672998875,-0.00333327236356127,0.00234178565220584,-6.08706905778526e-05,9.0776567220124e-05,2.679620474053e-06,0.0574368852031319,-0.00202838515554413,-1.55390507825259e-05,-0.00136082133049557,0.000226790758392954,0.000843479866802757,3.85017892485241e-06,-0.00930117821494226,8.77756944087094e-06,1.31995206826729e-15,-1.02453232787906e-15,2.1614654510671e-15,-4.32972673284371e-15,8.7252677772253e-15,-1.31145094783847e-15,-1.23265113394222e-14,-2.60035049048923e-15,3.22115498175655e-16,-1.50510707412968e-14,-3.95529099493464e-15,-1.12548347652536e-14,-1.68176502396822e-15,2.65013705424977e-14,1.42811110159791e-14,-2.22227456101184e-14,-7.85623975046156e-15,3.71515173488598e-14,6.64679917804309e-14,-1.02635463384762e-12,0.707106781186548,-1.03301048270943e-13,7.51976786327894e-14,-2.42232566735998e-14,2.78926956365877e-15,-7.97684521579931e-16,-1.61242547092044e-15,-7.94828612649123e-16,-6.34345119055456e-16,-1.37259995036665e-16,-7.63995887050367e-16
"t113",0.0205718388307026,0.138456390875683,-0.0133760602357874,0.00223078005011854,-0.0179916014347062,0.00593174992440273,0.00784430906083367,0.0796541886705372,0.182068921155068,0.0158439735555877,-0.00577633647305124,0.000165982096701691,0.234039116825211,-0.000587533058684454,-0.298165670254518,-0.00649213590005226,0.00500510948004605,0.00427694602038352,4.76683920370979e-06,-7.05130440073233e-05,0.00251716176008493,-0.0139946487744435,0.000500488168201907,-0.0042859550311175,-8.33603884130918e-05,8.77928573538413e-05,-0.00336046929557423,3.50250420614751e-05,1.46828350866546e-08,-0.000141544737878868,0.00880815978532548,-0.133169146796305,0.0935241747106752,0.0127703248327642,-0.00589262745535006,0.0222165202455421,4.53292726467461e-06,-0.128661447012827,-2.76455223668405e-05,-0.00321018049598335,0.001176772104956,0.000596763671659584,0.596571584894461,-0.577817066421589,0.0111259910969682,-0.00789605067024813,0.000205742054755432,-0.00031120736449778,-9.44273019012551e-06,-0.220014027961535,0.00829930808259881,6.63165102980454e-05,0.00714252235182058,-0.00119579079037766,-0.00452185335337931,-2.07944223351037e-05,0.0509689136923476,-7.03373454858103e-05,1.47688591949527e-17,2.78616247196516e-17,4.00721122950642e-16,2.14315223597707e-16,1.38163381186648e-16,2.08166817117217e-17,-5.20417042793042e-17,1.38777878078145e-17,-1.87247661960922e-16,-3.22821196857559e-16,-6.43558410995333e-16,-1.62992718232927e-17,4.29711672603368e-16,-8.74300631892311e-16,3.62557206479153e-16,-6.47418131069303e-17,-4.10309268928094e-16,6.73230021524389e-16,-6.47835368490833e-17,-1.98696283813546e-17,-8.31150921186746e-16,-3.95516952522712e-16,3.78977448131353e-16,8.71643471377575e-18,-2.2726463855746e-16,1.7944980706193e-16,-4.9960036108132e-16,2.55004350968591e-16,-1.02971760946989e-16,-6.93889390390723e-18,-1.06869977182717e-16
"t157",0.0252268639756678,0.210311180940842,-0.0711059751500726,-0.00344912547990778,0.0181126882158682,-0.00448018836271651,-0.00324707293482033,-0.00611042311760757,0.00753910891420535,0.00599316095869326,-0.00232430979499184,7.20315045437261e-05,0.221160057199088,0.00246977501674787,0.245760438508992,0.00227381017460151,-0.00166231412576691,-0.0013921870170733,1.85662351054592e-07,-5.80701907269962e-06,0.00042058395649191,-0.0763973944241502,-5.68989017299104e-05,-0.000383843249618969,-1.47025408692283e-05,1.96809932568497e-05,-0.0115765724806898,6.12929840340329e-06,-2.51512681374009e-08,-9.29767900779549e-06,0.00137254492912799,-0.0361667792515537,0.027496919267389,0.004307611433225,-0.00224363423815879,0.0104479058715272,2.20719916417764e-06,-0.0666796367076756,0.000416302561481024,0.000741079955207759,-0.000248627547199165,-0.000102849056293661,-0.0783786230372795,0.0605074186202808,-0.000558522856226664,0.000322492367776042,-7.91964999453414e-06,7.36466525331587e-06,-1.24290922562153e-07,-0.262449969434033,-0.00223711728074679,-1.18333230559802e-05,-0.000537346411849774,8.87897645516221e-05,0.000320369737183151,1.443285717014e-06,-0.00340054310697158,1.96021055239697e-06,1.53687398665593e-17,1.11608153217313e-16,1.15589185435582e-16,-1.85518825134675e-16,7.51636407538299e-17,-1.10978576774195e-17,7.24965826909949e-17,-2.01047057348687e-17,8.73431115525747e-17,5.34757375079695e-16,-7.53139404079979e-16,-1.33886370907726e-18,3.71945087664594e-16,-6.96669891923397e-17,5.13723922124452e-19,-2.18760009582405e-17,1.58567150035325e-16,1.06803157022916e-16,-8.30388300504635e-17,-1.64343242508899e-16,4.86082452694296e-17,-3.6102118432503e-16,-4.22332109504212e-17,-4.18335064999383e-17,-9.87282274449712e-18,-1.20466471728472e-16,-3.61446608558985e-16,4.9034188203614e-17,-1.50725265696395e-16,-5.65191804872175e-17,1.43626924973415e-16
"t167",0.102078210044035,-0.0593895871101679,0.0120150437664555,-0.146778464803369,0.00620615111625243,-0.00279410411110945,-0.0727663413528148,-0.000422646644119481,-0.000765139352217239,-0.0183948559238532,-0.0191328486935621,3.49884978801787e-06,2.22454055363739e-05,-0.000170957401190385,-0.00110535323541336,0.03336371657837,0.00253318639348509,0.00555000343781195,-2.1082302846929e-06,0.00242082917089304,-0.202055657255692,-0.000269123898428737,0.000212169027625629,-2.59990717945693e-05,4.66947600019273e-05,-0.00302722430364125,0.00015699976278845,-5.00111064372284e-05,1.23507302065274e-06,-0.00661901802473245,0.191254673901669,-0.00788132062040351,-0.0149394527625963,-0.00204048438809694,0.678377214722715,0.0378419571543456,0.0253101996933495,-0.00515379633116208,-0.557766635859259,0.00253215059768513,-0.240541565124541,-8.36275063482719e-05,-0.0024533356297602,0.00205360906020775,0.00829400537413437,-0.00119617427650302,0.0108630697143812,-5.98343185650805e-05,-2.29347044524545e-06,-0.000938809776227772,0.0749291290163196,-2.32368621346513e-05,0.00423459013250555,4.07654421038632e-05,-0.00190276172862171,-0.000868571840891044,0.00205842240823945,0.0679263439301798,1.04430995338984e-17,-2.78107995830274e-16,-9.33968534851256e-16,-5.71492879123916e-17,-2.11179863713939e-16,3.788592235544e-16,8.01075999436314e-16,-6.85692346656775e-16,-4.59723267419613e-18,-2.35472708737157e-16,1.159570573844e-16,1.05683725968398e-16,6.95797463568318e-16,1.24989895080191e-15,3.22962464584147e-16,-2.21546644644119e-19,5.94815739320777e-16,-5.62063567552117e-16,-1.79009293681444e-17,-2.02507158980389e-16,4.35451580412258e-16,6.55560402417174e-17,4.82503010315993e-18,1.22438827396536e-16,-2.55553628123349e-16,-1.61203025454402e-16,4.83231172323134e-16,3.43815325331332e-16,-1.49099917919311e-16,3.47585205584407e-17,-4.54528038871293e-16
"t181",0.027300188111476,0.243052038144804,-0.0989835939130996,-0.00640034513217542,0.0372940823369659,-0.0101122961902323,-0.00951458259515315,-0.0600571357367675,-0.111400858408721,-0.00582298932703754,0.00208781886561633,-5.89690871808849e-05,-0.090972751657823,-0.000532899717793043,-0.0361257947190056,-0.000204016178235512,0.000143394628712125,0.000118285393984481,-3.3672701572254e-11,8.19787468338796e-08,-5.94651919862438e-05,0.0662128793723544,0.000141417624407489,-0.000603744393621831,-1.9395054397355e-05,4.35207426052781e-05,-0.0936759192203463,-7.30700789269737e-06,2.59804376791723e-10,-3.41988994346295e-06,0.000312486188187077,-0.00769456026292147,0.00579251092195393,0.000891824932559694,-0.000457769619694781,0.00208429130088078,4.38874737590143e-07,-0.0131842609099685,7.62393255636961e-05,0.000155341922135759,-5.52307817028205e-05,-2.88515306610481e-05,-0.07327369828096,-0.0664524922712508,3.05684691286686e-05,-1.34489281252143e-05,3.09197785883927e-07,-1.92675297050081e-07,1.27070305075654e-09,-0.00147826810235279,-9.33806832166797e-06,-2.87775765271872e-09,1.9594255828145e-05,-3.32961456765767e-06,-1.3243487914937e-05,-6.21872637871261e-08,0.000158342755998635,-3.177338040175e-07,6.39661293945621e-17,-2.00854259673844e-17,2.05435007782829e-16,8.1628590165753e-17,2.99572688900328e-17,4.16685794116314e-17,5.63311746202665e-16,-3.01921341055356e-16,-3.23528082898251e-17,5.85122768039898e-16,3.82870866484279e-14,-6.82536568232676e-17,2.04970612464146e-16,-7.96615250770417e-17,-8.96764873298589e-17,1.14659775853952e-16,1.75777873084506e-17,-2.67419526699238e-17,-6.34861857179237e-17,-1.38622313243806e-17,-2.25154172456195e-17,-4.15863628177189e-16,-1.03214587476082e-16,8.89085620743913e-17,-1.65870960303383e-17,3.05027905379447e-17,1.67790996017861e-16,1.74475409177992e-16,-4.40411358124773e-17,-4.89696062762355e-17,1.93055886352075e-16
"t214",0.115004952871229,-0.0786174051706535,-0.0448400140232074,-0.0189307139236196,0.0010131065093126,-0.000439602266071137,-0.00372328590191203,0.000372265352551707,0.0025241761936515,-0.184587944472752,-0.211183206711466,4.5643039607698e-05,-0.000114134839047571,9.86878434244969e-06,-0.00167407688625284,0.301416914382853,0.029492195109987,0.0724117114694694,1.81383302945157e-06,-0.0155126949310836,0.0405010257392555,-4.26316407148921e-05,7.80074680497727e-05,-0.000895009745543329,-2.15493480643021e-05,0.0063989339126845,-4.09758686777277e-05,9.68391926014479e-06,3.93907185758531e-09,-0.000357107228312096,0.0187388537454709,-0.0011194539603196,-0.00210260619878849,-0.000270882563059716,0.0810380680951411,0.00301602126699096,-0.00685928188478405,-0.000232434615836866,-0.162713037239134,-0.00272275074161608,0.774091455322371,-0.000147043456043081,-0.00200272910325772,0.00142898501909242,0.00245014064780243,0.00100858755381987,-0.391868857126923,-4.77543650297595e-05,-1.39568775998105e-06,-0.000475186988523337,0.0355811313821659,-1.07239279715379e-05,0.0018098447269544,1.74086976158753e-05,-0.000811861290512383,-0.00460551807986477,0.000869582204672029,-0.00336569493994451,-6.67399822702167e-16,5.16395356167103e-16,-1.08167108671707e-15,2.82856513379063e-16,-4.45647091197504e-16,1.81499748192041e-16,9.14189024968648e-16,-3.56514250025358e-16,3.00714099097722e-16,1.71315302089084e-15,-4.01680554535122e-17,2.999727552778e-16,-1.37479203764829e-15,-3.58461102778039e-16,9.95534972822151e-17,-4.33902415638846e-16,4.3942901933402e-16,-2.54468182623443e-17,3.24060514351828e-17,1.87805623114393e-16,1.99529187679412e-16,2.16521793380396e-16,7.80246423864793e-16,-5.52941354601915e-16,-1.0553157626721e-15,9.04006954167072e-15,-7.55481692562346e-15,-6.50442788286486e-16,-6.99399523803874e-17,-2.58698845478897e-16,-1.91365272966063e-16
"t220",0.0573762922928951,0.0117614385732892,0.229136924730081,0.128700796987191,0.0617196351797455,-0.0145272485139783,-0.0660395199326139,-0.0320167204051599,-0.0374855903629343,0.115016847128385,-0.0913168950439807,-0.000173438665841952,-1.02663997809108e-06,0.000214606858473609,0.00141328316002454,-0.0170690914693096,0.00848707036081776,0.0665243572634877,-4.11040854228177e-09,2.72640117142917e-06,-0.000417399905636825,3.44077628029946e-05,-5.43560164189464e-05,0.000730965940607464,3.09812419743094e-05,-0.000158100908851106,9.25779443919184e-05,-2.8094649445655e-05,6.30387878313931e-07,-0.00154155358546244,0.0545301023277848,-0.26002708701913,-0.457882155838475,0.0117675062906132,-0.0621495849716872,0.516909486252704,0.00380487956350085,0.0448037142743607,0.00358235421789242,0.000599636025507108,-0.000877540395941439,-5.30685524248852e-05,-0.00154598005270604,0.00144849501461684,0.102769094103351,0.00401994728633057,-0.000517999599781161,5.52138971843573e-05,6.76514047798171e-07,9.18863395151241e-06,-0.000133171013469943,-1.04016373536915e-06,-0.306212999904878,-0.0240169629490012,-0.465199567147735,0.000202011477598222,-0.00425178709069652,-0.000160283004637293,2.48100215742721e-16,1.74654831399672e-16,-1.72224297827485e-15,2.95868858864488e-17,-9.61413667227272e-16,1.77704790133481e-17,-2.18502668005897e-15,6.78956816348664e-16,6.63271305576875e-16,-8.54028839497662e-18,-7.31278014970713e-17,-3.65635990617002e-17,4.52308826830074e-16,-1.83522624099657e-16,-4.57582765402897e-16,-1.1644801953509e-16,2.06854363966962e-16,1.38757005737347e-16,9.83255435223014e-17,2.3811260391772e-16,2.06468081583319e-16,2.64972806526991e-16,-6.45639089359124e-17,-5.99206138609815e-16,2.73537032049577e-16,5.83879775917128e-16,5.8681429253461e-16,-2.08306592500313e-16,5.4751844228348e-18,-1.99782457078008e-16,4.91949794484038e-16
"t221",0.0573762922928951,0.0117614385732892,0.229136924730081,0.128700796987191,0.0617196351797455,-0.0145272485139783,-0.0660395199326139,-0.0320167204051599,-0.0374855903629343,0.115016847128385,-0.0913168950439807,-0.000173438665841952,-1.02663997809108e-06,0.000214606858473609,0.00141328316002454,-0.0170690914693096,0.00848707036081776,0.0665243572634877,-4.11040854228177e-09,2.72640117142917e-06,-0.000417399905636825,3.44077628029946e-05,-5.43560164189464e-05,0.000730965940607464,3.09812419743094e-05,-0.000158100908851106,9.25779443919184e-05,-2.8094649445655e-05,6.30387878313931e-07,-0.00154155358546244,0.0545301023277848,-0.26002708701913,-0.457882155838475,0.0117675062906132,-0.0621495849716872,0.516909486252704,0.00380487956350085,0.0448037142743607,0.00358235421789242,0.000599636025507108,-0.000877540395941439,-5.30685524248852e-05,-0.00154598005270604,0.00144849501461684,0.102769094103351,0.00401994728633057,-0.000517999599781161,5.52138971843573e-05,6.76514047798171e-07,9.18863395151241e-06,-0.000133171013469943,-1.04016373536915e-06,-0.306212999904878,-0.0240169629490012,-0.465199567147735,0.000202011477598222,-0.00425178709069652,-0.000160283004637293,2.48100215742721e-16,1.74654831399672e-16,-1.72224297827485e-15,2.95868858864488e-17,-9.61413667227272e-16,1.77704790133481e-17,-2.18502668005897e-15,6.78956816348664e-16,6.63271305576875e-16,-8.54028839497662e-18,-7.31278014970713e-17,-3.65635990617002e-17,4.52308826830074e-16,-1.83522624099657e-16,-4.57582765402897e-16,-1.1644801953509e-16,2.06854363966962e-16,1.38757005737347e-16,9.83255435223014e-17,2.3811260391772e-16,2.06468081583319e-16,2.64972806526991e-16,-6.45639089359124e-17,-5.99206138609815e-16,2.73537032049577e-16,5.83879775917128e-16,5.8681429253461e-16,-2.08306592500313e-16,5.4751844228348e-18,-1.99782457078008e-16,4.91949794484038e-16
"t223",-0.105441241967063,-0.0259411201003286,0.00714493590360611,0.0095320748944076,-0.205123760241447,0.0519467394360801,-0.0225620915773806,-0.211127320780505,0.0506281650242614,0.000682924646410062,-0.00029142118463638,0.00587050910719272,-7.17594518872495e-05,0.0242778183886894,0.00107644144123235,-0.0046199187082942,0.0713802902250475,-0.0099204916251217,-6.42115148513555e-08,3.69343608435156e-07,-7.29742475391699e-05,3.18882011264704e-05,-0.00108738947165944,0.00472034219003912,0.00181357630973258,-1.16807662482203e-05,2.89101137162445e-05,-0.00094032293198677,2.6903595331195e-06,-0.000182137025364774,0.00649040976610983,-0.0439056431568447,0.0161597374430429,-0.736987898418664,-0.00498518403114124,0.00734673621158318,1.13026713198238e-06,-0.0102188186915939,0.00129726743930996,0.0320248865492293,-4.29490101729313e-05,-0.00246430649309949,-0.00111072385991391,0.00100917645778395,0.00387120167215568,-0.0805639868903581,-0.000351886371560172,-0.00997947286353478,7.21754388747678e-05,3.13152173992142e-06,-3.63890500696072e-05,-9.60117940805832e-05,-0.0361262099604676,0.568043126529213,-0.00534684024371581,-1.47709830318163e-05,0.0115687271058722,-3.14163825645849e-05,-3.8160440603686e-16,7.75103167449711e-17,1.2148414353937e-15,-3.2429670321282e-16,-3.9473791452929e-16,-3.53705101874319e-16,-3.47264239709095e-16,-5.63471680747097e-16,4.10001678084261e-16,9.04787692499908e-16,-2.45555441697209e-17,-2.13505393611335e-16,2.3891227281307e-15,-7.61648729379498e-16,7.7668631082864e-16,3.31110637266926e-16,-3.1738333522764e-16,-2.98393310208808e-16,-4.9125951935727e-17,-1.41791837321201e-16,2.43221166057543e-17,9.61709126302039e-16,-2.44975150437501e-16,-3.82365704112714e-16,-3.61371760157934e-16,2.52988166525964e-17,4.21683664632787e-17,-4.54214880530639e-16,-6.70719965168707e-17,1.82406320523052e-16,-1.58571509007264e-16
"t226",0.0569102082965773,0.0115843618004161,0.221181536178426,0.120602367016258,0.0572686976945282,-0.0133689003498259,-0.0595125615644182,-0.0272616383734201,-0.0304615808461225,0.0624762346896249,-0.0471398179458526,-8.33851565621075e-05,-3.75394436597583e-08,-0.000203324491954694,-0.00293115578549995,0.0795756125396455,-0.0420017415928665,-0.336843709190265,2.26253469895062e-06,-0.000135558201408847,0.00458525210178344,-0.000182654819211626,0.000238755521059861,-0.00203696259305701,-4.15029166268055e-05,0.000168638323754422,-8.44596364079738e-05,1.91918146000114e-05,-3.39174970817737e-08,-0.000135526342380678,0.0105731660362407,-0.0661614466530525,-0.112321641896714,0.00262033476165302,-0.0123328678536959,0.0788819712786662,0.000551647520944531,0.00588847102913305,-0.000647455529600938,-0.00093820939180631,0.00153681831763026,0.000121496664137845,0.00521270788496742,-0.00589437003113845,-0.847868891688063,-0.0372375413738476,0.00493822067115071,-0.000628399959779376,-1.14583647198796e-05,-0.00164539271484658,0.031697639487753,3.58575359093862e-05,0.157194800911886,0.0107917566069268,0.112923498070735,-3.27601408848762e-05,9.46871222023922e-05,-0.000153530970765246,2.23814087079045e-16,2.16288194823116e-16,-1.80125335630846e-16,3.48776005466181e-16,1.79081301694551e-15,1.22033714358905e-16,1.70092052155489e-15,-3.99205330020179e-16,5.43833655090153e-17,1.3312081558764e-15,-8.70055893048858e-17,9.18059381605835e-17,9.00793671867301e-16,-2.54243587414246e-16,-1.8849394000737e-16,2.07945270472573e-16,1.86674216361881e-16,-2.19965023987939e-15,-3.69828876038893e-17,-1.34852943417294e-16,-1.59558571847787e-16,-3.47509521344955e-17,-4.63550308410578e-16,-7.01154784368891e-17,-1.8963413603623e-16,-3.65013965442185e-16,5.88111221270361e-16,2.69145919346361e-16,5.24759035046462e-16,5.58062960324693e-16,4.61258611579987e-17
"t234",0.0852922476298123,-0.0316326552693094,0.0941559617947546,-0.143945761088211,0.00100124753990041,0.00208287363214529,0.370017804951533,-0.0388584804047303,-0.0377312360171535,0.0551421836263822,0.0248385660434582,3.95471137610544e-06,-0.000181533507205635,0.000580616037062629,0.00258904195433627,-0.0177153923719699,-0.00018164401140632,0.00094375985722091,1.98862189511805e-06,-0.000524375586360547,0.0207286341486415,-0.000220325464259267,0.000313895680574208,-0.00320910737631017,-9.00191380810515e-05,0.00137869224733741,-0.000223497338778576,6.03332698727694e-05,-8.38425143504101e-07,-0.340186275962491,-0.138484494733626,-0.0186184693345959,-0.00870884791480888,-0.000296088453703332,0.0192656456826323,-0.00265712799581138,0.000236234045768062,0.000538338743847583,-0.0074942047039581,-0.000106907303475729,0.000920279070120079,8.76440888909545e-06,0.000234255511925786,-0.000200307927829643,-0.000915560218151344,0.000131391728135967,-0.000135738057284564,7.13164510357941e-06,2.93909019215838e-07,0.000167311062213733,-0.0215372865177877,1.22564725381839e-05,0.000454738910475946,4.22845474940157e-06,-0.000174948820245043,-6.49357249921606e-06,0.000163496190189549,-1.520120415285e-05,-1.69996479793924e-18,-5.75641010191563e-18,-4.53608186351094e-16,4.69341206462169e-17,-5.72427635977683e-17,-5.22522747028263e-17,3.02271693393214e-16,-2.85435313818045e-17,3.18319603213168e-17,7.79090542851617e-16,1.36083723017688e-17,8.13975973047227e-17,6.86404537320855e-16,5.94230129447024e-17,1.08653861347444e-16,-1.02570231727276e-16,-1.80254809431214e-16,-3.72767842027527e-17,4.28143922910436e-17,5.59666389401552e-17,4.86082452694296e-17,8.02703413092393e-17,1.2452094994556e-16,-2.15432211095385e-17,-9.59590683334824e-17,2.85507338049117e-16,-1.94637818021015e-16,-2.44202233864143e-16,-5.48963354847708e-17,4.01068068965103e-17,-1.02593324699567e-15
"t237",0.0268302075326003,0.235304697269769,-0.0917854041480997,-0.0055755714689248,0.0318292411319673,-0.00848457599895923,-0.00764689931013202,-0.0430440329306732,-0.0727330757728823,-0.00161337665497344,0.000509495052174809,-1.1885892820392e-05,0.0238684421809359,0.000554342850349129,0.0623302925786535,0.000595300670397654,-0.00043449582431662,-0.000363611340895638,-9.77905205572706e-09,1.94608645885291e-06,-0.000650004056725629,0.522296979372136,0.00101890909575625,-0.00333150378859844,-2.36874060013772e-05,-5.79004095143466e-05,0.356827373492079,8.11829133750039e-05,-5.11156361303287e-07,0.000310552337562548,-0.0086712185896,0.0619710312247823,-0.041771925081879,-0.00552051624023902,0.00255486169639098,-0.010180436138496,-2.10599163416875e-06,0.0614346759025157,-0.000244791746767234,-0.000251568515529101,8.22840772162742e-05,3.30292952994357e-05,0.0379176375308337,0.00878042640217752,6.95433867893637e-05,-3.94886846207726e-05,9.64770382545601e-07,-8.64242635613524e-07,1.31854498028765e-08,0.0165536911328033,5.75312191756629e-05,1.47081631445491e-08,-6.55112769622944e-05,1.10698545422255e-05,4.31678009384668e-05,2.00983634053148e-07,-0.000503574485879326,7.64810740445423e-07,-9.65355060634071e-16,-3.54259279055776e-15,-1.65371510617004e-15,5.08630581835884e-15,7.34466664996496e-15,-2.24536898872086e-14,2.10510307661015e-14,-1.12846529384731e-16,-9.53311216845517e-14,-5.10849558978557e-14,0.706755811613951,-3.43861757536153e-13,1.1571516066243e-13,1.7550769094976e-14,-9.62648483218728e-15,1.76186388709675e-14,-3.86249531954622e-15,-1.05387461919771e-15,1.9031948836381e-15,-8.01132906095667e-16,4.40796834039915e-15,7.21445779541447e-15,7.30853244132435e-15,-4.5682672279284e-15,1.23601123211843e-15,-2.19046023823816e-15,1.78917871504732e-15,-3.91574721632342e-15,-1.1808693135928e-15,8.81474101272052e-17,7.12764673269535e-16
