"","t3","t12","t17","t81","t82","t73","t47","t5","t15","t16","t1","t51","t52","t95","t96","t61","t10","t11","t91","t92","t19","t36","t37","t77","t78","t32","t93","t94","t89","t90","t18","t64","t65","t83","t84","t74","t60","t41","t42","t68","t69","t24","t85","t86","t28","t39","t40","t30","t33","t87","t88","t48","t49","t75","t76","t25","t79","t80","t70","t71","t72","t4","t54","t55","t2","t38","t50","t99","t100","t13","t14","t43","t44","t56","t57","t9","t62","t63","t53","t21","t45","t46","t8","t23","t58","t66","t67","t97","t98","t59","t20","t31","t7","t22","t26","t27","t29","t34","t35","t6"
"t3",0,28.4533776356,28.4533776354,28.4533776355,28.4533776355,28.4533776356,28.4533776354,28.4533776356,28.4533776366,28.4533776366,35.550059724,41.6696852488,41.6696852488,41.6696852486,41.6696852486,41.6696852487,41.6696852485,41.6696852485,41.669685248,41.669685248,41.66968524867,41.66968524897,41.66968524897,41.66968524837,41.66968524837,41.66968524877,41.66968524887,41.66968524887,41.66968524847,41.66968524847,41.6696852485,41.6696852483,41.6696852483,41.6696852481,41.6696852481,41.6696852481,41.6696852483,41.6696852493,41.6696852493,41.669685246,41.669685246,41.669685247,41.6696852465,41.6696852465,41.6696852468,41.6696852463,41.6696852463,41.669685247,41.66968525,41.6696852499,41.6696852499,41.66968524931,41.66968524931,41.66968524891,41.66968524891,41.66968525,41.6696852497,41.6696852497,41.66968525,56.6791407906,56.6791407906,56.6791407845,56.6791407845,56.6791407845,56.6791407844,56.6791407864,56.6791407862,56.67914078661,56.67914078661,56.6791407866,56.6791407866,56.6791407867,56.6791407867,56.6791407867,56.6791407867,56.6791407874,56.6791407866,56.6791407866,56.6791407864,56.6791407868,56.679140787,56.679140787,56.6791407874,56.6791407871,56.67914078752,56.67914078702,56.67914078702,56.67914078732,56.67914078732,56.67914078752,56.6791407874,56.679140787,56.679140787,56.6791407859,56.6791407859,56.6791407859,56.6791407869,56.6791407863,56.6791407863,56.6791407859
"t12",28.4533776356,0,10.8805905258,10.8805905259,10.8805905259,10.880590526,10.8805905258,27.562973988,27.562973989,27.562973989,35.5500597196,41.6696852444,41.6696852444,41.6696852442,41.6696852442,41.6696852443,41.6696852441,41.6696852441,41.6696852436,41.6696852436,41.66968524427,41.66968524457,41.66968524457,41.66968524397,41.66968524397,41.66968524437,41.66968524447,41.66968524447,41.66968524407,41.66968524407,41.6696852441,41.6696852439,41.6696852439,41.6696852437,41.6696852437,41.6696852437,41.6696852439,41.6696852449,41.6696852449,41.6696852416,41.6696852416,41.6696852426,41.6696852421,41.6696852421,41.6696852424,41.6696852419,41.6696852419,41.6696852426,41.6696852456,41.6696852455,41.6696852455,41.66968524491,41.66968524491,41.66968524451,41.66968524451,41.6696852456,41.6696852453,41.6696852453,41.6696852456,56.6791407862,56.6791407862,56.6791407801,56.6791407801,56.6791407801,56.67914078,56.679140782,56.6791407818,56.67914078221,56.67914078221,56.6791407822,56.6791407822,56.6791407823,56.6791407823,56.6791407823,56.6791407823,56.679140783,56.6791407822,56.6791407822,56.679140782,56.6791407824,56.6791407826,56.6791407826,56.679140783,56.6791407827,56.67914078312,56.67914078262,56.67914078262,56.67914078292,56.67914078292,56.67914078312,56.679140783,56.6791407826,56.6791407826,56.6791407815,56.6791407815,56.6791407815,56.6791407825,56.6791407819,56.6791407819,56.6791407815
"t17",28.4533776354,10.8805905258,0,9.9887173041,9.9887173041,9.9887173042,9.988717304,27.5629739878,27.5629739888,27.5629739888,35.5500597194,41.6696852442,41.6696852442,41.669685244,41.669685244,41.6696852441,41.6696852439,41.6696852439,41.6696852434,41.6696852434,41.66968524407,41.66968524437,41.66968524437,41.66968524377,41.66968524377,41.66968524417,41.66968524427,41.66968524427,41.66968524387,41.66968524387,41.6696852439,41.6696852437,41.6696852437,41.6696852435,41.6696852435,41.6696852435,41.6696852437,41.6696852447,41.6696852447,41.6696852414,41.6696852414,41.6696852424,41.6696852419,41.6696852419,41.6696852422,41.6696852417,41.6696852417,41.6696852424,41.6696852454,41.6696852453,41.6696852453,41.66968524471,41.66968524471,41.66968524431,41.66968524431,41.6696852454,41.6696852451,41.6696852451,41.6696852454,56.679140786,56.679140786,56.6791407799,56.6791407799,56.6791407799,56.6791407798,56.6791407818,56.6791407816,56.67914078201,56.67914078201,56.679140782,56.679140782,56.6791407821,56.6791407821,56.6791407821,56.6791407821,56.6791407828,56.679140782,56.679140782,56.6791407818,56.6791407822,56.6791407824,56.6791407824,56.6791407828,56.6791407825,56.67914078292,56.67914078242,56.67914078242,56.67914078272,56.67914078272,56.67914078292,56.6791407828,56.6791407824,56.6791407824,56.6791407813,56.6791407813,56.6791407813,56.6791407823,56.6791407817,56.6791407817,56.6791407813
"t81",28.4533776355,10.8805905259,9.9887173041,0,1.2276540844,1.6639091603,4.2643445261,27.5629739879,27.5629739889,27.5629739889,35.5500597195,41.6696852443,41.6696852443,41.6696852441,41.6696852441,41.6696852442,41.669685244,41.669685244,41.6696852435,41.6696852435,41.66968524417,41.66968524447,41.66968524447,41.66968524387,41.66968524387,41.66968524427,41.66968524437,41.66968524437,41.66968524397,41.66968524397,41.669685244,41.6696852438,41.6696852438,41.6696852436,41.6696852436,41.6696852436,41.6696852438,41.6696852448,41.6696852448,41.6696852415,41.6696852415,41.6696852425,41.669685242,41.669685242,41.6696852423,41.6696852418,41.6696852418,41.6696852425,41.6696852455,41.6696852454,41.6696852454,41.66968524481,41.66968524481,41.66968524441,41.66968524441,41.6696852455,41.6696852452,41.6696852452,41.6696852455,56.6791407861,56.6791407861,56.67914078,56.67914078,56.67914078,56.6791407799,56.6791407819,56.6791407817,56.67914078211,56.67914078211,56.6791407821,56.6791407821,56.6791407822,56.6791407822,56.6791407822,56.6791407822,56.6791407829,56.6791407821,56.6791407821,56.6791407819,56.6791407823,56.6791407825,56.6791407825,56.6791407829,56.6791407826,56.67914078302,56.67914078252,56.67914078252,56.67914078282,56.67914078282,56.67914078302,56.6791407829,56.6791407825,56.6791407825,56.6791407814,56.6791407814,56.6791407814,56.6791407824,56.6791407818,56.6791407818,56.6791407814
"t82",28.4533776355,10.8805905259,9.9887173041,1.2276540844,0,1.6639091603,4.2643445261,27.5629739879,27.5629739889,27.5629739889,35.5500597195,41.6696852443,41.6696852443,41.6696852441,41.6696852441,41.6696852442,41.669685244,41.669685244,41.6696852435,41.6696852435,41.66968524417,41.66968524447,41.66968524447,41.66968524387,41.66968524387,41.66968524427,41.66968524437,41.66968524437,41.66968524397,41.66968524397,41.669685244,41.6696852438,41.6696852438,41.6696852436,41.6696852436,41.6696852436,41.6696852438,41.6696852448,41.6696852448,41.6696852415,41.6696852415,41.6696852425,41.669685242,41.669685242,41.6696852423,41.6696852418,41.6696852418,41.6696852425,41.6696852455,41.6696852454,41.6696852454,41.66968524481,41.66968524481,41.66968524441,41.66968524441,41.6696852455,41.6696852452,41.6696852452,41.6696852455,56.6791407861,56.6791407861,56.67914078,56.67914078,56.67914078,56.6791407799,56.6791407819,56.6791407817,56.67914078211,56.67914078211,56.6791407821,56.6791407821,56.6791407822,56.6791407822,56.6791407822,56.6791407822,56.6791407829,56.6791407821,56.6791407821,56.6791407819,56.6791407823,56.6791407825,56.6791407825,56.6791407829,56.6791407826,56.67914078302,56.67914078252,56.67914078252,56.67914078282,56.67914078282,56.67914078302,56.6791407829,56.6791407825,56.6791407825,56.6791407814,56.6791407814,56.6791407814,56.6791407824,56.6791407818,56.6791407818,56.6791407814
"t73",28.4533776356,10.880590526,9.9887173042,1.6639091603,1.6639091603,0,4.2643445262,27.562973988,27.562973989,27.562973989,35.5500597196,41.6696852444,41.6696852444,41.6696852442,41.6696852442,41.6696852443,41.6696852441,41.6696852441,41.6696852436,41.6696852436,41.66968524427,41.66968524457,41.66968524457,41.66968524397,41.66968524397,41.66968524437,41.66968524447,41.66968524447,41.66968524407,41.66968524407,41.6696852441,41.6696852439,41.6696852439,41.6696852437,41.6696852437,41.6696852437,41.6696852439,41.6696852449,41.6696852449,41.6696852416,41.6696852416,41.6696852426,41.6696852421,41.6696852421,41.6696852424,41.6696852419,41.6696852419,41.6696852426,41.6696852456,41.6696852455,41.6696852455,41.66968524491,41.66968524491,41.66968524451,41.66968524451,41.6696852456,41.6696852453,41.6696852453,41.6696852456,56.6791407862,56.6791407862,56.6791407801,56.6791407801,56.6791407801,56.67914078,56.679140782,56.6791407818,56.67914078221,56.67914078221,56.6791407822,56.6791407822,56.6791407823,56.6791407823,56.6791407823,56.6791407823,56.679140783,56.6791407822,56.6791407822,56.679140782,56.6791407824,56.6791407826,56.6791407826,56.679140783,56.6791407827,56.67914078312,56.67914078262,56.67914078262,56.67914078292,56.67914078292,56.67914078312,56.679140783,56.6791407826,56.6791407826,56.6791407815,56.6791407815,56.6791407815,56.6791407825,56.6791407819,56.6791407819,56.6791407815
"t47",28.4533776354,10.8805905258,9.988717304,4.2643445261,4.2643445261,4.2643445262,0,27.5629739878,27.5629739888,27.5629739888,35.5500597194,41.6696852442,41.6696852442,41.669685244,41.669685244,41.6696852441,41.6696852439,41.6696852439,41.6696852434,41.6696852434,41.66968524407,41.66968524437,41.66968524437,41.66968524377,41.66968524377,41.66968524417,41.66968524427,41.66968524427,41.66968524387,41.66968524387,41.6696852439,41.6696852437,41.6696852437,41.6696852435,41.6696852435,41.6696852435,41.6696852437,41.6696852447,41.6696852447,41.6696852414,41.6696852414,41.6696852424,41.6696852419,41.6696852419,41.6696852422,41.6696852417,41.6696852417,41.6696852424,41.6696852454,41.6696852453,41.6696852453,41.66968524471,41.66968524471,41.66968524431,41.66968524431,41.6696852454,41.6696852451,41.6696852451,41.6696852454,56.679140786,56.679140786,56.6791407799,56.6791407799,56.6791407799,56.6791407798,56.6791407818,56.6791407816,56.67914078201,56.67914078201,56.679140782,56.679140782,56.6791407821,56.6791407821,56.6791407821,56.6791407821,56.6791407828,56.679140782,56.679140782,56.6791407818,56.6791407822,56.6791407824,56.6791407824,56.6791407828,56.6791407825,56.67914078292,56.67914078242,56.67914078242,56.67914078272,56.67914078272,56.67914078292,56.6791407828,56.6791407824,56.6791407824,56.6791407813,56.6791407813,56.6791407813,56.6791407823,56.6791407817,56.6791407817,56.6791407813
"t5",28.4533776356,27.562973988,27.5629739878,27.5629739879,27.5629739879,27.562973988,27.5629739878,0,16.206271831,16.206271831,35.5500597196,41.6696852444,41.6696852444,41.6696852442,41.6696852442,41.6696852443,41.6696852441,41.6696852441,41.6696852436,41.6696852436,41.66968524427,41.66968524457,41.66968524457,41.66968524397,41.66968524397,41.66968524437,41.66968524447,41.66968524447,41.66968524407,41.66968524407,41.6696852441,41.6696852439,41.6696852439,41.6696852437,41.6696852437,41.6696852437,41.6696852439,41.6696852449,41.6696852449,41.6696852416,41.6696852416,41.6696852426,41.6696852421,41.6696852421,41.6696852424,41.6696852419,41.6696852419,41.6696852426,41.6696852456,41.6696852455,41.6696852455,41.66968524491,41.66968524491,41.66968524451,41.66968524451,41.6696852456,41.6696852453,41.6696852453,41.6696852456,56.6791407862,56.6791407862,56.6791407801,56.6791407801,56.6791407801,56.67914078,56.679140782,56.6791407818,56.67914078221,56.67914078221,56.6791407822,56.6791407822,56.6791407823,56.6791407823,56.6791407823,56.6791407823,56.679140783,56.6791407822,56.6791407822,56.679140782,56.6791407824,56.6791407826,56.6791407826,56.679140783,56.6791407827,56.67914078312,56.67914078262,56.67914078262,56.67914078292,56.67914078292,56.67914078312,56.679140783,56.6791407826,56.6791407826,56.6791407815,56.6791407815,56.6791407815,56.6791407825,56.6791407819,56.6791407819,56.6791407815
"t15",28.4533776366,27.562973989,27.5629739888,27.5629739889,27.5629739889,27.562973989,27.5629739888,16.206271831,0,10.466619804,35.5500597206,41.6696852454,41.6696852454,41.6696852452,41.6696852452,41.6696852453,41.6696852451,41.6696852451,41.6696852446,41.6696852446,41.66968524527,41.66968524557,41.66968524557,41.66968524497,41.66968524497,41.66968524537,41.66968524547,41.66968524547,41.66968524507,41.66968524507,41.6696852451,41.6696852449,41.6696852449,41.6696852447,41.6696852447,41.6696852447,41.6696852449,41.6696852459,41.6696852459,41.6696852426,41.6696852426,41.6696852436,41.6696852431,41.6696852431,41.6696852434,41.6696852429,41.6696852429,41.6696852436,41.6696852466,41.6696852465,41.6696852465,41.66968524591,41.66968524591,41.66968524551,41.66968524551,41.6696852466,41.6696852463,41.6696852463,41.6696852466,56.6791407872,56.6791407872,56.6791407811,56.6791407811,56.6791407811,56.679140781,56.679140783,56.6791407828,56.67914078321,56.67914078321,56.6791407832,56.6791407832,56.6791407833,56.6791407833,56.6791407833,56.6791407833,56.679140784,56.6791407832,56.6791407832,56.679140783,56.6791407834,56.6791407836,56.6791407836,56.679140784,56.6791407837,56.67914078412,56.67914078362,56.67914078362,56.67914078392,56.67914078392,56.67914078412,56.679140784,56.6791407836,56.6791407836,56.6791407825,56.6791407825,56.6791407825,56.6791407835,56.6791407829,56.6791407829,56.6791407825
"t16",28.4533776366,27.562973989,27.5629739888,27.5629739889,27.5629739889,27.562973989,27.5629739888,16.206271831,10.466619804,0,35.5500597206,41.6696852454,41.6696852454,41.6696852452,41.6696852452,41.6696852453,41.6696852451,41.6696852451,41.6696852446,41.6696852446,41.66968524527,41.66968524557,41.66968524557,41.66968524497,41.66968524497,41.66968524537,41.66968524547,41.66968524547,41.66968524507,41.66968524507,41.6696852451,41.6696852449,41.6696852449,41.6696852447,41.6696852447,41.6696852447,41.6696852449,41.6696852459,41.6696852459,41.6696852426,41.6696852426,41.6696852436,41.6696852431,41.6696852431,41.6696852434,41.6696852429,41.6696852429,41.6696852436,41.6696852466,41.6696852465,41.6696852465,41.66968524591,41.66968524591,41.66968524551,41.66968524551,41.6696852466,41.6696852463,41.6696852463,41.6696852466,56.6791407872,56.6791407872,56.6791407811,56.6791407811,56.6791407811,56.679140781,56.679140783,56.6791407828,56.67914078321,56.67914078321,56.6791407832,56.6791407832,56.6791407833,56.6791407833,56.6791407833,56.6791407833,56.679140784,56.6791407832,56.6791407832,56.679140783,56.6791407834,56.6791407836,56.6791407836,56.679140784,56.6791407837,56.67914078412,56.67914078362,56.67914078362,56.67914078392,56.67914078392,56.67914078412,56.679140784,56.6791407836,56.6791407836,56.6791407825,56.6791407825,56.6791407825,56.6791407835,56.6791407829,56.6791407829,56.6791407825
"t1",35.550059724,35.5500597196,35.5500597194,35.5500597195,35.5500597195,35.5500597196,35.5500597194,35.5500597196,35.5500597206,35.5500597206,0,41.6696852448,41.6696852448,41.6696852446,41.6696852446,41.6696852447,41.6696852445,41.6696852445,41.669685244,41.669685244,41.66968524467,41.66968524497,41.66968524497,41.66968524437,41.66968524437,41.66968524477,41.66968524487,41.66968524487,41.66968524447,41.66968524447,41.6696852445,41.6696852443,41.6696852443,41.6696852441,41.6696852441,41.6696852441,41.6696852443,41.6696852453,41.6696852453,41.669685242,41.669685242,41.669685243,41.6696852425,41.6696852425,41.6696852428,41.6696852423,41.6696852423,41.669685243,41.669685246,41.6696852459,41.6696852459,41.66968524531,41.66968524531,41.66968524491,41.66968524491,41.669685246,41.6696852457,41.6696852457,41.669685246,56.6791407866,56.6791407866,56.6791407805,56.6791407805,56.6791407805,56.6791407804,56.6791407824,56.6791407822,56.67914078261,56.67914078261,56.6791407826,56.6791407826,56.6791407827,56.6791407827,56.6791407827,56.6791407827,56.6791407834,56.6791407826,56.6791407826,56.6791407824,56.6791407828,56.679140783,56.679140783,56.6791407834,56.6791407831,56.67914078352,56.67914078302,56.67914078302,56.67914078332,56.67914078332,56.67914078352,56.6791407834,56.679140783,56.679140783,56.6791407819,56.6791407819,56.6791407819,56.6791407829,56.6791407823,56.6791407823,56.6791407819
"t51",41.6696852488,41.6696852444,41.6696852442,41.6696852443,41.6696852443,41.6696852444,41.6696852442,41.6696852444,41.6696852454,41.6696852454,41.6696852448,0,3.592232058,3.9058693504,3.9058693504,3.9058693505,12.2846573783,14.7857035003,14.7857034998,14.7857034998,18.40719919247,18.40719919277,18.40719919277,18.40719919217,18.40719919217,18.40719919257,18.40719919267,18.40719919267,18.40719919227,18.40719919227,18.4071991923,20.1462248289,20.1462248289,20.1462248287,20.1462248287,20.1462248287,20.1462248289,20.1462248299,20.1462248299,34.2913942106,34.2913942106,34.2913942116,34.2913942111,34.2913942111,34.2913942114,34.2913942109,34.2913942109,34.2913942116,35.4516065188,35.4516065187,35.4516065187,35.45160651811,35.45160651811,35.45160651771,35.45160651771,35.4516065188,35.4516065185,35.4516065185,35.4516065188,56.6791407874,56.6791407874,56.6791407813,56.6791407813,56.6791407813,56.6791407812,56.6791407832,56.679140783,56.67914078341,56.67914078341,56.6791407834,56.6791407834,56.6791407835,56.6791407835,56.6791407835,56.6791407835,56.6791407842,56.6791407834,56.6791407834,56.6791407832,56.6791407836,56.6791407838,56.6791407838,56.6791407842,56.6791407839,56.67914078432,56.67914078382,56.67914078382,56.67914078412,56.67914078412,56.67914078432,56.6791407842,56.6791407838,56.6791407838,56.6791407827,56.6791407827,56.6791407827,56.6791407837,56.6791407831,56.6791407831,56.6791407827
"t52",41.6696852488,41.6696852444,41.6696852442,41.6696852443,41.6696852443,41.6696852444,41.6696852442,41.6696852444,41.6696852454,41.6696852454,41.6696852448,3.592232058,0,3.9058693504,3.9058693504,3.9058693505,12.2846573783,14.7857035003,14.7857034998,14.7857034998,18.40719919247,18.40719919277,18.40719919277,18.40719919217,18.40719919217,18.40719919257,18.40719919267,18.40719919267,18.40719919227,18.40719919227,18.4071991923,20.1462248289,20.1462248289,20.1462248287,20.1462248287,20.1462248287,20.1462248289,20.1462248299,20.1462248299,34.2913942106,34.2913942106,34.2913942116,34.2913942111,34.2913942111,34.2913942114,34.2913942109,34.2913942109,34.2913942116,35.4516065188,35.4516065187,35.4516065187,35.45160651811,35.45160651811,35.45160651771,35.45160651771,35.4516065188,35.4516065185,35.4516065185,35.4516065188,56.6791407874,56.6791407874,56.6791407813,56.6791407813,56.6791407813,56.6791407812,56.6791407832,56.679140783,56.67914078341,56.67914078341,56.6791407834,56.6791407834,56.6791407835,56.6791407835,56.6791407835,56.6791407835,56.6791407842,56.6791407834,56.6791407834,56.6791407832,56.6791407836,56.6791407838,56.6791407838,56.6791407842,56.6791407839,56.67914078432,56.67914078382,56.67914078382,56.67914078412,56.67914078412,56.67914078432,56.6791407842,56.6791407838,56.6791407838,56.6791407827,56.6791407827,56.6791407827,56.6791407837,56.6791407831,56.6791407831,56.6791407827
"t95",41.6696852486,41.6696852442,41.669685244,41.6696852441,41.6696852441,41.6696852442,41.669685244,41.6696852442,41.6696852452,41.6696852452,41.6696852446,3.9058693504,3.9058693504,0,0.2384928958,2.7404704539,12.2846573781,14.7857035001,14.7857034996,14.7857034996,18.40719919227,18.40719919257,18.40719919257,18.40719919197,18.40719919197,18.40719919237,18.40719919247,18.40719919247,18.40719919207,18.40719919207,18.4071991921,20.1462248287,20.1462248287,20.1462248285,20.1462248285,20.1462248285,20.1462248287,20.1462248297,20.1462248297,34.2913942104,34.2913942104,34.2913942114,34.2913942109,34.2913942109,34.2913942112,34.2913942107,34.2913942107,34.2913942114,35.4516065186,35.4516065185,35.4516065185,35.45160651791,35.45160651791,35.45160651751,35.45160651751,35.4516065186,35.4516065183,35.4516065183,35.4516065186,56.6791407872,56.6791407872,56.6791407811,56.6791407811,56.6791407811,56.679140781,56.679140783,56.6791407828,56.67914078321,56.67914078321,56.6791407832,56.6791407832,56.6791407833,56.6791407833,56.6791407833,56.6791407833,56.679140784,56.6791407832,56.6791407832,56.679140783,56.6791407834,56.6791407836,56.6791407836,56.679140784,56.6791407837,56.67914078412,56.67914078362,56.67914078362,56.67914078392,56.67914078392,56.67914078412,56.679140784,56.6791407836,56.6791407836,56.6791407825,56.6791407825,56.6791407825,56.6791407835,56.6791407829,56.6791407829,56.6791407825
"t96",41.6696852486,41.6696852442,41.669685244,41.6696852441,41.6696852441,41.6696852442,41.669685244,41.6696852442,41.6696852452,41.6696852452,41.6696852446,3.9058693504,3.9058693504,0.2384928958,0,2.7404704539,12.2846573781,14.7857035001,14.7857034996,14.7857034996,18.40719919227,18.40719919257,18.40719919257,18.40719919197,18.40719919197,18.40719919237,18.40719919247,18.40719919247,18.40719919207,18.40719919207,18.4071991921,20.1462248287,20.1462248287,20.1462248285,20.1462248285,20.1462248285,20.1462248287,20.1462248297,20.1462248297,34.2913942104,34.2913942104,34.2913942114,34.2913942109,34.2913942109,34.2913942112,34.2913942107,34.2913942107,34.2913942114,35.4516065186,35.4516065185,35.4516065185,35.45160651791,35.45160651791,35.45160651751,35.45160651751,35.4516065186,35.4516065183,35.4516065183,35.4516065186,56.6791407872,56.6791407872,56.6791407811,56.6791407811,56.6791407811,56.679140781,56.679140783,56.6791407828,56.67914078321,56.67914078321,56.6791407832,56.6791407832,56.6791407833,56.6791407833,56.6791407833,56.6791407833,56.679140784,56.6791407832,56.6791407832,56.679140783,56.6791407834,56.6791407836,56.6791407836,56.679140784,56.6791407837,56.67914078412,56.67914078362,56.67914078362,56.67914078392,56.67914078392,56.67914078412,56.679140784,56.6791407836,56.6791407836,56.6791407825,56.6791407825,56.6791407825,56.6791407835,56.6791407829,56.6791407829,56.6791407825
"t61",41.6696852487,41.6696852443,41.6696852441,41.6696852442,41.6696852442,41.6696852443,41.6696852441,41.6696852443,41.6696852453,41.6696852453,41.6696852447,3.9058693505,3.9058693505,2.7404704539,2.7404704539,0,12.2846573782,14.7857035002,14.7857034997,14.7857034997,18.40719919237,18.40719919267,18.40719919267,18.40719919207,18.40719919207,18.40719919247,18.40719919257,18.40719919257,18.40719919217,18.40719919217,18.4071991922,20.1462248288,20.1462248288,20.1462248286,20.1462248286,20.1462248286,20.1462248288,20.1462248298,20.1462248298,34.2913942105,34.2913942105,34.2913942115,34.291394211,34.291394211,34.2913942113,34.2913942108,34.2913942108,34.2913942115,35.4516065187,35.4516065186,35.4516065186,35.45160651801,35.45160651801,35.45160651761,35.45160651761,35.4516065187,35.4516065184,35.4516065184,35.4516065187,56.6791407873,56.6791407873,56.6791407812,56.6791407812,56.6791407812,56.6791407811,56.6791407831,56.6791407829,56.67914078331,56.67914078331,56.6791407833,56.6791407833,56.6791407834,56.6791407834,56.6791407834,56.6791407834,56.6791407841,56.6791407833,56.6791407833,56.6791407831,56.6791407835,56.6791407837,56.6791407837,56.6791407841,56.6791407838,56.67914078422,56.67914078372,56.67914078372,56.67914078402,56.67914078402,56.67914078422,56.6791407841,56.6791407837,56.6791407837,56.6791407826,56.6791407826,56.6791407826,56.6791407836,56.679140783,56.679140783,56.6791407826
"t10",41.6696852485,41.6696852441,41.6696852439,41.669685244,41.669685244,41.6696852441,41.6696852439,41.6696852441,41.6696852451,41.6696852451,41.6696852445,12.2846573783,12.2846573783,12.2846573781,12.2846573781,12.2846573782,0,14.7857035,14.7857034995,14.7857034995,18.40719919217,18.40719919247,18.40719919247,18.40719919187,18.40719919187,18.40719919227,18.40719919237,18.40719919237,18.40719919197,18.40719919197,18.407199192,20.1462248286,20.1462248286,20.1462248284,20.1462248284,20.1462248284,20.1462248286,20.1462248296,20.1462248296,34.2913942103,34.2913942103,34.2913942113,34.2913942108,34.2913942108,34.2913942111,34.2913942106,34.2913942106,34.2913942113,35.4516065185,35.4516065184,35.4516065184,35.45160651781,35.45160651781,35.45160651741,35.45160651741,35.4516065185,35.4516065182,35.4516065182,35.4516065185,56.6791407871,56.6791407871,56.679140781,56.679140781,56.679140781,56.6791407809,56.6791407829,56.6791407827,56.67914078311,56.67914078311,56.6791407831,56.6791407831,56.6791407832,56.6791407832,56.6791407832,56.6791407832,56.6791407839,56.6791407831,56.6791407831,56.6791407829,56.6791407833,56.6791407835,56.6791407835,56.6791407839,56.6791407836,56.67914078402,56.67914078352,56.67914078352,56.67914078382,56.67914078382,56.67914078402,56.6791407839,56.6791407835,56.6791407835,56.6791407824,56.6791407824,56.6791407824,56.6791407834,56.6791407828,56.6791407828,56.6791407824
"t11",41.6696852485,41.6696852441,41.6696852439,41.669685244,41.669685244,41.6696852441,41.6696852439,41.6696852441,41.6696852451,41.6696852451,41.6696852445,14.7857035003,14.7857035003,14.7857035001,14.7857035001,14.7857035002,14.7857035,0,11.1408618855,11.1408618855,18.40719919217,18.40719919247,18.40719919247,18.40719919187,18.40719919187,18.40719919227,18.40719919237,18.40719919237,18.40719919197,18.40719919197,18.407199192,20.1462248286,20.1462248286,20.1462248284,20.1462248284,20.1462248284,20.1462248286,20.1462248296,20.1462248296,34.2913942103,34.2913942103,34.2913942113,34.2913942108,34.2913942108,34.2913942111,34.2913942106,34.2913942106,34.2913942113,35.4516065185,35.4516065184,35.4516065184,35.45160651781,35.45160651781,35.45160651741,35.45160651741,35.4516065185,35.4516065182,35.4516065182,35.4516065185,56.6791407871,56.6791407871,56.679140781,56.679140781,56.679140781,56.6791407809,56.6791407829,56.6791407827,56.67914078311,56.67914078311,56.6791407831,56.6791407831,56.6791407832,56.6791407832,56.6791407832,56.6791407832,56.6791407839,56.6791407831,56.6791407831,56.6791407829,56.6791407833,56.6791407835,56.6791407835,56.6791407839,56.6791407836,56.67914078402,56.67914078352,56.67914078352,56.67914078382,56.67914078382,56.67914078402,56.6791407839,56.6791407835,56.6791407835,56.6791407824,56.6791407824,56.6791407824,56.6791407834,56.6791407828,56.6791407828,56.6791407824
"t91",41.669685248,41.6696852436,41.6696852434,41.6696852435,41.6696852435,41.6696852436,41.6696852434,41.6696852436,41.6696852446,41.6696852446,41.669685244,14.7857034998,14.7857034998,14.7857034996,14.7857034996,14.7857034997,14.7857034995,11.1408618855,0,0.841201065,18.40719919167,18.40719919197,18.40719919197,18.40719919137,18.40719919137,18.40719919177,18.40719919187,18.40719919187,18.40719919147,18.40719919147,18.4071991915,20.1462248281,20.1462248281,20.1462248279,20.1462248279,20.1462248279,20.1462248281,20.1462248291,20.1462248291,34.2913942098,34.2913942098,34.2913942108,34.2913942103,34.2913942103,34.2913942106,34.2913942101,34.2913942101,34.2913942108,35.451606518,35.4516065179,35.4516065179,35.45160651731,35.45160651731,35.45160651691,35.45160651691,35.451606518,35.4516065177,35.4516065177,35.451606518,56.6791407866,56.6791407866,56.6791407805,56.6791407805,56.6791407805,56.6791407804,56.6791407824,56.6791407822,56.67914078261,56.67914078261,56.6791407826,56.6791407826,56.6791407827,56.6791407827,56.6791407827,56.6791407827,56.6791407834,56.6791407826,56.6791407826,56.6791407824,56.6791407828,56.679140783,56.679140783,56.6791407834,56.6791407831,56.67914078352,56.67914078302,56.67914078302,56.67914078332,56.67914078332,56.67914078352,56.6791407834,56.679140783,56.679140783,56.6791407819,56.6791407819,56.6791407819,56.6791407829,56.6791407823,56.6791407823,56.6791407819
"t92",41.669685248,41.6696852436,41.6696852434,41.6696852435,41.6696852435,41.6696852436,41.6696852434,41.6696852436,41.6696852446,41.6696852446,41.669685244,14.7857034998,14.7857034998,14.7857034996,14.7857034996,14.7857034997,14.7857034995,11.1408618855,0.841201065,0,18.40719919167,18.40719919197,18.40719919197,18.40719919137,18.40719919137,18.40719919177,18.40719919187,18.40719919187,18.40719919147,18.40719919147,18.4071991915,20.1462248281,20.1462248281,20.1462248279,20.1462248279,20.1462248279,20.1462248281,20.1462248291,20.1462248291,34.2913942098,34.2913942098,34.2913942108,34.2913942103,34.2913942103,34.2913942106,34.2913942101,34.2913942101,34.2913942108,35.451606518,35.4516065179,35.4516065179,35.45160651731,35.45160651731,35.45160651691,35.45160651691,35.451606518,35.4516065177,35.4516065177,35.451606518,56.6791407866,56.6791407866,56.6791407805,56.6791407805,56.6791407805,56.6791407804,56.6791407824,56.6791407822,56.67914078261,56.67914078261,56.6791407826,56.6791407826,56.6791407827,56.6791407827,56.6791407827,56.6791407827,56.6791407834,56.6791407826,56.6791407826,56.6791407824,56.6791407828,56.679140783,56.679140783,56.6791407834,56.6791407831,56.67914078352,56.67914078302,56.67914078302,56.67914078332,56.67914078332,56.67914078352,56.6791407834,56.679140783,56.679140783,56.6791407819,56.6791407819,56.6791407819,56.6791407829,56.6791407823,56.6791407823,56.6791407819
"t19",41.66968524867,41.66968524427,41.66968524407,41.66968524417,41.66968524417,41.66968524427,41.66968524407,41.66968524427,41.66968524527,41.66968524527,41.66968524467,18.40719919247,18.40719919247,18.40719919227,18.40719919227,18.40719919237,18.40719919217,18.40719919217,18.40719919167,18.40719919167,0,9.5509291883,9.5509291883,9.5509291877,9.5509291877,9.5509291881,9.5509291882,9.5509291882,9.5509291878,9.5509291878,9.72345365817,20.14622482877,20.14622482877,20.14622482857,20.14622482857,20.14622482857,20.14622482877,20.14622482977,20.14622482977,34.29139421047,34.29139421047,34.29139421147,34.29139421097,34.29139421097,34.29139421127,34.29139421077,34.29139421077,34.29139421147,35.45160651867,35.45160651857,35.45160651857,35.45160651798,35.45160651798,35.45160651758,35.45160651758,35.45160651867,35.45160651837,35.45160651837,35.45160651867,56.67914078727,56.67914078727,56.67914078117,56.67914078117,56.67914078117,56.67914078107,56.67914078307,56.67914078287,56.67914078328,56.67914078328,56.67914078327,56.67914078327,56.67914078337,56.67914078337,56.67914078337,56.67914078337,56.67914078407,56.67914078327,56.67914078327,56.67914078307,56.67914078347,56.67914078367,56.67914078367,56.67914078407,56.67914078377,56.67914078419,56.67914078369,56.67914078369,56.67914078399,56.67914078399,56.67914078419,56.67914078407,56.67914078367,56.67914078367,56.67914078257,56.67914078257,56.67914078257,56.67914078357,56.67914078297,56.67914078297,56.67914078257
"t36",41.66968524897,41.66968524457,41.66968524437,41.66968524447,41.66968524447,41.66968524457,41.66968524437,41.66968524457,41.66968524557,41.66968524557,41.66968524497,18.40719919277,18.40719919277,18.40719919257,18.40719919257,18.40719919267,18.40719919247,18.40719919247,18.40719919197,18.40719919197,9.5509291883,0,4.964425628,8.8462245834,8.8462245834,8.8462245838,8.8462245839,8.8462245839,8.8462245835,8.8462245835,9.72345365847,20.14622482907,20.14622482907,20.14622482887,20.14622482887,20.14622482887,20.14622482907,20.14622483007,20.14622483007,34.29139421077,34.29139421077,34.29139421177,34.29139421127,34.29139421127,34.29139421157,34.29139421107,34.29139421107,34.29139421177,35.45160651897,35.45160651887,35.45160651887,35.45160651828,35.45160651828,35.45160651788,35.45160651788,35.45160651897,35.45160651867,35.45160651867,35.45160651897,56.67914078757,56.67914078757,56.67914078147,56.67914078147,56.67914078147,56.67914078137,56.67914078337,56.67914078317,56.67914078358,56.67914078358,56.67914078357,56.67914078357,56.67914078367,56.67914078367,56.67914078367,56.67914078367,56.67914078437,56.67914078357,56.67914078357,56.67914078337,56.67914078377,56.67914078397,56.67914078397,56.67914078437,56.67914078407,56.67914078449,56.67914078399,56.67914078399,56.67914078429,56.67914078429,56.67914078449,56.67914078437,56.67914078397,56.67914078397,56.67914078287,56.67914078287,56.67914078287,56.67914078387,56.67914078327,56.67914078327,56.67914078287
"t37",41.66968524897,41.66968524457,41.66968524437,41.66968524447,41.66968524447,41.66968524457,41.66968524437,41.66968524457,41.66968524557,41.66968524557,41.66968524497,18.40719919277,18.40719919277,18.40719919257,18.40719919257,18.40719919267,18.40719919247,18.40719919247,18.40719919197,18.40719919197,9.5509291883,4.964425628,0,8.8462245834,8.8462245834,8.8462245838,8.8462245839,8.8462245839,8.8462245835,8.8462245835,9.72345365847,20.14622482907,20.14622482907,20.14622482887,20.14622482887,20.14622482887,20.14622482907,20.14622483007,20.14622483007,34.29139421077,34.29139421077,34.29139421177,34.29139421127,34.29139421127,34.29139421157,34.29139421107,34.29139421107,34.29139421177,35.45160651897,35.45160651887,35.45160651887,35.45160651828,35.45160651828,35.45160651788,35.45160651788,35.45160651897,35.45160651867,35.45160651867,35.45160651897,56.67914078757,56.67914078757,56.67914078147,56.67914078147,56.67914078147,56.67914078137,56.67914078337,56.67914078317,56.67914078358,56.67914078358,56.67914078357,56.67914078357,56.67914078367,56.67914078367,56.67914078367,56.67914078367,56.67914078437,56.67914078357,56.67914078357,56.67914078337,56.67914078377,56.67914078397,56.67914078397,56.67914078437,56.67914078407,56.67914078449,56.67914078399,56.67914078399,56.67914078429,56.67914078429,56.67914078449,56.67914078437,56.67914078397,56.67914078397,56.67914078287,56.67914078287,56.67914078287,56.67914078387,56.67914078327,56.67914078327,56.67914078287
"t77",41.66968524837,41.66968524397,41.66968524377,41.66968524387,41.66968524387,41.66968524397,41.66968524377,41.66968524397,41.66968524497,41.66968524497,41.66968524437,18.40719919217,18.40719919217,18.40719919197,18.40719919197,18.40719919207,18.40719919187,18.40719919187,18.40719919137,18.40719919137,9.5509291877,8.8462245834,8.8462245834,0,1.3060811972,5.2776295356,8.6362121457,8.6362121457,8.6362121453,8.6362121453,9.72345365787,20.14622482847,20.14622482847,20.14622482827,20.14622482827,20.14622482827,20.14622482847,20.14622482947,20.14622482947,34.29139421017,34.29139421017,34.29139421117,34.29139421067,34.29139421067,34.29139421097,34.29139421047,34.29139421047,34.29139421117,35.45160651837,35.45160651827,35.45160651827,35.45160651768,35.45160651768,35.45160651728,35.45160651728,35.45160651837,35.45160651807,35.45160651807,35.45160651837,56.67914078697,56.67914078697,56.67914078087,56.67914078087,56.67914078087,56.67914078077,56.67914078277,56.67914078257,56.67914078298,56.67914078298,56.67914078297,56.67914078297,56.67914078307,56.67914078307,56.67914078307,56.67914078307,56.67914078377,56.67914078297,56.67914078297,56.67914078277,56.67914078317,56.67914078337,56.67914078337,56.67914078377,56.67914078347,56.67914078389,56.67914078339,56.67914078339,56.67914078369,56.67914078369,56.67914078389,56.67914078377,56.67914078337,56.67914078337,56.67914078227,56.67914078227,56.67914078227,56.67914078327,56.67914078267,56.67914078267,56.67914078227
"t78",41.66968524837,41.66968524397,41.66968524377,41.66968524387,41.66968524387,41.66968524397,41.66968524377,41.66968524397,41.66968524497,41.66968524497,41.66968524437,18.40719919217,18.40719919217,18.40719919197,18.40719919197,18.40719919207,18.40719919187,18.40719919187,18.40719919137,18.40719919137,9.5509291877,8.8462245834,8.8462245834,1.3060811972,0,5.2776295356,8.6362121457,8.6362121457,8.6362121453,8.6362121453,9.72345365787,20.14622482847,20.14622482847,20.14622482827,20.14622482827,20.14622482827,20.14622482847,20.14622482947,20.14622482947,34.29139421017,34.29139421017,34.29139421117,34.29139421067,34.29139421067,34.29139421097,34.29139421047,34.29139421047,34.29139421117,35.45160651837,35.45160651827,35.45160651827,35.45160651768,35.45160651768,35.45160651728,35.45160651728,35.45160651837,35.45160651807,35.45160651807,35.45160651837,56.67914078697,56.67914078697,56.67914078087,56.67914078087,56.67914078087,56.67914078077,56.67914078277,56.67914078257,56.67914078298,56.67914078298,56.67914078297,56.67914078297,56.67914078307,56.67914078307,56.67914078307,56.67914078307,56.67914078377,56.67914078297,56.67914078297,56.67914078277,56.67914078317,56.67914078337,56.67914078337,56.67914078377,56.67914078347,56.67914078389,56.67914078339,56.67914078339,56.67914078369,56.67914078369,56.67914078389,56.67914078377,56.67914078337,56.67914078337,56.67914078227,56.67914078227,56.67914078227,56.67914078327,56.67914078267,56.67914078267,56.67914078227
"t32",41.66968524877,41.66968524437,41.66968524417,41.66968524427,41.66968524427,41.66968524437,41.66968524417,41.66968524437,41.66968524537,41.66968524537,41.66968524477,18.40719919257,18.40719919257,18.40719919237,18.40719919237,18.40719919247,18.40719919227,18.40719919227,18.40719919177,18.40719919177,9.5509291881,8.8462245838,8.8462245838,5.2776295356,5.2776295356,0,8.6362121461,8.6362121461,8.6362121457,8.6362121457,9.72345365827,20.14622482887,20.14622482887,20.14622482867,20.14622482867,20.14622482867,20.14622482887,20.14622482987,20.14622482987,34.29139421057,34.29139421057,34.29139421157,34.29139421107,34.29139421107,34.29139421137,34.29139421087,34.29139421087,34.29139421157,35.45160651877,35.45160651867,35.45160651867,35.45160651808,35.45160651808,35.45160651768,35.45160651768,35.45160651877,35.45160651847,35.45160651847,35.45160651877,56.67914078737,56.67914078737,56.67914078127,56.67914078127,56.67914078127,56.67914078117,56.67914078317,56.67914078297,56.67914078338,56.67914078338,56.67914078337,56.67914078337,56.67914078347,56.67914078347,56.67914078347,56.67914078347,56.67914078417,56.67914078337,56.67914078337,56.67914078317,56.67914078357,56.67914078377,56.67914078377,56.67914078417,56.67914078387,56.67914078429,56.67914078379,56.67914078379,56.67914078409,56.67914078409,56.67914078429,56.67914078417,56.67914078377,56.67914078377,56.67914078267,56.67914078267,56.67914078267,56.67914078367,56.67914078307,56.67914078307,56.67914078267
"t93",41.66968524887,41.66968524447,41.66968524427,41.66968524437,41.66968524437,41.66968524447,41.66968524427,41.66968524447,41.66968524547,41.66968524547,41.66968524487,18.40719919267,18.40719919267,18.40719919247,18.40719919247,18.40719919257,18.40719919237,18.40719919237,18.40719919187,18.40719919187,9.5509291882,8.8462245839,8.8462245839,8.6362121457,8.6362121457,8.6362121461,0,0.2631368702,6.4065072478,6.4065072478,9.72345365837,20.14622482897,20.14622482897,20.14622482877,20.14622482877,20.14622482877,20.14622482897,20.14622482997,20.14622482997,34.29139421067,34.29139421067,34.29139421167,34.29139421117,34.29139421117,34.29139421147,34.29139421097,34.29139421097,34.29139421167,35.45160651887,35.45160651877,35.45160651877,35.45160651818,35.45160651818,35.45160651778,35.45160651778,35.45160651887,35.45160651857,35.45160651857,35.45160651887,56.67914078747,56.67914078747,56.67914078137,56.67914078137,56.67914078137,56.67914078127,56.67914078327,56.67914078307,56.67914078348,56.67914078348,56.67914078347,56.67914078347,56.67914078357,56.67914078357,56.67914078357,56.67914078357,56.67914078427,56.67914078347,56.67914078347,56.67914078327,56.67914078367,56.67914078387,56.67914078387,56.67914078427,56.67914078397,56.67914078439,56.67914078389,56.67914078389,56.67914078419,56.67914078419,56.67914078439,56.67914078427,56.67914078387,56.67914078387,56.67914078277,56.67914078277,56.67914078277,56.67914078377,56.67914078317,56.67914078317,56.67914078277
